Date,Open,High,Low,Close,Adj Close,Volume,Diff,Label,volume_adi,volume_obv,volume_cmf,volume_fi,volume_em,volume_sma_em,volume_vpt,volume_vwap,volume_mfi,volume_nvi,volatility_bbm,volatility_bbh,volatility_bbl,volatility_bbw,volatility_bbp,volatility_bbhi,volatility_bbli,volatility_kcc,volatility_kch,volatility_kcl,volatility_kcw,volatility_kcp,volatility_kchi,volatility_kcli,volatility_dcl,volatility_dch,volatility_dcm,volatility_dcw,volatility_dcp,volatility_atr,volatility_ui,trend_macd,trend_macd_signal,trend_macd_diff,trend_sma_fast,trend_sma_slow,trend_ema_fast,trend_ema_slow,trend_vortex_ind_pos,trend_vortex_ind_neg,trend_vortex_ind_diff,trend_trix,trend_mass_index,trend_dpo,trend_kst,trend_kst_sig,trend_kst_diff,trend_ichimoku_conv,trend_ichimoku_base,trend_ichimoku_a,trend_ichimoku_b,trend_stc,trend_adx,trend_adx_pos,trend_adx_neg,trend_cci,trend_visual_ichimoku_a,trend_visual_ichimoku_b,trend_aroon_up,trend_aroon_down,trend_aroon_ind,trend_psar_up,trend_psar_down,trend_psar_up_indicator,trend_psar_down_indicator,momentum_rsi,momentum_stoch_rsi,momentum_stoch_rsi_k,momentum_stoch_rsi_d,momentum_tsi,momentum_uo,momentum_stoch,momentum_stoch_signal,momentum_wr,momentum_ao,momentum_roc,momentum_ppo,momentum_ppo_signal,momentum_ppo_hist,momentum_pvo,momentum_pvo_signal,momentum_pvo_hist,momentum_kama,others_dr,others_dlr,others_cr,Close_diff,Volume_diff
2014-01-02,19.845714569091797,19.89392852783203,19.71500015258789,19.754642486572266,17.296659469604492,234684800,,0,-130693991.27598338,234684800,,,,,,,,1000.0,,,,,,0.0,0.0,,19.966785430908203,19.608928680419922,,0.4071847351028675,0.0,0.0,,,,,,0.0,,,,,,,,,,,,,,,,,,,,,19.80446434020996,,0.0,0.0,0.0,,77.78759901325466,76.06902681511423,,,,,,0.0,0.0,,,,,,,,,,,,,,,,,,,,,0.0,19.754642486572266,234684800.0
2014-01-03,19.7450008392334,19.774999618530273,19.301071166992188,19.320714950561523,16.916723251342773,392467600,-0.4339275360107422,0,-490626939.400342,-157782800,,,-0.03217291274726854,,-8620884.875431627,,,1000.0,,,,,,0.0,0.0,,19.95315456390381,19.300297737121582,,0.03127364623048045,0.0,0.0,,,,,,0.0,,,,,,,,,,,,,,,,,,,,,19.59749984741211,,0.0,0.0,0.0,,77.78759901325466,76.06902681511423,,,,,,0.0,0.0,,,,,,,,,,,,,,,,,,,-2.1965851131231284,-2.2210692513174646,-2.1965851131231284,8.455661582946776,263390960.0
2014-01-06,19.194643020629883,19.5285701751709,19.05714225769043,19.426071166992188,17.00896453857422,412610800,0.10535621643066406,1,-257437833.3460622,254828000,,,-0.028012913987490284,,-6370910.541786935,,,1000.0,,,,,,0.0,0.0,,19.904999415079754,19.155476252237957,,0.36102275175629966,0.0,0.0,,,,,,0.0,,,,,,,,,,,,,,,,,,,,,19.47553539276123,,0.0,0.0,0.0,,77.78759901325466,76.06902681511423,,,,,19.89392852783203,0.0,1.0,,,,,,,,,,,,,,,,,,,0.5453018519255171,0.5438204642929545,-1.6632612804985736,6.355040936470033,167711376.0
2014-01-07,19.440000534057617,19.498571395874023,19.211429595947266,19.28714370727539,16.8873291015625,317209200,-0.13892745971679688,0,-407362348.9898896,-62381200,,,0.005625379170917197,,-8639463.352901801,,,992.848401587612,,,,,,0.0,0.0,,19.833630402882893,19.127917130788166,,0.22562502759031547,0.0,0.0,,,,,,0.0,,,,,,,,,,,,,,,,,,,,,19.47553539276123,,0.0,0.0,0.0,,77.78759901325466,76.06902681511423,,,,,19.8771928024292,0.0,0.0,,,,,,,,,,,,,,,,,,,-0.7151598412387994,-0.71772936737311,-2.3665261450043773,5.030291536569596,27668309.899999976
2014-01-08,19.243213653564453,19.484285354614258,19.238929748535156,19.409286499023438,16.994279861450195,258529600,0.12214279174804688,1,-306884357.8053937,196148400,,,0.0006270377345009684,,-7002231.4448098885,,,999.1359720746174,,,,,,0.0,0.0,,19.791475550333658,19.128762690226235,,0.423296159896053,0.0,0.0,,,,,,0.0,,,,,,,,,,,,,,,,,,,,,19.47553539276123,,0.0,0.0,0.0,,77.78759901325466,76.06902681511423,,,,,19.860791791534425,0.0,0.0,,,,,,,,,,,,,,,,,,,0.6332860562550335,0.6312892261069791,-1.7482269688432805,4.518046475967765,931770.8575000167
2014-01-09,19.5285701751709,19.53071403503418,19.11964225769043,19.161428451538086,16.77726173400879,279148800,-0.24785804748535156,0,-529281191.302053,-83000400,,,-0.005364558381851508,,-10566982.602940295,,,999.1359720746174,,,,,,0.0,0.0,,19.773174073961044,19.08388943142361,,0.11249201756335987,0.0,0.0,,,,,,0.0,,,,,,,,,,,,,,,,,,,,,19.47553539276123,,0.0,0.0,0.0,,77.78759901325466,76.06902681511423,,,,,19.844718800857546,0.0,0.0,,,,,,,,,,,,,,,,,,,-1.277007516468065,-1.2852313450771646,-3.0029094955142943,3.7304346047792727,52713063.29686251
2014-01-10,19.27964210510254,19.314285278320312,18.96821403503418,19.033571243286133,16.665302276611328,304976000,-0.12785720825195312,0,-719064840.9953417,-387976400,,,-0.02087126891986546,,-12601975.977388721,,,999.1359720746174,,,,,,0.0,0.0,,19.72721036275228,19.0375174567813,,-0.005721696513044285,0.0,1.0,,,,,,0.0,,,,,,,,,,,,,,,,,,,,,19.431071281433105,,0.0,0.0,0.0,,77.78759901325466,76.06902681511423,,,,,19.828967269994205,0.0,0.0,,,,,,,,,,,,,,,,,,,-0.6672634484183759,-0.6694996038827838,-3.650135626480022,3.368842090080536,71041208.11872876
2014-01-13,18.925357818603516,19.375,18.924285888671875,19.133214950561523,16.752548217773438,378492800,0.09964370727539062,1,-746656066.5894916,-9483600,,,0.0009994835273506963,,-10620507.272069111,,,999.1359720746174,,,,,,0.0,0.0,,19.710669199625652,18.99450937906901,,0.19367963338784056,0.0,0.0,,,,,,0.0,,,,,,,,,,,,,,,,,,,,,19.409107208251953,,0.0,0.0,0.0,,77.78759901325466,76.06902681511423,,,,,19.794537140595803,0.0,0.0,,,,,,,,,,,,,,,,,,,0.5235155610145314,0.5221499822395614,-3.1457290934682414,3.2843833512632035,127913323.68442655
2014-01-14,19.222143173217773,19.526071548461914,19.2021427154541,19.51392936706543,17.085895538330078,332561600,0.38071441650390625,1,-439026012.4183107,323078000,,,0.020889704048328423,,-4003166.912764242,,,1019.0168687038213,,,,,,0.0,0.0,,19.713703367445206,19.0051326751709,,0.7180605935893861,0.0,0.0,,,,,,0.0,,,,,,,,,,,,,,,,,,19.409107208251953,,,19.409107208251953,,0.0,0.0,0.0,,77.78759901325466,76.06902681511423,,,,,19.74232206548037,0.0,0.0,,,,,,,,,,,,,,,,,,,1.9898089133877361,1.9702709690736508,-1.2185141779733843,3.411852770223849,36237145.29308212
2014-01-15,19.768571853637695,20.007143020629883,19.7021427154541,19.90571403503418,17.42892837524414,391638800,0.39178466796875,1,-307869090.8283965,714716800,,,0.038201922078517685,,3859835.680687976,,,1019.0168687038213,,,,,,0.0,0.0,19.410642878214517,19.759999720255532,19.061286036173502,3.5996421574796433,1.2085465307153487,1.0,0.0,,,,,,0.37507095336914065,,,,,,,,,,,,,,,,,,19.46571445465088,,,19.46571445465088,,0.0,0.0,0.0,,77.78759901325466,76.06902681511423,,,,18.924285888671875,,1.0,0.0,,,,,,,,,,,,,,,,,,19.90571403503418,2.00771797724133,1.9878290877161309,0.7647394710615485,3.409282122865342,108013386.57746589
2014-01-16,19.81785774230957,19.887500762939453,19.702856063842773,19.79464340209961,17.331684112548828,229278000,-0.11107063293457031,0,-309197764.97386116,485438800,,,-0.004788857341724758,,2580501.8907444426,,,1013.3309210217268,,,,,,0.0,0.0,19.411357180277506,19.761285654703777,19.061428705851235,3.605399366735761,1.0476636653397882,1.0,0.0,,,,,,0.3578496551513672,,,,,,,,,,,,,,,,,,19.46571445465088,,,19.46571445465088,,0.0,0.0,0.0,,77.78759901325466,76.06902681511423,,,,18.945943031311035,,0.0,0.0,,,,,,,,,,,,,,,,,,19.90507803304307,-0.5579836660924875,-0.5595462101552151,0.2024886836323736,3.043331334485174,-86301977.47189945
2014-01-17,19.695714950561523,19.716785430908203,19.282142639160156,19.309642791748047,16.907032012939453,426739600,-0.4850006103515625,0,-681937140.70649,58699200,,,-0.030119099087381584,,-7875304.877627464,,,1013.3309210217268,,,,,,0.0,0.0,19.408416684468587,19.754416592915852,19.062416776021323,3.5654624905507957,0.35726312303982144,0.0,0.0,,,,,,0.37331476593017576,,,,,19.420833587646484,,19.495769349797204,,,,,,,,,,,19.46571445465088,,,19.46571445465088,,0.0,0.0,0.0,,77.78759901325466,76.06902681511423,,,,18.96716703109741,,0.0,0.0,,,,,,,,,,,,,,,,,,19.902362473456236,-2.4501608869605507,-2.4806768197220386,-2.2526335018550503,2.5512188787898396,193944822.14161044
2014-01-21,19.32107162475586,19.645357131958008,19.30071449279785,19.609643936157227,17.169692993164062,328526800,0.3000011444091797,1,-421496761.8341548,387226000,,,-0.002772465565841884,,-2771201.345934784,,,1029.0743731016191,,,,,,0.0,0.0,19.42654774983724,19.759869130452476,19.093226369222005,3.431606942288835,0.774654128070081,0.0,0.0,,,,,,0.3704475532531738,,,,,19.408750375111897,,19.513288516929514,,,,,,,,,,,19.46571445465088,,,19.46571445465088,,0.0,0.0,0.0,,77.78759901325466,76.06902681511423,,,,18.98796655088806,,0.0,0.0,,,,,,,,,,,-0.7339973401877471,,,,,,,19.898789727022745,1.5536338379982029,1.5416885130214109,-0.733997340187742,3.097746308908633,4345830.728351772
2014-01-22,19.675357818603516,19.903213500976562,19.56464385986328,19.696786880493164,17.24599838256836,379985200,0.0871429443359375,1,-504867109.0816028,767211200,,-15516144.816447645,0.023245748703368433,,-1082591.9433425632,19.463713876730836,46.873873414718005,1029.0743731016191,,,,,,0.0,0.0,19.465464401245118,19.803928565979003,19.12700023651123,3.477586331947334,0.8417237382130575,0.0,0.0,,,,,,0.36725976203918453,2.113926598517445,,,,19.4400897026062,,19.541519034400846,,,,,,,,,,,19.46571445465088,,,19.46571445465088,,0.0,0.0,0.0,,77.78759901325466,76.06902681511423,,,,19.0083500802829,,0.0,0.0,53.11638560910116,,,,,,71.33914244296135,,-28.660857557038657,,1.9464700498607106,,,,,,,19.892997271433842,0.4443882031700763,0.4434037143516978,-0.29287093460905744,3.0642991899858636,92667058.15541655
2014-01-23,19.640714645385742,19.875,19.457500457763672,19.863571166992188,17.39203453063965,403239200,0.16678428649902344,1,-123704836.18105918,1170450400,,-3691843.8054641243,-0.007007186438326035,-0.002965713371911903,2331871.677982483,19.47035688565045,51.363764974110815,1029.0743731016191,,,,,,0.0,0.0,19.500916735331217,19.856595293680826,19.145238176981607,3.6478137225743943,1.0098064293553854,1.0,0.0,,,,,,0.37228374005889886,2.1146837224144805,,,,19.476548035939533,,19.591065516337974,,0.886650174561896,1.0033145873705123,-0.11666441280861628,,,,-711.8810335972059,-711.8810335972059,0.0,19.46571445465088,,,19.46571445465088,,0.0,0.0,0.0,,77.78759901325466,76.06902681511423,,,,19.02832593908984,,0.0,0.0,56.8801153917709,,,,,,86.74138541451995,,-13.258614585480045,,2.252128061506221,,,,,,,19.892058678741414,0.8467588521465785,0.8431939592723925,0.5514080069733751,3.164531426692932,91700045.95528412
2014-01-24,19.78571319580078,19.843570709228516,19.45535659790039,19.502500534057617,17.075885772705078,429354800,-0.3610706329345703,0,-448779679.8922454,741095600,,-25311210.317468658,-0.001517808912135233,-0.0007760630979738103,-5472737.477450222,19.482206758893856,50.94389455882692,1029.0743731016191,,,,,,0.0,0.0,19.533904838562012,19.88729763031006,19.180512046813966,3.6182503669252153,0.45556742350479923,0.0,0.0,,,,,,0.37587682296218866,2.102457048554399,,,,19.494494438171387,,19.577440134448686,,0.9588647663200055,0.9831568490212459,-0.02429208270124039,,,,-689.2905614097572,-700.5857975034816,11.295236093724384,19.46571445465088,,,19.46571445465088,,0.0,16.314361716242946,25.032129842884903,,77.78759901325466,76.06902681511423,,,,19.047902280720642,,0.0,0.0,47.91265778773443,,,,,,53.397131377822866,70.49255307843472,-46.602868622177134,,1.1165822687420057,,,,,,,19.883720166214346,-1.817752859740407,-1.8344769656577942,-1.2763680875826355,2.690747948936714,99848554.29503334
2014-01-27,19.645357131958008,19.814285278320312,19.491071701049805,19.66071319580078,17.214412689208984,554878800,0.15821266174316406,1,-421192422.41689765,1295974400,,-9154058.573137026,0.00018726227833525724,0.0012382352067280141,-971322.300481244,19.513292910688897,60.5656262025898,1029.0743731016191,,,,,,0.0,0.0,19.588904825846353,19.94001185099284,19.23779780069987,3.584754005065364,0.6022599447055609,0.0,0.0,,,,,,0.37061049839302057,2.0810884126533753,,,,19.515446662902832,,19.590251374656702,,1.01173512308737,0.9407054271396057,0.0710296959477642,,,,-665.579358576522,-688.9169845278284,23.337625951306336,19.604642868041992,,,19.46571445465088,,0.0,15.328366121199902,23.519256082395916,,77.78759901325466,76.06902681511423,,,,19.067087095518826,,0.0,0.0,51.51936521523944,,,,,,68.00779949588625,69.38210542940969,-31.992200504113757,,1.2953938146566804,,,,,,,19.873592350254434,0.811242955573177,0.8079700687030122,-0.4754795782071497,3.0138794710431753,205665969.03463614
2014-01-28,18.170000076293945,18.39285659790039,17.93107032775879,18.08928680419922,15.838515281677246,1065523200,-1.5714263916015625,0,-756579898.7288067,230451200,,-247045089.82608172,-0.06460598249720179,-0.0037782906267090563,-86135642.67220478,19.268918451199383,53.36950019852393,1029.0743731016191,,,,,,0.0,0.0,19.48826192220052,19.840476163228352,19.136047681172688,3.6146295902006442,-1.485971824873987,0.0,1.0,,,,,,0.5065137353579178,3.1430309630300948,,,,19.426101525624592,,19.359333748432473,,0.8904244327904541,0.9723094734026115,-0.0818850406121574,,,,-645.7270683445511,-678.1195054820091,32.392437137458046,18.969106674194336,,,18.969106674194336,,0.0,11.368641478983808,40.74262710873574,,77.78759901325466,76.06902681511423,,,,,20.007143020629883,0.0,1.0,29.597681781660967,,,,,,7.62095070099039,43.0086271915665,-92.37904929900961,,-5.595311696361586,,,,,,,19.78632722928487,-7.992723234156096,-8.33025167860062,-8.430199045642217,1.3817613128631692,641667053.9116417
2014-01-29,17.998214721679688,18.120357513427734,17.807857513427734,17.883928298950195,15.658705711364746,502810000,-0.20535850524902344,0,-1014595328.0500958,-272358800,,-226503835.56867886,-0.012296888325228184,-0.004701428202403996,-91843789.77285726,19.152793241136507,47.15547177787149,1017.3918132894122,,,,,,0.0,0.0,19.340595245361328,19.69166660308838,18.989523887634277,3.630409025919222,-1.574602376910017,0.0,1.0,,,,,,0.48711236182212597,4.126616751039457,,,,19.33029794692993,,19.13234829466597,,0.8689754759761024,1.0112216636725677,-0.14224618769646535,,,,-626.6382230204052,-667.8232489896883,41.18502596928306,18.85553550720215,,,18.90750026702881,,0.0,10.824567520196439,40.67971724826455,,77.78759901325466,76.06902681511423,,,,,19.965621566772462,0.0,0.0,27.925412068949726,,,,,,3.4588863189134296,26.36254550526336,-96.54111368108657,,-6.040080075574155,,,,,,,19.591205281378272,-1.1352493189579538,-1.1417424630625561,-9.469744587347718,2.0333374902425234,-220854641.32009947
2014-01-30,17.947856903076172,18.08928680419922,17.739286422729492,17.849285125732422,15.628369331359863,678501600,-0.03464317321777344,0,-1266615701.532529,-950860400,-0.15258302800632775,-197504065.98134422,-0.0025699768419628934,-0.004501815235269094,-93158123.40607342,19.014197558348975,44.53830500985848,1017.3918132894122,19.260285949707033,20.468319292271758,18.052252607142307,12.544292911529704,-0.08400740039963367,0.0,1.0,19.14269053141276,19.498261896769208,18.787119166056318,3.7149570461159542,-1.3187704799903637,0.0,1.0,17.739286422729492,20.007143020629883,18.873214721679688,11.77478155735734,0.04850337675881616,0.47340116378688607,4.89981384945018,,,,19.22330379486084,,18.934953960983886,,0.8754253914638305,1.0230275890989189,-0.14760219763508842,,,0.253643417358397,-608.2682358532389,-657.8974134669467,49.629177613707725,18.821249961853027,,,18.873214721679688,,0.0,10.23383489834006,39.52887509567963,-221.15688726336617,77.78759901325466,76.06902681511423,,,,,19.879311004638673,0.0,0.0,27.64168369139024,,,,,,4.850337675881616,5.310058231928483,-95.14966232411838,,-6.710476143955205,,,,,,,19.283533954986492,-0.19371120616608062,-0.19389906896978282,-9.6451118370528,2.3064312892488275,191811176.48036242
2014-01-31,17.684999465942383,17.911785125732422,17.626785278320312,17.878570556640625,15.65401554107666,464797200,0.029285430908203125,1,-910155673.3117852,-486063200,-0.0913652619811478,-167344658.51444846,-0.008891056171243535,-0.0036460857532246713,-92395527.80680752,18.924421146341363,43.66040910266323,1019.0610542391074,19.166482353210448,20.49203805036707,17.840926656053824,13.832018549137565,0.01419929040610992,0.0,0.0,18.943761889139815,19.3093687693278,18.578155008951825,3.859918450490925,-0.9567441016857876,0.0,1.0,17.626785278320312,20.007143020629883,18.816964149475098,12.419377215093686,0.10577623432182713,0.45456103214940835,5.519441329722993,,,,19.087023893992107,,18.772433437238767,,0.8801986118333979,1.0173092055788286,-0.13711059374543078,,,0.7392316818237319,-576.5853344435751,-646.2814021778937,69.6960677343186,18.764999389648438,,,18.816964149475098,,0.0,9.766446663086981,39.52637378367182,-181.37539959332403,77.78759901325466,76.06902681511423,,,,,19.750909529724122,0.0,0.0,28.30483357576027,,,,,,10.577623432182712,6.295615808992591,-89.42237656781728,,-8.380469046817788,,,,,,,19.05426025282988,0.16407060956173947,0.16393616077765572,-9.496866021275018,2.4743009118225405,-86644400.78560162
2014-02-03,17.95035743713379,18.133214950561523,17.832143783569336,17.911785125732422,15.683100700378418,401464000,0.033214569091796875,1,-1099223832.756314,-84599200,-0.07126205358895991,-141533356.76011738,0.01600313609629606,-0.0025743962840142883,-91649693.36083633,18.852981862584382,43.6440742386641,1020.9542522264718,19.096035861968993,20.52688964955965,17.665182074378336,14.985872439004952,0.08617339293951494,0.0,0.0,18.796047655741372,19.148297373453776,18.443797938028972,3.748125394913064,-0.7551642848028021,0.0,1.0,17.626785278320312,20.007143020629883,18.816964149475098,12.465193087797918,0.11972983822825929,0.43921204563368627,6.076543132434744,,,,18.920863151550293,,18.64002600469933,,0.9162820555916328,0.9926475947169535,-0.07636553912532074,,,0.6986075401306167,-543.4444404198172,-633.4267819581341,89.98234153831697,18.764999389648438,,,18.816964149475098,,0.0,12.916667181488958,37.57411514191245,-131.88571556407055,77.78759901325466,76.06902681511423,,,,,19.580979589611818,0.0,0.0,29.098504243264443,,,,,,11.97298382282593,9.133648310296758,-88.02701617717408,,-10.016867045273687,,,,,,,18.914209375033703,0.18577866159137368,0.18560630646886622,-9.3287305102711,2.5619354810507087,-42883172.04883814
2014-02-04,18.066070556640625,18.19499969482422,17.955713272094727,18.171070098876953,15.910126686096191,376681200,0.25928497314453125,1,-797881875.2767397,292082000,-0.06354923141688959,-107361766.53352208,0.005887306202384222,-0.0036459961301531603,-86196983.08430791,18.782507183559222,43.80885458219231,1035.7332423724645,19.03328580856323,20.510079618381976,17.556491998744487,15.518012230492777,0.20807850630410502,0.0,0.0,18.6549165725708,18.996630668640137,18.313202476501466,3.6635285367265964,-0.20796973150863798,0.0,1.0,17.626785278320312,20.007143020629883,18.816964149475098,12.506289067747975,0.22865673124769129,0.4236122979794973,6.499426040289207,,,,18.78556537628174,,18.567878942265118,,0.8943106777957451,1.0106542192409091,-0.11634354144516401,,,0.27635698318481516,-510.12874222226736,-619.72699976526,109.5982575429926,18.750892639160156,,,18.816964149475098,,0.0,13.340711847763856,35.78364899611014,-97.1662549194066,77.78759901325466,76.06902681511423,,,,,19.424644044708497,0.0,0.0,35.13511933332245,,,,,,22.865673124769128,15.138760126592596,-77.13432687523087,,-8.202084120648744,,,,,,,18.816524590284732,1.447566344306117,1.4371891275506865,-8.016203729182681,2.8481392438042423,-12697954.034486532
2014-02-05,18.091428756713867,18.402856826782227,18.08035659790039,18.306785583496094,16.02895164489746,328344800,0.13571548461914062,1,-665161700.2384449,620426800,-0.030274229220477213,-85658446.50670825,0.016329095775553533,-0.005208340866079171,-83744652.35135183,18.691637484704827,42.991725321960644,1043.4688924007708,18.984267902374267,20.488920913891263,17.47961489085727,15.85157794079399,0.27487091253180923,0.0,0.0,18.50909506479899,18.849202219645182,18.168987909952797,3.6750273706575296,0.20257979225049416,0.0,0.0,17.626785278320312,20.007143020629883,18.816964149475098,12.538580652940906,0.2856714741188452,0.41350109106973115,6.8286174576800365,,,,18.701993942260742,,18.52771073322373,,0.8608460558807006,1.0287746598835201,-0.1679286040028195,,,0.6253760337829597,-476.86104483601827,-593.6136676806836,116.75262284466538,18.735177993774414,,,18.816964149475098,,0.0,16.162517062002834,33.80805946756646,-70.89318344041737,77.78759901325466,76.06902681511423,,,,,19.280815343397443,0.0,0.0,38.10559642426343,,,,,,29.8713703515028,21.57000909969929,-70.1286296484972,,-5.193556499556393,,,,,,,18.754877616167278,0.7468766774914926,0.7441013638481042,-7.329198207764664,2.871622619221732,-30935911.712754726
2014-02-06,18.216428756713867,18.33928680419922,18.136070251464844,18.30392837524414,16.122385025024414,257765200,-0.002857208251953125,0,-497095615.67619836,362661600,-0.0223391414956874,-73526738.27096513,-0.0003096896378874706,-0.0048884003158050785,-83784882.72675811,18.636429009051895,42.93293224230955,1043.306034321922,18.928999996185304,20.448278355204717,17.40972163716589,16.052389025575447,0.29428666997382785,0.0,0.0,18.361868858337402,18.6805477142334,18.043190002441406,3.471093910479559,0.4090926774379861,0.0,0.0,17.626785278320312,20.007143020629883,18.816964149475098,12.575190146279652,0.28447114687341996,0.3924726372361955,7.142224765945286,,,,18.59318431218465,,18.49328267814995,,0.8727942013585822,1.0225987628552997,-0.1498045614967175,,,0.7677868843078599,-444.49233886850396,-566.4138651761,121.92152630759603,18.720535278320312,,,18.816964149475098,,0.0,15.578855134041369,32.58718049841965,-63.16815683617846,77.78759901325466,76.06902681511423,,,,,19.14849293819127,0.0,0.0,38.06607324791616,,,,,,29.74585757567633,27.494300350649425,-70.25414242432367,,-6.658537835587842,,,,,,,18.68236581865193,-0.015607372681136766,-0.015608590758287022,-7.34366168516698,2.788294796147934,-63323185.49229264
2014-02-07,18.62071418762207,18.676071166992188,18.47785758972168,18.559999465942383,16.347930908203125,370280400,0.2560710906982422,1,-560479513.4023557,732942000,-0.0036252504114070556,-49477474.81908706,0.018162198741766427,-0.001439736185151649,-78604677.47527662,18.58057547680242,49.09071162807554,1043.306034321922,18.898928546905516,20.422417058457192,17.37544003535384,16.12248554483402,0.3887654621635665,0.0,0.0,18.258952204386393,18.558631006876627,17.95927340189616,3.282541069560846,1.0022832096471022,1.0,0.0,17.626785278320312,20.007143020629883,18.816964149475098,12.595199438961458,0.392047872063385,0.3904396526873807,7.310757354850869,-0.36652421578316563,,,18.498452027638752,19.012994546156662,18.503546799348786,18.870071015131952,0.9810447104545539,0.9686454431602357,0.012399267294318173,,,0.9646426200866713,-425.01853691901994,-539.6848849919329,114.66634807291297,18.15142822265625,18.816964149475098,18.484196186065674,18.816964149475098,,0.0,20.55974222199583,30.42069067271504,-30.383438891685856,77.78759901325466,76.06902681511423,36.0,80.0,-44.0,,19.026756325401596,0.0,0.0,43.70192971928967,,,,,,40.99466780169987,33.537298576293004,-59.00533219830013,,-5.771435825792509,-1.9423573736911166,,,4.583311715656945,,,18.673057834015115,1.3989952618290058,1.389299645943698,-6.047403902358206,3.0322762050212617,100884532.46810412
2014-02-10,18.523571014404297,18.999643325805664,18.5,18.892499923706055,16.64080238342285,345559200,0.3325004577636719,1,-363123587.2282126,1078501200,0.04116630408515883,-25995179.53286773,0.024993398682555325,0.0005435398325910089,-72414020.39065292,18.54501651889637,49.125547027342435,1061.9967532864457,18.891874980926513,20.414110431820816,17.36963953003221,16.115239513612835,0.5002052713918779,0.0,0.0,18.173154640197755,18.490476417541505,17.855832862854005,3.4922035675837617,1.6334634665320242,1.0,0.0,17.626785278320312,20.007143020629883,18.816964149475098,12.599902046317855,0.5317329504252027,0.40136001999920906,7.415946166579234,-0.30834667420947426,,,18.417529424031574,18.979835216815655,18.563385741557596,18.87173241576707,0.9821036406838295,0.905171110991811,0.07693252969201847,,,0.6106255531311042,-404.45738900266315,-512.8771428428344,108.41975384017121,18.31321430206299,18.816964149475098,18.565089225769043,18.816964149475098,,0.0,24.436022443457027,27.752890746067628,-7.877910542827141,,19.80446434020996,32.0,76.0,-44.0,17.626785278320312,,1.0,0.0,50.05702539514991,0.7666396725193656,,,,,55.60090288763171,42.11380942166931,-44.39909711236829,,-4.888704227061583,-1.6339076212836448,,,2.8585907395804675,,,18.68428959758836,1.7914895869141079,1.775631529102073,-4.364252926633483,3.2235169911662105,31503972.4359954
2014-02-11,18.95035743713379,19.20535659790039,18.91071319580078,19.141429901123047,16.860065460205078,282256800,0.2489299774169922,1,-203345313.73425227,1360758000,0.06354373196533342,-12244128.335344844,0.032173891230428825,0.0011812642988096084,-68694968.9610627,18.49945165429331,48.22887883590485,1075.989757329325,18.89228572845459,20.414785852774923,17.369785604134254,16.11769106400104,0.5818207396796371,0.0,0.0,18.267964172363282,18.568571662902833,17.96735668182373,3.291089118669567,1.9528342710156807,1.0,0.0,17.626785278320312,20.007143020629883,18.816964149475098,12.599628104948668,0.6363096587881503,0.3925096854187217,7.47406411375569,-0.23939439501494775,,,18.38744020462036,18.972939637991097,18.652315612259972,18.89171000727492,1.0030342615716086,0.9103161777216582,0.0927180838499504,,,0.7684274673461928,-379.5432476834002,-485.42214558316715,105.87889789976697,18.41607093811035,18.816964149475098,18.616517543792725,18.816964149475098,,34.90130127626511,26.74294483828583,26.2033229813214,19.643729543831643,,19.59749984741211,28.000000000000004,72.0,-44.0,17.65424243927002,,0.0,0.0,54.22325436479911,0.9091312060031865,,,,,67.37099478074373,54.65552182335844,-32.62900521925627,,-1.8514068608998382,-1.2671928317910899,,,0.160920514276911,,,18.788077152902694,1.3176126951025546,1.3090076837618092,-3.104144182138624,3.247885663498284,-17785771.949498534
2014-02-12,19.176786422729492,19.270000457763672,19.044286727905273,19.139999389648438,16.85879898071289,308100800,-0.001430511474609375,0,-250149225.22243452,1052657200,0.022153749259286027,-10557930.248829342,0.007260673595110803,0.002200397158340811,-68717994.4994897,18.452933912325648,47.322750608625014,1075.989757329325,18.87358922958374,20.3741200160652,17.37305844310228,15.900852437006796,0.5887719740457287,0.0,0.0,18.389368947347005,18.681297810872397,18.097440083821617,3.1749742404021557,1.7856393047893067,1.0,0.0,17.626785278320312,20.007143020629883,18.816964149475098,12.612109511096262,0.635708693878892,0.3758300898626894,7.507294578553169,-0.1827579276723128,,,18.344047387440998,18.96193687732403,18.72734388570435,18.910101813376663,1.0437328110608863,0.8917533948406079,0.15197941622027844,,,-0.7843024253845208,-354.76672721573226,-457.2553112901108,102.48858407437854,18.448392868041992,18.816964149475098,18.632678508758545,18.816964149475098,,32.64325038388966,26.821809163262607,25.113858618220043,27.60290970780263,,19.47553539276123,24.0,68.0,-44.0,17.716287005615236,,0.0,0.0,54.19527557101062,0.9989474363974857,0.8915727716400127,,,61.23940762895102,68.26164094321797,63.74451287053114,-31.738359056782024,,-2.648499070031498,-0.9664566033326861,,,-1.4901151674969981,,,18.928429496000998,-0.007473378331701586,-0.007473657602519168,-3.1113855760316445,3.0444014336943184,45204070.1919139
2014-02-13,19.094999313354492,19.45892906188965,19.078571319580078,19.44392967224121,17.126508712768555,307398000,0.30393028259277344,1,33004323.482039034,1360055200,0.04038074134901425,4297139.930782473,0.013809599803591633,0.003295212066607015,-63836721.56387081,18.41706596033827,53.50702988218181,1093.075749045129,18.85050001144409,20.30014186876692,17.40085815412126,15.38040748460526,0.7046814728063434,0.0,0.0,18.532821337381996,18.827785936991372,18.237856737772624,3.1831591557450536,2.044436749470627,1.0,0.0,17.626785278320312,19.903213500976562,18.764999389648438,12.076221963736963,0.7982436590074269,0.37628285510737747,7.493546080218771,-0.11205676487313454,,,18.456934293111164,18.967967106745792,18.837587852863866,18.949644617737,1.0535017398966082,0.857289691653991,0.19621204824261718,,,-0.9665717124938951,-329.36695788936504,-429.7866027840875,100.41964489472247,18.645536422729492,18.816964149475098,18.731250286102295,18.816964149475098,,31.01143661958704,28.424909199427095,23.35189191325813,49.09082795061031,,19.47553539276123,20.0,64.0,-44.0,17.809509812744142,,0.0,0.0,59.03204121831327,1.0,0.9693595474668908,,,64.17144449363903,83.0694580078125,72.9006979105914,-16.9305419921875,,7.488647190488059,-0.591339664324093,,,-2.8232571648651854,,,19.155332245780286,1.5879325615712814,1.5754568101817412,-1.5728597191381977,3.2821114681613786,41356656.904336065
2014-02-14,19.37392807006836,19.499286651611328,19.328929901123047,19.428213119506836,17.1126651763916,272924400,-0.015716552734375,0,78198374.6710757,1087130800,0.045655880918486755,3070486.9799424545,0.009073110035423756,0.003929915477827623,-64057326.698604524,18.347681071602107,51.12430282983439,1092.1922145465928,18.83217849731445,20.242351515636738,17.422005478992165,14.976207012092443,0.7113338627417151,0.0,0.0,18.69413096110026,18.97763125101725,18.410630671183267,3.033040589123017,1.7946762040728688,1.0,0.0,17.626785278320312,19.903213500976562,18.764999389648438,12.087970719802163,0.7913396184679733,0.35569024464546783,7.486353817100136,-0.05664085788537321,,,18.58562469482422,18.968695053687462,18.928453278501244,18.985094136386618,1.092265342412254,0.8413791455811603,0.2508861968310936,,,-0.9828933715820298,-304.4239762964685,-403.22877343704874,98.80479714058026,18.727499961853027,18.816964149475098,18.772232055664062,18.816964149475098,,29.594419694138796,28.26992404731144,22.58752025208264,61.92537384674488,,19.47553539276123,16.0,60.0,-44.0,17.941463352675783,,0.0,0.0,58.686933879784995,0.9890059443180194,0.9959844602385018,0.9523055931151351,,63.715248717700334,96.20435353916046,82.51181749673032,-3.795646460839538,,8.63504256303293,-0.29834383479203286,,,-4.646456514550821,,,19.271161293935755,-0.08083012538773193,-0.0808628105477549,-1.6524185000427738,3.0605645097481187,8856569.97644192
2014-02-18,19.5,19.68535614013672,19.48607063293457,19.499643325805664,17.17558479309082,260251600,0.07143020629882812,1,-146603431.85821614,1347382400,0.06435348842083691,5287535.33675069,0.013140519181592552,0.009483237026312933,-63100479.79954849,18.45208643537064,64.12139890596978,1096.207793062391,18.841678524017333,20.267067722986347,17.416289325048318,15.13017215692416,0.7308018056627054,0.0,0.0,18.853928502400716,19.127250226338706,18.58060677846273,2.899360988912048,1.6812358236688272,1.0,0.0,17.626785278320312,19.903213500976562,18.764999389648438,12.081875931353492,0.8227178124245917,0.34583552224390934,7.077976191309144,-0.006880220764170275,,,18.723154544830322,18.98170331808237,19.01632867039423,19.0232088911584,1.2949381877292616,0.6937855839322445,0.6011526037970171,,,-0.9631079673767076,-279.13061228147865,-377.5623145547389,98.43170227326027,18.882856369018555,18.816964149475098,18.849910259246826,18.816964149475098,,28.725148624726724,30.497395028786016,21.446386100413804,74.86936013251196,,19.47553539276123,12.0,56.00000000000001,-44.00000000000001,18.097245682569337,,0.0,0.0,59.83617396297149,1.0,0.996335314772673,0.987226440826022,,64.39220387695475,90.97855615389462,90.08412256695586,-9.021443846105381,,9.24607449793047,-0.036167508875792564,,,-6.389706587849547,,,19.368250429010473,0.36766225416329235,0.3669880285742888,-1.29083156498494,3.076706190461607,16360497.439718544
2014-02-19,19.45535659790039,19.53178596496582,19.08392906188965,19.19178581237793,16.904415130615234,313768000,-0.3078575134277344,0,-309242816.2010353,1033614400,0.013518245224261458,-9267232.03609846,-0.03965977117858877,0.0075287453939300334,-68054203.03741713,18.555782699188867,66.18932824845791,1096.207793062391,18.82078561782837,20.212385115616957,17.429186120039784,14.787900208271495,0.6332999168004593,0.0,0.0,18.970119094848634,19.264297866821288,18.675940322875977,3.1014963111384986,0.8767551207772086,0.0,0.0,17.626785278320312,19.903213500976562,18.764999389648438,12.095287991059509,0.6874807290130573,0.35603766032713563,6.55035556678651,0.007626006345265779,,,18.832589149475098,18.98778849381667,19.04332207685326,19.035696070507996,1.2226540457730082,0.6762205465277624,0.5464334992452458,,,-0.9090004920959487,-254.1573484320977,-352.81745939874764,98.66011096664994,18.91071319580078,18.816964149475098,18.86383867263794,18.816964149475098,,26.737444018063886,27.85765077798682,27.362172070157264,47.614993307438226,,19.431071281433105,8.0,52.0,-44.0,18.28781893747742,,0.0,0.0,52.99388192114733,0.7874700924255974,0.9254920122478723,0.972603929086349,,58.844619738872886,76.02364159943073,87.73551709749528,-23.976358400569268,,7.3451915609077485,0.040061610129827355,,,-6.474215524832043,,,19.33544871774195,-1.5787853566547994,-1.5913809198399687,-2.8492374619126792,2.6958280416990696,81931085.53086504
2014-02-20,19.035356521606445,19.178571701049805,18.89285659790039,18.969642639160156,16.708749771118164,305858000,-0.22214317321777344,0,-450701911.4966687,727756400,0.006581627655422667,-17649665.555804644,-0.025422081260962973,0.005896452221144314,-71594481.53668116,18.684173190488853,71.06489100720673,1083.5192876758897,18.78442840576172,20.119425714706686,17.449431096816753,14.213872044522635,0.5693687665725744,0.0,0.0,19.045154825846357,19.33565508524577,18.75465456644694,3.050647390959228,0.3700307758032399,0.0,0.0,17.626785278320312,19.875,18.750892639160156,11.968502171671595,0.5972994251352324,0.350326815742176,5.984273094732954,0.001183555005138004,-0.11335745093718821,0.11454100594232622,18.920743942260742,18.98149725107046,19.031986778746628,19.03080322374149,1.1941347313549122,0.743283271293501,0.4508514600614112,,,-0.6133583068847663,-230.11349227596915,-328.9975875551327,98.88409527916357,19.0816068649292,18.816964149475098,18.94928550720215,18.816964149475098,,25.247703370347377,26.225937310909757,29.503422744969658,26.024968155604675,,19.409107208251953,4.0,48.0,-44.0,18.455523401796537,,0.0,0.0,48.669147644378555,0.6458435898550584,0.8111045607602186,0.9109772959269212,,53.62880828376421,65.23250599471501,77.41156791601345,-34.76749400528499,0.2589623507331389,5.90593012367034,0.006219154237596677,-0.600148350939254,0.6063675051768507,-6.666007074395054,-3.094405942067877,-3.571601132327177,19.304486529096938,-1.1574908942267426,-1.1642419660009562,-3.973748691962886,2.611502572238919,48500802.29102561
2014-02-21,19.028213500976562,19.091785430908203,18.735713958740234,18.758928298950195,16.52314567565918,278784800,-0.21071434020996094,0,-693135553.3813509,448971600,-0.07025409552870647,-23520278.361056253,-0.015577629382843653,0.005418839848887163,-74691216.47839783,18.788023334666008,73.65338876621647,1071.4835811446517,18.72919626235962,19.969049353454444,17.489343171264792,13.239789617524375,0.5119901449631918,0.0,0.0,19.105392901102704,19.41117865244548,18.79960714975993,3.201041223550298,-0.06651528174727477,0.0,1.0,17.626785278320312,19.843570709228516,18.735177993774414,11.835988046979432,0.5107138493625208,0.3509012813847553,5.425353709346015,-0.020686558568748126,-0.0948232724635002,0.07413671389475207,18.969732125600178,18.952458748450645,18.98997778185487,19.010664340423617,1.1809462890830977,0.7269282903150408,0.45401799876805693,,,-0.4224106788635247,-206.74635593881408,-304.74512300177656,97.99876706296249,19.09267807006836,18.816964149475098,18.95482110977173,18.816964149475098,,24.241921649910406,24.393115741370806,30.525776206787935,15.114098088239352,,19.409107208251953,0.0,44.0,-44.0,18.60310333039736,,0.0,0.0,44.9240877615748,0.5148595733711068,0.6493910852172542,0.7953292194084484,,45.1848256274638,50.00962313339515,63.755256909180304,-49.99037686660485,0.21415974112117908,3.23513253140537,-0.10881554793832715,-0.5018817903390687,0.3930662424007415,-7.414831771882903,-3.9584911080308824,-3.4563406638520204,19.281884767650194,-1.1107976265982478,-1.1170130535042677,-5.040406012403831,2.5396704974376156,20828468.291546285
2014-02-24,18.683929443359375,18.92571449279785,18.65785789489746,18.8410701751709,16.59550666809082,288909600,0.08214187622070312,1,-586820342.6147274,737881200,-0.017331215403334047,-16770013.36630924,-0.011307595330720406,0.0034680733183859863,-73426134.79441373,18.866833281206983,66.3733796903122,1071.4835811446517,18.696124744415282,19.88598357698707,17.506265911843496,12.728400658828608,0.5609086669728407,0.0,0.0,19.129083379109698,19.44183343251546,18.816333325703937,3.2698906393738243,0.039547314536934726,0.0,0.0,17.626785278320312,19.814285278320312,18.720535278320312,11.700285646914224,0.5551016671316964,0.34259681303631884,4.804398395945448,-0.03103289037604995,-0.08206519604601016,0.05103230566996021,19.01425584157308,18.911510907686672,18.967068919288106,18.998101809664156,1.1179146002701947,0.8129771505522077,0.3049374497179871,,,-0.39219636917114187,-183.76103692723822,-280.22330610450706,96.46226917726884,19.17160701751709,18.764999389648438,18.968303203582764,18.816964149475098,,23.492581845248825,23.08607500765509,30.4475752565948,14.331891003249536,,19.46571445465088,12.0,40.0,-28.0,,19.68535614013672,0.0,1.0,46.64759932350361,0.466072407141781,0.5422585234559821,0.667584723144485,,47.91964782182083,51.18726642560742,55.47646518457253,-48.81273357439258,0.11164383046767412,2.9185057597248103,-0.16334732115323125,-0.4341748965019012,0.27082757534866997,-7.6971632424212215,-4.706225534908951,-2.9909377075122707,19.270781163386474,0.43788149787480357,0.4369255863345245,-4.624595519875118,2.7695437241852474,45578890.59637204
2014-02-25,18.906429290771484,18.9132137298584,18.60714340209961,18.645000457763672,16.42279815673828,231952000,-0.19606971740722656,0,-761393243.8978412,505929200,-0.04451765272212931,-20871263.327128068,-0.004170758183346666,0.0027496401479766377,-75839944.76747853,18.92763848634638,59.78751688413372,1060.3331803973326,18.64533910751343,19.74982264302442,17.54085557200244,11.847288259465568,0.49984669316523556,0.0,0.0,19.1215238571167,19.414916610717775,18.828131103515624,3.0687172820892092,-0.3120912897544725,0.0,1.0,17.626785278320312,19.68535614013672,18.656070709228516,11.040672684718688,0.49462236075027516,0.33894416450856585,4.362354069958844,-0.05442622876040204,-0.07653740258888854,0.0221111738284865,19.042678515116375,18.867293871366062,18.917519925207422,18.971946153967824,1.0878174660702205,0.8406849293791161,0.24713253669110435,,,-0.08533964157104634,-163.5857150702368,-256.22802470304447,92.64230963280767,19.146249771118164,18.764999389648438,18.9556245803833,18.816964149475098,,22.919980461082652,21.658022395321595,29.58911220583971,10.145587390714002,,19.46571445465088,8.0,36.0,-28.0,,19.664806175231934,0.0,0.0,43.174550308422816,0.23465564663069466,0.4051958757145275,0.5322818281292546,,37.9660437022507,35.18031282903259,45.4590674626784,-64.81968717096741,-0.03779614392448849,1.86338186823779,-0.28687741530944233,-0.40471540026340946,0.11783798495396713,-9.30763684830493,-5.626507797588147,-3.681129050716784,19.25588715247197,-1.0406506402465987,-1.0461032705652684,-5.617120277235321,2.5705816852489285,-13795058.177517533
2014-02-26,18.70035743713379,18.75,18.41428565979004,18.47678565979004,16.27462387084961,276217200,-0.1682147979736328,0,-934763630.8054776,229712000,-0.02600226005029069,-24527342.92251585,-0.021638460484441065,3.767184369130881e-05,-78331970.47700301,18.95519658495654,52.743571658247696,1060.3331803973326,18.664714050292968,19.742779700765006,17.58664839982093,11.551911779276532,0.412840006348109,0.0,0.0,19.067642911275225,19.365142758687334,18.770143063863117,3.1204679969771068,-0.4930379067837086,0.0,1.0,17.626785278320312,19.68535614013672,18.656070709228516,11.029211892930629,0.41290800197167754,0.3386211820787054,4.075297147537746,-0.08555294523879553,-0.07834051111886994,-0.007212434119925587,19.035744031270344,18.835260904752293,18.849714653604746,18.93526759884354,1.015948596265426,0.9248486657810876,0.0910999304843384,,,0.22778587341308665,-143.53767380302855,-232.75812987941077,89.22045607638222,19.04982089996338,18.764999389648438,18.907410144805908,18.816964149475098,,22.8453526163309,20.18327040211413,31.486027906707335,-17.253831072134673,,19.46571445465088,4.0,32.0,-28.0,,19.62249966430664,0.0,0.0,40.39576011345677,0.10701314137373237,0.269247065048736,0.4055671547397486,-18.76291648136355,34.403290604208884,21.991771229341897,36.11978349466064,-78.0082287706581,-0.16020797280704357,-0.44835026156676977,-0.4518179887989574,-0.4141359179705191,-0.03768207082843833,-9.379555695533169,-6.377117377177152,-3.002438318356017,19.17716390706293,-0.9021978752678961,-0.9062923255992228,-6.468640612710752,2.5238912184382016,61597471.59517074
2014-02-27,18.46928596496582,18.885000228881836,18.430356979370117,18.84535789489746,16.599279403686523,301882000,0.3685722351074219,1,-685526455.4266453,531594000,0.04947141797314787,-5128390.579485197,0.011375911730658288,0.0008723576557302916,-72310072.21355997,18.98133690696444,59.294566164416885,1060.3331803973326,18.712785530090333,19.731403829487505,17.69416723069316,10.886869811650696,0.565074603944179,0.0,0.0,19.02452386220296,19.344916661580402,18.704131062825518,3.3682083367561586,0.22039638897372582,0.0,0.0,17.626785278320312,19.68535614013672,18.656070709228516,11.000878829644071,0.591950774772905,0.3502233888220067,3.606747756015324,-0.07956323773906604,-0.07858505644290917,-0.0009781812961568714,19.03181552886963,18.80586528778076,18.849044383034396,18.928607620773462,1.006631857994949,0.8865004176714937,0.12013144032345524,,,0.42864437103271413,-121.56463176340873,-209.66898253208228,88.10435076867356,19.04982089996338,18.764999389648438,18.907410144805908,18.816964149475098,,22.306053055814317,21.04241170456916,28.641671043921153,2.0852585477925345,,19.46571445465088,0.0,28.000000000000004,-28.000000000000004,,19.550006824035645,0.0,0.0,48.25435405332388,0.404240053771452,0.24863628059195966,0.3076930737850744,-17.85578214122145,42.260977922410866,33.91410954566804,30.362064534680844,-66.08589045433196,-0.21511128930484702,-0.24952774380822182,-0.42033328247423896,-0.4153753908712631,-0.0049578916029758835,-8.667964349210463,-6.835286771583815,-1.8326775776266482,19.16912527051309,1.9947854669847942,1.975150311666285,-4.602890648579794,3.019620277736564,70145312.03619587
2014-02-28,18.895713806152344,19.02678680419922,18.64714241027832,18.794286727905273,16.55429458618164,371968800,-0.0510711669921875,0,-769156504.053324,159625200,0.07839973836439923,-7109603.453942111,0.018298557833414147,0.0008820975908479859,-73318112.5387494,19.003728446259093,59.35908604644935,1060.3331803973326,18.760035610198976,19.698574292923077,17.821496927474875,10.005723893336961,0.518247046358752,0.0,0.0,18.97408339182536,19.294404856363933,18.653761927286787,3.3764104217711775,0.21934964742514845,0.0,0.0,17.626785278320312,19.68535614013672,18.656070709228516,10.973171397911713,0.5671417347056011,0.3531654893318959,3.296507614550399,-0.07803779660630283,-0.0784756044755879,0.00043780786928507287,19.002886931101482,18.77115374345046,18.840620128399145,18.918657925005448,1.017047165735453,0.9062403852367635,0.11080678049868942,,,0.37996377944946147,-100.63593398925627,-187.0258667201698,86.38993273091353,19.04982089996338,18.750892639160156,18.900356769561768,18.816964149475098,,21.331318152572813,22.267454683315417,26.489710304463294,12.074157875381324,,19.46571445465088,0.0,24.0,-24.0,,19.481863554180908,0.0,0.0,47.32328807802657,0.35634673305798636,0.2891999760677236,0.26902777390280647,-17.32757606771439,43.34658277466184,29.896144548301564,28.600675107770503,-70.10385545169844,-0.21610908508300852,-1.813569702007509,-0.4124911868254543,-0.41479855006210137,0.002307363236647042,-6.197729087959616,-6.707775234858976,0.5100461468993593,19.13640578604201,-0.271001311182395,-0.2713691845137145,-4.861418065752243,2.8086665183085717,124210979.16903186
2014-03-03,18.693571090698242,18.951786041259766,18.671785354614258,18.84857177734375,16.60211181640625,238781200,0.05428504943847656,1,-706415056.5999688,398406400,0.03329558571092188,-4242195.92523913,-0.0029525406076680873,-0.001114040929882258,-72628421.60050629,19.010760007846354,58.30011620708763,1063.3958259742815,18.808535671234132,19.65565870700724,17.961412635461024,9.007857396030069,0.5236306323986808,0.0,0.0,18.914607175191243,19.245893033345542,18.583321317036948,3.502963134109579,0.400334716647128,0.0,0.0,17.832143783569336,19.68535614013672,18.758749961853027,9.853039008250361,0.5484681721295531,0.3458490090632571,3.1553382044336753,-0.07162289950598222,-0.07710506348166676,0.005482163975684545,18.978601296742756,18.732115305387058,18.841843459006007,18.91346635851199,1.0184432127365364,0.9907387390614147,0.027704473675121633,,24.781839154330786,0.6353940010070787,-80.19050704174923,-164.92141058242206,84.73090354067283,18.97303581237793,18.735177993774414,18.854106903076172,18.816964149475098,,20.426207170991415,21.013447323183723,24.99792365161144,3.9849299985401974,,19.46571445465088,0.0,20.0,-20.0,,19.417808880517455,0.0,0.0,48.461607017572106,0.41490098752793164,0.39182925811912334,0.3098885049262689,-16.581583152118643,45.10722176752671,34.16695803015274,32.65907070804079,-65.83304196984726,-0.20241906783160246,-1.5226103531764033,-0.37868732335121846,-0.4075763047199248,0.028888981368706323,-7.6254601894303775,-6.891312225773256,-0.7341479636571213,19.116043291875158,0.2888380401150137,0.2884217045455717,-4.586621650300149,2.8707181096862264,-51400606.12817162
2014-03-04,18.96428680419922,19.022857666015625,18.848928451538086,18.972856521606445,16.71158218383789,259140000,0.12428474426269531,1,-596270113.0212476,657546400,0.08415066592810266,964853.2966857259,0.00832982009020395,-0.0028171888684697492,-70919690.0844692,19.00144759812609,58.03952625104137,1063.3958259742815,18.861589241027833,19.603833589519567,18.1193448925361,7.870432750992165,0.5749532689637257,0.0,0.0,18.85372625986735,19.182476488749185,18.524976030985513,3.487376705809333,0.6811865837238945,0.0,0.0,17.955713272094727,19.68535614013672,18.820534706115723,9.170186276136603,0.5880654719567373,0.3286926970241189,3.087619727678608,-0.05586631506162831,-0.07285731379765908,0.01699099873603077,18.939345200856526,18.71174438183124,18.86199931479069,18.91786562985232,0.9692678260425714,1.0256239323911533,-0.0563561063485819,,24.703852253487575,0.5666238784790032,-59.88024057993441,-143.33506526551503,83.45482468558062,18.796428680419922,18.720535278320312,18.758481979370117,18.816964149475098,,19.33448052350808,21.73244628054488,24.08857902982601,21.337544970880185,,19.46571445465088,0.0,16.0,-16.0,,19.35759748727381,0.0,0.0,51.06868749296478,0.5490072105524867,0.440084977046135,0.37370473707766066,-15.237827506393245,49.51196314992988,43.94491654499428,36.002673041149535,-56.05508345500572,-0.16098940793205685,-2.422726056797485,-0.295309820646318,-0.3851230079052035,0.08981318725888549,-8.175465161513538,-7.1481428129213125,-1.0273223485922252,19.1076447587469,0.6593854735035487,0.6572210369339082,-3.9574796936832413,2.967688902408902,31598286.85590273
2014-03-05,18.961429595947266,19.09821319580078,18.897499084472656,19.01285743713379,16.746816635131836,200062800,0.04000091552734375,1,-566364876.553253,857609200,0.03991530898895833,1970259.2775826033,0.00621648043029352,-0.002891774094528127,-70497893.02118303,18.989695127044637,56.85279769124515,1065.6378081744042,18.903678607940673,19.576771238961616,18.23058597691973,7.121287289958511,0.581102380386719,0.0,0.0,18.827095222473144,19.131131172180176,18.523059272766112,3.2297701383495054,0.8054938319623799,0.0,0.0,18.08035659790039,19.68535614013672,18.882856369018555,8.490408536474654,0.5809975733289601,0.31589483845451954,3.0785539471006707,-0.03969380333168715,-0.0662246117044647,0.026530808372777548,18.90473222732544,18.68682685265174,18.885208256689626,18.924902060021314,0.9493656768437195,1.0232870619319803,-0.07392138508826074,,24.53766086777952,0.595964717864991,-40.55508025430858,-122.27301948533055,81.71793923102197,18.75624942779541,18.656070709228516,18.706160068511963,18.816964149475098,,18.053014020475352,22.414985075178176,23.048726243166247,25.867997662826934,,19.46571445465088,56.00000000000001,12.0,44.00000000000001,,19.300998777624784,0.0,0.0,51.91182546236379,0.5923775819821081,0.5187619266875089,0.4502253872842557,-13.886691441033989,48.5722315486745,47.09194231153034,41.73460562889246,-52.90805768846966,-0.06707465788897338,-2.137899557813736,-0.2097437714911083,-0.35004716062238445,0.14030338913127616,-10.180216461688097,-7.75455754267467,-2.4256589190134275,19.10590403466081,0.21083233029137727,0.21061039082592714,-3.7549910100508566,2.9335404035310724,-27129810.055907965
2014-03-06,19.028213500976562,19.087142944335938,18.860713958740234,18.95535659790039,16.696168899536133,185488800,-0.05750083923339844,0,-596792702.1778635,672120400,0.012084987298748734,165113.42815708928,-0.002920889162600814,-0.00408680902068473,-71058869.2817826,18.96122073487742,50.49554020947581,1062.4149854876264,18.93610715866089,19.551025944136317,18.32118837318546,6.4946694726976135,0.5156520175462026,0.0,0.0,18.822499974568686,19.120607312520345,18.524392636617026,3.1675636961555154,0.7228335341299927,0.0,0.0,18.136070251464844,19.68535614013672,18.91071319580078,8.181649352165138,0.5288154706797723,0.30694825316863794,3.153912592636912,-0.031157642532473773,-0.059211217870066515,0.028053575337592743,18.859375,18.720137229332558,18.896000309183588,18.92715795171606,0.9303884905029943,1.0722758299094177,-0.1418873394064234,-0.013142920548434698,24.40164483107855,0.255678653717041,-21.048840395907874,-101.6399622027854,80.59112180687752,18.75624942779541,18.656070709228516,18.706160068511963,18.816964149475098,,16.992645596918308,21.298022170175297,22.709727446627678,9.405337023768789,,18.969106674194336,52.0,8.0,44.0,,19.2477959905547,0.0,0.0,50.56306716913156,0.522998488323261,0.5547944269526186,0.5045471102287541,-13.021330121343341,50.090655498186166,42.56813028674669,44.534996381090444,-57.43186971325331,0.022078676784740736,-2.791265044242983,-0.16461870615735424,-0.31296146972937844,0.1483427635720242,-12.19057064097019,-8.641760162333775,-3.5488104786364154,19.105147799428646,-0.30243133849567894,-0.3028895862246195,-4.046066078974453,2.8350677392828345,-6834777.588294983
2014-03-07,18.967500686645508,18.999286651611328,18.787500381469727,18.944286346435547,16.68641471862793,220729600,-0.01107025146484375,0,-490708828.2979856,451390800,0.0011363755438241576,-207550.2298274056,-0.007727189058118741,-0.005286830384509194,-71187779.13188824,18.924766075619893,43.799653937058274,1062.4149854876264,18.96812505722046,19.510442221249008,18.42580789319191,5.7181947334547925,0.4780214306626146,0.0,0.0,18.827321497599282,19.111000315348306,18.543642679850258,3.0134803592236605,0.7061571776214635,0.0,0.0,18.41428565979004,19.68535614013672,19.04982089996338,6.701086567661734,0.4169719105591628,0.29743205486593427,3.244391688202379,-0.024997791396010882,-0.052368532575255394,0.027370741179244512,18.838750044504803,18.760920231158916,18.903428930299274,18.928426721695285,0.853982230507159,1.1021102806481944,-0.24812805014103534,-0.011441650615549706,24.263364610155048,0.0015175819396979762,-1.2356306347954649,-81.3593615036251,80.12373086882963,18.75624942779541,18.656070709228516,18.706160068511963,18.816964149475098,,16.270278152555516,20.28008598559101,23.276566492060578,-17.807475554358646,,18.90750026702881,48.0,4.0,44.0,,19.19778537070882,0.0,0.0,50.29215031856154,0.509062733011304,0.5414796011055577,0.5383453182485617,-12.345127725063493,55.24815816576033,41.69719105591628,43.78575455139778,-58.30280894408372,0.05988754384657824,-1.2896114429474073,-0.13206481322274422,-0.2767821384280516,0.1447173252053074,-12.700013591647007,-9.453410848196421,-3.2466027434505857,19.100962503547944,-0.05840170512049214,-0.0584187655590096,-4.102104812514518,2.8395939304280446,45066878.07048428
2014-03-10,18.8700008392334,19.047500610351562,18.869285583496094,18.961429595947266,16.701519012451172,178584000,0.01714324951171875,1,-484623256.8266041,629974800,0.01397340210070265,259458.38454804965,0.006486528448015583,-0.005762115436907549,-71026173.14606144,18.881405049156424,42.410971364460664,1063.376396482379,18.988196563720702,19.497305698480947,18.479087428960458,5.362374810601659,0.47371195491705115,0.0,0.0,18.842440605163574,19.117155265808105,18.567725944519044,2.9159137757265676,0.7165683303987519,0.0,0.0,18.41428565979004,19.68535614013672,19.04982089996338,6.694003172345588,0.43045916384431737,0.28551035206488773,3.2602121883048985,-0.01851926941754556,-0.04559867994371343,0.02707941052616787,18.83806562423706,18.803695018474873,18.912352109629737,18.930871379047282,0.8469347867569005,1.1515910097205728,-0.30465622296367234,-0.009335771282698793,24.137430099777276,-0.2292682647705071,-1.5132852669330648,-63.351313747702456,61.83802848076939,18.75624942779541,18.656070709228516,18.706160068511963,18.816964149475098,,15.399511240393766,20.56129273628507,22.31025527878877,-9.057964720794015,,18.873214721679688,44.0,0.0,44.0,,19.150775388053695,0.0,0.0,50.73238523817915,0.8204893779017407,0.6175168664121019,0.5712636314900927,-11.659829044394991,51.66039921598159,48.96141268356625,44.40891134207641,-51.03858731643375,0.1051228747648345,-0.043295719213686995,-0.09782576325589913,-0.24099086339362114,0.143165100137722,-14.319072766472086,-10.426543231851555,-3.8925295346205306,19.098563748636643,0.09049298135712647,0.0904520611435089,-4.015323948100635,2.861090835239523,-10157853.821235746
2014-03-11,19.123214721679688,19.240713119506836,19.02107048034668,19.14607048034668,16.864152908325195,279224400,0.18464088439941406,1,-446030951.1681929,909199200,-0.015461206921048725,7587570.067026293,0.013569039947535907,-0.001960057499327215,-68307167.18182151,18.867420095322693,50.67607026264567,1063.376396482379,19.000875091552736,19.512443656021393,18.48930652708408,5.3846842527383005,0.6419119536251721,0.0,0.0,18.88385715484619,19.14992904663086,18.617785263061524,2.817982466218616,0.9927490155794013,0.0,0.0,18.41428565979004,19.68535614013672,19.04982089996338,6.689536530408341,0.5757232442036173,0.284887669214356,3.232791871437109,0.001496728830122862,-0.03617959818894618,0.03767632701906904,18.870327472686768,18.85244501554049,18.94830878204773,18.946812053217606,0.9655487308710704,1.055159698099868,-0.08961096722879769,-0.005124207738500248,24.0393236582696,-0.15980491638183736,-1.287356990102627,-47.54572299071069,46.25836600060806,18.835535049438477,18.758749961853027,18.797142505645752,18.816964149475098,,14.763283858495432,23.744694789675222,20.849493842112263,45.848716681861596,,18.816964149475098,40.0,0.0,40.0,18.41428565979004,,1.0,0.0,55.32196560158208,1.0,0.7765173703043483,0.6451712792740026,-9.861387659021204,56.38253735690575,88.54797985626122,59.735527865247924,-11.452020143738778,0.1541856821845542,2.0637755804959816,0.007899634122716085,-0.1912127638903537,0.19911239801306976,-12.347709110724479,-10.81077640762614,-1.5369327030983388,19.104209078040707,0.9737709040613662,0.969060310764247,-3.080653100349695,3.033533872695159,112563663.73824346
2014-03-12,19.089643478393555,19.191070556640625,19.0,19.164642333984375,16.880512237548828,199326400,0.018571853637695312,1,-301844836.23447627,1108525600,-0.018657500965501794,7032468.732726639,-0.003389209991360799,-0.0003862809800699168,-68113818.85320608,18.868936188755022,52.209477786383566,1064.4078807661917,19.002035713195802,19.514978028687704,18.4890933977039,5.39881435056659,0.6585038082036927,0.0,0.0,18.941011873881024,19.19261938730876,18.68940436045329,2.6567483839096635,0.9444033825873405,0.0,0.0,18.41428565979004,19.68535614013672,19.04982089996338,6.689127941507844,0.5903344352625347,0.27550595795698285,3.1501209880814227,0.018643237390360667,-0.025215031073084808,0.043858268463445475,18.89729181925456,18.90063183124249,18.98159086696106,18.9629476295707,1.0122718575396112,0.981129499424586,0.031142358115025193,0.0005192604660408657,23.974421775305338,-0.3570352554321303,0.36798218719813897,-33.9976547739766,34.36563696117474,18.943927764892578,18.820534706115723,18.88223123550415,18.816964149475098,,14.082830609657298,22.651962619416505,20.39748934915009,38.91462665448427,,18.816964149475098,36.0,0.0,36.0,18.430814208984376,,0.0,0.0,55.768296722423116,1.0,0.9401631259672469,0.7780657875612325,-8.213689281341376,59.31104078637622,90.79522532461237,76.10153928814663,-9.20477467538762,0.19249778635361636,1.7173767509230224,0.09831402667214312,-0.13330740577785433,0.23162143244999744,-13.164105972936618,-11.281442320688235,-1.8826636522483824,19.12000544084656,0.09700086321502432,0.09695384777885785,-2.9866404972346605,2.944077312837301,-17064021.496080577
2014-03-13,19.194286346435547,19.273571014404297,18.898571014404297,18.951786041259766,16.693023681640625,257742800,-0.21285629272460938,0,-486436756.10752314,850782800,-0.04518794873543732,-1809623.4983000876,-0.00137699247796868,0.0006280502274211528,-70976495.6477098,18.882208903701986,52.487339236796934,1064.4078807661917,18.992625045776368,19.50199110970186,18.483258981850877,5.363830041374559,0.4599119303297597,0.0,0.0,18.97311897277832,19.216762161254884,18.72947578430176,2.56829874757155,0.45622095644876226,0.0,0.0,18.41428565979004,19.68535614013672,19.04982089996338,6.69244234160956,0.4228722087252985,0.2854553621612846,2.99678208405108,0.014884663909487728,-0.017195092076570304,0.03207975598605803,18.9228572845459,18.93065936748798,18.977005509160858,18.96212084525137,1.0266426101932389,0.937373463904915,0.08926914628832383,0.0046799864050288565,24.008468772931455,-0.5158393859863288,0.09465750719593324,-22.805366829926353,22.900024337122286,18.972678184509277,18.882856369018555,18.927767276763916,18.816964149475098,,13.135770553988891,20.643968201806896,20.987003172183513,14.946363744912198,,18.816964149475098,32.0,0.0,32.0,18.447012187194826,,0.0,0.0,49.64664093875045,0.6017797231914164,0.867259907730472,0.8613134680006892,-8.053328152344754,52.186689310532984,62.55202402594376,80.63174306893912,-37.44797597405624,0.23199039347031558,1.645404000879764,0.07849683076571708,-0.09094655846914004,0.16944338923485713,-11.834115756190267,-11.391977007788642,-0.44213874840162504,19.116341118785787,-1.1106718769656077,-1.116885891438324,-4.0641405981314165,2.6962854729421863,76135286.08442897
2014-03-14,18.885356903076172,18.960357666015625,18.678571701049805,18.738929748535156,16.505535125732422,237199200,-0.21285629272460938,0,-622020671.0536774,613583600,-0.12697246514975644,-8763869.048434813,-0.03167208077035905,-0.0008265558754101792,-73640589.79901159,18.88224592712668,53.27661962679612,1052.453022529955,18.957375049591064,19.433421923070387,18.48132817611174,5.022286811692232,0.2705632436367672,0.0,0.0,18.970107078552246,19.2039644241333,18.736249732971192,2.4655353247368326,0.005730022200725038,0.0,0.0,18.41428565979004,19.68535614013672,19.04982089996338,6.704886499431778,0.25540998218806227,0.28508842244173815,2.918630398518797,-0.005209702355944756,-0.014798014132445195,0.009588311776500439,18.944702625274658,18.94728029691256,18.940378469064598,18.945588171420543,0.9898613242205364,0.975574337079957,0.01428698714057941,0.0054608990896909074,24.107040282158813,-0.11201715469360352,-0.6111913956101098,-13.963220647022005,13.352029251411896,18.97607135772705,18.91071319580078,18.943392276763916,18.816964149475098,,13.096355122486548,19.262199607104534,24.807969661669866,-67.1960117708104,,18.816964149475098,28.000000000000004,0.0,28.000000000000004,18.480074540283205,,0.0,0.0,44.39818640841684,0.26036212479244164,0.6207139493279527,0.8093789943418906,-9.175809235987922,48.03273946516801,37.78070777091893,63.7093190404917,-62.21929222908107,0.24161636128145147,1.4187753950926985,-0.02749823499174126,-0.07825689377366028,0.05075865878191903,-11.309379901758682,-11.375457586582652,0.06607768482396992,19.112549244771838,-1.123146347585402,-1.1295012643239843,-5.141640699028171,2.5853124921629274,30177128.482688546
2014-03-17,18.8464298248291,18.927499771118164,18.780357360839844,18.812143325805664,16.570024490356445,199544800,0.07321357727050781,1,-735353426.4104731,813128400,-0.15997743372057446,-5424832.236697265,0.0025413334402578603,-0.00034712075943842737,-72860962.10256481,18.890698663768745,59.602571058218906,1056.5649889934934,18.926571559906005,19.35401273591115,18.49913038390086,4.516836814868643,0.36614738995224533,0.0,0.0,18.97170232137044,19.192273839314776,18.751130803426104,2.325268594330366,0.13830553225588535,0.0,0.0,18.41428565979004,19.68535614013672,19.04982089996338,6.715798877379946,0.3130099173628128,0.2754365824558651,2.718077658252983,-0.015053382555361594,-0.014849087817028475,-0.0002042947383331193,18.94193474451701,18.96682702578031,18.9206499854863,18.93570336804166,1.0191072811036512,0.9692023403094183,0.04990494079423291,0.004689648854787364,24.165664592707273,-0.1322848320007317,-1.4144842836233653,-7.467025502987446,6.05254121936408,18.97607135772705,19.04982089996338,19.012946128845215,18.816964149475098,,13.059755078948658,18.37580620150944,23.666375183218044,-43.459716836292216,,18.816964149475098,24.0,48.0,-24.0,18.51181439924805,,0.0,0.0,46.49344846352582,0.39666116953739783,0.41960100584041865,0.6358582876329478,-9.577794702655575,48.369195514795976,46.30099464388375,48.87790881358216,-53.69900535611625,0.24421609990736926,-0.17624801437594348,-0.07949735091841176,-0.0785049852026106,-0.0009923657158011634,-12.00346322722361,-11.501058714710844,-0.5024045125127667,19.110246413483868,0.3907030884527041,0.3899418261420706,-4.771026159583713,2.7929948285993262,-1201071.0939869285
2014-03-18,18.782142639160156,18.99892807006836,18.757143020629883,18.97857093811035,16.71662139892578,209647200,0.1664276123046875,1,-561008787.3003086,1022775600,-0.08230801634009358,334584.21459709853,0.002780245669303534,0.0013970725372576154,-71006251.43413706,18.92043517411312,66.97040439860248,1056.5649889934934,18.90051794052124,19.239412218880933,18.561623662161548,3.5860845657899083,0.6151583289734213,0.0,0.0,18.968035634358724,19.195392735799153,18.740678532918295,2.397265650730791,0.5231690668223702,0.0,0.0,18.41428565979004,19.53178596496582,18.97303581237793,5.912537998654246,0.504953131293822,0.27207142915412624,2.3430510227530448,-0.009317842327689618,-0.013742838719160703,0.004424996391471085,18.9572917620341,18.982925928556003,18.929560901274616,18.938878743602306,1.0659072081908634,0.9043590500573004,0.16154815813356294,0.0046212214267176,24.099991805632087,-0.051946163177490234,-1.3147941406461379,-3.106993712580508,1.7921995719343702,18.97607135772705,19.04982089996338,19.012946128845215,18.816964149475098,,12.682056649005213,19.04294334542806,22.252408627503346,0.35269095730504535,18.484196186065674,18.816964149475098,20.0,44.0,-24.0,18.5422846638543,,0.0,0.0,51.01255536471743,0.5817330503955335,0.41291878157512435,0.48441124558116516,-8.69080769057303,51.722487550077474,65.01480477824501,49.69883573101591,-34.98519522175499,0.17258390538832558,0.980533142188672,-0.04919954583286645,-0.07264389732866176,0.023444351495795317,-12.126865345017292,-11.626220040772132,-0.5006453042451593,19.109637960452517,0.8846818218548824,0.8807914403872186,-3.928552738878621,2.9530068342365965,30065330.42173475
2014-03-19,19.009286880493164,19.15142822265625,18.89285659790039,18.97357177734375,16.712209701538086,224756000,-0.0049991607666015625,0,-645446058.2974613,798019600,-0.06797753028578557,126273.41576061293,0.01657884381427691,0.001768710543230374,-71065454.59442359,18.944853166416944,66.23308522535459,1056.5649889934934,18.889607238769532,19.203411534842402,18.57580294269666,3.322507367213122,0.6337848774299765,0.0,0.0,18.968345197041828,19.20148804982503,18.735202344258624,2.4582308088695317,0.5112089653178916,0.0,0.0,18.41428565979004,19.273571014404297,18.843928337097168,4.548984760522907,0.6508735596975004,0.2707214487142996,2.180987919820465,-0.005116792668271586,-0.01201762950898288,0.0069008368407112945,18.967708428700764,18.986044076772835,18.936331805285253,18.941448597953524,1.1041418080615872,0.893903060929782,0.21023874713180524,0.0049658305399340385,24.071634321327444,0.08324928283691335,-0.20843245464402232,-0.7913928302178577,0.5829603755738353,18.97607135772705,19.04982089996338,19.012946128845215,18.816964149475098,,11.90986427909759,21.61391261588808,20.81982318502678,63.25633403306264,18.565089225769043,18.816964149475098,16.0,40.0,-24.0,18.5715361178763,,0.0,0.0,50.87356195678396,0.5695085948630089,0.51596760493198,0.4494957974491743,-7.989054118491498,48.08391507105521,52.10958837374288,54.475129265290555,-47.89041162625712,0.12678665834314629,0.6631802211680132,-0.02701373467721162,-0.06351786479837174,0.03650413012116012,-11.603982675675068,-11.62177256775272,0.01778989207765136,19.108555909277456,-0.0263410811219833,-0.02634455099412847,-3.9538589967367366,2.8644508844404157,43841513.00807816
2014-03-20,18.92464256286621,19.023929595947266,18.83392906188965,18.882143020629883,16.631677627563477,208398400,-0.09142875671386719,0,-748079367.5942539,589621200,-0.061335932731117336,-2613709.4455136433,-0.008498402693845128,-0.0001453580658595743,-72069672.82158476,18.957392346656192,57.7642292667304,1051.4736743762621,18.88523225784302,19.196883640398447,18.57358087528759,3.3004770955464426,0.49504376141731693,0.0,0.0,18.96290480295817,19.19240481058757,18.733404795328777,2.4205153167630113,0.32404841036278553,0.0,0.0,18.41428565979004,19.273571014404297,18.843928337097168,4.550038585082254,0.5444726345299692,0.26264935724863137,1.9943146597386063,-0.009060523041419799,-0.011426208215470265,0.002365685174050466,18.960148970286053,18.976071504446175,18.927995069184426,18.937055592225846,1.026044706762813,0.9699258534189424,0.056118853343870456,0.004618604959738924,24.059638471012093,0.12762517929077077,0.5429672783834781,-0.5937708398646419,1.13673811824812,18.97607135772705,19.04982089996338,19.012946128845215,18.816964149475098,,11.186707697550391,20.566167795030406,21.314010469407343,12.555183958716059,18.616517543792725,18.816964149475098,12.0,36.0,-24.0,18.599617513737417,,0.0,0.0,48.282503002693595,0.34162523379318993,0.4976222930172441,0.47550289317478284,-7.996101380750144,44.69763535020887,34.955579714049364,50.693324288679094,-65.04442028595064,0.06551588843850453,-0.47812252663829097,-0.047845468886617094,-0.060383385616020815,0.012537916729403721,-11.628214769298879,-11.623061008061951,-0.005153761236927679,19.105870673283942,-0.4818742500715789,-0.48303900731925253,-4.4166806184189,2.7608385824601243,19633658.479606748
2014-03-21,18.997499465942383,19.0625,18.797500610351562,19.031070709228516,16.762861251831055,374046400,0.1489276885986328,1,-462757798.8719645,963667600,0.04660119749726316,5717658.443936827,7.587509317530817e-05,7.095734134352536e-05,-69119485.13792104,18.967966596103395,59.55340188806267,1051.4736743762621,18.898839378356932,19.211007925952767,18.586670830761097,3.3035737417116997,0.7117947690277616,0.0,0.0,18.968238067626952,19.20305938720703,18.733416748046874,2.475942348919029,0.6337881963058644,0.0,0.0,18.41428565979004,19.273571014404297,18.843928337097168,4.546762567855446,0.7177883879044555,0.26288436048861197,1.7932344292894058,-0.00016681500634518898,-0.009174329573645251,0.009007514567300062,18.961666742960613,18.97188193981464,18.94385285996044,18.944019674966786,1.0074452436965358,0.9349764511648138,0.072468792531722,0.005351423419518296,24.027931962392238,0.05651721954345845,3.189835637953806,-0.07120185043276732,3.2610374883865734,18.97607135772705,19.04982089996338,19.012946128845215,18.816964149475098,,10.439542589829736,20.15818718940477,19.867442540240766,39.74460644238616,18.632678508758545,18.816964149475098,8.0,32.0,-24.0,18.626575653764093,,0.0,0.0,52.52415621724881,0.714678185560081,0.5419373380720933,0.5185090786737725,-6.84740413429425,46.41729335337275,59.24359915499549,48.76958908092926,-40.75640084500451,0.05348433326272328,0.09579450198345481,-0.0008805681645570896,-0.04848282212572807,0.04760225396117098,-6.052880923319103,-10.509024991113382,4.456144067794279,19.104953741007506,0.7887223840848945,0.785628227974966,-3.6627935830050085,2.954794311475645,193000387.18122137
2014-03-24,19.229286193847656,19.303571701049805,19.109285354614258,19.256786346435547,16.9616756439209,355700800,0.22571563720703125,1,-278366906.84942424,1319368400,0.061562725334688935,16370454.770095963,0.015098709204914545,0.0005544494209657107,-64900740.22578541,18.99676464395678,60.78561954886943,1063.9445465644028,18.919625186920165,19.267013662522864,18.572236711317466,3.6722553662729167,0.9852797130509684,0.0,0.0,18.99461898803711,19.231047439575196,18.758190536499022,2.4894255756010755,1.054432761143818,1.0,0.0,18.41428565979004,19.303571701049805,18.858928680419922,4.70033646266186,0.9473899820265013,0.2638460236218797,1.641459382108918,0.024808896707241956,-0.0023776843174678096,0.027186581024709767,18.986785888671875,18.964684119591347,18.991996473264305,18.967187576557063,1.024123983175755,0.8909676097528861,0.1331563734228688,0.009095815068110056,24.047178074242588,0.02466115951538228,6.484107787752658,0.7922942359955977,5.69181355175706,18.991071701049805,19.04982089996338,19.020446300506592,18.816964149475098,,10.755892284545428,24.933276205279856,18.47860711243665,171.90445610316672,18.731250286102295,18.816964149475098,4.0,28.000000000000004,-24.000000000000004,18.6524554681897,,0.0,0.0,58.129209014665626,1.0,0.685434473117757,0.5749980347356981,-4.156513285792476,54.118166572010715,92.51434326171875,62.237840710254545,-7.48565673828125,0.08799170325783834,1.590208799176822,0.13079902651411057,-0.012626452397760342,0.1434254789118709,-2.3987434354835195,-8.88696867998741,6.488225244503891,19.110862694368112,1.186037510215221,1.1790592079991224,-2.5201981786059924,3.1073455700332318,84743016.40608662
2014-03-25,19.33928680419922,19.491071701049805,19.27107048034668,19.46392822265625,17.14412498474121,282293200,0.20714187622070312,1,-65731678.29483968,1601661600,0.13746258262200728,22385353.101845995,0.01361052161982246,0.0010825952202177778,-61864161.741693206,19.030481526064005,61.798314257804144,1075.38921160899,18.960571575164796,19.358241962181346,18.562901188148246,4.194708850838994,1.1328817331204823,1.0,0.0,19.021892865498863,19.258357175191243,18.78542855580648,2.486233219421303,1.43467669123606,1.0,0.0,18.41428565979004,19.491071701049805,18.952678680419922,5.679080068821221,0.9747921338562314,0.2608899567211175,1.4997503079132826,0.060618177814323104,0.010221488108890373,0.050396689705432735,19.030089378356934,18.966057777404785,19.06460135778614,19.00398317997182,1.0530315546010243,0.8547984863861289,0.1982330682148954,0.016816302481370584,24.102502601323177,0.0008580207824699926,9.448366665787699,1.801225844727771,7.647140821059928,19.084821701049805,19.04982089996338,19.067321300506592,18.816964149475098,,11.697870681101028,28.28265129932414,17.355289858703244,233.99821596952148,18.772232055664062,18.816964149475098,0.0,24.0,-24.0,18.691522442161308,,0.0,0.0,62.50423084252893,1.0,0.9048927285200271,0.7107548465699591,-0.4154731588658651,60.932324053435416,96.65926419771634,82.80573553814355,-3.3407358022836537,0.15019544152652742,2.7430005370377866,0.3189761706283145,0.05369407220745463,0.26528209842085987,-1.7616140402274056,-7.4618977520354095,5.700283711808003,19.125704491025033,1.0756824762665929,1.0699381692712784,-1.471625032513857,3.177417251510903,2192745.6116012335
2014-03-26,19.518571853637695,19.60714340209961,19.2450008392334,19.277856826782227,16.980226516723633,299768000,-0.18607139587402344,0,-311105775.5313263,1301893600,0.12266383174958086,11219124.058958817,0.0054364669759031856,0.0016795492301109208,-64729885.94496261,19.063204762761053,59.693306098325536,1075.38921160899,19.000625133514404,19.354247545643243,18.647002721385565,3.7222187127422397,0.8919882956496764,0.0,0.0,19.047702471415203,19.301273981730144,18.79413096110026,2.6624891972716913,0.9538253431569792,0.0,0.0,18.430356979370117,19.60714340209961,19.018750190734863,6.193408977127852,0.7201815308561935,0.27101521733562683,1.325902720603328,0.07313977470525757,0.022805145428163812,0.050334629277093756,19.056458314259846,18.957527527442345,19.097409891477845,19.024270116772588,1.0540282644462875,0.8243632935023112,0.2296649709439763,0.024912352198778635,24.139242589554037,0.1454453468322754,11.708107181812071,3.091609141907342,8.61649803990473,19.142857551574707,19.010714530944824,19.076786041259766,18.816964149475098,,12.933030533270896,28.628976392024484,15.760437184260711,187.63378533586723,18.849910259246826,18.816964149475098,100.0,20.0,80.0,18.755486382872387,,0.0,0.0,56.76629123116111,0.6830925919657279,0.8943641973219093,0.8282304663198978,1.2098234158190664,54.3634076438583,64.53837921777014,84.57066222573509,-35.46162078222986,0.19614416571224425,1.6687941657236263,0.38445508950577034,0.11984627566711778,0.26460881383865253,-0.732938181913426,-6.116105838011014,5.383167656097587,19.127514988185577,-0.9559806928255865,-0.9605795209928214,-2.4135372741578176,2.844443398942616,52654430.97146797
2014-03-27,19.286428451538086,19.33928680419922,19.11142921447754,19.19499969482422,16.907249450683594,222031600,-0.08285713195800781,0,-370269967.9825455,1079862000,0.06299542810354347,6988263.253386471,-0.020598074161675837,0.0007602002941425566,-65684188.16565809,19.082334333421493,59.61145908110762,1070.7671383872037,19.018107223510743,19.373861390621386,18.6623530564001,3.7412152842513056,0.7486161620398682,0.0,0.0,19.065095392862958,19.303952662150067,18.82623812357585,2.5057023252716153,0.7719287178258631,0.0,0.0,18.64714241027832,19.60714340209961,19.127142906188965,5.047826161346423,0.57068408180133,0.26669945457423216,1.146733556090951,0.07550695519346817,0.03334550738122469,0.042161447812243485,19.06053574879964,18.957651138305664,19.11242370737729,19.03691675218382,1.0367622814807325,0.8759198369587142,0.16084244452201824,0.03200525944348437,24.160350582019916,0.1465351104736321,13.983664119045905,4.713259754646899,9.270404364399006,19.182143211364746,19.010714530944824,19.096428871154785,18.816964149475098,,13.379901004569215,26.95083140997392,18.272775319905513,94.34667129090468,18.86383867263794,18.816964149475098,96.0,16.0,80.0,18.84065208479511,,0.0,0.0,54.37263434685065,0.5508905037061427,0.7446610318906236,0.8479726525775201,1.888747665690738,49.52948301678256,55.6153060868172,72.27098316743458,-44.3846939131828,0.2263805052813339,0.2555574760249869,0.3966343719226822,0.17520389491823068,0.2214304770044515,-2.208233734246203,-5.334531417258052,3.1262976830118494,19.129445867529164,-0.42980468577241693,-0.43073100129649156,-2.8329684636330454,2.8205226909245447,-29954123.19722569
2014-03-28,19.2257137298584,19.24785614013672,19.08035659790039,19.17357063293457,16.88837432861328,200564000,-0.021429061889648438,0,-347604943.31789815,879298000,0.08722304550657536,5375954.450211911,-0.005115385470370942,-6.850784288505232e-05,-65908095.35175689,19.093315671776473,54.21341286372046,1069.571747106,19.037071418762206,19.383390803281415,18.690752034242998,3.6383682857636352,0.6970712877678855,0.0,0.0,19.10255953470866,19.32998816172282,18.8751309076945,2.3811325032221977,0.6561173260336495,0.0,0.0,18.671785354614258,19.60714340209961,19.139464378356934,4.913350519678666,0.5364633144166869,0.25677946334044177,1.1709175523356716,0.07479166482473332,0.04163473886992641,0.033156925954806904,19.061279773712158,18.965494522681603,19.121830926693793,19.04703926186906,1.0049510585942705,0.9150432442085239,0.08990781438574658,0.03783518966127187,24.093696161308603,-0.0852853775024407,17.064957948511644,6.766531113773011,10.298426834738633,19.182143211364746,19.010714530944824,19.096428871154785,18.816964149475098,,13.635822830638318,25.755657489420674,18.285107681699657,62.51463016713487,18.94928550720215,18.816964149475098,92.0,12.0,80.0,18.91730121652556,,0.0,0.0,53.741475163461104,0.5160314716471892,0.5833381891063533,0.7407878061062955,2.274123883237108,51.63852404579179,53.30756163742017,57.82041564733586,-46.69243836257983,0.2559328359716062,0.04658734973813152,0.39266819265953523,0.21869675446649162,0.17397143819304361,-4.038900472894811,-5.075405228385405,1.0365047554905935,19.13293330537142,-0.11163877171317393,-0.11170113420808647,-2.9414445441503956,2.8423831879458312,-9619652.470566273
2014-03-31,19.258214950561523,19.31464385986328,19.140356063842773,19.169286727905273,16.884599685668945,168669200,-0.004283905029296875,0,-460278117.49958503,710628800,0.051677765557057644,4504737.69530057,0.00655053179652343,-0.0005698298536716578,-65945780.70770861,19.095482992139605,52.747147429752175,1069.332775248627,19.053107166290282,19.3926631851296,18.713551147450964,3.5643112262558128,0.671075691740233,0.0,0.0,19.139369074503584,19.36951224009196,18.909225908915204,2.404919040878548,0.5649979184157053,0.0,0.0,18.678571701049805,19.60714340209961,19.142857551574707,4.873597219316966,0.5284621815425633,0.2485302966084484,1.238841842964874,0.07303718946427296,0.04791522898879572,0.025121960475477233,19.079404830932617,18.981277539179874,19.12913181918787,19.056094629723596,0.9957319870224827,0.966683810630555,0.029048176391927694,0.04244839897403811,24.02330623701955,-0.31417741775512553,19.37027794295867,9.064872456395769,10.3054054865629,19.202322006225586,19.010714530944824,19.106518268585205,18.816964149475098,,14.119293310192644,26.350479429507878,17.419478048322187,72.16284083698739,18.95482110977173,18.816964149475098,88.0,8.0,80.0,18.986285435082962,,0.0,0.0,53.607505801081324,0.5086323203379514,0.5251847652304279,0.6177279954091349,2.557042361032715,50.5087609957552,52.846218154256334,53.92302862616458,-47.153781845743666,0.24609776104197678,1.1476527128999292,0.3832746996876786,0.25161234351072903,0.13166235617694955,-6.524841674836013,-5.365292517675527,-1.1595491571604866,19.13526538508966,-0.022342760831095543,-0.022345257197731172,-2.9631301050620062,2.8549538476129186,-21122593.85474509
2014-04-01,19.205713272094727,19.352500915527344,19.17035675048828,19.344642639160156,17.0390625,200760000,0.1753559112548828,1,-276840962.4354986,911388800,0.06789809705968743,8890411.273619099,0.0030782755066777615,-0.00010786660381176068,-64109277.6993686,19.10544541622178,58.58792576691266,1069.332775248627,19.071696472167968,19.43173340631752,18.711659538018417,3.775615186357089,0.8790530097098487,0.0,0.0,19.177131017049152,19.40131009419759,18.952951939900714,2.3379834757256965,0.8736111867390894,0.0,0.0,18.678571701049805,19.60714340209961,19.142857551574707,4.868846892592401,0.7173069536335421,0.2419986857098106,1.249622753146176,0.08481877360431156,0.05529593791189889,0.029522835692412666,19.129880905151367,19.00064571087177,19.162287329952836,19.077468556348524,1.0103317253463042,0.94072869900177,0.06960302634453419,0.047771083646817786,23.937103642296186,-0.259553146362304,21.28536564062877,11.453072244759412,9.832293395869357,19.202322006225586,19.010714530944824,19.106518268585205,18.764999389648438,,14.708522201902914,26.06115927090782,16.533396910947346,96.93097289367549,18.968303203582764,18.816964149475098,84.0,4.0,80.0,19.04837123178463,,0.0,0.0,58.20084644385284,0.7623233271995927,0.5956623730615779,0.5680617757994529,4.1149557517255255,50.4102913948233,71.73069536335422,59.29482505167692,-28.269304636645792,0.21618713491103136,3.232377188843185,0.44460182625270744,0.2902102400591247,0.15439158619358273,-7.447068168062784,-5.781647647752979,-1.6654205203098051,19.149040072007995,0.9147753578103268,0.9106166308006092,-2.075460731272649,3.0365733242753734,35003345.25492829
2014-04-02,19.37071418762207,19.40999984741211,19.295000076293945,19.376785278320312,17.067371368408203,180420800,0.03214263916015625,1,-200639485.11640683,1091809600,0.07806479005355983,8448809.759014472,0.005804851199347601,0.00040512223028225935,-63809494.40641456,19.124044892760065,65.30631189283307,1071.1095554237938,19.089892864227295,19.47228741012857,18.70749831832602,4.006251356369279,0.8751261846803209,0.0,0.0,19.212595303853355,19.422417195638022,19.002773412068684,2.1842118513013835,0.8912603519833383,0.0,0.0,18.678571701049805,19.60714340209961,19.142857551574707,4.864205931662732,0.7519220933409196,0.22929879425064592,1.2197381199817214,0.09564684893359399,0.06336612011623792,0.032280728817356066,19.176934401194256,19.02879128089318,19.195287014317064,19.09964016538347,1.0826664398957577,0.9437614177041738,0.13890502219158396,0.0535737702798113,23.778821705827326,-0.11132192611694336,20.7893281593032,13.702667898194935,7.086660261108264,19.202322006225586,19.010714530944824,19.106518268585205,18.764999389648438,,15.47079045779243,26.856891663957356,15.983804079513595,112.6401109673289,18.9556245803833,18.816964149475098,80.0,0.0,80.0,19.104248448816126,,0.0,0.0,59.00213325958419,0.8065785381401842,0.6925113952259095,0.6044528445059718,5.638104514303939,49.73281764814519,75.19220933409197,66.58970761723418,-24.80779066590803,0.19572692758896792,3.00147592294865,0.5007782770009775,0.33232384744749527,0.16845442955348228,-8.825252214457247,-6.390368561093832,-2.434883653363415,19.16577678784185,0.1661578337719627,0.16601994436493683,-1.9127514380925525,2.973780920866716,4505314.088251114
2014-04-03,19.335357666015625,19.375,19.20142936706543,19.24250030517578,16.949087142944336,162344000,-0.13428497314453125,0,-286154585.3900302,929465600,0.06663550458077536,4127499.839130151,-0.006873082125875703,0.0021764792763167844,-64934570.59253338,19.155298674829346,66.68368133629693,1063.6865533200412,19.104250049591066,19.486923380859256,18.721576718322876,4.006159155945318,0.6806374318358561,0.0,0.0,19.2485595703125,19.456738471984863,19.040380668640136,2.16305953608542,0.4854469759230102,0.0,0.0,18.678571701049805,19.60714340209961,19.142857551574707,4.860550393966818,0.6073075493130172,0.2239045059510696,1.108038618423735,0.0923281995654186,0.06915853600607406,0.023169663559344536,19.198928515116375,19.058241844177246,19.2025505975261,19.11022239796068,1.1263308537123478,0.850182336086318,0.27614851762602977,0.05795639230733286,23.55956511551912,-0.13067827224731587,20.670675326823773,15.644983419180486,5.025691907643287,19.34375,19.018750190734863,19.18125009536743,18.764999389648438,,15.608468021392417,25.466745293181663,17.918466288033883,69.10752212300177,18.907410144805908,18.816964149475098,76.0,0.0,76.0,19.154537944144472,,0.0,0.0,54.31734853599568,0.48866444420169547,0.6858554365138242,0.6580097349337706,5.747061652269581,44.27419062473019,57.10083137923684,68.00791202556103,-42.89916862076316,0.20772577734554432,1.3906703930770694,0.4831351391037253,0.3624861057787413,0.120649033324984,-10.525606491279348,-7.217416147130937,-3.308190344148411,19.170293729907556,-0.6930198751532668,-0.695432410584429,-2.592515565617548,2.799610690899616,-2350858.364238888
2014-04-04,19.278928756713867,19.28571319580078,18.94928550720215,18.99357032775879,16.729825973510742,275251200,-0.2489299774169922,0,-488941773.5795021,654214400,0.0003746718952203541,-6250467.995031299,-0.020865799881570574,0.0005045411819004674,-68495348.76134393,19.16752619453385,59.312396867228735,1063.6865533200412,19.106714248657227,19.485853948840777,18.727574548473676,3.9686541102711645,0.3507886132161024,0.0,0.0,19.259809494018555,19.475131225585937,19.044487762451173,2.235969484892919,-0.11823570784458787,0.0,1.0,18.678571701049805,19.60714340209961,19.142857551574707,4.859923527223224,0.3392291907591627,0.2351568242158259,1.1845785793929895,0.06881828292101133,0.06909048538906153,-0.000272202468050195,19.200595060984295,19.06394232236422,19.170399786792665,19.101581503871653,1.0229637077690485,0.8876389243597826,0.1353247834092659,0.058522707159103696,23.47272821706446,-0.22457122802734375,19.272221350147884,17.065884926113288,2.206336424034596,19.27821445465088,19.127142906188965,19.202678680419922,18.764999389648438,,14.558470965225498,23.006331460002993,23.428193406670896,-16.570292577064357,18.907410144805908,18.816964149475098,72.0,0.0,72.0,,19.60714340209961,0.0,1.0,46.88552816822548,0.0,0.4317476607806267,0.6033714975067868,3.702503237964473,44.17613829796725,27.814964826263058,53.369335179863974,-72.18503517373695,0.20712816574994264,0.10540213856264657,0.36027531493694764,0.3620439476103826,-0.0017686326734349667,-7.771449525871827,-7.328222822879115,-0.4432267029927113,19.169115678043276,-1.293646737529408,-1.302087219301784,-3.852624310112407,2.6104027522087527,125052214.04734623
2014-04-07,18.85785675048828,18.96071434020996,18.63892936706543,18.695356369018555,16.4671573638916,289850400,-0.2982139587402344,0,-677138022.8148674,364364000,-0.03987845027537909,-17705749.028089747,-0.0352677950828134,-0.0022131760146793136,-73046227.49213809,19.149235979149346,51.97654818584254,1063.6865533200412,19.093410587310792,19.508934951939324,18.67788622268226,4.352542074433606,0.02102180741183674,0.0,0.0,19.213988049825033,19.442059644063313,18.985916455586754,2.37401619743754,-0.6369931501961479,0.0,1.0,18.63892936706543,19.60714340209961,19.12303638458252,5.070932878160808,0.05827947118235383,0.24710523786357924,1.5651272011846842,0.02582543091639522,0.06043747449452827,-0.03461204357813305,19.18502950668335,19.060137308560886,19.097316184058187,19.07149075314179,0.9257040167917422,1.0010776618074124,-0.07537364501567023,0.05333097586550207,23.511007727086778,-0.06233987808227681,15.585990911596037,17.74784317564755,-2.1618522640515128,19.12303638458252,19.12303638458252,19.12303638458252,18.750892639160156,,14.795898742864779,20.732452983366414,29.7621257535142,-138.8520491219863,18.900356769561768,18.816964149475098,68.0,100.0,-32.0,,19.59398624420166,0.0,0.0,39.85105032861731,0.0,0.1628881480672319,0.4268304151205609,-0.390548631263738,39.2973278532341,5.827947118235383,30.247914441245104,-94.17205288176461,0.14470700095681366,-0.9892237941808428,0.1354138029935641,0.31671791868701893,-0.18130411569345484,-5.062813647133171,-6.875140987729927,1.812327340596756,19.124288377956585,-1.5700784717889493,-1.5825347581759797,-5.362213557009365,2.459262673868068,82683225.80463237
2014-04-08,18.756786346435547,18.790000915527344,18.524999618530273,18.694286346435547,16.466217041015625,243888400,-0.0010700225830078125,0,-609427425.5427225,120475600,-0.034096318789874576,-15213637.180610305,-0.01546420618694282,-0.004501965300480722,-73060186.36462934,19.12477451451661,45.30753243614379,1063.6256735694321,19.070821380615236,19.52018184575135,18.621460915479123,4.712544427613076,0.08103230769796929,0.0,0.0,19.140095265706382,19.372666867574058,18.907523663838706,2.4302031796506056,-0.4584336945928656,0.0,1.0,18.524999618530273,19.60714340209961,19.06607151031494,5.674342819178695,0.15643644631668002,0.24889484377692836,1.8696139983848457,-0.008238092323665569,0.046702361130889505,-0.054940453454555074,19.156964143117268,19.054203253525955,19.0353115936547,19.043549685978366,0.850726703058736,1.0983349222100864,-0.24760821915135045,0.044399475491461934,23.6384014526442,0.18596496582031108,10.664031045323163,17.631834716037673,-6.96780367071451,18.96749973297119,19.06607151031494,19.016785621643066,18.735177993774414,,15.388381265680325,19.204967006518046,30.73686196722082,-149.76737907349994,18.854106903076172,18.816964149475098,64.0,100.0,-36.0,,19.55578396911621,0.0,0.0,39.827959964893296,0.0,0.0,0.19821193628261954,-3.619360105366007,41.227469995135664,15.643644631668003,16.428852192055498,-84.356355368332,0.04304944206686656,-1.769655359588653,-0.04325922666471797,0.24472248961667153,-0.2879817162813895,-4.444267686682655,-6.388966327520473,1.9446986408378182,19.034983620730195,-0.005723467164187035,-0.005723630960829951,-5.367630119641342,2.658617974402773,17390481.190398633
2014-04-09,18.665714263916016,18.94607162475586,18.643571853637695,18.940000534057617,16.68264389038086,206169600,0.2457141876220703,1,-411533364.636148,326645200,-0.022856319443837723,-5803289.615327807,0.02014832152772275,-0.002455770713225874,-70350331.8755316,19.120734603375663,51.21547500926166,1077.605769598341,19.059589290618895,19.510236084422196,18.608942496815594,4.728819566170913,0.36731431555077687,0.0,0.0,19.086750030517578,19.31335735321045,18.860142707824707,2.374498773552871,0.17620310165604022,0.0,0.0,18.524999618530273,19.60714340209961,19.06607151031494,5.677686790984345,0.38349886755206175,0.2542553365110519,1.964129137069315,-0.015231024711994223,0.034315683962312764,-0.04954670867430699,19.13056532541911,19.05293956169715,19.020648353716687,19.03587937842868,0.9072776762154952,1.012579227370409,-0.10530155115491391,0.03579088890497745,23.831426965622608,0.40433893203735494,7.954075296680281,16.96188040244149,-9.00780510576121,18.96749973297119,19.06607151031494,19.016785621643066,18.720535278320312,,15.186276540048999,21.894815719166655,28.184196328589405,-77.54623458720928,18.758481979370117,18.816964149475098,60.0,96.0,-36.0,,19.493936908081054,0.0,0.0,47.369354646612045,0.33256767492385236,0.11085589164128419,0.09124801323617203,-4.129057876990229,50.50995891390301,38.34988675520618,19.940492835036533,-61.65011324479382,-0.06140113157384519,-1.645060638254249,-0.08001219386404554,0.17977555292052813,-0.25978774678457367,-5.18011389929909,-6.147195841876197,0.9670819425771073,19.03004531162641,1.314381212893534,1.305818175385598,-4.1238000286179854,2.9586551328780466,-1558893.6541329026
2014-04-10,18.952856063842773,19.00857162475586,18.684642791748047,18.695714950561523,16.467472076416016,239652000,-0.24428558349609375,0,-634802352.4829613,86993200,-0.031032626362078878,-13337609.478281815,0.006999652228149683,-0.0019612152035848474,-73441331.18942991,19.115022196745244,42.14749757552824,1077.605769598341,19.046785736083983,19.52279351720341,18.570777954964555,4.998300371675153,0.1312341946418963,0.0,0.0,19.04485715230306,19.281071599324545,18.808642705281578,2.480611381145679,-0.2390365114073312,0.0,1.0,18.524999618530273,19.60714340209961,19.06607151031494,5.681503423011806,0.15775660741511047,0.26122268616072797,2.221665307363055,-0.04002341401636045,0.01944786436657812,-0.05947127838293857,19.06654755274455,19.040741773752067,18.970658599385125,19.010682013401485,0.9310178643258729,1.005519596943345,-0.07450173261747217,0.025190152031219635,24.05951393770002,0.2310710906982436,5.103522295095746,15.632831996506392,-10.529309701410646,18.96749973297119,19.06607151031494,19.016785621643066,18.656070709228516,,14.712497509657956,21.667529964837563,25.720831950708224,-84.18767286164807,18.706160068511963,18.816964149475098,56.00000000000001,92.0,-35.99999999999999,,19.435800670708005,0.0,0.0,41.76504439424905,0.08542341198023864,0.13933036230136375,0.08339541798088264,-6.375820674194009,40.88948690995864,15.775660741511047,23.256397376128422,-84.22433925848895,-0.1477478476131644,-3.946856273342177,-0.21053118445801233,0.10171420544482004,-0.31224538990283235,-4.571671834777746,-5.832091040456508,1.2604192056787618,19.004134391401017,-1.2897865713193735,-1.2981765381718358,-5.36039838094019,2.606807107881579,54301395.9579069
2014-04-11,18.53571319580078,18.672500610351562,18.46928596496582,18.5575008392334,16.345731735229492,271717600,-0.138214111328125,0,-670616345.4886022,-184724400,-0.010091566992481213,-16797266.21227169,-0.02062034502044489,-0.0045125762196819505,-75450091.30989178,19.0571978078476,32.30753344656917,1077.605769598341,19.037714290618897,19.542866865034018,18.532561716203777,5.306861598023263,0.024684743078363068,0.0,0.0,18.9847739537557,19.224559911092122,18.744987996419272,2.5260870413364978,-0.3909469079601389,0.0,1.0,18.46928596496582,19.60714340209961,19.038214683532715,5.976859510358785,0.07752717641832826,0.25774331610422546,2.546544329198327,-0.0700171704830943,0.001554857396643636,-0.07157202787973795,19.00651788711548,19.02543962918795,18.90709586705409,18.977113037537183,0.8002288661116654,1.161765974721854,-0.3615371086101886,0.012244097764788119,24.231404207825374,0.15728540420532156,1.5193111730669218,13.649391244296197,-12.130080071229276,18.939642906188965,19.038214683532715,18.98892879486084,18.656070709228516,,15.034495522058196,20.329930768871744,30.004431634963836,-147.198277225046,18.706160068511963,18.816964149475098,52.0,100.0,-48.0,,19.38115260757734,0.0,0.0,38.956725764199895,0.0,0.13933036230136375,0.12983887208133724,-9.124770156163823,38.776170872264814,7.7527176418328265,20.6260883795167,-92.24728235816717,-0.25057221019969234,-3.7367016158562616,-0.36895585932696223,0.007580192490463586,-0.37653605181742583,-2.9669639255305547,-5.259065617471316,2.2921016919407617,18.96171727731423,-0.7392822991450942,-0.7420285340581145,-6.060052203691335,2.5898510153248306,72548376.49512193
2014-04-14,18.639286041259766,18.648571014404297,18.471786499023438,18.63142967224121,16.410852432250977,205674000,0.0739288330078125,1,-504827381.8047664,20949600,0.04781108153614534,-12225479.781940188,-0.0009209541121454199,-0.00555053877196537,-74630733.20064126,18.99512713620915,30.44317495399244,1081.89870417391,19.028678607940673,19.5556411639018,18.501716051979546,5.53861428655614,0.1230766956725039,0.0,0.0,18.92235730489095,19.162392934163414,18.68232167561849,2.537058416188127,-0.10600926939790072,0.0,1.0,18.46928596496582,19.60714340209961,19.038214683532715,5.979697595286311,0.14249914091507213,0.24964743603188885,2.74623233804426,-0.08682117909335219,-0.01612034990135553,-0.07070082919199666,18.959553718566895,19.013406680180477,18.864685683236722,18.951506862330074,0.7540819293806109,1.2310701913552922,-0.47698826197468125,-0.0009816055019900385,24.36539895959384,0.1448920249938972,-1.9268400455686598,11.07025727916315,-12.99709732473181,18.939642906188965,19.038214683532715,18.98892879486084,18.656070709228516,,15.333493676429848,19.326765132436098,28.523884794978272,-130.1423432399871,18.706160068511963,18.816964149475098,48.0,96.0,-48.0,,19.30820327616842,0.0,0.0,41.23294207514454,0.11355300766366434,0.0663254732146344,0.11499539927245396,-10.642149121455288,42.08853354557167,14.249914091507213,12.592764158283707,-85.75008590849279,-0.2926184822531326,-2.9360251708416025,-0.45812282750944056,-0.08556041150951725,-0.3725624159999233,-3.8875840608087264,-4.984769306138799,1.0971852453300723,18.938006255795433,0.3983770964003819,0.39758567604097905,-5.685816967300372,2.767449215823733,-13630097.139124751
2014-04-15,18.581071853637695,18.6299991607666,18.26178550720215,18.498571395874023,16.293827056884766,266490000,-0.1328582763671875,0,-428575765.02154964,-245540400,0.027146561248681134,-15536897.251533275,-0.015791144608067048,-0.007066796742248959,-76531038.36733718,18.913409901293313,30.899415086969526,1081.89870417391,19.004678630828856,19.580079460965088,18.429277800692624,6.055359749181266,0.06021332569592694,0.0,0.0,18.83978583017985,19.098428408304848,18.58114325205485,2.7457061397234526,-0.15962541198634628,0.0,1.0,18.26178550720215,19.60714340209961,18.93446445465088,7.07908784479554,0.17600215494325552,0.26164710893260623,2.990615388614021,-0.1095956787791863,-0.03481541567692169,-0.07478026310226461,18.903303782145183,18.99560444171612,18.808360408257847,18.917956087037034,0.7000836218943446,1.2697569352856333,-0.5696733133912887,-0.015191470016533157,24.572459313903202,0.16460809707641744,-6.576271338630035,8.029635112726123,-14.605906451356159,18.818392753601074,18.93446445465088,18.876428604125977,18.656070709228516,0.0,16.283597611796402,17.39407430958021,31.352683410531434,-144.55383101080275,18.706160068511963,18.816964149475098,44.0,100.0,-56.0,,19.241089891272214,0.0,0.0,38.45759513924784,0.0,0.037851002554554855,0.08116894602351767,-12.76204324240466,48.98658464535197,20.622098190184303,14.208243307841459,-79.3779018098157,-0.33093270133523234,-3.5204670532315783,-0.5793209280905535,-0.1843125148257245,-0.39500841326482894,-2.5276947659195566,-4.49335439809495,1.9656596321753934,18.87004018011651,-0.7130868575541016,-0.7156414735510541,-6.358359011316073,2.6271623781583138,78571872.59380329
2014-04-16,18.501785278320312,18.6103572845459,18.36214256286621,18.53607177734375,16.326854705810547,214765600,0.03750038146972656,1,-342359925.62891424,-30774800,0.062255093292949905,-12166798.797517851,0.004664316771601104,-0.005262340247014892,-76095664.64283592,18.863769038909563,37.791121233026836,1084.0919337617456,18.982803630828858,19.593456561863633,18.372150699794084,6.4337485959455325,0.13421787501445048,0.0,0.0,18.754012044270834,19.025976117451986,18.48204797108968,2.900329513910435,0.09932158616054426,0.0,0.0,18.26178550720215,19.60714340209961,18.93446445465088,7.087245493666405,0.20387606240829087,0.2603038702073143,3.186229206683853,-0.12319851073740651,-0.052492034689018655,-0.07070647604838785,18.85053586959839,18.972142953139084,18.766469849655678,18.889668360393085,0.7702910399592079,1.1955505792737864,-0.4252595393145785,-0.029040701916673163,24.75796265517545,0.3618390083312981,-10.338391227427868,4.584183273364831,-14.922574500792699,18.773749351501465,18.93446445465088,18.854106903076172,18.758749961853027,0.0,17.165836980351063,16.221041107588658,29.238300204072043,-115.83757764081076,18.797142505645752,18.816964149475098,40.0,96.0,-56.0,,19.143159452865206,0.0,0.0,39.69150435261414,0.060060207055465054,0.0578710715730432,0.05401584911407748,-14.116444439444539,54.77574779455933,23.888072160067775,19.586694813919777,-76.11192783993222,-0.3876050444210257,-3.303278622462955,-0.6522004959903003,-0.2778901110586397,-0.3743103849316606,-3.164835167001559,-4.227650551876272,1.0628153848747135,18.819225397009117,0.20272041914592975,0.2025152185797463,-6.168528284208685,2.7482019871148236,-1123582.9998373985
2014-04-17,18.571428298950195,18.84857177734375,18.542856216430664,18.74785614013672,16.513402938842773,284334400,0.21178436279296875,1,-245369082.43281734,253559600,0.10167283793431163,-1826173.2944265734,0.02252151924765898,-0.003288275624298468,-72846994.67395265,18.831460037484092,45.67016869531622,1084.0919337617456,18.9760892868042,19.593932491433023,18.358246082175377,6.511807520409017,0.3152984891979227,0.0,0.0,18.698023859659834,18.983202425638837,18.412845293680828,3.0503604885676125,0.5873703118356997,0.0,0.0,18.26178550720215,19.60714340209961,18.93446445465088,7.089753186569429,0.3612946672243055,0.26552348318658286,3.2780496989918286,-0.11555754944782848,-0.06510513764078063,-0.05045241180704785,18.800803661346436,18.956112714914177,18.763606202037376,18.879163751485205,0.8371581862699188,1.0931959700833545,-0.25603778381343567,-0.039828242976667594,24.844702721485852,0.40069599151611257,-12.595335681606207,1.043343603169931,-13.638679284776138,18.635178565979004,18.93446445465088,18.78482151031494,18.820534706115723,0.0,16.7635671921669,21.24821838441518,26.78884168953102,-60.54237531347973,18.88223123550415,18.816964149475098,36.0,92.0,-56.0,,19.0550220582989,0.0,0.0,46.24631128685998,0.37911371392196674,0.14639130699247735,0.08070446037335847,-13.300299581436544,55.688171896494325,42.33274362743877,28.947637992563624,-57.66725637256123,-0.41362925697775665,-3.085022091932254,-0.612090402779295,-0.3447301694027708,-0.26736023337652426,-1.3107080747175681,-3.6442620564445316,2.3335539817269635,18.814872409407005,1.1425525609575438,1.1360747242818547,-5.096454401135764,2.963962625586934,91403103.6780914
2014-04-21,18.762142181396484,19.0049991607666,18.71285629272461,18.97035789489746,16.709383010864258,182548800,0.2225017547607422,1,-106112261.84874895,436108400,0.07503755965065484,4237198.366129762,0.026119989364303382,-0.0018904572265999,-70680484.1126458,18.8154134266859,45.85793761932236,1096.958063935827,18.973053646087646,19.590382847937075,18.355724444238216,6.507431153305427,0.4978166015943286,0.0,0.0,18.680012003580728,18.96076208750407,18.399261919657388,3.0058876179471854,1.0170895895368857,1.0,0.0,18.26178550720215,19.60714340209961,18.93446445465088,7.090887529192654,0.5266794734566282,0.2681854216721238,3.300935930062538,-0.0905047184343637,-0.07018505379949724,-0.020319664634866452,18.766934712727863,18.956827016977165,18.79541415478508,18.885918873219445,0.8722477937538692,1.0658659337983698,-0.19361814004450062,-0.04574134313992278,24.91176251488872,0.2694466590881355,-12.83786517607162,-2.1148626287931425,-10.723002547278478,18.635178565979004,18.93446445465088,18.78482151031494,18.882856369018555,2.7710722979182516,15.705416780497488,23.760325769785794,24.705141357721956,-16.980557036520718,18.927767276763916,18.816964149475098,32.0,88.0,-56.0,18.26178550720215,,1.0,0.0,52.13264732621801,0.6656295754555658,0.3682678321443326,0.19084340356995103,-10.695442419548447,56.18140023007461,61.71081155159096,42.64387577969918,-38.28918844840904,-0.3574088994194504,-2.0974964504436255,-0.4792179773826145,-0.3716277309987396,-0.10759024638387493,-3.2336139195306917,-3.5621324290617635,0.32851850953107187,18.815705969745775,1.1868117244850929,1.1798243445011902,-3.9701279950163815,3.077985298717781,-43951518.070310116
2014-04-22,18.868213653564453,18.993928909301758,18.803571701049805,18.989286422729492,16.726051330566406,202563200,0.01892852783203125,1,86570598.502747,638671600,0.07933844868122816,4179630.4808176975,0.003742296160093594,-0.0018430271799273407,-70478367.56902611,18.793056322311646,45.82382993965793,1096.958063935827,18.959678649902344,19.563277550599143,18.356079749205545,6.3671849279988475,0.5245260327619625,0.0,0.0,18.6964049021403,18.964012209574385,18.428797594706218,2.862660589934578,1.0472225766131833,1.0,0.0,18.26178550720215,19.60714340209961,18.93446445465088,7.095889754990075,0.5407489845538771,0.2604026003301067,3.339911683473729,-0.06833507119294424,-0.06981505727818665,0.001479986085242413,18.74583355585734,18.96645611983079,18.825240657545763,18.893575728738707,0.8892438704073297,1.0792917489633207,-0.19004787855599103,-0.04784987722061801,24.984365926944065,0.03389167785644531,-12.05392795479875,-4.639080295473355,-7.414847659325395,18.635178565979004,18.93446445465088,18.78482151031494,18.91071319580078,14.688533982354212,14.722848541090178,22.53058783661635,23.426503608127756,-6.303432731500404,18.943392276763916,18.816964149475098,28.000000000000004,84.0,-56.0,18.276649780273438,,0.0,0.0,52.6081018283748,0.6887721985397104,0.5778384959724144,0.36416587836974146,-8.475253967744106,64.22491490829643,63.35933022699524,55.80096180200834,-36.64066977300476,-0.28860215579762283,-1.3159094630658805,-0.3616841627760323,-0.36963901735419813,0.007954854578165804,-4.0707419545356585,-3.663854334156543,-0.4068876203791154,18.822505092465647,0.09977949776647232,0.09972975111414151,-3.8743098710240176,2.9523607678524115,25772800.6665743
2014-04-23,18.895000457763672,18.968929290771484,18.730356216430664,18.741071701049805,16.507423400878906,394940000,-0.2482147216796875,0,-272892024.11779493,243731600,-0.04396066181417157,-10421734.185038514,-0.002966460614910682,-0.0024695494523743608,-75640748.08179973,18.76563324732472,37.618412695921144,1096.958063935827,18.92353582382202,19.48728283331025,18.359788814333793,5.958157235906743,0.33816843397727425,0.0,0.0,18.71077391306559,18.97573839823405,18.445809427897135,2.8322129955665245,0.5571732999706538,0.0,0.0,18.26178550720215,19.60714340209961,18.93446445465088,7.109442481694399,0.35625181646121457,0.2602553609269788,3.4096511086443804,-0.06998754677947261,-0.06984955517844385,-0.00013799160102875851,18.724792003631592,18.96372259580172,18.812291587315613,18.882279134095086,0.8364699846381302,1.0925270250970256,-0.25605704045889544,-0.04977583917699245,25.02965580469265,-0.2281794548034668,-12.71627462781258,-6.935785842639228,-5.780488785173351,18.635178565979004,18.93446445465088,18.78482151031494,18.973570823669434,40.329149848884356,14.12260240436727,20.94279820772904,23.76827066886251,-29.09148042176928,19.012946128845215,18.816964149475098,24.0,80.0,-56.0,18.291216767883302,,0.0,0.0,46.1365288505394,0.48417737143795575,0.6128597151444107,0.5196553477537192,-8.488039848182929,60.021309179695315,43.05425387007513,56.04146521622045,-56.94574612992487,-0.20349285462323152,-1.3293900112079602,-0.37065200806770454,-0.3698416154968994,-0.0008103925708051185,1.6994499160589946,-2.5911934841134356,4.2906434001724305,18.821951975886236,-1.3071303268277767,-1.3157484577999146,-5.130797918572361,2.656630656168627,216677717.83378455
2014-04-24,20.293214797973633,20.35714340209961,20.026071548461914,20.27750015258789,17.86073112487793,759911600,1.536428451538086,1,121408132.31998193,1003643200,0.08361721179558838,157859913.96908545,0.058465583091887,0.002197498063180118,-13341759.981325887,19.01899351956103,51.63293970677596,1096.958063935827,18.973517990112306,19.77934243067301,18.1676935495516,8.494201665507113,1.3090981712891785,1.0,0.0,18.848476282755534,19.116297976175947,18.580654589335126,2.8418391959401035,3.1678643010242604,1.0,0.0,18.26178550720215,20.35714340209961,19.30946445465088,11.043591894710394,0.9619906223630517,0.3958369949392614,3.3960679206593682,0.05207945049656715,-0.045463754043441655,0.09754320454000881,18.856637318929035,19.013681411743164,19.037708289665193,18.985628839168626,0.9012594077626045,0.9549639024750161,-0.053704494712411566,-0.03559117692220123,25.10180236495652,-0.27923164367675923,-7.6710506804866085,-8.355182839926156,0.6841321594395477,19.30946445465088,19.30946445465088,19.30946445465088,19.30946445465088,70.16457492444218,16.280756521607984,41.821876452892084,16.128539559826542,272.11552351396926,19.012946128845215,18.816964149475098,100.0,76.0,24.0,18.305492415740968,,0.0,0.0,70.40508091717373,1.0,0.7243165233258888,0.638338244814238,3.1643925032321114,72.72581827699491,96.19906223630517,67.53754877779186,-3.8009377636948365,0.1017645667580993,8.462763438899845,0.27430985266668517,-0.2410113218641825,0.5153211745308677,15.370595110224203,1.0011642347540919,14.369430875470112,18.995861641813967,8.198188855187084,7.87944414227062,2.6467584334721517,4.310637789597525,477332478.4980122
2014-04-25,20.161785125732422,20.428213119506836,20.141429901123047,20.426429748535156,17.991912841796875,390275200,0.14892959594726562,1,506829453.7243728,1393918400,0.16422653234950604,143611858.808393,0.006849582285946255,0.004177168218002748,-10475354.98037112,19.13860012689095,59.87301484972449,1105.0147533701117,19.03508949279785,20.058108806242814,18.01207017935289,10.748773351783122,1.1800166123218347,1.0,0.0,19.002047729492187,19.266154861450197,18.73794059753418,2.7797754822823637,3.1965989302959033,1.0,0.0,18.26178550720215,20.428213119506836,19.344999313354492,11.381231557247897,0.999176814881074,0.38493161728371417,3.3340891941177615,0.15900291242092024,-0.004570420750569279,0.16357333317148953,19.000982602437336,19.069560564481296,19.251357744875957,19.092354832455037,0.9706708270609159,0.9238393730491306,0.046831454011785345,-0.00959893443387192,25.20462107666036,-0.09508895874023438,-1.0358780207141123,-8.639092750346272,7.6032147296321595,19.344999313354492,19.344999313354492,19.344999313354492,19.344999313354492,85.08228746222109,18.386524973317854,40.835727205893775,15.195149324395699,233.32389588195534,19.012946128845215,18.816964149475098,100.0,72.0,28.0,18.387558455195315,,0.0,0.0,71.73449311789778,1.0,0.8280591238126519,0.7217451207609837,11.775958020029186,76.5108255013929,99.91768148810739,79.72366586482924,-0.08231851189260384,0.37866171668557413,9.265629989827765,0.832809330311794,-0.02624719142898721,0.8590565217407813,15.434450994975995,3.8878215867984727,11.546629408177523,19.27387869720844,0.7344573780129426,0.7317733737119969,3.4006551240779004,3.6323238650226948,-115524805.82408822
2014-04-28,20.457143783569336,21.27678680419922,20.448213577270508,21.217500686645508,18.688695907592773,669485600,0.7910709381103516,1,1080508912.0530062,2063404000,0.2458149308772753,198754536.3562471,0.07149505357000273,0.011803085978918187,15452357.701839162,19.43460935922216,69.9687495927374,1105.0147533701117,19.1372859954834,20.534977067790997,17.7395949231758,14.6069936211171,1.244161114132202,1.0,0.0,19.243488184611003,19.570131174723308,18.9168451944987,3.3948417976894727,3.521666715327046,1.0,0.0,18.26178550720215,21.27678680419922,19.769286155700684,15.754591835585478,0.9803362878773022,0.4314741611217491,3.1626603881993622,0.30406823050241627,0.057157309500027835,0.24691092100238843,19.19077428181966,19.159382013174202,19.553841274378968,19.24977304387655,1.083046851995554,0.7341867803855018,0.3488600716100523,0.03135208987648969,25.573402760009454,-0.4415710449218757,10.240376601437964,-7.287179789567757,17.52755639100572,19.769286155700684,19.769286155700684,19.769286155700684,19.769286155700684,92.54114373111054,21.301226542642983,50.03117773547524,12.82508224932912,255.799618943803,19.012946128845215,18.816964149475098,100.0,68.0,32.0,18.509997735054007,,0.0,0.0,77.51276173173642,1.0,1.0,0.8507918823795135,21.63940238905699,80.49382999602135,98.03362878773022,98.05012417071426,-1.9663712122697818,0.7233730596654553,12.024815672483879,1.5795938466876724,0.29492101619434474,1.2846728304933277,21.16990815603299,7.344238900645376,13.825669255387613,19.825132664160517,3.8727812341610157,3.799670699945157,7.405136291722747,4.156204373543623,311531963.08560205
2014-04-29,21.204999923706055,21.28499984741211,21.05392837524414,21.15464210510254,18.633329391479492,337377600,-0.06285858154296875,0,1037226953.9587743,1726026400,0.2504850899499131,167331448.67958736,0.021024100305988436,0.014409393585556133,14452848.961692458,19.601100360541384,75.84733098391605,1101.741056764337,19.236553764343263,20.888178509586297,17.58492901910023,17.171732166542984,1.0806671116679816,1.0,0.0,19.501547622680665,19.83361930847168,19.169475936889647,3.405593158204638,2.9890626830831715,1.0,0.0,18.26178550720215,21.28499984741211,19.77339267730713,15.715987266980061,0.9568810783358096,0.41143389222637106,2.9819216351613504,0.40924386944029933,0.12757462148808213,0.2816692479522172,19.395684878031414,19.241057836092434,19.80011832525952,19.39087445581922,1.2101130779697225,0.7011310480678655,0.5089820299018569,0.07982267822154719,25.80482169717674,-0.6790529251098647,22.07769335088154,-4.103405935177582,26.181099286059123,19.82357120513916,19.77339267730713,19.798481941223145,19.77339267730713,96.27057186555527,24.015239071374403,48.00238304363395,12.265245251073367,212.1198552288385,19.012946128845215,18.816964149475098,100.0,64.0,36.0,18.731340860585625,,0.0,0.0,76.18011088546166,0.9658777323835288,0.9886259107945096,0.9388950115357205,27.894086693127377,79.71259185569623,95.68810783358096,97.87980603647287,-4.311892166419038,1.1175578117370613,13.152356895916206,2.1104972360722227,0.6580362601699203,1.4524609759023024,18.203182775258767,9.516027675568054,8.687155099690713,20.17084845176419,-0.2962581807881448,-0.29669789400892377,7.086939788871849,3.550134142543488,-156873725.74275374
2014-04-30,21.165714263916016,21.408214569091797,21.064285278320312,21.074642181396484,18.5628662109375,456640800,-0.07999992370605469,0,608088228.5603116,1269385600,0.14194521877991678,138208208.98806465,0.005030123695635339,0.013329522311835604,12725983.105036804,19.781219782392114,77.29654140993517,1101.741056764337,19.323053741455077,21.15916715836236,17.486940324547792,19.004381413773583,0.9769826372958351,0.0,0.0,19.773440488179524,20.103083737691243,19.443797238667806,3.3342022568988745,2.4736513566474576,1.0,0.0,18.26178550720215,21.408214569091797,19.835000038146973,16.28329095384855,0.8939838206633589,0.40468343208088237,2.8994286367969893,0.4806009274641987,0.19817988268330544,0.28242104478089325,19.605446656545002,19.310975368206318,19.99619891851136,19.515597991047162,1.1896979791006213,0.7090299210070494,0.4806680580935718,0.13018888930468644,25.98774883061042,-0.6916240692138658,33.762544769917056,0.7966980645274092,32.965846705389644,19.97553539276123,19.835000038146973,19.9052677154541,19.835000038146973,98.13528593277763,26.651488801380452,47.20609495586673,11.463172466624284,168.9671367761786,19.020446300506592,18.816964149475098,100.0,60.0,40.0,18.986706759268273,,0.0,0.0,74.42631374504788,0.9209720952187117,0.9622832758674136,0.9836363955539743,31.818861915967133,73.50766728941298,89.39838206633588,94.37337289588235,-10.601617933664114,1.5319170503055375,13.564010391105377,2.4626502743327454,1.0189590630024854,1.44369121133026,18.11126066035353,11.23507427252515,6.87618638782838,20.42130848955913,-0.37816722830190663,-0.3788840884221045,6.681972076798948,3.3414303147512108,115167385.61670303
2014-05-01,21.14285659790039,21.242856979370117,20.941429138183594,21.124286651611328,18.60659408569336,244048000,0.04964447021484375,1,660137697.6019795,1513433600,0.1366762501442358,120194983.94219716,-0.017798884316104394,0.011558198272960313,13300874.653026514,19.89566451932235,76.78269400639823,1104.3363725284778,19.41042881011963,21.407698309452556,17.413159310786703,20.579344422227802,0.9290502213307005,0.0,0.0,20.033440526326498,20.3684050877889,19.698475964864095,3.3440542678849083,2.1283007977356863,1.0,0.0,18.26178550720215,21.408214569091797,19.835000038146973,16.20999253890392,0.9097618564106605,0.3943578729914465,2.7032908903168877,0.5349907633979036,0.2655420588262251,0.2694487045716785,19.81318473815918,19.374835307781513,20.169750877449818,19.634760114051915,1.1617104821463677,0.7478247175743828,0.4138857645719849,0.17980589648962816,26.018200656016145,-0.9118574142456062,44.420364967467016,7.131775914424433,37.288589053042585,20.060535430908203,19.835000038146973,19.947767734527588,19.835000038146973,99.06764296638882,28.626833655832804,44.461843568404156,13.166184241355314,132.17572398425065,19.067321300506592,18.816964149475098,96.0,56.00000000000001,39.99999999999999,19.277287696447097,,0.0,0.0,74.81380886987624,0.9308938330740788,0.9392478868921065,0.9633856911846767,34.91259478670716,73.02950986860938,90.97618564106605,92.0208918469943,-9.023814358933945,1.6530220480526197,13.37984804829122,2.7247125011475406,1.3601097506314965,1.364602750516044,13.443466819263172,11.676752781872754,1.7667140373904182,20.616492543491216,0.23556494951391116,0.2352879302416344,6.933277410462102,3.350938830135412,-137684923.6862144
2014-05-02,21.155000686645508,21.2214298248291,21.061071395874023,21.163570404052734,18.641199111938477,191514400,0.03928375244140625,1,713450291.4788023,1704948000,0.1579878822287374,104099043.99024963,0.0041118630350253,0.013324784562636754,13657024.160114858,20.020889081117264,81.7913666493809,1106.3900502401054,19.506482315063476,21.642188625125495,17.370776005001456,21.897400828777464,0.8879484930072473,0.0,0.0,20.277000109354656,20.597428957621258,19.956571261088055,3.1605153280911007,1.8834121045812307,1.0,0.0,18.26178550720215,21.408214569091797,19.835000038146973,16.13017155563658,0.9222470425275895,0.3709579285878096,2.400688466414229,0.5746408685162372,0.32736182076422754,0.24727904775200965,20.03526798884074,19.44736275306115,20.32264618923488,19.748005320718644,1.222827609162462,0.6931848472178811,0.5296427619445808,0.2267103061435495,25.968801779666002,-0.9704105377197259,55.7140054664317,14.748650430258136,40.96535503617356,20.06928539276123,19.835000038146973,19.9521427154541,19.835000038146973,99.5338214831944,30.46108244925285,43.0287400595818,12.741809017123803,113.9475663046492,19.076786041259766,18.816964149475098,92.0,52.0,40.0,19.53299892116446,,0.0,0.0,75.13487195792183,0.93911459145403,0.9303268399156069,0.9439526675583757,37.41775559962533,75.76596346400562,92.22470425275894,90.8664239867203,-7.775295747241056,1.75602004668292,14.406512541682654,2.9098679040427036,1.670061381313738,1.2398065227289656,8.319979028737395,11.005398031245683,-2.6854190025082882,20.764075598207626,0.18596487109499016,0.18579217050369579,7.132135741956125,3.3162599217769575,-77966783.53322053
2014-05-05,21.07642936706543,21.46428680419922,21.071428298950195,21.46285629272461,18.904813766479492,287067200,0.299285888671875,1,998426902.0268892,1992015200,0.23464091510786006,101501346.57172067,0.01732647048603098,0.01462817203393507,17716602.030023556,20.158573121829853,82.21723757315152,1106.3900502401054,19.629946613311766,21.913174985117948,17.346718241505585,23.262705872647082,0.90138553419492,0.0,0.0,20.5206787109375,20.851179122924805,20.190178298950194,3.221145037577622,1.9253803438878911,1.0,0.0,18.26178550720215,21.46428680419922,19.863036155700684,16.314365800798157,0.9995533143184202,0.373147986253931,2.169424135300983,0.6230318095882872,0.38649581852903947,0.23653599105924772,20.27916669845581,19.534588006826546,20.498063128233298,19.87503131864501,1.2159457452807783,0.6589399453530371,0.5570057999277411,0.27226167659912315,26.027734212982853,-0.8820904731750474,68.12260909018785,23.657154546367757,44.465454543820094,20.09732151031494,19.863036155700684,19.980178833007812,19.863036155700684,99.7669107415972,32.445462220037776,44.50132948303857,11.74317855867429,108.33300903066542,19.096428871154785,18.816964149475098,100.0,48.0,52.0,19.75802479891574,,0.0,0.0,77.48924807626872,0.9993979373916634,0.9564687873065908,0.9420145047047681,40.318051088885646,72.36461182185154,99.95533143184201,94.38540710855568,-0.04466856815798141,1.7660936075098377,15.789669734437512,3.134746303538216,1.9629983657586336,1.1717479377795825,6.323563562589017,10.06903113751435,-3.7454675749253337,20.955097984456835,1.4141559432455875,1.4042500388099732,8.647151206676917,3.552405008481479,69906905.18465996
2014-05-06,21.492856979370117,21.586071014404297,21.22892951965332,21.22892951965332,18.69876480102539,374564400,-0.23392677307128906,0,623862502.0268892,1617450800,0.20253359064820076,74483919.71870579,0.013314721881834773,0.016707162497499487,13634170.493216181,20.338379622239035,87.60430932497934,1106.3900502401054,19.756625270843507,22.098760909685417,17.414489632001597,23.70987561624094,0.814308066619448,0.0,0.0,20.762583478291827,21.109762318929036,20.41540463765462,3.344274001356313,1.1716222113443988,1.0,0.0,18.26178550720215,21.586071014404297,19.923928260803223,16.826180896937252,0.8925659381610814,0.3715473371036355,1.8231799664948587,0.6351840372534312,0.43623346227391785,0.19895057497951335,20.485922813415527,19.613640271700344,20.610504111528687,19.975320074275256,1.2795581145856663,0.6344301569132664,0.6451279576723998,0.31186548958647897,26.13204070126799,-0.7862673759460463,79.6414337497365,33.91912214387321,45.7223116058633,20.806071281433105,19.923928260803223,20.364999771118164,19.923928260803223,99.8834553707986,34.42068526473631,43.76009274938811,10.906340175713904,95.93621385727947,19.096428871154785,18.816964149475098,100.0,44.0,56.0,19.996901479655428,,0.0,0.0,71.76917629670896,0.848138696779606,0.9288837418750999,0.9385597896990993,40.90459307205627,63.92484021554479,88.92216436811462,93.7007333509052,-11.077835631885376,1.7393048174240988,13.233904511380084,3.1798441020799357,2.206367513022894,0.9734765890570416,6.761544741082351,9.40753385822795,-2.645989117145599,21.010789330310477,-1.089914454445584,-1.095897535394963,7.462990201331987,3.1178915963745837,122084222.10514957
2014-05-07,21.258928298950195,21.331785202026367,20.9903564453125,21.15464210510254,18.633329391479492,282864400,-0.07428741455078125,0,613210466.5176634,1334586400,0.18918655953324112,60841464.76682525,-0.029745029230925406,0.014249352068747593,12644329.487573197,20.462202117973998,82.0625157835621,1102.5184063005956,19.879643058776857,22.244012586125155,17.51527353142856,23.78684084374875,0.7696277023489697,0.0,0.0,20.997131029764812,21.354595438639326,20.639666620890303,3.404888109406776,0.7203171440670888,0.0,0.0,18.26178550720215,21.586071014404297,19.923928260803223,16.722058325561722,0.8702190565861277,0.36853547906465867,1.458303656857564,0.6315403872576439,0.47529484727066307,0.15624553998698087,20.667946497599285,19.69000009390024,20.69421764900159,20.062677261743946,1.2180641209677756,0.6797046246316886,0.538359496336087,0.34428555725567506,26.249217659737024,-0.8903566360473647,92.44536328991578,45.043168140584584,47.40219514933119,20.863750457763672,19.923928260803223,20.393839359283447,19.923928260803223,99.9417276853993,35.27435783260271,40.76899631648953,14.93696947632639,76.10216482420395,19.106518268585205,18.816964149475098,96.0,40.0,56.0,20.25116860521525,,0.0,0.0,70.00195793058364,0.7606212374317948,0.8693859572010214,0.9182461621275708,40.834593829273416,54.919249507985946,85.82325146456863,91.56691575484176,-14.176748535431374,1.6613593381993894,11.514196106930562,3.1478370459653564,2.3946614196113867,0.7531756263539697,4.847622428067315,8.495551572195822,-3.647929144128507,21.047161150044722,-0.3499348117483092,-0.350548515738236,7.086939788871849,3.105992381350841,-18702672.811882496
2014-05-08,21.008928298950195,21.22892951965332,20.94285774230957,20.999643325805664,18.600122451782227,230297200,-0.154998779296875,0,474341795.4060781,1104289200,0.136567251436043,47050429.103637606,-0.009338399740841996,0.01197364356956895,10956955.87481524,20.58896716044269,77.27362755390519,1094.4403208250815,19.982625198364257,22.353725466664603,17.61152493006391,23.731619291888034,0.7144612231372288,0.0,0.0,21.08082154591878,21.433785947163898,20.727857144673663,3.348677853719137,0.3850050885772725,0.0,0.0,18.26178550720215,21.586071014404297,19.923928260803223,16.63587979158148,0.8235928630894902,0.3602891088925678,1.3064625442977755,0.6091240592856089,0.5020606896736522,0.10706336961195662,20.835476239522297,19.753653966463528,20.741206214663755,20.132082155378146,1.1815659941103578,0.7371413833719445,0.44442461073841333,0.3681501883695431,26.392405462221088,-1.2415534973144524,98.58093722695808,56.11170316810372,42.46923405885436,21.017142295837402,19.923928260803223,20.470535278320312,19.923928260803223,99.97086384269964,35.87832596400478,38.40062354991186,15.033798141631946,63.79167906036357,19.106518268585205,18.764999389648438,92.0,36.0,56.0,20.464752990685497,,0.0,0.0,66.33190408449454,0.6436520059760812,0.750803980062494,0.8496912263795385,39.67189235880876,52.29958976677009,79.58984115688347,84.77841899652225,-20.410158843116534,1.596669326109044,10.586795408330072,3.025638652695869,2.5208568662282835,0.5047817864675856,1.9634866655345518,7.1891385908635685,-5.225651925329017,21.043183564741913,-0.7326939332123694,-0.7353913190089933,6.302320277775997,2.9918617379559294,-27152622.52022904
2014-05-09,20.876428604125977,20.9375,20.726070404052734,20.91214370727539,18.522613525390625,291597600,-0.08749961853027344,0,695998060.3695422,812691600,0.2035274552843076,36683985.122497484,-0.018424720388908078,0.008791878587196702,9741950.535510773,20.664781931040338,72.08353711505876,1094.4403208250815,20.09344663619995,22.420368261975046,17.766525010424854,23.161000378929128,0.6759184886174955,0.0,0.0,21.13347625732422,21.478905296325685,20.788047218322752,3.2690224248530915,0.17962660190840438,0.0,0.0,18.26178550720215,21.586071014404297,19.923928260803223,16.544127881043476,0.7972715322830046,0.351617490178604,1.3648679884170458,0.5776397978944416,0.5171765113178102,0.06046328657663147,21.016398906707764,19.812706213731033,20.767504290450162,20.18986449255572,1.1077430709027296,0.8017948705494544,0.3059482003532752,0.383589026264124,26.469360951377848,0.18405351638794087,103.28072806446369,66.44951999732879,36.831208067134895,21.156070709228516,19.923928260803223,20.53999948501587,19.923928260803223,99.98543192134983,35.60250369790037,36.23289050412219,18.65843635164103,47.60808231505732,19.106518268585205,18.764999389648438,88.0,32.0,56.0,20.644163874480505,,0.0,0.0,64.28300309832825,0.5783509548931087,0.6608747327669949,0.7603548900101701,38.115793339248,57.702119536952864,76.40074885604425,80.60461382583212,-23.59925114395575,1.4788413945366372,11.584566991993157,2.8610385082446954,2.588893194631566,0.2721453136131293,1.1838475112802314,5.988080374946901,-4.80423286366667,21.036801953816422,-0.41667192710244105,-0.41754242349414383,5.859388351319983,2.99410917353325,70434839.4571858
2014-05-12,20.981786727905273,21.2021427154541,20.97857093811035,21.172500610351562,18.753225326538086,213208800,0.2603569030761719,1,852670586.127118,1025900400,0.2350690203649819,39373470.51593883,0.02711394544565171,0.010461282107593712,12396407.374255354,20.752255054637228,72.25896517620448,1108.0661401824998,20.22419662475586,22.484114236540183,17.964279012971534,22.348651506067974,0.7098094153191203,0.0,0.0,21.147166697184243,21.432095591227213,20.862237803141277,2.6947240556902297,0.544456553366429,0.0,0.0,18.26178550720215,21.586071014404297,19.923928260803223,16.437169638338002,0.8755911899995582,0.34545564197861467,1.3068777118737729,0.567159063455648,0.5271730217453778,0.039986041710270204,21.09098227818807,19.886936994699333,20.82981141658884,20.26265235313319,1.1218703092451296,0.7616865669835815,0.36018374226154815,0.3945531500598443,26.38293909216124,0.20223312377929759,105.57880891101341,75.72742172623234,29.851387184781075,21.156070709228516,19.923928260803223,20.53999948501587,19.923928260803223,99.9927159606749,35.816285599212506,39.56409779986531,17.52882654877862,58.758783268685434,19.18125009536743,18.764999389648438,84.0,28.000000000000004,56.0,20.726070404052734,,0.0,0.0,67.49985742326706,0.680876147675783,0.6342930361816578,0.6819905830037155,37.69615844263254,60.02845172259102,85.51779735335626,80.50279578876133,-14.48220264664374,1.3879315937266625,4.413761316872428,2.799036639287496,2.630921883562752,0.16811475572474377,-1.5057161525325073,4.4893210694510195,-5.995037221983527,21.037775591461905,1.2450034139043886,1.23731697823799,7.177341350232247,3.327312500811935,-29380251.05150926
2014-05-13,21.14285659790039,21.233570098876953,21.0964298248291,21.205713272094727,18.78264617919922,159737200,0.03321266174316406,1,947514062.6462207,1185637600,0.22572102536106678,34506588.66957617,0.006408388277370843,0.011130914171328107,12646982.291646373,20.922817373258596,78.42563100880322,1109.8043300439724,20.352910804748536,22.52690526755756,18.178916341939512,21.36298324760318,0.6961372215834172,0.0,0.0,21.14857145945231,21.424107233683266,20.873035685221353,2.6057152348018873,0.6036921844393975,0.0,0.0,18.26178550720215,21.586071014404297,19.923928260803223,16.333219061848194,0.8855821073474238,0.32462410518553836,1.151273155912518,0.555133753781341,0.5327651681525705,0.022368585628770532,21.155922571818035,19.97201941563533,20.887642471282053,20.332508717500712,1.160429599500493,0.7505939122410765,0.40983568725941644,0.4015506614443224,26.158658857897024,0.864589881896972,107.78386820102679,83.95201321857786,23.83185498244893,21.156070709228516,19.923928260803223,20.53999948501587,19.923928260803223,99.99635798033745,36.068413825941846,39.066157904198285,17.004536997827476,58.43574709557881,19.202678680419922,18.764999389648438,80.0,24.0,56.0,20.726070404052734,,0.0,0.0,67.89706765823881,0.27317690821540913,0.5108013369281004,0.6019897019589177,37.465966201309065,61.47147596421507,75.61808509467666,79.17887710135905,-24.381914905323338,1.2869630364810725,3.815074553669641,2.730276728240245,2.6507928524982507,0.07948387574199423,-5.212276213179426,2.549001612924931,-7.761277826104357,21.03907452585006,0.15686697737973265,0.15674406965442422,7.345467206044298,3.240073259429579,-42716623.14357251
2014-05-14,21.158214569091797,21.33571434020996,21.13357162475586,21.20964241027832,18.786123275756836,166404000,0.00392913818359375,1,906353091.7174693,1352041600,0.21075119783140756,29670479.475394253,0.008460030589739745,0.007559088992603301,12677814.75183827,21.058880009255112,75.60307385310557,1109.8043300439724,20.48846435546875,22.516230551062947,18.460698159874553,19.794223328923607,0.6778257415417273,0.0,0.0,21.152964337666827,21.414321454366046,20.891607220967607,2.471115750276419,0.6084303219428322,0.0,0.0,18.36214256286621,21.586071014404297,19.974106788635254,15.73533475034482,0.8832391568905977,0.3123759662123947,1.193670585295577,0.5396993398029366,0.5341520024826437,0.005547337320292889,21.1552677154541,20.06872272491455,20.937180923435324,20.397481583632388,1.2172877716910737,0.7739742657024048,0.4433135059886689,0.40479333937432055,25.928460160742077,0.6661777496337891,111.39188197029108,91.39329288555831,19.99858908473277,21.156070709228516,19.923928260803223,20.53999948501587,19.923928260803223,99.99817899016873,36.48029984820529,39.58580662476076,16.233782873141635,57.57723349691851,19.12303638458252,18.750892639160156,76.0,20.0,56.0,20.863670501708985,,0.0,0.0,67.94697707126,0.2769494194458975,0.4103341584456966,0.5184761771851516,37.29051271994822,52.28499437334907,73.94310596138409,78.35966280313902,-26.056894038615912,1.2484842076021074,-0.037036767351837876,2.645911641543087,2.6498166103072185,-0.003904968764131489,-8.088688015408591,0.42146368725822647,-8.510151702666818,21.041968775295746,0.018528677310580832,0.018526960963161088,7.365356901270448,3.2053772454221274,3291584.851240039
2014-05-15,21.239286422729492,21.30714225769043,21.001428604125977,21.029285430908203,18.626373291015625,230846000,-0.1803569793701172,0,717576766.7901537,1121195600,0.1669132131130109,19484027.08467021,-0.010641900090708811,0.006309697394270797,10714807.245427048,21.130471880390445,69.17128419820015,1109.8043300439724,20.613125038146972,22.442279141025057,18.783970935268886,17.747470114240556,0.6137576085323875,0.0,0.0,21.153940455118814,21.415726153055825,20.892154757181803,2.4750537470068776,0.26191399073183014,0.0,0.0,18.542856216430664,21.586071014404297,20.06446361541748,14.763480997383036,0.8170403272661406,0.31170973494760057,1.3100897167840218,0.5070689790461387,0.5287353977953427,-0.021666418749204053,21.144821325937908,20.15853038200965,20.95135084766192,20.444281868615782,1.1610385579033724,0.7972060145348986,0.3638325433684738,0.4027575544940822,25.737857426488585,0.46151714324951243,110.44089547412533,97.47405844196872,12.966837032156604,21.156070709228516,19.923928260803223,20.53999948501587,19.923928260803223,99.99908949508436,36.314933942493795,36.86436381103814,18.089335187637026,45.17330060945593,19.016785621643066,18.735177993774414,72.0,16.0,56.0,20.979254583740236,,0.0,0.0,63.097755759996865,0.0,0.18337544255376895,0.368170312642522,35.803378854719895,52.16341750790121,51.06719301333467,66.87612802313181,-48.93280698666533,1.2054294081295218,-0.5925728904867631,2.4802484249864762,2.6159029732430703,-0.13565454825659407,-8.40706907261797,-1.344242864717013,-7.062826207900957,21.041825298179205,-0.8503537017800711,-0.8539898368841392,6.452371614431107,3.0112026737190867,74284918.28437433
2014-05-16,21.022499084472656,21.340356826782227,20.907142639160156,21.339643478393555,18.901273727416992,276256400,0.31035804748535156,1,992923376.3750153,1397452000,0.1952481053278149,28948937.059621934,-0.004788485470474334,0.0008608731770938637,14791902.360761588,21.162056824840455,65.98285373160033,1109.8043300439724,20.742714405059814,22.38233366343507,19.10309514668456,15.809109901019506,0.6820328317945149,0.0,0.0,21.15864283243815,21.44771410624186,20.86957155863444,2.732417916337595,0.813072695833329,0.0,0.0,18.71285629272461,21.586071014404297,20.149463653564453,13.851681441358602,0.914232815893871,0.32386018021504753,1.319043284599497,0.5004832246452438,0.5230849631653229,-0.022601738520079184,21.16690476735433,20.25082434140719,21.01108817546679,20.510604950821545,1.084089762333245,0.9728804744212336,0.11120928791201146,0.3995540248470767,25.64235331057098,0.38157224655151367,109.47330667174819,102.06858039547542,7.404726276272768,21.156070709228516,19.923928260803223,20.53999948501587,19.923928260803223,99.99954474754219,35.77907399987491,33.36402071220362,18.438278705159394,49.79301350602213,19.016785621643066,18.720535278320312,68.0,12.0,56.0,,21.586071014404297,0.0,1.0,67.4082256105045,0.2995151410138314,0.19215485348657638,0.261954818162014,35.68376415431541,58.37528852308096,71.34565568389489,65.45198488620456,-28.654344316105107,1.2061857447904707,1.2574415010993574,2.440119274127978,2.580746233420052,-0.14062695929207436,-7.176587449022309,-2.510711781578072,-4.6658756674442365,21.04679932853824,1.4758373436179362,1.4650528426086051,8.023435467883843,3.414785604514794,88311167.69670281
2014-05-19,21.35178565979004,21.690357208251953,21.333213806152344,21.592500686645508,19.125234603881836,317755200,0.2528572082519531,1,1136550097.9455695,1715207200,0.19184719660474964,36291473.59103894,0.04361357943007697,0.0024744074002430445,18557039.902112354,21.1939804031737,65.85506243732634,1109.8043300439724,20.873821544647218,22.33524989023352,19.412393199060915,14.002499182628721,0.7458824423957534,0.0,0.0,21.179226175944013,21.464725939432782,20.893726412455244,2.696035833575901,1.2237738232272695,1.0,0.0,18.730356216430664,21.690357208251953,20.21035671234131,14.180445997826101,0.9669403753995927,0.3271885024035037,1.3166647176910549,0.5097908784122751,0.5204261462147134,-0.010635267802438286,21.205922603607178,20.36223917741042,21.10053625410967,20.590745375697395,1.038599920552647,0.8919725792615045,0.14662734129114252,0.39737482730063656,25.646643631613127,0.28974885940551687,105.81030640402264,104.97623291261833,0.8340734914043111,21.208213806152344,19.97607135772705,20.592142581939697,19.97607135772705,99.9997723737711,35.9808734868943,38.38921700355443,17.004773217428326,89.94002796490358,19.016785621643066,18.656070709228516,100.0,8.0,92.0,20.907142639160156,,1.0,0.0,70.43795169623577,0.5100371646614892,0.2698507685584403,0.21512702153292854,36.48170033961834,63.63190469907446,89.85192774802003,70.75492548174988,-10.148072251979967,1.2232866118935988,2.2164726447624923,2.4758252754364354,2.559762041823329,-0.08393676638689351,-4.885514610595331,-2.985672347381524,-1.8998422632138072,21.05383648535187,1.1849176791916438,1.1779524967889365,9.303424252412974,3.51828796491624,100246110.88397926
2014-05-20,21.589643478393555,21.657142639160156,21.45464324951172,21.596786499023438,19.1290283203125,234836000,0.0042858123779296875,1,1231397581.9332118,1950043200,0.17586673981633985,31250757.797402453,0.0038033900673444926,0.002386783569650841,18603651.596153256,21.220683682372893,63.73750702738992,1110.0246108351512,21.004196548461913,22.213338137651252,19.795054959272573,11.513333408393404,0.7450457232882142,0.0,0.0,21.201380920410156,21.471416473388672,20.93134536743164,2.54733928881546,1.2321361469849488,1.0,0.0,18.730356216430664,21.690357208251953,20.21035671234131,14.092426649083336,0.9683882845015732,0.3147195911279971,1.3043099982803548,0.5116155052466524,0.5186640180211012,-0.007048512774448734,21.242023944854736,20.479134779710037,21.176882445634867,20.665266940388214,1.067439321367932,0.9269047820223488,0.14053453934558324,0.39517171658809735,25.6454798768731,0.45865974426269673,103.30572926676318,106.18294024337916,-2.8772109766159844,21.208213806152344,19.97607135772705,20.592142581939697,19.97607135772705,99.99988618688555,36.16825872484088,36.64936920007476,16.234095416725243,105.72651181319316,18.98892879486084,18.656070709228516,96.0,4.0,92.0,20.907142639160156,,0.0,0.0,70.48802844033209,0.5135167721264979,0.4410230259339396,0.3010095493263188,37.14019660344528,65.09847390451998,90.29638186263263,83.83132176484919,-9.703618137367377,1.2339809698217046,2.0469896463582726,2.4757265740746406,2.5429549482735916,-0.067228374198951,-5.513889754085113,-3.491315828722242,-2.022573925362871,21.08184657336208,0.019848615221218502,0.019846645644205907,9.32511946851644,3.353843432696973,-11777158.441182703
2014-05-21,21.565357208251953,21.667856216430664,21.50214385986328,21.653928756713867,19.179645538330078,196859600,0.05714225769042969,1,1395166660.4336896,2146902800,0.2642868114099637,28393364.11092138,0.002450175205199299,0.003833144964029676,19124516.21610697,21.25108417814224,70.31141570783612,1112.9615900175834,21.149839401245117,21.811095474134554,20.48858332835568,6.253059991089177,0.8811604733292444,0.0,0.0,21.24628575642904,21.498749669392904,20.99382184346517,2.376546337163636,1.3073292446021243,1.0,0.0,20.026071548461914,21.690357208251953,20.858214378356934,7.869022682470394,0.9781116593033183,0.29981886767193566,1.2990143656714541,0.5117730367959368,0.5172858217760683,-0.005512784980131524,21.257946650187176,20.595384744497444,21.250274185800865,20.73850114900493,1.1134084518324483,0.8792757246831625,0.2341327271492858,0.3927765398311761,25.494327514347695,0.07909011840820312,101.92312217128381,106.55429412608201,-4.631171954798205,21.208213806152344,19.97607135772705,20.592142581939697,19.97607135772705,99.99994309344277,36.36356875466127,35.49008762395073,15.610594210787104,147.91588462056953,18.98892879486084,18.656070709228516,92.0,0.0,92.0,20.92280693054199,,0.0,0.0,71.18879269854949,0.5622097250751703,0.5285878872877192,0.4131538939266997,37.883340713188076,65.05407588594531,96.22223892523994,92.12351617863088,-3.77776107476007,1.2383906140046967,0.8902471385135573,2.4677436094290384,2.527912680504681,-0.060169071075642844,-7.141113849002742,-4.221275432778342,-2.9198384162243993,21.129312181155964,0.26458685273855753,0.2642374379267398,9.614379361370862,3.3633988952542175,-12591568.760755122
2014-05-22,21.66428565979004,21.780357360839844,21.575000762939453,21.688213348388672,19.21001625061035,200760000,0.03428459167480469,1,1415763645.1828213,2347662800,0.22501156089870436,25320451.32716601,0.00948010012578473,0.004216590470512493,19442378.840574134,21.281680870883008,70.43324711296937,1112.9615900175834,21.220375061035156,21.788822618130887,20.651927503939426,5.357563713748995,0.9115052316732258,0.0,0.0,21.308690452575682,21.553082847595213,21.06429805755615,2.293828384840894,1.2764621640183589,1.0,0.0,20.141429901123047,21.780357360839844,20.960893630981445,7.723367070576405,0.9437778579491894,0.2903726406947812,1.2972368960545309,0.5087992407724755,0.5155885055753497,-0.006789264802874229,21.296220302581787,20.718063281132626,21.317649441583605,20.80885020081113,1.100272099317458,0.8467450692561572,0.25352703006130073,0.38986784686070036,25.35187212478029,-0.06573295593261719,99.44201280512864,106.12777020837812,-6.685757403249482,21.34375,20.071249961853027,20.707499980926514,20.021071434020996,99.99997154672138,36.77224510257057,36.430771768312766,14.849464880338253,166.97103987260698,18.876428604125977,18.656070709228516,100.0,0.0,100.0,20.93815793609619,,0.0,0.0,71.62415299740313,0.5924609519310117,0.5560624830442267,0.5085577987552952,38.62210009599038,63.72917953494629,91.26006331976481,92.59289470254579,-8.739936680235187,1.2727909761316667,2.163480868454322,2.4451098252062122,2.5113521094449878,-0.06624228423877554,-8.285128712992059,-5.034046088821086,-3.251082624170973,21.22016471664697,0.15832965952737865,0.15820445026677454,9.787931435006758,3.3410198601613175,17663226.10810864
2014-05-23,21.6875,21.95464324951172,21.659643173217773,21.93321418762207,19.427011489868164,232209600,0.24500083923339844,1,1614237430.926202,2579872400,0.19795185074921018,29830607.834435403,0.016447181327767908,0.00415378410206513,22065533.913985386,21.316034721768624,70.00576503430729,1112.9615900175834,21.2957142829895,21.82105866902579,20.770369896953213,4.933803854195397,1.1067447578934773,1.0,0.0,21.407750002543132,21.66049944559733,21.155000559488933,2.3612891875528614,1.5394962274283994,1.0,0.0,20.448213577270508,21.95464324951172,21.201428413391113,7.073863089178044,0.985774933749302,0.2908353842546976,1.2972368960545309,0.5202152881485205,0.516513862089984,0.0037014260585365166,21.361101309458416,20.848722604604866,21.412351710204906,20.892136422056385,1.1221036140796157,0.8606526248137653,0.2614509892658504,0.38830775645481813,25.236968174509347,-0.29607095718383647,98.16321688863547,105.30381553922501,-7.1405986505895385,21.430892944335938,20.24874973297119,20.839821338653564,20.108214378356934,99.99998577336069,37.482480247791905,38.01934743060315,13.807947991348387,189.7124316152668,18.854106903076172,18.758749961853027,100.0,0.0,100.0,20.971845913085936,,0.0,0.0,74.58020873889683,1.0,0.7182235590020607,0.6009579764446689,40.12280521223177,67.34715317451803,98.25577604381752,95.2460260962741,-1.744223956182486,1.3303624994614545,3.680384090883477,2.4900052232059684,2.5070827321971842,-0.01707750899121585,-8.112236194752194,-5.649684110007308,-2.4625520847448863,21.405247713071283,1.1296497101804803,1.1233168162255946,11.028150484275457,3.543124485186862,54046035.423730254
2014-05-27,21.99571418762207,22.352142333984375,21.986785888671875,22.343929290771484,19.790803909301758,348866000,0.41071510314941406,1,1947418739.6047854,2928738400,0.16438328269822683,46038311.74027656,0.03794473410221862,0.005913070689235405,28598298.96837427,21.4065171103417,69.90562967640187,1112.9615900175834,21.3520357131958,22.046172426758172,20.657898999633428,6.501831702476854,1.2144799851352028,1.0,0.0,21.51873811086019,21.785666020711265,21.251810201009114,2.480888130855226,2.0457191800806567,1.0,0.0,20.726070404052734,22.352142333984375,21.539106369018555,7.615535828870451,0.9949491513495127,0.30364466046545835,1.2641094093918819,0.5559947034305814,0.5244100303581034,0.03158467307247803,21.473125139872234,20.987033110398514,21.55567133798438,20.999676634553797,1.1498316539337035,0.7951450836564697,0.3546865702772337,0.3908584165657706,25.195307943532207,-0.43989200592040945,96.63588883252861,104.06515116494744,-7.42926233241883,21.629642486572266,20.532499313354492,21.08107089996338,20.30696392059326,99.99999288668035,38.76672433526544,43.52811549268702,12.470320394677396,239.39391159444935,18.78482151031494,18.820534706115723,100.0,0.0,100.0,21.030813753271485,,0.0,0.0,78.60414596062188,1.0,0.8641536506436706,0.7128132308966526,42.78803102031533,78.59588035613162,99.49491513495126,96.33691816617788,-0.5050848650487373,1.3627910950604623,6.401470463614391,2.647634595076208,2.535193104772989,0.11244149030321893,-4.195527107193813,-5.3588527094446095,1.1633256022507963,21.663874975550215,1.872571432695902,1.8552546591325658,13.10723191249461,3.801324004980316,155833138.16575265
2014-05-28,22.35785675048828,22.493928909301758,22.277856826782227,22.28607177734375,19.739553451538086,315481600,-0.057857513427734375,0,1655926039.2057881,2613256800,0.11780673080278953,36853841.36192232,0.014823118742987947,0.009096509830229218,27781388.89536656,21.51442326835064,78.48841247714894,1110.0796801573695,21.40860719680786,22.20592537207133,20.61128902154439,7.448575873561309,1.0502599888971145,1.0,0.0,21.636142921447753,21.910964012145996,21.36132183074951,2.5403889380469447,1.6824581116476738,1.0,0.0,20.726070404052734,22.493928909301758,21.609999656677246,8.257699760648702,0.8824243391986121,0.29488740267086566,1.2064253373808134,0.5730754726980081,0.5341431188260843,0.03893235387192373,21.587619145711262,21.114560567415676,21.668040636347357,21.09496516364935,1.2945899410965112,0.6838226853949555,0.6107672557015557,0.39461746722929864,25.17702032626108,-0.23610658645629812,95.74198801812915,102.32627405915167,-6.584286041022523,21.700535774230957,20.61214256286621,21.156339168548584,20.377857208251953,99.99999644334017,40.14793106102099,44.65614816074397,11.833574953237843,207.82959190283339,18.78482151031494,18.882856369018555,100.0,4.0,96.0,21.136520039728516,,0.0,0.0,76.7607352048529,0.8811192848936131,0.9603730949645377,0.8475834348700896,44.4195387326275,70.54526639325486,88.24243391986121,95.33104169954333,-11.75756608013879,1.419132473889519,6.5700010926683055,2.716645741067762,2.571483632031944,0.14516210903581817,-2.185651220568344,-4.724212411669356,2.538561191101012,21.808659330967213,-0.25894063964672087,-0.2592764707818329,12.814351322693707,3.4758154219930404,55385661.738388
2014-05-29,22.423213958740234,22.745357513427734,22.42035675048828,22.692142486572266,20.099224090576172,376474000,0.4060707092285156,1,1909113719.264945,2989730800,0.2515688599324968,53428301.76537573,0.01700344141813588,0.01097806991301335,34641057.3785988,21.66079210830037,85.797231878507,1110.0796801573695,21.48948221206665,22.446947220274993,20.53201720385831,8.911010500482988,1.128043982910715,1.0,0.0,21.775440533955894,22.06254742940267,21.488333638509115,2.6369789855601113,2.096447119791148,1.0,0.0,20.726070404052734,22.745357513427734,21.735713958740234,9.396629892930326,0.9736466267682263,0.31132723601217754,1.0596026836000565,0.6123201721742184,0.5497785294957112,0.06254164267850726,21.714255968729656,21.256978108332707,21.825594767151188,21.21327459497697,1.2957728848777679,0.5743257230946399,0.721447161783128,0.4020578916188085,25.208423144195912,-0.28376893997192454,96.8308314147115,100.81404471921681,-3.9832133045053126,21.826250076293945,20.7378568649292,21.282053470611572,20.50357151031494,99.99999822167008,41.7349659348616,45.71180208089322,10.595163706040456,206.31350974996988,18.78482151031494,18.91071319580078,100.0,0.0,100.0,21.272260926685842,,0.0,0.0,80.25981923100204,1.0,0.9603730949645377,0.928299946857582,47.04933350104994,74.47280860631801,97.36466267682263,95.03400391054504,-2.635337323177367,1.5072910869822778,7.17743219937718,2.886495290638476,2.6344859637532503,0.2520093268852257,1.121072150968091,-3.5551554991418666,4.676227650109958,22.047753793402208,1.8220829282320272,1.8056819242405098,14.869922358740206,3.839860472534305,119025890.92544404
2014-05-30,22.78499984741211,23.006071090698242,22.46071434020996,22.60714340209961,20.023937225341797,564020800,-0.08499908447265625,0,1647973690.6363585,2425710000,0.17988060373480635,38946936.99553132,0.014555420056899858,0.01333379423057106,32528376.671966393,21.8734210871347,94.18796931047314,1110.0796801573695,21.563625049591064,22.620937845401567,20.50631225378056,9.806447602190655,0.993476649787737,0.0,0.0,21.933309618632,22.24438082377116,21.622238413492838,2.836518615274649,1.5830860785815333,1.0,0.0,20.726070404052734,23.006071090698242,21.86607074737549,10.573364549801175,0.8250317682204025,0.33473018745978794,0.8139472366602094,0.6293088824363977,0.5656846000838485,0.06362428235254924,21.83104181289673,21.405673173757698,21.94583301868171,21.316524136245313,1.3496722618013008,0.4859112446482643,0.8637610171530365,0.409914174366932,25.335024079076664,-0.35398263931274343,99.96140132374393,99.75716634721633,0.20423497652760148,22.169642448425293,21.516071319580078,21.842856884002686,20.633928298950195,99.99999911083503,43.482901459006726,45.95898374334833,9.344634955433266,180.0420425164716,18.78482151031494,18.973570823669434,100.0,0.0,100.0,21.44903251709487,,0.0,0.0,77.62511709925876,0.8464810402202196,0.9092001083712775,0.9433154327667843,48.37431623135911,66.06285419676689,80.99374524623265,88.86694728097217,-19.006254753767347,1.6041165968951034,6.608738466010805,2.952211525735377,2.6980310761496757,0.2541804495857014,8.351297316695248,-1.1738649359744435,9.525162252669691,22.23228280780351,-0.37457496365956855,-0.37527825245504687,14.439648388809179,3.4971410982762663,269921492.4500808
2014-06-02,22.641429901123047,22.672500610351562,22.23214340209961,22.451786041259766,19.88633918762207,369350800,-0.15535736083984375,0,1647074606.5056205,2056359200,0.16467614940232334,25185750.92301471,-0.033510557669637,0.009003472579479008,29990180.47037307,21.967376779748424,84.97777869666155,1102.4511599872728,21.628035831451417,22.735768921345453,20.52030274155738,10.243492275735692,0.8718180026052788,0.0,0.0,22.05895252227783,22.37073802947998,21.747167015075682,2.8268387348607775,1.129973988379192,1.0,0.0,20.726070404052734,23.006071090698242,21.86607074737549,10.541875852313591,0.7568925953904082,0.3452928895390045,0.782254637391177,0.6230543345413544,0.5771585469753497,0.04589578756600465,21.934553782145183,21.489299554091232,22.02367194523218,21.400617610690826,1.2430963985106407,0.6364148173672729,0.6066815811433678,0.4153285513489344,25.47811436377566,-0.5987504005432136,101.53932583435012,99.28261295058604,2.256712883764081,22.23035717010498,21.573750495910645,21.902053833007812,20.633928298950195,99.99999955541752,44.06286185711287,41.68105262320686,13.306292149593263,121.91259010131273,19.30946445465088,19.30946445465088,96.0,0.0,96.0,21.667017917399342,,0.0,0.0,72.91376929937826,0.5719599834813147,0.8061470079005115,0.8919067370787755,48.054995563371286,62.47969849253568,73.59199885864147,83.98346892723227,-26.408001141358525,1.6189926876741296,5.856504352848,2.911384829520543,2.740701826823849,0.1706830026966939,8.698275351302689,0.800563121480983,7.897712229821706,22.278019149627173,-0.6872047391242475,-0.6895768647110057,13.653213701644141,3.316512208493677,-37466194.76560879
2014-06-03,22.44499969482422,22.812143325805664,22.4375,22.769285202026367,20.167558670043945,292709200,0.31749916076660156,1,1872813617.737617,2349068400,0.15407427192469808,34864204.412393086,0.02207851515357177,0.010122767356350504,34129491.48900989,22.048034268774693,85.51546730746217,1118.0413369753696,21.693357276916505,22.903744901878166,20.482969651954843,11.159062283546243,0.9444559341656942,0.0,0.0,22.17238108317057,22.485916582743325,21.85884558359782,2.8281626442974557,1.4518924008113618,1.0,0.0,20.726070404052734,23.006071090698242,21.86607074737549,10.510132929362731,0.896146571332726,0.34822793316567047,0.7137180052125773,0.6363812818124686,0.5890030939427735,0.047378187869695054,22.079553763071697,21.57940937922551,22.13838167704667,21.5020003952342,1.2495363105757509,0.6316840820187556,0.6178522285569953,0.4210055123119635,25.290910486637717,-0.35371379852294993,103.41821849491674,99.29511175371422,4.12310674120252,22.25410747528076,21.727142333984375,21.99062490463257,20.633928298950195,99.99999977770875,44.79032059563622,41.3347030642414,12.260669171421545,129.33794524877612,19.344999313354492,19.344999313354492,92.0,0.0,92.0,21.854485361661187,,0.0,0.0,76.10556505146857,0.7579397030810449,0.7254602422608597,0.8136024528442163,48.77752770064081,65.64944857825668,88.71872509525708,81.10148973337708,-11.281274904742908,1.5905158772188095,8.274174492685164,2.959637569132958,2.784488975285671,0.17514859384728698,7.010600860739062,2.0425706693325987,4.968030191406464,22.38384633455986,1.4141376556106922,1.4042320061828928,15.260426593410802,3.691617944881969,-35013990.29131538
2014-06-04,22.765714645385742,23.13892936706543,22.71821403503418,23.029285430908203,20.397842407226562,335482000,0.26000022888183594,1,2033433594.9427526,2684550400,0.2501006017150453,42344374.75144209,0.0380921474635028,0.012239347133047866,37960327.46000355,22.151346218771604,86.15097310150249,1118.0413369753696,21.78337507247925,23.10489978536609,20.461850359592408,12.133332952214861,0.9713912446280671,0.0,0.0,22.311642964680992,22.647000058492026,21.976285870869955,3.006117427944692,1.5699676247665493,1.0,0.0,20.726070404052734,23.13892936706543,21.932499885559082,11.076607527458226,0.9545584976834597,0.3554766730522284,0.6402919680032727,0.6603111729264235,0.6032647097395035,0.05704646318691997,22.220357259114582,21.649093407850998,22.275443793025367,21.615132620098944,1.2885921988624474,0.601903487336028,0.6866887115264193,0.42814671209516497,25.26134119400026,-0.19087438583374094,106.47535071748008,99.80091492551381,6.674435791966275,22.35696506500244,21.932499885559082,22.14473247528076,20.70035743713379,99.99999988885438,45.86143186176101,44.48841064107029,11.196623741741755,139.17414927486612,19.769286155700684,19.769286155700684,100.0,32.0,68.0,22.015707363726374,,0.0,0.0,78.35493667439115,0.8890062048873592,0.7396352971499063,0.7570808491037592,50.11970909293747,64.6858676150403,95.08716783793508,85.79929726394455,-4.91283216206492,1.5672081330243302,7.917854645628992,3.054855986922929,2.8385623776131226,0.21629360930980646,6.6522361784530455,2.9645037711566884,3.687732407296357,22.538599465031204,1.1418901672798132,1.1354198111616753,16.576574071445727,3.7756527372642097,59071808.73328972
2014-06-05,23.078571319580078,23.19178581237793,22.95035743713379,23.11964225769043,20.47787857055664,303805600,0.09035682678222656,1,2155672998.3777885,2988356000,0.27266644739570356,40216736.926189,0.011324190552368614,0.013808353607553395,39152327.535604134,22.271423762381662,91.4694334796024,1122.4280413619879,21.88162508010864,23.29083630628274,20.472413853934544,12.88031598215374,0.9392589111509253,0.0,0.0,22.459571520487465,22.802500216166177,22.116642824808757,3.0537421015881154,1.462402309168935,1.0,0.0,20.726070404052734,23.19178581237793,21.958928108215332,11.26842910112119,0.9707413294965365,0.34407184327141965,0.3442211563314363,0.6787427014578604,0.618360308083175,0.06038239337468543,22.34761905670166,21.724670336796688,22.405320479896915,21.726577778439054,1.3687558634725976,0.579494210713186,0.7892616527594116,0.43585382232606423,25.18265158759354,-0.28483858108520366,109.9507227623524,100.96854936520533,8.982173397147065,22.42571449279785,21.958928108215332,22.192321300506592,20.72678565979004,99.99999994442719,46.91535364128868,43.338252993661776,10.626684650672997,131.83245643117868,19.798481941223145,19.77339267730713,100.0,28.000000000000004,72.0,22.195422884260623,,0.0,0.0,79.09158053746337,0.9090977564311249,0.852014554799843,0.7723700314035363,51.433480868818414,62.93931821581644,96.84223971895399,93.54937755071539,-3.157760281046008,1.5300033344942001,7.07255538951737,3.1240203053581164,2.8956539631621214,0.22836634219599494,5.520534397376505,3.4757098964006516,2.044824500975853,22.679539718007735,0.3923561894845218,0.3915884800358871,17.033969475304044,3.67773275341084,15100859.110663533
2014-06-06,23.21071434020996,23.259286880493164,23.016786575317383,23.05607032775879,20.421567916870117,349938400,-0.06357192993164062,0,1919110896.7323582,2638417600,0.25010722595557094,31293451.73027765,0.004640547579191246,0.014481855968243794,38190104.193338074,22.404546487172933,91.66089016569921,1122.4280413619879,21.984446430206297,23.421065142597445,20.54782771781515,13.069409929897127,0.8729674019659855,0.0,0.0,22.602523930867513,22.949166997273764,22.255880864461265,3.0672952053186484,1.1541979933326278,1.0,0.0,20.726070404052734,23.259286880493164,21.99267864227295,11.522766718200502,0.919779239309257,0.3339146894618558,0.3167785748728639,0.6803771330881396,0.6307636730841679,0.04961346000397171,22.469226042429607,21.800879111656776,22.505435841106433,21.825058708018293,1.4191467057149751,0.5545252219347216,0.8646214837802535,0.4420462899826158,25.097150517994642,-0.3305176734924302,113.87774072437726,102.71460756917664,11.163133155200626,22.62303638458252,21.99267864227295,22.307857513427734,20.760536193847656,99.9999999722136,47.971684770534196,42.529190300080295,10.072097329919325,117.11033192229496,19.9052677154541,19.835000038146973,100.0,24.0,76.0,22.374768211321737,,0.0,0.0,77.10337530035528,0.6786309813817019,0.8255783142333953,0.8057427220610482,51.91171135824938,61.04464283711515,89.44917742521665,93.79286166070192,-10.550822574783352,1.480275586072139,6.75694890441843,3.1174126135943743,2.940005693248572,0.1774069203458022,5.703009612800032,3.9211698396805277,1.7818397731195041,22.758639800802392,-0.27496934953867846,-0.2753480846843015,16.71216193069851,3.507150514030574,78002138.98588777
2014-06-09,23.174999237060547,23.469999313354492,22.9375,23.424999237060547,20.748340606689453,301660000,0.3689289093017578,1,2169785955.815469,2940077600,0.254687088894357,42721686.45166203,0.011599844012990815,0.012195160581309069,43017080.04819468,22.526303611317612,91.67577841823798,1140.388437352402,22.110089206695555,23.588534588710996,20.631643824680115,13.373490881870579,0.9446934754439441,0.0,0.0,22.745357195536293,23.1157501856486,22.37496420542399,3.2568667700236795,1.417460723700764,1.0,0.0,20.907142639160156,23.469999313354492,22.188570976257324,11.5913447939334,0.9824414385919215,0.35377315185111946,0.3167785748728639,0.703334311511,0.6452778007695344,0.05805651074146556,22.616815249125164,21.889368057250977,22.646907132791682,21.943572821280682,1.2975470360770527,0.6001950479145539,0.6973519881624988,0.44944133326949265,25.220236635292867,-0.42187585830688334,117.69698090235532,105.0547289102685,12.642251992086827,22.85107135772705,22.098034858703613,22.474553108215332,20.86589241027832,99.9999999861068,49.184948074920676,42.204156077935025,8.965616832378823,119.71087117914801,19.947767734527588,19.835000038146973,100.0,20.0,80.0,22.551671945156023,,0.0,0.0,80.21216419771817,0.9951232036885834,0.8609506471671368,0.8461811720667917,53.32678474593353,62.83638053782919,97.76714015447267,94.68618576621445,-2.232859845527324,1.50277223587036,8.178979898959692,3.2051950575200436,2.993043566102867,0.2121514914171767,4.59619337366763,4.056174546477948,0.540018827189682,22.905835124767776,1.6001378554851842,1.5874706000696293,18.57971741570679,3.868952683158941,8291025.819370747
2014-06-10,23.6825008392334,23.762500762939453,23.392499923706055,23.5625,20.870128631591797,251108000,0.13750076293945312,1,2149425427.8831844,3191185600,0.22263565877968516,41551094.32716748,0.05507115174462653,0.015857143558257788,44491041.31627335,22.636108688409657,91.74652610637499,1147.0823235974526,22.229589176177978,23.77061634144151,20.688562010914445,13.864648177258735,0.932474797935856,0.0,0.0,22.87984530131022,23.250702730814616,22.508987871805825,3.241782666101841,1.4203734971712196,1.0,0.0,20.907142639160156,23.762500762939453,22.334821701049805,12.844853322072188,0.9299559795060888,0.3553959205893474,0.3167785748728639,0.7242742208629878,0.6610770847882251,0.06319713607476263,22.773005803426106,21.981634580172024,22.787767573900656,22.063493353037668,1.355123981272759,0.5476878142881915,0.8074361669845674,0.45759233080825584,25.274811919882783,-0.2963749885559075,119.78493293528989,107.72616723439747,12.058765700892423,22.99732208251953,22.244285583496094,22.620803833007812,21.0121431350708,99.9999999930534,50.59361439621362,45.003278588985864,8.284591467790833,133.96117139428765,19.9521427154541,19.835000038146973,100.0,16.0,84.0,22.735337418795716,,0.0,0.0,81.23479793273867,1.0,0.8912513950234285,0.8592601188079869,54.812290354759504,65.41447933932677,91.15180604145887,92.78937454038275,-8.848193958541126,1.555697676714729,8.641959674149822,3.282681528595157,3.050971158601325,0.2317103699938321,2.4010727083835977,3.725154178859078,-1.3240814704754804,23.03431383105432,0.5869829985817532,0.5852669653198195,19.275760196703295,3.788392240038725,-18632217.614607573
2014-06-11,23.532499313354492,23.690000534057617,23.36750030517578,23.46500015258789,20.783775329589844,182724000,-0.09749984741210938,0,2077185455.6328695,3008461600,0.19318722095764337,33070143.40635352,-0.00860415793939202,0.015067548333644121,43734943.18922698,22.717838724764274,87.47665935611126,1142.335783479898,22.342553520202635,23.89796492389325,20.78714211651202,13.923309189204167,0.8608198543877074,0.0,0.0,22.995333417256674,23.3768336613973,22.61383317311605,3.31806664611639,1.1155523391462003,1.0,0.0,20.907142639160156,23.762500762939453,22.334821701049805,12.77990951749279,0.8958097032123604,0.35210635141859625,0.3355278904210655,0.72464852986813,0.6737913738042061,0.050857156063923936,22.900654633839924,22.05864011324369,22.891957201390998,22.167308671522868,1.3299148704075072,0.5780008237621623,0.7519140466453449,0.46397505532551037,25.280271509615154,0.0013757705688490773,120.90413729955027,110.40097899937956,10.50315830017071,22.99732208251953,22.244285583496094,22.620803833007812,21.0121431350708,99.9999999965267,51.77780870904669,42.00806503611222,8.249132235710634,116.2779847821155,19.980178833007812,19.863036155700684,96.0,12.0,84.0,22.9375,,0.0,0.0,78.15063140152914,0.6790884948969501,0.8914038995285113,0.8812019805730255,55.106326060401,63.35953396690483,86.39997209821429,91.77297276471529,-13.600027901785714,1.5381126067217643,6.983864525566336,3.2689964334689234,3.094576213574845,0.17442021989407852,-1.2171995733434477,2.736683428418573,-3.9538830017620206,23.111275836575096,-0.4137924558604067,-0.4146509459062031,18.782206099339184,3.5568915143286723,-54441151.90500575
2014-06-12,23.510000228881836,23.530000686645508,22.975000381469727,23.072500228881836,20.436119079589844,218996000,-0.3924999237060547,0,1935133833.4457777,2789465600,0.17436550339834497,16066421.020884283,-0.07000984985573488,0.009389694763535576,40071789.01351941,22.788079268683113,82.5498214968882,1142.335783479898,22.435696411132813,23.930510501617583,20.940882320648043,13.325319286661664,0.7130043534519087,0.0,0.0,23.052654902140297,23.457155100504558,22.64815470377604,3.5093589010149415,0.5245306761551524,0.0,0.0,20.907142639160156,23.762500762939453,22.334821701049805,12.72685309809434,0.7583488640842201,0.37239574679431475,0.6492157981672754,0.6853731537803007,0.676107729799425,0.009265423980875709,22.961368878682453,22.12954667898325,22.919733051774205,22.234359897993905,1.2230546004888507,0.6552971220708623,0.5677574784179884,0.4642908660694974,25.366955032440334,-0.1496246337890632,118.86797184819054,112.5017090576514,6.366262790539139,22.99732208251953,22.244285583496094,22.620803833007812,21.0121431350708,49.99999999826335,51.11135448685104,37.39542097998318,15.108742605164585,78.7352588952025,20.364999771118164,19.923928260803223,92.0,8.0,84.0,,23.762500762939453,0.0,1.0,67.10542860859542,0.0,0.5596961649656501,0.7807838198391966,51.80375946283131,54.29820723964456,67.18748157601385,81.57975323856236,-32.81251842398615,1.484372122147505,3.260710901064598,3.082495547093031,3.0921600802784823,-0.00966453318545124,-3.1829086210930737,1.5527650185162436,-4.735673639609317,23.110007166981138,-1.6727036912580928,-1.6868513671458807,16.795331753357743,3.172126576867228,28476911.05811709
2014-06-13,23.049999237060547,23.110000610351562,22.719999313354492,22.81999969482422,20.21247100830078,218100000,-0.2525005340576172,0,1828880041.9916492,2571365600,0.1887598190658466,5904022.806762772,-0.06035105955847933,0.003904106128803631,37684949.012147136,22.841999938851426,77.6019615371189,1129.8343036861852,22.525232124328614,23.880349101963315,21.170115146693913,12.031991236805881,0.6087609318459388,0.0,0.0,23.071857261657716,23.460821914672852,22.68289260864258,3.371767158611396,0.17624620273182554,0.0,0.0,20.907142639160156,23.762500762939453,22.334821701049805,12.676265034779984,0.6699184385082463,0.3741563018145903,1.0633762140875882,0.6266488347122454,0.6662159507819891,-0.039567116069743724,23.005862871805828,22.193598893972542,22.904389458397283,22.277740623685037,1.1577959530035116,0.7686992486909008,0.3890967043126108,0.4572950487587049,25.453817792274737,0.16691036224365163,116.4444763711854,114.15783689507754,2.286639476107865,23.100000381469727,22.244285583496094,22.67214298248291,21.0121431350708,24.999999999131674,49.538348753942664,34.526446650827026,18.965908709921063,41.96556221542372,20.393839359283447,19.923928260803223,88.0,4.0,84.0,,23.74675075531006,0.0,0.0,61.120794523894915,0.0,0.22636283163231674,0.559154298708826,47.03910308742279,48.46722956162527,46.92272493893571,66.83672620438796,-53.07727506106429,1.362406579185933,2.39579196735454,2.8128922286042366,3.0363065099436337,-0.2234142813393971,-4.781151843483729,0.2859816461162492,-5.067133489599978,23.10550984662171,-1.094378725984535,-1.1004111016951423,15.517148489705935,3.1197213470442797,22487924.793531656
2014-06-16,22.877500534057617,23.1875,22.862499237060547,23.049999237060547,20.41619110107422,142244000,0.22999954223632812,1,1850763349.009502,2713609600,0.14910189373081076,9734313.10377727,0.025132850836016202,0.0029889716097891727,39118606.12535406,22.899211477258326,76.56453822161,1141.2217434813604,22.610749912261962,23.868144389706778,21.353355434817146,11.122094422555373,0.6746664760653295,0.0,0.0,23.129976209004717,23.507405217488603,22.75254720052083,3.263548609591307,0.39405031125530954,0.0,0.0,21.333213806152344,23.762500762939453,22.5478572845459,10.74394686692674,0.7067034325079339,0.3734907021507094,1.2118961874750949,0.5918459973904575,0.6513419601036828,-0.059495962713225325,23.03568426767985,22.272458736713116,22.926790962807015,22.334944965416557,1.127591551046544,0.8152304144496979,0.31236113659684606,0.44693099117990326,25.54778737182017,-0.003606510162352805,114.07315146650585,115.34171833636522,-1.2685668698593702,23.240357398986816,22.244285583496094,22.742321491241455,21.0121431350708,12.499999999565837,48.22853072689497,33.55579073536801,17.59597981258333,53.42166585340074,20.470535278320312,19.923928260803223,84.0,0.0,84.0,,23.705680697631838,0.0,0.0,64.24848489123403,0.15549815239485965,0.05183271746495325,0.27929723802097334,44.04011395652901,48.12525713198518,53.4421472976813,55.8507846042103,-46.5578527023187,1.2630536472096168,1.5770073306213268,2.6498654834693895,2.959018304648785,-0.30915282117939524,-8.36110814605329,-1.4434363123176588,-6.917671833735631,23.102637262707546,1.0078858252066336,1.0028405282573871,16.681429455016563,3.5223566174811687,-50360622.35600269
2014-06-17,23.077499389648438,23.174999237060547,22.950000762939453,23.020000457763672,20.389625549316406,118904000,-0.029998779296875,0,1805844239.315019,2594705600,0.12049519753562023,7834129.109878287,0.007096084748744714,0.00243704061020037,38963856.66888638,22.94645286961797,75.47072124946729,1139.7364827288807,22.682124900817872,23.859747174999317,21.504502626636427,10.38370328468637,0.6434566772187859,0.0,0.0,23.16751194000244,23.529976463317873,22.80504741668701,3.1290759599400717,0.29651597225364984,0.0,0.0,21.45464324951172,23.762500762939453,22.608572006225586,10.174785314512212,0.6782728999274369,0.3586414793477478,1.3574035377355278,0.555441068406509,0.6321617817642481,-0.07672071335773911,23.070089022318523,22.353530150193436,22.941130885108038,22.38568981670153,1.0902822269043546,0.8436508071695722,0.24663141973478242,0.43360642941523864,25.594794792158602,-0.23033885955810618,109.3859873347106,115.66512240494639,-6.279135070235782,23.241250038146973,22.334821701049805,22.78803586959839,21.0121431350708,6.2499999997829185,47.01227113035067,32.03035916034287,16.796074263901733,50.45112185376262,20.53999948501587,19.923928260803223,80.0,16.0,64.0,,23.666253442260743,0.0,0.0,63.53060684909044,0.1198076919951189,0.09176861479665954,0.12332138796464316,41.44369302602448,49.17696385393562,51.481900621675386,50.61559095276414,-48.518099378324614,1.1043760524076554,1.8262238988837436,2.481232756080204,2.863461194935069,-0.3822284388548649,-12.112267386350545,-3.5772025271242365,-8.53506485922631,23.10094674607348,-0.13014655223346772,-0.13023131641185515,16.529572597484133,3.4110925865240347,-30067493.546254992
2014-06-18,23.0674991607666,23.072500228881836,22.837499618530273,23.045000076293945,20.411760330200195,134056000,0.024999618530273438,1,1908525338.2047014,2728761600,0.12415820415948137,7193731.931566294,-0.018844798846688462,-0.00012354798014422585,39109440.891086705,22.980376764911618,70.39317210832547,1139.7364827288807,22.754535579681395,23.829972599830775,21.679098559532015,9.452506876120898,0.6350448660267453,0.0,0.0,23.169797643025717,23.513690694173178,22.825904591878256,2.9684596857148238,0.3185517760312948,0.0,0.0,21.50214385986328,23.762500762939453,22.632322311401367,9.933654304483156,0.6825719488506242,0.3462773924481293,1.4788821537386003,0.5225831469667241,0.6102460548047434,-0.08766290783801922,23.119523525238037,22.42554936042199,22.9571107606751,22.434527613708376,1.071191094670771,0.9297592265791298,0.1414318680916412,0.418253291929318,25.661435545474607,0.014749622344972124,104.20867588802022,115.02711719668726,-10.818441308667033,23.241250038146973,22.334821701049805,22.78803586959839,21.0121431350708,3.1249999998914593,45.435486835352776,30.472229531485436,18.307809298382786,36.091763887880816,20.53999948501587,19.923928260803223,76.0,12.0,64.0,,23.628403277104493,0.0,0.0,63.89268098630099,0.13780878953154227,0.13770487797384032,0.09376873674515103,39.44982582785871,45.65248862567529,53.11548106307986,52.679842994145524,-46.88451893692014,0.9390744826372917,2.6421685737786165,2.3293699602901614,2.7566429480060877,-0.42727298771592626,-14.701715241551138,-5.802105070009617,-8.899610171541521,23.100671647849865,0.10859955705102564,0.10854063039094086,16.656123197158436,3.447980606216511,9180198.839418963
2014-06-19,23.072500228881836,23.075000762939453,22.834999084472656,22.96500015258789,20.34090805053711,142112000,-0.07999992370605469,0,1920368193.104169,2586649600,0.0972775214142317,4541920.347383275,0.0,-0.0011632208413513586,38616103.97982283,23.027951359401378,62.530415136439665,1139.7364827288807,22.8200891494751,23.77191250167559,21.868265797274606,8.341977509078975,0.576122845051961,0.0,0.0,23.156904792785646,23.50065517425537,22.813154411315917,2.968880206968072,0.22086628765726327,0.0,0.0,21.575000762939453,23.762500762939453,22.668750762939453,9.58585212209969,0.6354282924107143,0.335649821049996,1.6236931368242369,0.4845026374294683,0.5850973713296883,-0.10059473390022,23.135833104451496,22.493214240440956,22.958324513277066,22.473821875847598,1.0669306683832422,0.9775215056101006,0.08940916277314159,0.4006670164744708,25.706861193680062,0.20919628143310476,97.1709093704384,113.17080260180518,-15.999893231366784,23.241250038146973,22.334821701049805,22.78803586959839,21.0121431350708,1.5624999999457296,43.971329989997585,28.92469435985016,17.378045403832026,25.529029278492104,20.53999948501587,19.923928260803223,72.0,8.0,64.0,,23.592067118554493,0.0,0.0,61.77894693716321,0.032721104789060526,0.09677919543857394,0.10875089606969128,37.180892268261765,46.67366543454771,47.88794887006635,50.82844351827388,-52.11205112993365,0.8247844527749457,0.8595568496111844,2.155853330626237,2.636485024530118,-0.48063169390388083,-16.489191763093036,-7.939522408626301,-8.549669354466735,23.09871713103662,-0.3471465543120056,-0.34775050609985314,16.251155485085533,3.3594569131244967,17582703.994808972
2014-06-20,22.962499618530273,23.137500762939453,22.725000381469727,22.727500915527344,20.13054084777832,403592000,-0.23749923706054688,0,1521669257.8707328,2183057600,0.018905524991978003,-9800181.428491512,-0.0024273564773367342,0.0010570078152415175,34442239.77573577,23.07102008870142,61.78427371783908,1139.7364827288807,22.87205352783203,23.672461210027915,22.071645845636144,6.99900147769332,0.40970063411428537,0.0,0.0,23.132166735331218,23.49291712443034,22.771416346232094,3.1190367355265978,-0.060866782173703685,0.0,1.0,21.659643173217773,23.762500762939453,22.711071968078613,9.19400432131204,0.5078126771537129,0.3433348770919691,1.8582950931043398,0.43020027472246625,0.554117952008244,-0.12391767728577774,23.110684394836426,22.551593413719765,22.922813190546343,22.492612915823877,1.0913635364622996,0.8970440742185324,0.19431946224376717,0.3794459252212948,25.758492139447632,0.24758872985839986,89.41373498862376,110.02821972250166,-20.6144847338779,23.241250038146973,22.334821701049805,22.78803586959839,21.0121431350708,0.7812499999728648,42.153450446248236,26.439374801450715,18.176129873665268,-0.8330067255137518,20.53999948501587,19.923928260803223,68.0,4.0,64.0,,23.557184406346494,0.0,0.0,55.86969063036661,0.0,0.05684329810686763,0.09710912383976063,33.424076426317875,41.90867814468161,21.88684894671231,40.96342629328618,-78.1131510532877,0.7753875171436988,-1.31043803458976,1.9126291655506782,2.49171385273423,-0.579084687183552,-8.418779190727939,-8.035373765046629,-0.3834054256813104,23.087814266864974,-1.0341791225016994,-1.0395639125448053,15.048910305391793,3.1661845081973645,278337906.86085856
2014-06-23,22.829999923706055,22.905000686645508,22.649999618530273,22.707500457763672,20.112825393676758,174776000,-0.020000457763671875,0,1425714627.1468408,2008281600,-0.03400237900916402,-8899526.939578941,-0.02243243993764807,-0.0021223461198456137,34288434.91971152,23.089672361266153,55.186032547365386,1138.7335017381743,22.910767841339112,23.591788359873977,22.229747322804247,5.944982056044963,0.3507626583610536,0.0,0.0,23.0798334757487,23.412834040323894,22.746832911173506,2.8856409637885525,-0.059057637725044305,0.0,1.0,21.986785888671875,23.762500762939453,22.874643325805664,7.750569018745682,0.40587291323392616,0.33450149619429564,2.096131055973706,0.38115764321049994,0.5195258902486952,-0.13836824703819528,23.07633924484253,22.616140145521896,22.889688154733623,22.508530511523123,1.0353456340533804,0.9718572152023226,0.06348841885105783,0.35582334994788695,25.66404513845294,0.14530248641967702,81.17580397390655,105.73831650457016,-24.56251253066361,23.170000076293945,22.334821701049805,22.752410888671875,21.0121431350708,0.3906249999864324,40.15777781886259,25.008806013965142,18.784071642013924,-39.16787303683035,20.53999948501587,19.923928260803223,64.0,0.0,64.0,,23.523697002626815,0.0,0.0,55.389205598575714,0.0,0.010907034929686879,0.054843176158376146,30.2133435825506,42.16366067831376,5.168609445695054,24.981135754157915,-94.83139055430495,0.6814863709842456,-1.7826478253125417,1.6933919476234502,2.3320494717120743,-0.6386575240886241,-9.91751454340611,-8.411801920718526,-1.505712622687584,23.0406743722124,-0.08800113060388748,-0.08803987433041449,14.947665963575595,3.2907693778336764,-92638134.37709251
2014-06-24,22.6875,22.934999465942383,22.547500610351562,22.56999969482422,19.991039276123047,156144000,-0.13750076293945312,0,1287702794.482107,1852137600,-0.12327271854053821,-10695297.252270231,-0.00899610478845936,-0.0054857927092714824,33342935.912969127,23.083044727690158,47.62554501252161,1131.8381269889828,22.922071361541747,23.571872304787853,22.27227041829564,5.6696529122261685,0.22909267801402375,0.0,0.0,22.991000111897787,23.325750478108723,22.65624974568685,2.912012218535063,-0.12882741823243035,0.0,1.0,22.23214340209961,23.762500762939453,22.99732208251953,6.676348470877945,0.22076954139600274,0.33980123213394814,2.379306153543569,0.3274215303873156,0.4811050182764193,-0.15368348788910374,23.03583335876465,22.66346153846154,22.84050531474756,22.513083784360244,0.9553614569930988,1.0337972690963195,-0.0784358121032207,0.32972558808467084,25.58694065993957,0.5029278755188002,71.54650905424855,100.25413558842553,-28.70762653417698,23.038750648498535,22.5478572845459,22.793303966522217,21.0121431350708,0.1953124999932162,37.890481655951056,22.974498031627924,19.407763097485905,-68.49566588124645,20.53999948501587,19.923928260803223,60.0,0.0,60.0,,23.471275159581023,0.0,0.0,52.07354121320745,0.0,0.0,0.022583444345518167,26.495854474721135,38.23538669663321,1.8517762672485518,9.635744886551981,-98.14822373275145,0.5780084441689866,-2.1082110959271168,1.4543610885274372,2.156511795075147,-0.70215070654771,-11.73894698722662,-9.077230934020147,-2.661716053206474,22.940091347109412,-0.6055301559729442,-0.6073709245228986,14.25162318257911,3.2032294636324607,-16551893.968026161
2014-06-25,22.552499771118164,22.674999237060547,22.412500381469727,22.59000015258789,20.008752822875977,147476000,0.020000457763671875,1,1339671140.1460488,1999613600,-0.061009811240350445,-8746028.000638017,-0.03515391254197768,-0.008805657216010503,33473622.113635384,23.05634684829556,39.87351509102739,1132.841107979689,22.937267780303955,23.539324841232528,22.335210719375382,5.249597002530129,0.21159907403090497,0.0,0.0,22.896166737874346,23.224916966756183,22.567416508992512,2.8716617296293885,0.03434772299960306,0.0,0.0,22.23214340209961,23.762500762939453,22.99732208251953,6.671925250634904,0.23383868346403305,0.33207099447963534,2.622568829701062,0.28318476591283925,0.4415209678037033,-0.15833620189086406,22.96625010172526,22.701826902536247,22.80196605903069,22.51878129311785,0.8790294333855609,1.098861236931339,-0.21983180354577814,0.30266574552502845,25.549684493091526,0.6252322196960449,61.813313336441624,93.91472908712011,-32.101415750678484,22.800000190734863,22.608572006225586,22.704286098480225,21.0121431350708,0.0976562499966081,35.26495514120175,21.687508313058558,21.201528159119263,-110.52180188526737,20.592142581939697,19.97607135772705,56.00000000000001,0.0,56.00000000000001,,23.397373195642665,0.0,0.0,52.51877372095723,0.015267946509711883,0.005089315503237332,0.005332116810974737,23.526916966280776,38.01437443390341,13.14812747866949,6.722837730537708,-86.8518725213305,0.45509139229269735,-3.5645639772385107,1.2575492528957848,1.9767192866392747,-0.7191700337434899,-13.486948282657185,-9.959174403747555,-3.5277738789096293,22.874071180858156,0.08861523276075811,0.08857599264349147,14.352867524395286,3.3218350869131754,-1772218.5267709792
2014-06-26,22.592500686645508,22.762500762939453,22.450000762939453,22.725000381469727,20.128324508666992,130516000,0.13500022888183594,1,1438862981.5034707,2130129600,-0.09523651259920358,-4979496.8758694865,0.01496486869289886,-0.008068205707888531,34253599.52637229,23.029677862212118,34.952161773599286,1139.611086192659,22.938910675048827,23.538457267064445,22.33936408303321,5.227332723063938,0.32160661370790605,0.0,0.0,22.841500091552735,23.14600028991699,22.536999893188476,2.6662014065956026,0.3087033921343389,0.0,0.0,22.23214340209961,23.762500762939453,22.99732208251953,6.671447404450849,0.3220535229102584,0.3301138950316718,2.7883445614215265,0.2560684044158563,0.40443045512613396,-0.14836205071027764,22.896458466847736,22.745219744168796,22.79012518555977,22.534056781143914,0.8748258700229196,1.093330532885732,-0.21850466286281234,0.2767539264220001,25.585212290601255,0.5260894775390632,52.92696834220991,86.85722819501171,-33.930259852801804,22.800000190734863,22.632322311401367,22.716161251068115,21.0121431350708,0.04882812499830405,33.14325119176972,22.110517207106728,19.780894001572673,-86.6663251705242,20.592142581939697,19.97607135772705,52.0,0.0,52.0,,23.29888591422537,0.0,0.0,55.52231077135429,0.11826546404760992,0.04451113685244063,0.01653348411855932,21.728061223713777,43.87756074896868,23.14814160717389,12.716015117697319,-76.85185839282612,0.3406251739053161,-3.5543750388552717,1.136361760791025,1.8086477814696247,-0.6722860206785997,-15.511993398833365,-11.069738202764718,-4.442255196068647,22.865214792111797,0.5976105709161406,0.595831961531168,15.036252348866807,3.4744923640021987,-6797991.33939907
2014-06-27,22.704999923706055,23.0,22.6924991607666,22.9950008392334,20.367477416992188,256116000,0.2700004577636719,1,1686651426.6122978,2386245600,0.00835406549641124,5610636.569340523,0.028815004833359234,-0.0068385513635765005,37296567.01063195,22.988944524364992,33.72822480425964,1139.611086192659,22.95830354690552,23.538447579629942,22.378159514181096,5.053892867468588,0.5316277426448263,0.0,0.0,22.842750104268394,23.139000256856285,22.546499951680502,2.593822120678316,0.7569631334111047,0.0,0.0,22.23214340209961,23.762500762939453,22.99732208251953,6.665812034905846,0.49848320180270905,0.3278525894518445,2.861679241046988,0.25344373144733723,0.37423311039037466,-0.12078937894303743,22.85729185740153,22.796799439650314,22.821644516894175,22.568200785446837,0.9380721270956681,1.0920838830094712,-0.15401175591380312,0.25457069130685434,25.643050310994152,0.11419668197631694,48.61154069262169,79.58371588680237,-30.97217519418068,22.793749809265137,22.668750762939453,22.731250286102295,21.0121431350708,0.024414062499152026,31.953970115823513,25.765211720948894,18.46944924882397,-18.58700272818053,20.592142581939697,19.97607135772705,48.0,0.0,48.0,,23.210247360949804,0.0,0.0,60.85560270224923,0.3011551104777954,0.14489617367837246,0.06483220867801681,21.618466226555967,45.15441817983898,43.148169864182684,26.481479650008698,-56.851830135817316,0.26437602323644427,-2.002980227139088,1.1230125691312134,1.6715207390019424,-0.548508169870729,-12.078999691832582,-11.271590500578291,-0.8074091912542904,22.868270530298513,1.188120806298576,1.181118063834008,16.40302199780981,3.681975561172589,132731498.31103994
2014-06-30,23.024999618530273,23.4325008392334,23.022499084472656,23.232500076293945,20.577842712402344,197929200,0.23749923706054688,1,1691479057.907568,2584174800,0.009959753933046291,11524550.486863934,0.0789743632600901,-0.00513117911247196,39340838.90784366,22.95121571093808,32.27382895111229,1151.3813298820924,22.997339248657227,23.53973827640467,22.454940220909783,4.717058976978068,0.7167784376507184,0.0,0.0,22.862333488464355,23.167083740234375,22.557583236694335,2.6659592899717612,1.107327780173479,1.0,0.0,22.412500381469727,23.762500762939453,23.08750057220459,5.8702459744274575,0.6074070097161725,0.3388173305066601,2.873905661542962,0.26744492416974097,0.35287547314624795,-0.08543054897650698,22.870625178019207,22.856195083031288,22.88485306449414,22.6174081403244,0.9065820900478578,1.064755863574847,-0.15817377352698925,0.23741253257320943,25.71081831312071,-0.1773395538330078,44.33102409402066,72.35538663783682,-28.024362543816153,22.922500610351562,22.711071968078613,22.816786289215088,21.062321662902832,0.012207031249576013,31.953227783402223,32.50542932821,16.766282040370985,74.20464511494703,20.707499980926514,20.021071434020996,44.0,0.0,44.0,22.412500381469727,,1.0,0.0,64.84842787986126,0.4898892696384849,0.30310328138796344,0.16417019730625884,22.734114254081163,45.818400966579425,64.1878353723174,43.494715614558,-35.812164627682606,0.2915188340579782,0.6934655794772678,1.1824737941254884,1.5737113500266517,-0.3912375559011634,-11.487640525453207,-11.314800505553276,-0.17284001989993136,22.877210680914008,1.0328298690702065,1.027532624505989,17.60526717750355,3.7642333400975545,9577835.754832268
2014-07-01,23.3799991607666,23.517499923706055,23.282499313354492,23.3799991607666,20.708486557006836,152892000,0.14749908447265625,1,1665454359.6412215,2737066800,-0.04801570901422094,13099818.992053851,0.026513829765185765,-0.002622751419287833,40311523.50696713,22.938088373980737,38.67507486982982,1158.691248809406,23.02787494659424,23.584068242074807,22.47168165111367,4.830608962142448,0.8165484167407276,0.0,0.0,22.896833419799805,23.202583885192873,22.591082954406737,2.67067903921311,1.2901308348715788,1.0,0.0,22.412500381469727,23.762500762939453,23.08750057220459,5.862461840706618,0.7166655599338221,0.333435582197205,2.8717770546643693,0.2871330229367359,0.33972698310434557,-0.052593960167609644,22.917291800181072,22.911840658921463,22.961029386997595,22.67389636406086,0.9561267189090095,1.0208671379825671,-0.06474041907355765,0.2251586695187136,25.654367839967833,0.022124290466308594,41.698871280251815,65.40985279252922,-23.710981512277407,22.96500015258789,22.874643325805664,22.919821739196777,21.15267848968506,0.2132636909482993,32.13572175648559,32.34251652027849,15.74753319889546,113.01709260528487,20.839821338653564,20.108214378356934,40.0,0.0,40.0,22.432900390625,,0.0,0.0,67.09337355001821,0.9991980342680785,0.596747471461453,0.348248975509263,24.365768838549215,51.27443257906109,86.5770483297263,64.63768452207546,-13.422951670273703,0.35753346611472026,2.4539854225738478,1.2663594219820755,1.5122409644177366,-0.24588154243566107,-12.674107976372204,-11.58666199971706,-1.0874459766551432,22.903806360682943,0.6348825308868156,0.6328756415277859,18.351922474216288,3.746903263184457,-16965971.691571683
2014-07-02,23.467500686645508,23.514999389648438,23.272499084472656,23.3700008392334,20.699623107910156,113860000,-0.009998321533203125,0,1643153418.0020835,2623206800,-0.09526117066344601,11065786.437507516,-0.0013312132565200592,0.002282865480656083,40262831.93593915,22.936185784116617,40.312249294798775,1158.1957411926758,23.0449107170105,23.620757692718854,22.469063741302143,4.997606480491125,0.7822712768639646,0.0,0.0,22.936916732788085,23.243417167663573,22.630416297912596,2.6725513149493985,1.2064983555753332,1.0,0.0,22.412500381469727,23.762500762939453,23.08750057220459,5.85812806153868,0.7092593979279136,0.3243420544950626,2.817504550595897,0.2984884134388679,0.33147926917125003,-0.03299085573238214,22.94395860036214,22.95130494924692,23.02394807195695,22.725459658518083,1.04071137063481,0.9862391000119428,0.05447227062286708,0.21615838370356724,25.61072242278764,-0.024910259246826882,38.78030331469317,58.922007675224194,-20.141704360531023,22.96500015258789,22.99732208251953,22.98116111755371,21.23767852783203,0.1177572183383047,32.25952663007597,30.636728375123223,15.134481788119736,97.38197603440348,21.08107089996338,20.30696392059326,36.0,12.0,24.0,22.476284371948243,,0.0,0.0,66.78202765738871,0.9792710141066985,0.8227861060044207,0.5742122862846123,25.60002077772329,53.320381204108074,86.65166103380065,79.13884824528145,-13.348338966199352,0.4640302265391618,1.38829333086633,1.3134537999410139,1.4724835315223923,-0.15902973158137845,-15.179277999945892,-12.305185199762827,-2.8740928001830657,22.925483795078076,-0.042764422121888135,-0.0427735687086539,18.301309958500056,3.6112333612127614,-30165359.631116807
2014-07-03,23.417499542236328,23.524999618530273,23.299999237060547,23.50749969482422,20.82141876220703,91567200,0.1374988555908203,1,1720476917.5824676,2714774000,-0.11202792259215812,11283586.262100123,0.004607326715215024,0.006922750214491394,40801573.26060865,22.960756892990467,46.38415572171106,1165.010057976816,23.064303588867187,23.674038086301543,22.45456909143283,5.287256951722285,0.8634336812349593,0.0,0.0,22.98550001780192,23.290500322977703,22.68049971262614,2.653849643815128,1.3557363192168812,1.0,0.0,22.412500381469727,23.762500762939453,23.08750057220459,5.853202444496753,0.8111103732892148,0.314407887192529,2.6886881694483105,0.31495207922483104,0.32817383118196625,-0.013221751957135208,22.984583536783855,22.998282946073093,23.098340629321147,22.783388550096316,1.1096549996385359,0.883194832746731,0.22646016689180481,0.21047790364329594,25.502868692253557,-0.019303512573241477,37.66157364321091,53.17176752573388,-15.51019388252297,22.96875,22.99732208251953,22.983036041259766,21.24642848968506,2.4436175734036056,32.3985375514704,29.32551219058508,14.376829309973498,100.56758706925747,21.156339168548584,20.377857208251953,32.0,8.0,24.0,22.517932994018555,,0.0,0.0,68.91815422029518,1.0,0.9928230161249257,0.8041188645302665,27.28774554077823,62.16738762300013,98.42697207125345,90.55189381159346,-1.5730279287465496,0.5588619007783784,2.1177203621476646,1.3823759294290734,1.4544620111037287,-0.07208608167465536,-18.196494254371025,-13.483447010684467,-4.7130472436865585,22.979997279612387,0.5883562287254618,0.5866321725554347,18.997343084304696,3.7126499056193296,-25529529.34199427
2014-07-07,23.53499984741211,23.997499465942383,23.524999618530273,23.99250030517578,21.25100326538086,225872000,0.4850006103515625,1,1941569358.6181278,2940646000,0.005971971688088872,25321367.919132695,0.07295476015543734,0.010338600880164332,45461705.5283312,23.03758061379107,48.39008591383422,1165.010057976816,23.11112508773804,23.84276941242797,22.379480763048107,6.331533596156391,1.1023249191547184,1.0,0.0,23.082999928792315,23.394000180562337,22.771999677022297,2.694625938824332,1.9622180708972972,1.0,0.0,22.412500381469727,23.997499465942383,23.204999923706055,6.85816496797727,0.9968459535304622,0.3319670755850925,2.625094412778689,0.36295127256979853,0.3351293194595327,0.027821953110265807,23.063541889190674,23.048296708327072,23.235903656375704,22.872952383805906,1.1314424632468256,0.8008110039962644,0.33063145925056125,0.2110480528998202,25.36399067929583,-0.1461249351501479,39.75529379200894,48.56948861663414,-8.814194824625197,23.204999923706055,23.114821434020996,23.159910678863525,21.363927841186523,51.2218087867018,33.49459295706625,36.37617931526803,12.866224310384315,169.5918387695562,21.282053470611572,20.50357151031494,100.0,4.0,96.0,22.578356991489258,,0.0,0.0,75.02014626911196,1.0,0.9930903380355662,0.9362331533883043,30.95848273786243,67.18875814598059,99.68459535304622,94.92107615270011,-0.31540464695377596,0.6642883693470658,4.11152191687999,1.5868142707574941,1.4809324630344818,0.10588180772301237,-14.514216625314436,-13.689600933610462,-0.8246156917039738,23.27589045703388,2.063173951495778,2.042178804224326,21.45246526979212,4.097905284209393,130409877.33432776
2014-07-08,24.0674991607666,24.200000762939453,23.479999542236328,23.837499618530273,21.113706588745117,260888000,-0.1550006866455078,0,1939757252.4425673,2679758000,-0.061837794052532806,15927198.339603277,0.021733669461317176,0.011384142645348079,43776269.72034039,23.11789822147463,51.391222949807684,1165.010057976816,23.131750106811523,23.918784062672387,22.34471615095066,6.804793863211486,0.9483602686156,0.0,0.0,23.19149990081787,23.54900016784668,22.833999633789062,3.083028424704866,1.4034954338374626,1.0,0.0,22.412500381469727,24.200000762939453,23.30625057220459,7.727475756118288,0.7972022002528903,0.3707704900968957,2.5577902917280904,0.3840565542037382,0.3449147664083739,0.03914178779536431,23.136250178019207,23.095618101266716,23.32845688132256,22.94440032711882,1.0903898240999899,0.7766233951531784,0.3137664289468115,0.2139677648102743,25.391815528383177,-0.4042491912841797,40.422254847452464,45.111238149212355,-4.68898330175989,23.30625057220459,23.21607208251953,23.26116132736206,22.113036155700684,75.61090439335089,34.83608547400001,35.19987316508353,11.031957817729106,147.4147630187841,21.842856884002686,20.633928298950195,100.0,0.0,100.0,22.69188838944551,,0.0,0.0,70.27200940744989,0.793078895544929,0.9310262985149764,0.9723132175584895,32.47849373527644,62.54738724313186,79.72022002528904,92.61059581652957,-20.279779974710962,0.7183115061591643,3.7992573923151585,1.6738574498711472,1.519517460401815,0.15433998946933225,-10.026497809449452,-12.956980308778261,2.930482499328809,23.39302539317302,-0.6460380730393123,-0.6481339305665745,20.66783610350442,3.6424011717983333,97948703.2063792
2014-07-09,23.860000610351562,23.987499237060547,23.690000534057617,23.84749984741211,21.1225643157959,145744000,0.010000228881835938,1,1948330428.9131556,2825502000,-0.0556355046705739,13860094.770824851,-0.000255209696095814,0.012711970441818984,43837411.76046535,23.165330972804465,56.825741766884875,1165.498799137418,23.146000099182128,23.973019229967704,22.318980968396552,7.146108418229888,0.9241133742357535,0.0,0.0,23.30724989573161,23.655750147501628,22.95874964396159,2.9904879668694195,1.2751069747246837,1.0,0.0,22.412500381469727,24.200000762939453,23.30625057220459,7.722718283116609,0.8027967326991512,0.36344331138749914,2.4947609608620014,0.3970130574550481,0.35533442461770876,0.04167863283733936,23.229583422342937,23.14929940150334,23.408309645336335,23.011296587881287,1.155385274491814,0.8020517194496666,0.3533335550421475,0.217967028789489,25.35527507105166,-0.4384996414184563,42.22258385948246,42.93449042955022,-0.7119065700677609,23.325000762939453,23.30625057220459,23.31562566757202,22.17071533203125,87.80545219667545,36.081757096867065,33.10007833119633,10.373863172765798,138.66607614086635,21.902053833007812,20.633928298950195,96.0,64.0,32.0,22.842699626794904,,0.0,0.0,70.40216602482573,0.7987510469180297,0.8639433141543197,0.9293533169016208,33.72176013569074,58.893506949871,80.27967326991512,86.56149621608347,-19.720326730084885,0.7389187083524824,4.927945822321303,1.7252963384259357,1.560673236006639,0.16462310241929656,-11.215451284521802,-12.60867450392697,1.3932232194051686,23.52705297124088,0.04195166876506118,0.04194287151277898,20.71845827441252,3.6558692134961603,-49630941.17772952
2014-07-10,23.440000534057617,23.887500762939453,23.3799991607666,23.760000228881836,21.04506492614746,158744000,-0.08749961853027344,0,2027311351.5483327,2666758000,-0.013890463611020766,9895789.882997056,-0.06553809260578988,0.008030678112833992,43254959.11206006,23.207552352302123,56.361745725663226,1165.498799137418,23.160750102996825,24.019899343393902,22.30160086259975,7.419010494706814,0.8487462350592618,0.0,0.0,23.418916575113933,23.791917101542158,23.04591604868571,3.185463556624061,0.9572160487735083,0.0,0.0,22.412500381469727,24.200000762939453,23.30625057220459,7.7178000432656,0.7538459076043172,0.37784914046603435,2.414870469896079,0.39565977211443126,0.3633994941170533,0.03226027799737796,23.317291736602783,23.187403825613167,23.46241588895872,23.06675611684429,1.0875065649117706,0.8322802275242642,0.25522633738750633,0.22130150962183964,25.35324200613996,-0.5907504081726067,43.56585867841953,41.89436713357352,1.6714915448460133,23.446249961853027,23.30625057220459,23.37625026702881,22.32410717010498,93.90272609833772,35.787099692794946,29.83089638260547,15.382312973005163,100.96881972627722,21.99062490463257,20.633928298950195,92.0,60.0,32.0,22.978429740409357,,0.0,0.0,67.61276906014004,0.6771907133571425,0.7563402186067004,0.8504366104253321,33.940552822727014,61.867686853607744,75.38459076043173,78.46149468521197,-24.615409239568272,0.7266615026137409,4.6350313768608356,1.7152813777118157,1.5915948643476745,0.12368651336414116,-11.529236694259112,-12.3927869419934,0.8635502477342882,23.58187589287781,-0.36691317366658316,-0.36758795112219467,20.275526347956507,3.5375324683720635,16516064.738093257
2014-07-11,23.84000015258789,23.97249984741211,23.71500015258789,23.80500030517578,21.08492088317871,136072000,0.04500007629394531,1,1986357916.8056583,2802830000,0.014603723088008723,9356855.668493154,0.03973995071426874,0.011042628626520097,43512671.667720154,23.30281557789161,68.4500892195677,1167.7061869478748,23.197375106811524,24.099719780537935,22.295030433085113,7.779713606143761,0.8366924059378267,0.0,0.0,23.537416521708174,23.904917017618818,23.169916025797527,3.1226918686824097,0.8640590780762779,0.0,0.0,22.412500381469727,24.200000762939453,23.30625057220459,7.705614851849582,0.7790207700885117,0.36581419590185277,2.2311891541525983,0.39368031222583255,0.3694556577388092,0.024224654487023378,23.42020845413208,23.217239013085,23.515121183761345,23.121440871535512,1.1794490545862977,0.8225567682274607,0.35689228635883696,0.22398036042176492,25.34862315411237,-0.6073749542236335,45.199362672482295,41.51523624244692,3.684126430035377,23.611249923706055,23.30625057220459,23.458750247955322,22.463035583496094,96.95136304916886,35.69772818522536,29.993649158984464,14.594671837925544,113.32095082296746,22.14473247528076,20.70035743713379,88.0,56.00000000000001,31.999999999999993,23.100586842662366,,0.0,0.0,68.30821406256979,0.7074978111058268,0.7278131904603331,0.782698907740451,34.318438688173586,62.01005848867354,77.90207700885117,77.85544701306601,-22.097922991148838,0.7492036482867057,5.471868086178018,1.7026634041241218,1.613808572302964,0.08885483182115772,-12.691828579850274,-12.452595269564776,-0.23923331028549732,23.632179129576546,0.1893942586719488,0.18921513387826217,20.50332128944701,3.6100561199089682,-4657636.599869549
2014-07-14,23.96500015258789,24.22249984741211,23.912500381469727,24.112499237060547,21.357290267944336,171240000,0.3074989318847656,1,2036071871.8536806,2974070000,0.05986915123290573,15542464.443843741,0.04050596588485845,0.015538229042413419,45724648.833059594,23.400639816285747,75.78165227751988,1167.7061869478748,23.26200008392334,24.229744034549686,22.294256133296994,8.32038472302445,0.9394236474362585,0.0,0.0,23.656083170572916,24.02383352915446,23.288332811991374,3.109139885329849,1.1205514907559608,1.0,0.0,22.412500381469727,24.22249984741211,23.317500114440918,7.780927948638845,0.9392261641943136,0.3709827305353003,2.0094029687562447,0.4121728973383867,0.3779991056587247,0.034173791679662,23.547083377838135,23.25542581998385,23.60702549965353,23.194852602315144,1.2058258949817469,0.7135925080821589,0.49223338689958795,0.22829269374543432,25.36527907065832,-0.5369997024536133,47.64641277092211,41.88361276210263,5.762800008819482,23.747499465942383,23.317500114440918,23.53249979019165,22.474285125732422,98.47568152458443,36.11600111646388,32.44642547624294,13.396897639912106,135.89437231483132,22.192321300506592,20.72678565979004,100.0,52.0,48.0,23.210528234690074,,0.0,0.0,72.63271273576126,0.8959570042045771,0.7602151762225157,0.748122861763183,35.98868265446938,64.68135380781003,93.92261641943136,82.40309472957144,-6.077383580568643,0.7439726773430344,6.739703737001703,1.7770015805025918,1.6464471739428896,0.13055440655970219,-11.934008983207054,-12.348878012293232,0.4148690290861783,23.74249885640314,1.2917409281356207,1.2834691124718578,22.05991201030557,3.889972043304514,45665006.536079794
2014-07-15,24.200000762939453,24.212499618530273,23.75749969482422,23.829999923706055,21.10706901550293,181911600,-0.2824993133544922,0,1912132293.1623316,2792158400,0.017531920286191976,5980697.795977917,-0.02063513376177511,0.014706869830033721,43593393.10606173,23.488700223502214,74.67698957352417,1167.7061869478748,23.301000118255615,24.293965492801345,22.308034743709886,8.522942101251454,0.7663737422326791,0.0,0.0,23.72649981180827,24.098749987284343,23.354249636332195,3.1378431578922688,0.6390195609248787,0.0,0.0,22.412500381469727,24.22249984741211,23.317500114440918,7.767904625365432,0.783149149438175,0.37938444985237574,1.6936387489261513,0.39942870515227114,0.38228502555743404,0.01714367959483709,23.639166673024494,23.2851923429049,23.641329257200073,23.241900552047802,1.1931004254108888,0.7249642018034906,0.46813622360739815,0.23060111256326268,25.319136344664656,-0.3059992790222168,48.29698089460413,42.61673605258622,5.680244842017913,23.747499465942383,23.317500114440918,23.53249979019165,22.474285125732422,97.26754921786605,35.82903541367001,29.595736868650796,15.212858328613468,98.57923744919347,22.307857513427734,20.760536193847656,96.0,48.0,48.0,23.33196482821672,,0.0,0.0,63.993338439058725,0.5099495461241315,0.7044681204781785,0.7308321623870091,34.72282121972731,59.05600409786855,78.3149149438175,83.37986945736668,-21.685085056182498,0.7195744738859275,4.862484152639926,1.718571612755129,1.6608720617053376,0.0576995510497913,-10.726438591431336,-12.024390128120855,1.297951536689519,23.74937265302787,-1.1715886875811488,-1.178505868196078,20.629871889121333,3.429145840742134,41061021.406234086
2014-07-16,24.24250030517578,24.274999618530273,23.684999465942383,23.69499969482422,20.98748779296875,213585200,-0.13500022888183594,0,1705787433.2754793,2578573200,-0.027831491556196467,1007162.2700135428,-0.0013812138121454657,0.017119205453593165,42383403.5559951,23.57968639343495,72.37081654720605,1167.7061869478748,23.33475008010864,24.333088182544053,22.33641197767323,8.556664194029059,0.6804246546519466,0.0,0.0,23.77566649119059,24.1834166208903,23.367916361490884,3.429978544246383,0.40108305247409626,0.0,0.0,22.412500381469727,24.274999618530273,23.34375,7.981654959519821,0.6885905174267731,0.4004460201259272,1.3659368819431652,0.3741227960910649,0.3806525796641602,-0.006529783573095305,23.6974999109904,23.29557697589581,23.649586247603786,23.27546345151272,1.1929668565185896,0.683047959223687,0.5099188972949026,0.22984574993649037,25.369253856240547,-0.10225000381469584,48.82617066310921,43.732943535743566,5.093227127365644,23.78749942779541,23.34375,23.565624713897705,22.500535011291504,87.01348751800882,35.25543017362393,26.3614555587239,14.893242671427192,82.18663063440877,22.474553108215332,20.86589241027832,100.0,44.0,56.0,23.438829030520168,,0.0,0.0,60.30200265871935,0.2451396150057141,0.550348721778141,0.6716773394929451,32.512017262418055,47.257479133308564,68.2191623337601,80.15223123233632,-31.780837666239908,0.7009389148038956,3.044134942567615,1.6073699106805537,1.650171631500381,-0.04280172081982725,-8.25331192773645,-11.270174488043976,3.0168625603075263,23.74762805011493,-0.5665137612843152,-0.5681245368839516,19.94648706464981,3.4060342391976306,64329361.61954105
2014-07-17,23.75749969482422,23.81999969482422,23.142499923706055,23.272499084472656,20.613265991210938,229192000,-0.4225006103515625,0,1564550496.6557808,2349381200,-0.09321232446724997,-12970112.323944865,-0.14743220964659656,0.005519414143629208,38296728.6821884,23.612567515329957,64.5209989431321,1167.7061869478748,23.346125030517577,24.336147976280213,22.35610208475494,8.481261403924618,0.46281604059782433,0.0,0.0,23.778249804178873,24.22949988047282,23.326999727884928,3.7954860430025517,-0.06038851434649958,0.0,1.0,22.412500381469727,24.274999618530273,23.34375,7.9777660516506534,0.46174445921395696,0.4281513952251509,1.3528634157701673,0.31632896912229214,0.3677878575557866,-0.05145888843349444,23.700833161671955,23.284423094529373,23.591572837891306,23.275243868769014,1.0829105808762376,0.7944166016092079,0.2884939792670297,0.22300690872925014,25.528359891155088,0.03387413024902486,47.72180895422305,44.85074745918936,2.8710614950336932,23.708749771118164,23.34375,23.526249885559082,22.500535011291504,62.4176528946347,32.82591322270044,23.223046569952047,22.653175415689724,8.442552365914528,22.620803833007812,21.0121431350708,96.0,40.0,56.0,,24.274999618530273,0.0,1.0,50.486707700312074,0.0,0.2516963870432819,0.5021710764332005,27.123349960195853,41.66378581925841,36.65085345540361,61.0616435776604,-63.34914654459639,0.6440155702478769,0.172168333357826,1.3590790752003503,1.591953120240375,-0.23287404504002462,-5.5773578807008155,-10.131611166575343,4.554253285874528,23.743526334931225,-1.7830791972698434,-1.7991675871161572,17.807746205944074,3.069941779149346,59877761.26242998
2014-07-18,23.405000686645508,23.684999465942383,23.2549991607666,23.607500076293945,20.909988403320312,199952000,0.33500099182128906,1,1692427394.5106804,2549333200,-0.060815525656113326,-1548079.3752884008,-0.0024194390028386948,0.003288382441043641,41174980.737264924,23.67880190809426,63.81882546924966,1184.5149847208818,23.37825002670288,24.3583671217545,22.398132931651258,8.384862801382667,0.6169503372344463,0.0,0.0,23.785416475931804,24.257166544596355,23.313666407267256,3.966716909429846,0.3114293866013484,0.0,0.0,22.412500381469727,24.274999618530273,23.34375,7.966803481583014,0.641610837226545,0.4283362862202139,1.3149915652198467,0.2941677425641558,0.35306383455746043,-0.058896091993304645,23.719791571299236,23.28990386082576,23.59402318226094,23.299855439696785,1.059677156212533,0.8603400565580529,0.19933709965448,0.21483818178563097,25.54510262763973,-0.008249187469481,46.921224121628626,45.6469619402582,1.2742621813704247,23.708749771118164,23.34375,23.526249885559082,22.500535011291504,35.39528533133638,30.569933196842925,21.475503821395026,20.94851567992963,21.37356176078892,22.620803833007812,21.0121431350708,92.0,36.0,56.0,,24.274999618530273,0.0,0.0,56.52866965325859,0.24627456668998327,0.16380472723189918,0.3219499453511074,24.612617401648784,44.01987174511335,46.706646098274476,50.5255539624794,-53.293353901725524,0.5476005329805282,0.9730578430007278,1.2625303333984288,1.526068562871986,-0.2635382294735571,-4.668138958425913,-9.038916724945457,4.370777766519544,23.74239739401228,1.4394715006984304,1.429209471779691,19.503555138193796,3.657112430342387,16497383.286926597
2014-07-21,23.747499465942383,23.75,23.43000030517578,23.485000610351562,20.801488876342773,156316000,-0.12249946594238281,0,1589845368.9045007,2393017200,0.019474475394252976,-4062443.2528542737,0.024565771855304407,-0.0005979455164410506,40363856.03298173,23.70736977413027,63.24556590339726,1178.368529036878,23.41612501144409,24.350189098334575,22.482060924553608,7.977956100200021,0.5368687758549627,0.0,0.0,23.757083193461103,24.213583246866865,23.30058314005534,3.843064821454249,0.20199063386779192,0.0,0.0,22.412500381469727,24.274999618530273,23.34375,7.95391738022535,0.5758392849462255,0.4175026270806145,1.4638368540200652,0.26368058210794487,0.3351871840675573,-0.07150660195961245,23.729374885559082,23.305769260113056,23.577250478890267,23.313569896782322,1.0393071762731672,0.916737392798317,0.12256978347485015,0.20466985772226765,25.50644326256626,0.09137468338012766,43.33653736284254,45.970771108634885,-2.6342337457923435,23.708749771118164,23.34375,23.526249885559082,22.500535011291504,17.69764266566819,28.673069540894684,21.409365420825285,19.75701206580319,23.545564588703396,22.620803833007812,21.0121431350708,88.0,32.0,56.0,,24.25234962463379,0.0,0.0,53.93679437965059,0.14062792990323525,0.1289674988644062,0.18148953771319576,21.74899937299772,38.770272331875695,30.242894387593555,37.86679798042389,-69.75710561240645,0.4186394186580884,0.4920828711529322,1.1310176145281696,1.4470583732032227,-0.3160407586750531,-5.746367084337072,-8.380406796823781,2.634039712486709,23.729350200358304,-0.5189006271163477,-0.5202515918900641,18.883450441155382,3.4151237737539653,-14913114.635189563
2014-07-22,23.670000076293945,23.72249984741211,23.530000686645508,23.68000030517578,20.974205017089844,220788000,0.19499969482421875,1,1713143188.7509212,2613805200,0.08103872228564474,2668419.014817709,0.0031605506674139776,-0.002266036880567607,42197093.90830344,23.720962335199456,64.26196442120435,1178.368529036878,23.464750003814697,24.34595057201641,22.583549435612984,7.510845570981621,0.6221346814382741,0.0,0.0,23.73758322397868,24.14133307139079,23.33383337656657,3.401777203706728,0.42868985688541517,0.0,0.0,22.412500381469727,24.274999618530273,23.34375,7.937434819283213,0.6805371505582262,0.3995022880786077,1.540331892138205,0.2523452544760012,0.31861879814924615,-0.06627354367324495,23.74374993642171,23.33884620666504,23.593058144472653,23.340712889996652,1.0132085714471468,0.9360886270991399,0.07711994434800695,0.1948663525262496,25.412446177782947,0.5277503013610847,41.15622517339502,45.85228681018072,-4.6960616367857,23.708749771118164,23.34375,23.526249885559082,22.500535011291504,8.848821332834095,26.911696146085603,20.478396068362194,18.897893994437325,33.90717352536241,22.67214298248291,21.0121431350708,84.0,28.000000000000004,56.0,,24.230152630615237,0.0,0.0,57.29357508519553,0.27745264349286963,0.22145171336202943,0.17140797981944492,20.5001587364027,41.33443206255783,47.46141512675241,41.47031853754015,-52.53858487324759,0.3174357582541063,0.7338109649727783,1.0811377341612867,1.3738742453948356,-0.29273651123354893,-3.8022391389128947,-7.464773265241604,3.6625341263287092,23.728716265498893,0.8303159027309936,0.8268877435341881,19.870558635883604,3.6679099364383774,75453846.69019404
2014-07-23,23.854999542236328,24.469999313354492,23.792499542236328,24.297500610351562,21.521141052246094,371672000,0.6175003051757812,1,1895551839.3723934,2985477200,0.16156172581691772,35074012.50202846,0.09205342770890396,0.00440429461696268,51889136.58007352,23.797402952151202,71.74888107113802,1178.368529036878,23.551125049591064,24.40274171142743,22.699508387754697,7.232067767829667,0.9382109898783954,0.0,0.0,23.772083218892416,24.21383317311605,23.330333264668784,3.71654389862274,1.0946999953656542,1.0,0.0,22.412500381469727,24.469999313354492,23.44124984741211,8.736308467439823,0.916160975673065,0.438551960088618,1.5402894889165075,0.28984785398663604,0.31286460931672416,-0.023016755330088123,23.769166628519695,23.386827028714695,23.701433908454025,23.41158605446739,1.0370227873934792,0.8289165990496853,0.2081061883437939,0.19058132373982378,25.518051207293958,0.286374568939209,41.40243082315226,45.61190593737325,-4.209475114220993,23.806249618530273,23.44124984741211,23.62374973297119,22.598034858703613,6.515365723522103,27.143487868237916,30.47087810765724,16.350928712816177,127.75827075171351,22.742321491241455,21.0121431350708,100.0,24.0,76.0,23.142499923706055,,1.0,0.0,65.79428840447949,0.6239476240250582,0.34734273247372105,0.23258731490005222,22.494252582613715,45.867683475591264,87.00574144530397,54.903350319883316,-12.994258554696032,0.3123128610498789,1.2712318486872545,1.238053044814225,1.3467100052787138,-0.1086569604644887,3.5813332316526703,-5.255551965862749,8.83688519751542,23.74530497114045,2.6076870659533347,2.574266661212521,22.996407689317543,4.193304074528655,196081474.5005908
2014-07-24,24.260000228881836,24.329999923706055,24.104999542236328,24.25749969482422,21.485715866088867,182916000,-0.04000091552734375,0,1960588467.0840027,2802561200,0.1634951046939702,29018181.07822445,0.010609433601451546,0.004833016537408146,51588002.418912835,23.83650291495177,72.69769862446633,1176.4285838241592,23.63450002670288,24.41711500601359,22.851885047392173,6.622648910926728,0.8980243699590622,0.0,0.0,23.827583185831706,24.241083017985027,23.414083353678386,3.4707660355515575,1.0198508869443812,1.0,0.0,22.450000762939453,24.469999313354492,23.460000038146973,8.546821587648529,0.8948020935526849,0.41719680222672884,1.5409177898553024,0.3127361668490636,0.31283892082319203,-0.00010275397412845555,23.80416663487752,23.434423153217022,23.786982490972516,23.474246324123452,1.081449894404525,0.8522992400039604,0.2291506544005646,0.18942923435438802,25.570032501814065,0.21299982070922852,41.78135198143706,45.232126971701554,-3.4507749902644917,23.806249618530273,23.44124984741211,23.62374973297119,22.688570976257324,8.298562529613907,27.35872303880792,29.261271362488174,15.701843589935166,129.3039620899886,22.78803586959839,21.0121431350708,96.0,20.0,76.0,23.169049911499023,,0.0,0.0,64.89317670944271,0.587217685312645,0.4962059842768576,0.3550001433708694,23.69545986723863,48.849293482774954,83.99248841940712,72.81988166382116,-16.00751158059288,0.4258443720200482,1.7619300808187737,1.3322522160282453,1.34381844742862,-0.011566231400374827,2.0067006199559487,-3.8031014486990093,5.8098020686549585,23.762688124860873,-0.16462975418262138,-0.16476541787806553,22.79391900568517,3.797878382074728,-81295058.02755359
2014-07-25,24.212499618530273,24.459999084472656,24.15999984741211,24.417499542236328,21.62743377685547,173876000,0.15999984741210938,1,2085200005.7587736,2976437200,0.16826727702525468,28847031.419710662,0.015959562745670324,0.0007619310081390732,52734869.7308215,23.86795139820727,72.22785980953762,1184.1881796716766,23.71912498474121,24.454665873529052,22.98358409595337,6.202091259783183,0.9747353737506195,0.0,0.0,23.87908312479655,24.296832911173503,23.4613333384196,3.4988762691910176,1.14442452754954,1.0,0.0,22.6924991607666,24.469999313354492,23.581249237060547,7.493953312912585,0.970464266322718,0.4054770457101107,1.5409177898553024,0.3398681813713189,0.31824477293281744,0.021623408438501468,23.85166660944621,23.487211594214806,23.88398511424387,23.54411693287255,1.0594379003901104,0.9056225281062061,0.1538153722839043,0.19137809285170004,25.61338040622428,0.04087524414062571,42.159824747803576,44.62250608024394,-2.4626813324403614,23.806249618530273,23.44124984741211,23.62374973297119,22.688570976257324,13.593198918899354,27.81837015705756,30.020124977623585,14.855091752311766,144.98762138927088,22.78803586959839,21.0121431350708,92.0,16.0,76.0,23.195068899536132,,0.0,0.0,66.84896501162544,0.7388356177614086,0.6500003090330373,0.4978496752612053,25.316946484905333,55.665182967370264,96.0452131633697,89.01448100936027,-3.9547868366303063,0.5593749102424148,2.3901863862935477,1.4435376036414058,1.3637622786711774,0.07977532497022843,0.38133448324835295,-2.966214262309537,3.34754874555789,23.790319532952118,0.6595891968464107,0.6574234255494193,23.603854429830996,3.898039844118916,-7932751.354499936
2014-07-28,24.454999923706055,24.809999465942383,24.387500762939453,24.7549991607666,21.926362991333008,221272000,0.33749961853027344,1,2248862231.147129,3197709200,0.14770575092791988,35394486.30138495,0.05513430279560267,0.0031476905320166086,55793299.831833825,23.933358939926592,71.90668894553316,1184.1881796716766,23.807124900817872,24.594386207024755,23.01986359461099,6.613661326066612,1.102007397337803,1.0,0.0,23.935916455586753,24.36491616566976,23.506916745503744,3.584568912404255,1.4546424926736683,1.0,0.0,23.022499084472656,24.809999465942383,23.91624927520752,7.508258090452236,0.9692306050695448,0.40717921143939256,1.5312138438758633,0.3841753625308115,0.3314308908524163,0.052744471678395244,23.93458318710327,23.556057709913986,24.017987275247368,23.633811912716556,1.1083934659388006,0.8760018212738299,0.23239164466497075,0.19775828859839775,25.617049331937448,-0.0021245956420905543,41.38206569401686,43.85418216906758,-2.4721164750507185,23.97624969482422,23.611249923706055,23.793749809265137,22.85857105255127,26.003759058775668,28.86553036642292,34.01363669169159,13.731966601965285,195.90543777003626,22.78803586959839,21.0121431350708,100.0,12.0,88.0,23.2205675078125,,0.0,0.0,70.57300722161426,0.9069942632610252,0.7443491887783596,0.6301851606960849,27.98185848748319,64.83135219788161,96.70162996854447,92.24644385044043,-3.2983700314555335,0.7200954773846817,4.18770590193547,1.6255327915345716,1.4161163812438564,0.20941641029071523,0.9157694504132242,-2.189817519764985,3.105586970178209,23.833124457875147,1.3822038491143607,1.3727385319679986,25.312311663413833,4.115735453668556,57353826.189694166
2014-07-29,24.832500457763672,24.860000610351562,24.5625,24.594999313354492,21.784650802612305,172572000,-0.15999984741210938,0,2113994163.906015,3025137200,0.11174893015755036,26393632.020101026,0.019394151663241443,0.004551216343397841,54677909.219687775,23.983865452015493,72.23540879893372,1176.5343750068405,23.8752498626709,24.687239273152837,23.06326045218896,6.80193434751432,0.9432012544698102,0.0,0.0,24.009833145141602,24.42308292388916,23.596583366394043,3.4423377809368954,1.208005422273134,1.0,0.0,23.142499923706055,24.860000610351562,24.00125026702881,7.193644868742634,0.8457052744970655,0.39621135133060953,1.532437851578756,0.4017473786025967,0.3454941884024524,0.0562531902001443,24.000416437784832,23.627884571368877,24.106758358033076,23.70501097943048,1.102488451325668,0.8317162829550705,0.2707721683705976,0.20504994526097994,25.618689429788706,0.23724937438964844,41.309168001587,43.01895965112067,-1.7097916495336705,24.00125026702881,23.636250495910645,23.818750381469727,22.88357162475586,50.903911289670766,29.91917318355368,33.08063464815879,12.98736976997657,176.26332897630544,22.78803586959839,21.0121431350708,100.0,8.0,92.0,23.284144786137695,,0.0,0.0,66.74504620253792,0.734143177345127,0.793324352789187,0.7292246168668614,28.87963101013962,59.03981833344485,84.57052744970655,92.4391235272069,-15.42947255029346,0.9037498979007523,3.318626330817337,1.6947782852798694,1.4718487620510592,0.2229295232288102,-0.5581149395263219,-1.8634770037172523,1.3053620641909305,23.87958671419208,-0.6463334794439723,-0.6484312582605067,24.50237623926801,3.7288460102973886,-11410034.392118573
2014-07-30,24.610000610351562,24.674999237060547,24.417499542236328,24.537500381469727,21.73372459411621,132040000,-0.057498931884765625,0,2105021578.2048504,2893097200,0.11690368783739416,21538519.022077385,-0.03217788957437724,0.006934087988498744,54369222.121577464,24.028292654532365,72.79860084906917,1173.7838374269566,23.933124923706053,24.7605239872528,23.105725860159307,6.914258511450775,0.8652260948743069,0.0,0.0,24.075666491190592,24.45566622416178,23.6956667582194,3.156712052895689,1.1076765984387535,1.0,0.0,23.142499923706055,24.860000610351562,24.00125026702881,7.176249203230048,0.8122270160417118,0.38234018567997047,1.5285381526540696,0.40634950057569696,0.3576652508371013,0.04868424973859564,24.035833199818928,23.69826918381911,24.173026361638712,23.766676861063015,1.1360636797896153,0.8392780054578262,0.29678567433178915,0.21171947230924532,25.53769887144976,-0.10312499999999858,41.68078806647614,42.347735108037675,-0.6669470415615351,24.057499885559082,23.636250495910645,23.846875190734863,22.88357162475586,75.45195564483538,30.30066255051776,31.489078592193625,15.071727159920833,127.0722950938141,22.752410888671875,21.0121431350708,96.0,4.0,92.0,23.378696135590527,,0.0,0.0,65.37274174298119,0.6721769465346454,0.7711047957135992,0.7695927790937153,29.16636766396195,60.728562354973285,81.22270160417118,87.49828634080741,-18.777298395828822,0.9568234499763015,1.7625760823496859,1.7097447108452086,1.5194279518098892,0.19031675903531942,-3.3858825224243363,-2.167958107458669,-1.2179244149656672,23.928188040684358,-0.23378301886572972,-0.23405671802323447,24.21131082553629,3.692173175406367,-27760270.622510552
2014-07-31,24.290000915527344,24.362499237060547,23.832500457763672,23.899999618530273,21.169063568115234,227372000,-0.6375007629394531,0,1935564500.9606516,2665725200,0.07548835369304982,-2245529.905515,-0.10460246186658224,-0.003376084338704898,48461944.639453284,24.037973436502508,65.71644158427223,1173.7838374269566,23.9596248626709,24.74612211858692,23.17312760675488,6.565188398599549,0.4620944359995371,0.0,0.0,24.137666511535645,24.502916145324708,23.772416877746583,3.0263872741344393,0.17465142875046902,0.0,0.0,23.142499923706055,24.860000610351562,24.00125026702881,7.168312093739723,0.44104768092041335,0.4146061594825789,1.7733810162714543,0.3544696264389344,0.35702612595746797,-0.0025564995185335393,24.041666507720947,23.749423027038574,24.131022247314338,23.776552620875403,0.9653061631221619,0.887346781421136,0.0779593817010259,0.211901661789759,25.580522588926932,-0.2646251678466811,41.115657396895664,41.702672138622894,-0.5870147417272307,24.145000457763672,23.636250495910645,23.890625476837158,23.096607208251953,81.95339308564898,28.705292934229753,27.5771215694258,23.507946631673683,15.951586077468981,22.793303966522217,21.0121431350708,92.0,0.0,92.0,23.46757440407619,,0.0,0.0,52.48749122296182,0.09034512181529294,0.49888841523168853,0.6877725212448249,24.924426896492314,50.92665804409123,44.10476809204133,69.96599904863969,-55.89523190795867,0.9079705518834729,0.293746097559082,1.4908369269972142,1.5137097468473544,-0.022872819850140225,-1.712770905694454,-2.076920667105826,0.364149761411372,23.926986820033342,-2.5980672563570617,-2.6324132172588666,20.984217430286133,3.064814515499666,95187211.7029168
2014-08-01,23.725000381469727,24.155000686645508,23.702499389648438,24.032499313354492,21.286426544189453,194044000,0.13249969482421875,1,2024545127.0581644,2859769200,0.07647458451314948,1748227.3356258145,-0.03935164579192482,-0.009080199458475132,49537709.12450944,24.030290331621295,59.252579041741974,1180.291201557962,23.98587484359741,24.74482173976424,23.226927947430582,6.328281966912843,0.5307165560545569,0.0,0.0,24.18241653442383,24.54991626739502,23.814916801452636,3.0393962691698198,0.2960308435365753,0.0,0.0,23.142499923706055,24.860000610351562,24.00125026702881,7.160467140951346,0.5181944884032139,0.41839567323402804,1.9373501708759373,0.32035323772586466,0.34969154831114735,-0.02933831058528269,24.069791475931805,23.804903763991135,24.115864872858978,23.795511635133114,0.9297888013207775,0.9797074757873466,-0.04991867446656917,0.20844147516680353,25.64494886301469,-0.7133757591247551,40.430072615016,41.37973161108661,-0.9496589960706103,24.195000648498535,23.655000686645508,23.92500066757202,23.15732192993164,72.20485848029654,26.868609564848914,25.396300561629758,23.920866178727124,-4.776557294726587,22.704286098480225,21.0121431350708,88.0,0.0,88.0,23.55111997645271,,0.0,0.0,54.4950738702839,0.1995572238540416,0.3206930974013267,0.5302287694488715,22.239114767536915,48.90409552352433,51.81944884032139,59.04897284551131,-48.18055115967861,0.801904487609864,1.424349537358275,1.3462758970598305,1.4802229768898498,-0.1339470798300193,-1.7362285624047569,-2.0087822461656124,0.27255368376085554,23.929984194904684,0.5543920374019073,0.5528609409906515,21.65494429823265,3.5388512156689558,16850217.36992097
2014-08-04,24.092500686645508,24.145000457763672,23.792499542236328,23.897499084472656,21.166845321655273,159832000,-0.13500022888183594,0,1959931528.4606707,2699937200,0.004696172530121212,-1583998.9384123874,0.008821777350124483,-0.006976134379053732,48639868.40052567,24.031693089529533,59.70726409270564,1173.6610304600688,23.981124782562254,24.741034918363763,23.221214646760746,6.337568756191728,0.4449765872635751,0.0,0.0,24.221416473388672,24.592166328430174,23.85066661834717,3.0613391702242847,0.06315911589533102,0.0,0.0,23.142499923706055,24.860000610351562,24.00125026702881,7.161885450403807,0.4395917664762095,0.4118061974633596,2.124228751878283,0.2792038751740442,0.3355940136837267,-0.0563901385096825,24.121874809265137,23.849999867952786,24.08227013618416,23.803066261010116,0.9690466309431671,0.9793641057548252,-0.010317474811658123,0.2011647616287251,25.68192994013958,-0.3736247062683091,38.691166074663094,41.10583615567196,-2.4146700810088646,24.28125,23.776249885559082,24.02874994277954,23.181072235107422,50.195518550385906,25.163117864709566,23.816254815498844,22.432615448753907,-10.423449075866966,22.716161251068115,21.0121431350708,84.0,0.0,84.0,23.62965281448664,,0.0,0.0,52.08047646667614,0.0793460619599852,0.12308280254310662,0.3142214383920406,19.29687966309683,47.123925120843595,43.95917664762095,46.627797859994565,-56.04082335237905,0.6481471005608057,2.6855732069487894,1.172974406374634,1.4187732627868066,-0.2457988564121727,-3.138821367831088,-2.2347900704987076,-0.9040312973323803,23.929100048667927,-0.5617402797836291,-0.5633239741105633,20.971559473761147,3.399053698890416,-7297420.510143161
2014-08-05,23.84000015258789,23.920000076293945,23.59000015258789,23.780000686645508,21.062780380249023,223732000,-0.11749839782714844,0,1993831100.058509,2476205200,0.013962205940753257,-5113163.596162557,-0.03152765180066999,-0.009129451378234055,47539830.63298605,24.02167449748316,59.52065854961598,1173.6610304600688,23.97824983596802,24.740742390728528,23.21575728120751,6.3598682971160825,0.3699992884620504,0.0,0.0,24.233333142598468,24.617833073933916,23.84883321126302,3.173314451403766,-0.08950915072785963,0.0,1.0,23.142499923706055,24.860000610351562,24.00125026702881,7.162744146861005,0.3711793351212984,0.4036255700876291,2.32513296039751,0.23440944400137198,0.3153570997472558,-0.0809476557458838,24.136249860127766,23.88019216977633,24.035767143947442,23.80135769994607,0.9452351475987142,1.028029066058596,-0.08279391845988182,0.19028877897414043,25.639987234012843,-0.4932492256164558,36.637636795681715,40.57641459706412,-3.9387778013824075,24.225000381469727,23.94124984741211,24.083125114440918,23.217500686645508,28.2603484946895,23.717257971120514,22.41056261270674,24.73040714284056,-51.76824510963129,22.731250286102295,21.0121431350708,80.0,0.0,80.0,,24.860000610351562,0.0,1.0,50.0037826685484,0.0,0.09296776193800897,0.1789145539608141,16.257279885142662,46.92317333055886,37.117933512129845,44.298853000024074,-62.882066487870155,0.436529411989099,0.730702572462483,0.9848574478669471,1.3319900998028347,-0.3471326519358876,-1.5861419595344077,-2.105060448305848,0.5189184887714402,23.927901498936663,-0.4916765449464622,-0.49288925076376167,20.376770689772705,3.3694823873562605,76552306.51461989
2014-08-06,23.6875,23.8700008392334,23.677499771118164,23.739999771118164,21.027345657348633,154232000,-0.04000091552734375,0,1939749193.7112844,2321973200,-0.0022108831525972125,-5264057.540084089,0.0023402612582509165,0.001568582257826479,47280393.2475583,24.057450122780015,61.028579677293465,1171.686786793897,23.97287483215332,24.740476838521136,23.205272825785503,6.403921196287063,0.3483100232260419,0.0,0.0,24.19091650644938,24.526916567484538,23.854916445414226,2.7779026970357004,-0.17100692473391824,0.0,1.0,23.142499923706055,24.860000610351562,24.00125026702881,7.164350119335422,0.34788914616337113,0.3825131198903896,2.3958731427630116,0.1934518030234358,0.2909760404024918,-0.09752423737905602,24.15749979019165,23.89971138880803,23.990264471204476,23.79681266818104,1.0588235294117647,0.9543525247012867,0.10447100471047799,0.1767851001540757,25.575878451070206,-0.29287452697753835,33.33938554373586,39.63841832620844,-6.29903278247258,24.225000381469727,24.00125026702881,24.113125324249268,23.259821891784668,14.13017424734475,22.374673784216395,21.609323882784725,23.84622764444863,-50.481137515348976,22.816786289215088,21.062321662902832,76.0,44.0,32.0,,24.83460060119629,0.0,0.0,49.28330583813396,0.0,0.026448687319995102,0.08083308393370357,13.59461835786811,43.15939914802397,30.218079271952018,37.098396477234274,-69.78192072804798,0.2579487015219293,1.0857958447495408,0.8129315707985638,1.2281783940019806,-0.41524682320341677,-3.2077126724612626,-2.3255908931369307,-0.8821217793243319,23.91623079286363,-0.16821242376922063,-0.16835405972188688,20.17428200614031,3.4242751591187925,-22167041.50435713
2014-08-07,23.732500076293945,23.987499237060547,23.524999618530273,23.6200008392334,21.02512550354004,186844000,-0.11999893188476562,0,1829663778.4533076,2135129200,-0.05055622327637231,-7715060.809940241,-0.00433203587611415,0.0014319681954496606,46335950.086427584,24.073123942734817,54.24435593226269,1171.686786793897,23.965874862670898,24.74360086424287,23.188148861098924,6.490278414858581,0.2776376109719853,0.0,0.0,24.1389165242513,24.49866650899251,23.77916653951009,2.980663894999474,-0.22121710497248384,0.0,1.0,23.142499923706055,24.860000610351562,24.00125026702881,7.166442687726274,0.27802080036425625,0.39051176975437796,2.6321931687629716,0.1495853398502156,0.26269790029203655,-0.11311256044182094,24.152499834696453,23.908942222595215,23.93330083551662,23.783715495666403,1.0088869254356838,0.9073899152808799,0.10149701015480395,0.16077844556416776,25.612200266603928,0.3316257476806648,30.949320969157117,38.392806795247715,-7.443485826090598,24.192500114440918,24.00125026702881,24.096875190734863,23.42339324951172,7.065087123672375,21.55505328406266,19.77958441705808,24.619027216540278,-63.0995869578744,22.919821739196777,21.15267848968506,72.0,40.0,32.0,,24.809708592224123,0.0,0.0,47.09126013614333,0.0,0.0,0.039805483086001354,10.720695103285019,41.421490347041825,13.286747797879777,26.87425352732055,-86.71325220212023,0.16613245571360835,-0.25337611980211255,0.6289401665499713,1.1083307485115788,-0.47939058196160744,-3.1053139881954297,-2.4815355121486307,-0.623778476046799,23.895141381827607,-0.5054714955421202,-0.5067533240490363,19.56683526562688,3.3580355075686406,42620824.677672595
2014-08-08,23.565000534057617,23.704999923706055,23.31999969482422,23.684999465942383,21.08298110961914,167460000,0.06499862670898438,1,1979724949.0197155,2302589200,-0.00168313176236118,-5057956.404422132,-0.05603944758390987,-0.0043255474787799305,46796774.37270815,24.07195414025447,48.545156745859046,1174.9110894767387,23.959874820709228,24.74429550156523,23.175454139853226,6.5477861359943645,0.3247908542729353,0.0,0.0,24.06133321126302,24.429583295186358,23.69308312733968,3.0609283424990155,-0.010975776721044574,0.0,1.0,23.142499923706055,24.860000610351562,24.00125026702881,7.1682373113277755,0.31586569161488787,0.38996061566712376,2.7891188390200066,0.11869742764456603,0.23389780576254243,-0.1152003781179764,24.101458072662354,23.921057554391716,23.89510062481289,23.776403197168325,0.9385396548721301,0.9727354905764283,-0.03419583570429818,0.14402644755310265,25.68904068824997,0.29762487411499094,27.861722646653114,36.89054645665174,-9.028823809998627,24.09000015258789,24.00125026702881,24.04562520980835,23.546072006225586,3.5325435618361873,21.325004549610956,18.384100742555134,26.638758857158628,-89.45706583535596,22.98116111755371,21.23767852783203,68.0,36.0,32.0,,24.75832023327637,0.0,0.0,48.429285677274756,0.05698151573906146,0.01899383857968719,0.015147508633227431,8.702970063375757,47.05210273141627,23.701269748477838,22.402032272769883,-76.29873025152216,0.06578684414134273,-2.520840123564945,0.4992236490113964,0.9865093286115424,-0.487285679600146,-3.8122443145234075,-2.7476772726235863,-1.0645670418998212,23.875048415202556,0.2751846926314139,0.2748067527524878,19.89586489374171,3.5139942382796256,11090420.381774306
2014-08-11,23.8174991607666,24.020000457763672,23.709999084472656,23.997499465942383,21.361146926879883,146340000,0.3125,1,2104821203.4958122,2448929200,0.017556238641866707,2197644.5104953144,0.07467231943383155,0.0007824360045356105,48727585.05589009,24.097975733210784,47.19088621955757,1190.4128721974619,23.95412483215332,24.73566679223831,23.17258287206833,6.525322595262893,0.5277493954287158,0.0,0.0,23.987166531880696,24.344166882832845,23.630166180928548,2.9765945925932424,0.5144718822182218,0.0,0.0,23.142499923706055,24.860000610351562,24.00125026702881,7.169957987110964,0.49781612833369426,0.3844646532825403,2.8667407758081698,0.11807359411996998,0.21073296343402795,-0.09265936931405797,24.0797913869222,23.93990369943472,23.910854292678966,23.792780698558996,0.9959144829277196,0.9164770285335117,0.07943745439420791,0.12980952638271126,25.628891949044714,0.46337471008300923,25.317338948087258,35.11367656181844,-9.796337613731179,23.997499465942383,24.00125026702881,23.999374866485596,23.546072006225586,1.7662717809180937,20.085919736564822,23.07502677443013,24.98683996016264,-11.906152996212802,22.983036041259766,21.24642848968506,64.0,32.0,32.0,,24.672021000969238,0.0,0.0,54.400073669526805,0.31125509983478694,0.12274553852461617,0.04724645903476779,8.634260517909892,56.69149187844088,43.99346547701027,26.993827674455968,-56.00653452298973,0.01305151546702632,-1.071834410606266,0.4962580692685537,0.8884590767429447,-0.39220100747439096,-5.2624602903963975,-3.250633876178149,-2.0118264142182487,23.887676055255316,1.319400494179268,1.3107722173468783,21.477771527650248,3.824761212169392,-538581.1656915843
2014-08-12,24.010000228881836,24.219999313354492,23.90250015258789,23.99250030517578,21.35670280456543,135180000,-0.0049991607666015625,0,2046279016.3168333,2313749200,0.03467024884374589,1787154.3586489556,0.046093503616521495,-0.002500415716348851,48699424.348838575,24.081417577790173,42.11059903188444,1190.1648853046945,23.962249851226808,24.741837504053763,23.182662198399854,6.506798465646092,0.5194015732799759,0.0,0.0,23.923749860127767,24.28275006612142,23.564749654134115,3.0012034743096505,0.5957526540377942,0.0,0.0,23.142499923706055,24.860000610351562,24.00125026702881,7.167526827859931,0.4949054099826201,0.37776810403094646,2.9825965954418496,0.11584047418489973,0.19175446558420234,-0.0759139913993026,24.04437478383382,23.93990369943472,23.923415217678475,23.807574743493575,1.0039722841694665,1.0119160948726622,-0.00794381070319572,0.11760246081479109,25.372328582942167,0.7927493095397935,23.40696883936444,33.083252203250474,-9.676283363886036,23.841249465942383,24.00125026702881,23.921249866485596,23.546072006225586,0.8831358904590468,18.93599016041561,25.45109989925877,23.499486206093298,16.08222225309272,23.159910678863525,21.363927841186523,60.0,28.000000000000004,31.999999999999996,,24.590899722600536,0.0,0.0,54.29178217019415,0.30664336890444,0.22495999482609616,0.12223312397679982,8.548405811071328,51.25162344624631,43.66884484099658,37.1211933554949,-56.33115515900342,0.03547791873707595,-1.7405518379365654,0.48656982255850334,0.8080812259060565,-0.3215114033475531,-6.899912252925682,-3.9804895515276555,-2.9194227013980263,23.89637779988381,-0.02083200699179999,-0.020834177155792943,21.45246526979212,3.6601160555445063,1697263.7838703692
2014-08-13,24.037500381469727,24.309999465942383,24.010000228881836,24.309999465942383,21.639318466186523,127664000,0.31749916076660156,1,2173943016.3168335,2441413200,0.12374278487365353,7322305.573143022,0.023205413422669727,-0.0016007028719761238,50388836.137711756,24.076911757039575,40.77916417424509,1205.914654918185,23.992999839782716,24.776502290923112,23.20949738864232,6.531092038280879,0.7022965120902116,0.0,0.0,23.890416526794432,24.25366668701172,23.52716636657715,3.0409696692385437,1.0775399230339868,1.0,0.0,23.142499923706055,24.860000610351562,24.00125026702881,7.158340758197837,0.6797665650525007,0.37174120970451197,3.0207221551728485,0.13809832781048925,0.18102323802945974,-0.04292491021897049,24.007291475931805,23.958076770489033,23.982889717411382,23.844791389600893,0.9605071928704041,0.9634321037895135,-0.0029249109191094025,0.10965364264400325,25.19832520836429,0.6019994735717766,21.912608131599605,30.949580062662026,-9.036971931062421,23.8149995803833,24.00125026702881,23.908124923706055,23.546072006225586,0.4415679452295234,18.113671003409458,25.62553100456219,22.083817072013392,49.40386297269783,23.26116132736206,22.113036155700684,56.00000000000001,24.0,32.00000000000001,,24.514645720933956,0.0,0.0,59.76928701075952,0.5399098639666626,0.3859361109019632,0.24454721475089183,10.106101091401676,57.61506299546028,64.28566120554271,50.64932384118319,-35.7143387944573,0.06519106135648656,-1.7976154712599803,0.5791551100368033,0.7622960027322059,-0.18314089269540257,-8.534775802662232,-4.891346801754571,-3.643429000907661,23.904173561061647,1.323326692625315,1.314647213011444,23.059678161558782,3.952036955823278,3419265.4651766717
2014-08-14,24.332500457763672,24.392499923706055,24.200000762939453,24.375,21.697179794311523,112464000,0.06500053405761719,1,2265959016.3168335,2553877200,0.19129838030033874,7320579.071587713,0.02332133493102891,-0.0010748620015933678,50689544.49735188,24.068805586532037,39.21833774370382,1209.1390522164,24.048124885559083,24.7741287182324,23.322121052885766,6.037924670869313,0.7251194137896526,0.0,0.0,23.919499905904132,24.24900010426839,23.589999707539874,2.7550759811907786,1.1911985127127585,1.0,0.0,23.2549991607666,24.860000610351562,24.057499885559082,6.674123064575258,0.6978192072804799,0.3538170048107209,3.0484541845314155,0.1591482747888584,0.17664824538133947,-0.017499970592481068,23.988958199818928,23.97836523789626,24.04321437627117,23.88406610148231,0.9865539532646435,0.9721109180121326,0.014443035252510894,0.10520845309120797,24.936911951901987,0.4893754959106431,22.807739609255812,28.991543062021996,-6.183803452766185,23.856249809265137,24.00125026702881,23.928750038146973,23.636250495910645,0.4642032060129637,17.5757675017851,26.27769313077279,21.248034888066325,66.49707658488124,23.31562566757202,22.17071533203125,52.0,20.0,32.0,,24.44296695936737,0.0,0.0,60.804857709416396,0.5840109563976268,0.47685472975624316,0.3625836118281008,11.692953333170115,59.06895590512391,68.50647259612288,58.82032621422073,-31.493527403877117,0.1234853744506843,-0.8944879833155265,0.6663366032929428,0.7431041228443533,-0.07676751955141059,-10.555391737283317,-6.02415578886032,-4.531235948422998,23.94184269751854,0.2673818818823115,0.2670250524518636,23.38871744486548,3.8277553264482833,-4019322.408532113
2014-08-15,24.475000381469727,24.547500610351562,24.21500015258789,24.4950008392334,21.80399513244629,195804000,0.12000083923339844,1,2399930528.9081855,2749681200,0.1931791368541851,9631445.536397519,0.014434103283792967,-0.003982019109579775,51653509.39274702,24.043037172233653,38.48969892509284,1209.1390522164,24.092499923706054,24.813828259556406,23.371171587855702,5.987990770028755,0.7789997949081319,0.0,0.0,23.96508331298828,24.2825834274292,23.647583198547363,2.649689219055153,1.3345154885664263,1.0,0.0,23.31999969482422,24.860000610351562,24.09000015258789,6.392034535245737,0.7629873025152216,0.35168535010601604,3.0503902387974744,0.1833994594567585,0.17799848819642328,0.00540097126033523,23.985416571299236,24.00663449214055,24.112719985957668,23.92932052650091,0.9432047543641703,1.0111554697356524,-0.06795071537148212,0.10407273614519716,24.804024026507033,-0.19250030517578054,22.71601928071146,27.21652675158293,-4.500507470871469,23.93375015258789,24.00125026702881,23.96750020980835,23.636250495910645,4.1725201498565125,17.488831847181295,27.61536847136726,19.850572598546673,78.91870641595855,23.37625026702881,22.32410717010498,48.0,16.0,32.0,23.31999969482422,,1.0,0.0,62.71308673911883,0.7948507503949472,0.6395905235864122,0.5007937880815395,13.591689371384842,62.102310463450394,76.29873025152216,69.69695468439592,-23.701269748477838,0.25208840650670794,-0.1732024109041808,0.766421508933569,0.7477676000621966,0.018653908871372415,-7.991505858492813,-6.417625802786819,-1.5738800557059935,23.98494948266732,0.4923111353165144,0.49110324680432527,23.996173840570776,3.865454381087705,90526350.23677641
2014-08-18,24.622499465942383,24.842500686645508,24.4950008392334,24.790000915527344,22.066593170166016,190288000,0.2950000762939453,1,2532721660.8034596,2939969200,0.2550801678769347,16274806.819458198,0.052502700481193355,-0.0016171227654403532,53945200.456007235,24.05074081400625,38.97231251797115,1223.7010485598544,24.157749938964844,24.883542439414278,23.43195743851541,6.008775670608116,0.9355590448861003,0.0,0.0,24.041500091552734,24.35850009918213,23.72450008392334,2.6371067231431007,1.6806006403155676,1.0,0.0,23.31999969482422,24.860000610351562,24.09000015258789,6.374769667780296,0.9545456797340612,0.35126679983662534,3.0454952864689306,0.22384242265355425,0.1871672750878495,0.03667514756570475,24.059583346048992,24.044519131000225,24.21691705204531,23.993074629391757,0.964859601180411,0.9618469104216656,0.00301269075874544,0.10741334122003914,24.742060414870465,-0.12525062561035227,23.53148157892816,25.76028728305476,-2.2288057041265965,24.081250190734863,24.00125026702881,24.041250228881836,23.636250495910645,41.23646039581487,18.106580831097848,31.562969508227805,18.482441482372725,129.40425789166406,23.458750247955322,22.463035583496094,44.0,12.0,32.0,23.344549713134764,,0.0,0.0,66.9703000367383,1.0,0.7929539022641913,0.6364663852022822,16.597530387336526,70.79593922967979,96.55174141756314,80.4523147550694,-3.4482585824368694,0.3704488754272468,3.7238548585876536,0.9329459692479138,0.78480327389934,0.14814269534857383,-6.1738204916192725,-6.36886474055331,0.19504424893403716,24.136058323302386,1.2043276839633688,1.1971333626461078,25.489494089188103,4.061851837132714,42529428.21960446
2014-08-19,24.852500915527344,25.170000076293945,24.829999923706055,25.13249969482422,22.371461868286133,277596000,0.342498779296875,1,2749082653.6116366,3217565200,0.2760149911703919,27532161.7220635,0.04057147478537453,0.003579260403113345,57780468.21019858,24.135071192692983,48.101348842744855,1223.7010485598544,24.230374908447267,25.036635216122033,23.4241146007725,6.654955284193186,1.0594500794530348,1.0,0.0,24.169583384195967,24.487583414713544,23.851583353678386,2.6314068013726164,2.014019211037502,1.0,0.0,23.31999969482422,25.170000076293945,24.244999885559082,7.635046459082124,0.9797295277096459,0.35414003592962295,3.036429223005349,0.28029943407468494,0.2057937068852166,0.07450572718946835,24.151250044504803,24.083749917837288,24.357775920165142,24.077476486090458,1.0519355706905704,0.8544826890153185,0.19745288167525188,0.11619312281430517,24.66087695583656,-0.3328758239746108,26.11085320257458,24.957117022925726,1.153736179648856,24.244999885559082,24.15625,24.20062494277954,23.791250228881836,70.61823019790744,19.327211490538982,35.66347418534572,17.094935539739797,179.2757645699748,23.53249979019165,22.474285125732422,100.0,8.0,92.0,23.404467752075195,,0.0,0.0,71.0964228923539,1.0,0.9316169167983158,0.7880537808829731,20.62157869327702,71.22339722279779,97.9729527709646,90.27447481334997,-2.0270472290354076,0.511140094083899,4.5771368475956775,1.1641561948429842,0.8606738580880688,0.3034823367549153,-0.7841954521662284,-5.251930882875894,4.4677354307096655,24.435909200903566,1.3816005108832075,1.3721434176347636,27.223257580629067,4.20685173406185,124996665.29729354
2014-08-20,25.110000610351562,25.272499084472656,24.987499237060547,25.142499923706055,22.380361557006836,210796000,0.010000228881835938,1,2767574669.298751,3428361200,0.24274615260938523,23900139.797108073,0.017576111967107403,0.012306301391234033,57864343.999434516,24.229386471157543,57.04322489137326,1224.1879595602377,24.27262487411499,25.171740373957498,23.37350937427248,7.408473574700617,0.9837393247827644,0.0,0.0,24.306749979654946,24.633999888102213,23.97950007120768,2.6926669235597376,1.7769292251548217,1.0,0.0,23.31999969482422,25.272499084472656,24.296249389648438,8.044038911220673,0.9334191029939277,0.3472260170778716,2.8927197033041123,0.322135578841646,0.22906208127650246,0.09307349756514355,24.255000114440918,24.134230687068058,24.47850268994067,24.156367111099023,1.2290443217640559,0.7901762092465964,0.4388681125174595,0.12806340604280733,24.488897538064116,-0.492624187469481,28.25496534155362,24.65774417541423,3.5972211661393914,24.296249389648438,24.207499504089355,24.251874446868896,23.84249973297119,85.30911509895373,20.644389833555646,35.68068813510117,16.117644837492925,163.85187993236218,23.53249979019165,22.474285125732422,100.0,4.0,96.0,23.51039969152832,,0.0,0.0,71.20951235558465,1.0,1.0,0.9081902730208357,23.858136282399226,70.27414859534203,93.34191029939278,95.95553482930684,-6.658089700607226,0.6540737825281511,5.209753685239535,1.3335431497629284,0.9552477164230408,0.3782954333398876,0.3902667656050758,-4.1234913531797,4.513758118784776,24.669989931531553,0.0397900288600983,0.039782114727415774,27.273879751537145,3.970323013777957,7049876.103268951
2014-08-21,25.142499923706055,25.235000610351562,25.02750015258789,25.145000457763672,22.382591247558594,133912000,0.0025005340576171875,1,2785322102.114267,3562273200,0.23275731094856347,20533670.04276744,0.0001938802113789809,0.01513098182004145,57877662.14670467,24.300815015971946,64.00617402783634,1224.3097105275278,24.316999912261963,25.293060455258356,23.34093936926557,8.027803976790821,0.9241542962897787,0.0,0.0,24.44925003051758,24.751000022888185,24.147500038146973,2.468378310123718,1.6528590635249787,1.0,0.0,23.31999969482422,25.272499084472656,24.296249389648438,8.02935969360217,0.9346997866504114,0.3332534611464516,2.78556669748954,0.3514415972153273,0.25353798446426745,0.09790361275105985,24.36875009536743,24.189999947181114,24.581040808067286,24.22959921085196,1.280000498597051,0.7402816557548415,0.5397188428422095,0.14123266734208567,24.198716895549225,-0.5770001411437988,31.746045681784295,25.08933562376214,6.656710058022156,24.491249084472656,24.207499504089355,24.349374294281006,23.84249973297119,92.65455754947686,21.867484009213978,34.14993453343192,15.42617434813466,139.0173885793362,23.565624713897705,22.500535011291504,96.0,0.0,96.0,23.651367642963866,,0.0,0.0,71.239814248031,1.0,1.0,0.977205638932772,26.489988435422795,72.93606321268179,93.46997866504114,94.92828057846617,-6.530021334958854,0.7705222915200629,5.740116617762452,1.450463931148822,1.0542909593681973,0.3961729717806248,-2.005964570481417,-3.6999859966400437,1.6940214261586268,24.878628943766138,0.0099454472117122,0.0099449526848705,27.286537708062152,3.891064756931918,-45496311.33476588
2014-08-22,25.072500228881836,25.36750030517578,25.047500610351562,25.329999923706055,22.547260284423828,176736000,0.1849994659423828,1,2920635141.238793,3739009200,0.23558734623736505,22271155.12419966,0.013805903236684035,0.01548699081193856,59177963.00244389,24.392789967341407,70.82315991794198,1224.3097105275278,24.36262493133545,25.433877181575667,23.291372681095233,8.794226839344901,0.9515159674827665,0.0,0.0,24.617083422342937,24.91233336130778,24.321833483378093,2.39874020735429,1.7073101587465647,1.0,0.0,23.31999969482422,25.36750030517578,24.34375,8.404269310562045,0.9816848008346686,0.33192808451422834,2.6272258050953403,0.3851549126292504,0.2798613700972641,0.1052935425319863,24.501250108083088,24.269134594843937,24.696265287396326,24.311110374767075,1.2661754466790909,0.7060157922448612,0.5601596544342297,0.15591306681085312,24.000559679724798,-0.7426240921020515,35.495809918781404,26.220276842728154,9.27553307605325,24.635000228881836,24.31124973297119,24.473124980926514,23.890000343322754,96.32727877473843,23.252882603292388,34.63255871025361,14.400157485473045,134.5469152075129,23.526249885559082,22.500535011291504,100.0,0.0,100.0,23.78105815828457,,0.0,0.0,73.46498079310115,1.0,1.0,1.0,29.446630792962925,73.58550147829601,98.16848008346686,94.99345634930027,-1.8315199165331446,0.8932355151456939,6.697557573367242,1.58427528274895,1.160287824044348,0.42398745870460197,-2.0158335247665162,-3.3631555022653385,1.3473219774988223,25.077054933294185,0.73573061274399,0.7330373172698579,28.22302373188228,4.030286367305621,41485430.90752065
2014-08-25,25.447500228881836,25.542499542236328,25.31999969482422,25.385000228881836,22.59621810913086,161080000,0.05500030517578125,1,2853670136.352548,3900089200,0.17349684083979033,20355197.128987543,0.030906477606876318,0.019946571483906154,59527724.12302814,24.521397034547775,79.3347004232351,1226.9681158931617,24.39412498474121,25.543851523014002,23.24439844646842,9.426257666482872,0.9309177926905972,0.0,0.0,24.767750104268394,25.054249890645345,24.48125031789144,2.313490609125434,1.5772261515778552,1.0,0.0,23.31999969482422,25.542499542236328,24.431249618530273,9.110799624099274,0.9291341623542133,0.32098526080401646,2.4071308834212894,0.41156673779515884,0.306202443636843,0.10536429415831583,24.64833339055379,24.337499985328087,24.802224509163327,24.39065777136817,1.383362766501844,0.6055845942106237,0.7777781722912203,0.17108088320038856,23.8586900427358,-0.7091255187988281,38.129519201111506,27.85611577181116,10.273403429300345,24.776249885559082,24.431249618530273,24.603749752044678,23.977499961853027,98.16363938736922,24.849698715373737,36.72085249546279,13.717000888531569,140.54762341247238,23.526249885559082,22.500535011291504,100.0,56.00000000000001,43.99999999999999,23.93970237297369,,0.0,0.0,74.10640088978549,1.0,1.0,1.0,32.097033127991594,69.9707555118283,92.91341623542134,94.85062499464311,-7.086583764578667,0.9989338313832015,7.472478098801464,1.6873949921854543,1.2657092576725693,0.42168573451288505,-2.7013167354684797,-3.230787748905967,0.5294710134374871,25.212156366414092,0.2171350388529003,0.2168996414193547,28.50144084428088,3.9557384150601997,11583572.278381765
2014-08-26,25.354999542236328,25.375,25.21500015258789,25.22249984741211,22.451574325561523,132608000,-0.16250038146972656,0,2733493642.348781,3767481200,0.17977224721672452,14368904.598283965,-0.016439359592017262,0.018605169994601285,58678842.87852768,24.613307179789064,79.76426599911585,1219.1137615466534,24.425500011444093,25.628456547254157,23.22254347563403,9.850005406206149,0.8312670957938316,0.0,0.0,24.89100011189779,25.16174996693929,24.620250256856284,2.175483940575659,1.1121882049826162,1.0,0.0,23.31999969482422,25.542499542236328,24.431249618530273,9.099096625947475,0.8560181251770037,0.30588674235300933,2.150053473716169,0.41460655058231666,0.3278832650259378,0.08672328555637887,24.776458422342937,24.404326879061184,24.866882253509296,24.45227570292698,1.3380122516541517,0.6286548611761766,0.7093573904779751,0.18422309609365067,23.77141765568553,-0.4280005455017104,40.696004536792806,29.943159816832626,10.75284471996018,24.87125015258789,24.431249618530273,24.651249885559082,23.977499961853027,99.08181969368461,25.857976403751383,35.34129573087345,15.522082258531581,109.55245058443856,23.526249885559082,22.500535011291504,96.0,52.0,44.0,24.13203803328521,,0.0,0.0,68.81376015538818,0.8040861314526462,0.934695377150882,0.9782317923836273,32.941093136258544,65.43673889331059,85.60181251770037,92.22790294552952,-14.398187482299631,1.0151029586792006,6.491452041958288,1.6955744962939687,1.3516823053968492,0.34389219089711953,-4.533650536629268,-3.4913603064506273,-1.0422902301786405,25.21518163664626,-0.6401433129980538,-0.6422010165054282,27.67884746361007,3.7197802300105707,-9599211.485601515
2014-08-27,25.2549991607666,25.642499923706055,25.174999237060547,25.532499313354492,22.727514266967773,209476000,0.3099994659423828,1,2844392298.9898124,3976957200,0.20984223484443185,21592982.245350055,0.025386188044148102,0.020727900274620015,61253427.02048811,24.757956049327195,87.60076705948131,1219.1137615466534,24.47524995803833,25.771315107871647,23.17918480820501,10.590822582448482,0.9078689082304743,0.0,0.0,25.015000089009604,25.302500089009605,24.727500089009602,2.2986208193244435,1.399998651034584,1.0,0.0,23.31999969482422,25.642499923706055,24.481249809265137,9.48917879434798,0.9526369862169951,0.3220481367822592,1.7666893043399976,0.43699261143851587,0.3497051343084534,0.08728747713006246,24.904375076293945,24.47557684091421,24.969284878100865,24.53229226666235,1.3639021690303537,0.5940416729056593,0.7698604961246943,0.197579369066327,23.69955520132702,-0.4827496528625481,43.914859888841995,32.288395403453315,11.62646448538868,24.928750038146973,24.481249809265137,24.704999923706055,24.02750015258789,99.54090984684231,27.279200606823565,37.5317447180498,13.967984337097167,114.89529107072377,23.526249885559082,22.500535011291504,100.0,48.0,52.0,24.301293414359343,,0.0,0.0,72.80411192687775,0.9492821155285692,0.9177894156604051,0.9508282642704291,34.912913759411424,66.6932527336088,95.2636986216995,91.25964245827375,-4.736301378300493,1.018647171469297,6.396499141881865,1.7812954724673566,1.4376049388109509,0.3436905336564058,-2.4003554267460268,-3.2731593305097073,0.8728039037636806,25.307781765719263,1.2290592439995196,1.221567632639342,29.248096140993617,4.088166276170085,84420595.72788084
2014-08-28,25.397499084472656,25.69499969482422,25.389999389648438,25.5625,22.754220962524414,273840000,0.030000686645507812,1,2880306527.671304,4250797200,0.26463895818365313,19681897.3575866,0.014896939520312022,0.02579478506777872,61575189.01997673,24.925281470139947,94.58703284193633,1219.1137615466534,24.558374977111818,25.90833265702511,23.208417297198526,10.993868129885955,0.8719098153331286,0.0,0.0,25.137666702270508,25.436416816711425,24.83891658782959,2.376912049788084,1.2110177991471698,1.0,0.0,23.31999969482422,25.69499969482422,24.50749969482422,9.670835314687876,0.9442106548108553,0.32034335362161137,1.3366775550513457,0.4519447923951354,0.3701530659257898,0.08179172646934563,25.035208384195965,24.524230663593,25.06054874300842,24.608603950613286,1.4708336796080306,0.5065474300967889,0.9642862495112416,0.2103199591585536,23.72897978783938,-0.24837551116943501,47.82492986652457,35.07827435743255,12.746655509092022,25.09500026702881,24.50749969482422,24.801249980926514,24.053750038146973,99.77045492342116,28.687915199478574,36.19636784112832,13.049987472446315,109.7356873653138,23.62374973297119,22.598034858703613,100.0,44.0,56.0,24.48906232566788,,0.0,0.0,73.1620048987816,0.9523384222341794,0.9019022230717981,0.9181290052943618,36.623112867547086,62.46332151028389,93.32495445425823,91.3968218645527,-6.675045545741761,1.0509337817921356,6.543710221337501,1.8365316183808638,1.5173902747249337,0.31914134365593005,2.020707970093143,-2.2143858703891373,4.23509384048228,25.381310873798277,0.1174999998132531,0.11743102259034188,29.399962653717893,3.9478186938437787,110572657.69500834
2014-08-29,25.71500015258789,25.725000381469727,25.549999237060547,25.625,22.809858322143555,178380000,0.0625,1,2854824226.007017,4429177200,0.2336008520888861,18462876.3065028,0.009320078175366725,0.021126767835031233,62011325.93929214,25.034589814998558,94.67930269290237,1222.0944797900438,24.638000011444092,26.041301083321045,23.23469893956714,11.391355395934204,0.8516707883774965,0.0,0.0,25.259083302815753,25.54208348592122,24.976083119710285,2.240779522461297,1.1464955131281267,1.0,0.0,23.31999969482422,25.725000381469727,24.522500038146973,9.761347047359406,0.9584198116761427,0.3058091327003682,1.0573003858518277,0.4634948510660486,0.38882142295384153,0.07467342811220706,25.1447917620341,24.57682682917668,25.147387397930203,24.683892546864154,1.4387379769730086,0.5612624951431054,0.8774754818299032,0.2221556140262245,23.72432445203137,-0.2630000114440918,51.68102628951943,38.206001547498246,13.475024742021183,25.27750015258789,24.522500038146973,24.90000009536743,24.068750381469727,99.88522746171057,30.048777724956686,35.45281234044909,12.540709531301125,105.22925361185925,23.62374973297119,22.688570976257324,100.0,40.0,60.0,24.682012304732893,,0.0,0.0,73.9316611280673,0.9911812705462046,0.9642672694363178,0.9279863027228403,38.271149622986584,60.984224460360664,94.51301130803807,94.36722146133195,-5.486988691961926,1.0907571904799518,5.409298901466022,1.8777218795053094,1.589456595681009,0.2882652838243005,1.3323158112097353,-1.5050455340693627,2.8373613452790982,25.450323628334143,0.24449877750611915,0.24420036555516944,29.716343980499605,3.9513866297396945,-27163204.31234616
2014-09-02,25.764999389648438,25.934999465942383,25.68000030517578,25.825000762939453,22.987878799438477,214256000,0.20000076293945312,1,2884233483.455051,4643433200,0.25613241017078237,21946945.900481753,0.020232748107504243,0.019279571012958574,63683574.26960846,25.150788693919107,94.86527659684589,1222.0944797900438,24.734375095367433,26.184970525998267,23.2837796647366,11.729388149389873,0.8759234465180031,0.0,0.0,25.36949990590413,25.64325002034505,25.095749791463213,2.158104144395925,1.331964687878932,1.0,0.0,23.31999969482422,25.934999465942383,24.6274995803833,10.572330050933587,0.9579354827415932,0.30622816602456965,0.6634789600751013,0.483216526543373,0.40770044367174785,0.07551608287162515,25.26562515894572,24.630961491511417,25.251635607931625,24.768419081388252,1.410415615240061,0.544327357367428,0.8660882578726331,0.23402039638263017,23.69189431965197,-0.23937425613403462,55.466995170361166,41.467795099474536,13.99920007088663,25.461249351501465,24.6274995803833,25.044374465942383,24.173749923706055,99.94261373085529,31.667388712543158,37.69008132574292,11.671776188660983,111.1668788816547,23.62374973297119,22.688570976257324,100.0,36.0,64.0,24.869750158545525,,0.0,0.0,76.2762484143985,1.0,0.9811732309267946,0.9491142411449701,40.413650128542216,62.27940810333104,94.28577939745594,94.04124838658409,-5.714220602544057,1.1124042959774236,5.948721078725962,1.9509381077392889,1.661752898092665,0.28918520964662386,2.280167649462466,-0.748002897362997,3.028170546825463,25.552718619351754,0.7804907822027474,0.7774607089799712,30.728768088277803,4.092361769804906,50346908.52091423
2014-09-03,25.774999618530273,25.799999237060547,24.645000457763672,24.735000610351562,22.017635345458984,501684000,-1.0900001525878906,0,2460734218.1235847,4141749200,0.12013027140797086,-59307708.73543039,-0.13468125950765397,0.008001951517935453,42508913.2668623,25.175901428330143,78.69654798140519,1222.0944797900438,24.782125091552736,26.16521613362965,23.399034049475823,11.162005170802361,0.4829640711393774,0.0,0.0,25.37108325958252,25.726333236694337,25.0158332824707,2.800432078339752,-0.3952606477308017,0.0,1.0,23.31999969482422,25.934999465942383,24.6274995803833,10.551959371755073,0.541109384083156,0.3936053799396908,1.2173123138287787,0.4062096615223787,0.40740228724187405,-0.001192625719495355,25.285625139872234,24.630192316495457,25.172153300611615,24.765943639089237,1.1031663153300941,0.6690499105747763,0.4341164047553179,0.23608821427800264,24.145527241620545,0.007875823974607954,54.60229768372338,44.39527647082673,10.207021212896649,25.289999961853027,24.6274995803833,24.958749771118164,24.173749923706055,81.71073108396516,29.511714099999093,29.35287041687461,28.492168551048664,30.74366511700679,23.793749809265137,22.85857105255127,96.0,32.0,64.0,,25.934999465942383,0.0,1.0,49.9230334814625,0.0,0.6637270901820682,0.8697225301817268,32.608833805223206,42.39265149100636,30.83574912685142,73.21151327744849,-69.16425087314857,1.0613601235782397,0.9797908262724319,1.6401945649316554,1.6574412314604632,-0.017246666528807797,13.498775595025728,2.101352801114748,11.39742279391098,25.5267842324044,-4.220716826278325,-4.312377519307642,25.211076976789503,2.871724878833433,325134159.615592
2014-09-04,24.712499618530273,25.022499084472656,24.447500228881836,24.530000686645508,21.835159301757812,342872000,-0.2049999237060547,0,2216252316.397016,3798877200,0.06784886503153942,-60876426.60764639,-0.08175413908772167,0.000496560516596127,39667242.27003496,25.15132582098187,69.7009683588679,1211.9659465805598,24.8216251373291,26.126312119949777,23.516938154708424,10.512502508617498,0.38823968715552865,0.0,0.0,25.324333318074544,25.708583196004234,24.940083440144857,3.034629761846017,-0.5336146828579964,0.0,1.0,23.31999969482422,25.934999465942383,24.6274995803833,10.535167446330824,0.4627155249439648,0.4117447275048038,1.7634171810981467,0.3248942074180121,0.3909006712771017,-0.06600646385908959,25.26395845413208,24.62769236931434,25.073360590770676,24.748466383352664,1.0222640254722744,0.8559923814480308,0.16627164402424355,0.22942450763225866,24.587294326192993,0.3108745574951186,52.60521974279014,46.71296247760515,5.892257265184988,25.19124984741211,24.6274995803833,24.909374713897705,24.173749923706055,40.85536554198258,27.764903260189435,26.299933012024745,29.1012158399807,-17.159281501120493,23.818750381469727,22.88357162475586,92.0,28.000000000000004,64.0,,25.934999465942383,0.0,0.0,46.658038059202774,0.0,0.3333333333333333,0.6594112181473988,25.336058257617168,38.490479059524766,18.31399184940811,47.81184012457183,-81.68600815059189,0.8897351433249092,-1.0488108885828378,1.3127852141842449,1.5885100280052198,-0.2757248138209749,15.635928702439372,4.808267981379673,10.827660721059699,25.476457881308573,-0.8287847934002612,-0.8322383092826957,24.17334661115318,3.2288435378394915,6213060.055356443
2014-09-05,24.700000762939453,24.84749984741211,24.577499389648438,24.74250030517578,22.02430534362793,233828000,0.21249961853027344,1,2268215195.3865466,4032705200,0.10638605798494215,-45081456.97774023,-0.0025980723435100575,-0.0007200234567826606,41692858.226448216,25.164635484785205,70.07267970030998,1222.4650209430104,24.87775011062622,26.06184471375862,23.69365550749382,9.51930619020592,0.44288893594622875,0.0,0.0,25.282999928792318,25.67349980672201,24.89250005086263,3.089031199062641,-0.1920611940803937,0.0,1.0,23.31999969482422,25.934999465942383,24.6274995803833,10.511399782897568,0.5439773364658104,0.4023201708309836,2.08634686452019,0.27443455673560635,0.36760744836880266,-0.09317289163319631,25.23145850499471,24.635576981764572,25.022459008371463,24.748024451635857,1.0351543004604822,0.9092638266949129,0.12589047376556928,0.21850267350876215,24.765490624901297,0.2647498130798347,50.7737049280763,48.41050636752681,2.363198560549492,25.19124984741211,24.6274995803833,24.909374713897705,24.173749923706055,20.42768277099129,26.14286462322332,24.768070518739798,27.406190189768058,-18.316175975583594,23.846875190734863,22.88357162475586,88.0,24.0,64.0,,25.875499496459963,0.0,0.0,50.28745409592238,0.12254001822506877,0.04084667274168955,0.345969032085697,20.881086726899387,40.753735822490064,19.831948073929514,22.99389635006302,-80.16805192607049,0.6871910319608787,-1.5517731796839687,1.1089150056075125,1.4925910235256785,-0.38367601791816597,13.614400685740888,6.569494522251917,7.044906163488971,25.457437680779556,0.8662846008233638,0.8625538860312698,25.249041191172616,3.6680806124077634,-52587666.10179311
2014-09-08,24.825000762939453,24.827499389648438,24.512500762939453,24.59000015258789,21.888553619384766,185426800,-0.15250015258789062,0,2174029833.322968,3847278400,0.046930930590452384,-42680908.16576081,-0.00721972090345292,-0.004985910698543109,40549982.003548086,25.161543975504227,64.4057884449054,1214.9303700416149,24.923000144958497,25.984093427535694,23.8619068623813,8.514972326008978,0.3430863724055384,0.0,0.0,25.222499910990397,25.612499682108563,24.83250013987223,3.0924751511108424,-0.3108976020538034,0.0,1.0,23.709999084472656,25.934999465942383,24.82249927520752,8.927498168473134,0.39550603022096953,0.39358801641878366,2.446705463901336,0.2196079287097774,0.3380075444369976,-0.11839961572722019,25.18541685740153,24.662115463843712,24.95592687671245,24.736318948002673,0.9694072811152342,0.968929532006455,0.00047774910877917964,0.20357295131086744,24.827054103699474,0.22200031280517507,47.87815901532595,49.49368856910619,-1.6155295537802417,25.19124984741211,24.6274995803833,24.909374713897705,24.173749923706055,10.213841385495645,24.799590476796546,23.316999821688146,27.009465991800617,-39.744215878892156,23.890625476837158,23.096607208251953,84.0,20.0,64.0,,25.81837952575684,0.0,0.0,47.77518062029015,0.03771809801098952,0.05341937207868606,0.1425331260512363,16.499603133987723,35.64396795915744,9.579831717268599,15.908590546868744,-90.4201682827314,0.46192638172822953,-2.197473492272858,0.8877955089898677,1.3716319206185166,-0.4838364116286489,10.317485468167334,7.319092711435001,2.9983927567323327,25.405713494215945,-0.6163489975020475,-0.6182562689397653,24.477069981409905,3.4766522725770415,-39295853.78492296
2014-09-09,24.770000457763672,25.770000457763672,24.03499984741211,24.497499465942383,21.80622100830078,759385200,-0.09250068664550781,0,1819503701.639225,3087893200,-0.06002544389523911,-46618443.06042874,0.0531203102558201,-0.004089565307796997,37693387.778556034,25.089754093906457,68.93417315449256,1214.9303700416149,24.948000144958495,25.942142397620167,23.953857892296824,7.969714982245324,0.27342242631275226,0.0,0.0,25.15766658782959,25.6989164352417,24.61641674041748,4.302862076039652,-0.10985432609697758,0.0,1.0,23.90250015258789,25.934999465942383,24.918749809265137,8.146942847301613,0.29274268849443746,0.5277292758120615,2.8060213138474883,0.16677096674962044,0.30376022889952214,-0.1369892621499017,25.131458441416424,24.68000008509709,24.885399582747826,24.718628615998206,0.8583901338069699,0.8880028478442468,-0.029612714037276833,0.18549090413365693,25.371237705542903,0.3819997787475593,44.16728091781527,49.87938594477535,-5.7121050269600815,24.984999656677246,24.6274995803833,24.806249618530273,24.192500114440918,5.106920692747822,24.595542090055687,31.313167656371515,20.043925380009863,-31.2442904184669,23.92500066757202,23.15732192993164,80.0,16.0,64.0,24.447500228881836,,1.0,0.0,46.265369362113745,0.0,0.05341937207868606,0.04922847229968722,12.545113721349912,31.69359183578933,24.342090073051466,17.917956621416533,-75.65790992694853,0.2433896737940202,-2.5750685227025687,0.6746772619969871,1.2322409888942105,-0.5575637268972234,23.95915867378188,10.647105903904377,13.312052769877502,25.33613092372756,-0.3761719645039241,-0.3768812706042013,24.008822141903895,3.4851931793200492,573062418.608388
2014-09-10,24.502500534057617,25.27750015258789,24.440000534057617,25.25,22.47605323791504,403478400,0.7525005340576172,1,2196484853.5917816,3491371600,0.029912100331511322,3415293.3025914878,-0.009081142527164831,-0.005993654914530728,50087212.37697344,25.07697008778378,70.45121226490441,1252.2499239646654,25.010875129699706,25.909847074437938,24.111903184961474,7.188648458531771,0.6329990728297556,0.0,0.0,25.12949994405111,25.738499768575032,24.52050011952718,4.846891707991138,0.5989327509602257,0.0,0.0,24.010000228881836,25.934999465942383,24.97249984741211,7.696648866055329,0.6441559805559354,0.5587063100838827,2.8684242019162083,0.18350249537517627,0.27970868219465295,-0.09620618681947668,25.124791781107586,24.732019351078915,24.941491954632774,24.757989459257598,0.9040280804520451,0.9800347665284646,-0.07600668607641947,0.17174893563070964,25.836142873399236,0.3741250991821303,42.61426510937112,49.73487541372304,-7.120610304351921,24.984999656677246,24.6274995803833,24.806249618530273,24.313749313354492,2.553460346373911,24.406068588082032,27.61149191004939,17.674439378002788,-3.858995413104286,24.02874994277954,23.181072235107422,76.0,12.0,64.0,,25.770000457763672,0.0,1.0,57.91672358386212,0.3882376854556465,0.1419852611555453,0.0829413351043058,13.09291488430813,40.44608221458488,63.947389290937984,32.62310369375269,-36.052610709062016,0.1492426872253425,-0.3158307301500767,0.7411849644622914,1.1340297840078266,-0.3928448195455352,23.715363109601935,13.260757345043888,10.454605764558046,25.335710750123326,3.071744261506293,3.0255105994027254,27.818056019809354,4.321759436102425,-88242743.33748835
2014-09-11,25.102500915527344,25.360000610351562,24.905000686645508,25.357500076293945,22.57175064086914,249412400,0.10750007629394531,1,2443155872.030606,3740784000,0.05234220487070598,6757658.834886419,0.049939925989842385,-0.002440365930354771,51149067.9028608,25.083103977554646,71.30669022710923,1257.5812888108155,25.063250160217287,25.913522124738286,24.212978195696287,6.785009598401007,0.6730328226465896,0.0,0.0,25.105250040690105,25.712999788920087,24.497500292460124,4.841614779736925,0.7075278816145103,0.0,0.0,24.03499984741211,25.934999465942383,24.984999656677246,7.580818953585393,0.6960528917920749,0.5483356714461,2.908940151955401,0.2030955510069674,0.26438605595711584,-0.06129050495014843,25.12250010172526,24.79269240452693,25.00549320411911,24.80239765311214,0.9647934613439618,0.9644548649152631,0.000338596428698712,0.16200968231977173,26.18757276007172,0.1592496871948228,40.22299894726411,48.890216422694095,-8.667217475429986,24.984999656677246,24.6274995803833,24.806249618530273,24.47874927520752,1.2767301731869556,24.380368897222233,26.998260186502147,16.531076974276093,30.16511490699462,24.083125114440918,23.217500686645508,72.0,8.0,64.0,,25.770000457763672,0.0,0.0,59.275247337830976,0.43350539492866935,0.27391436012810527,0.1564396644541122,13.987713906174209,43.58716948887811,69.60528917920749,52.63158951439899,-30.394710820792515,0.20183109395644294,-0.10833229206199602,0.8188545069209608,1.0709947285904535,-0.2521402216694927,19.560332842455107,14.520672444526134,5.039660397928973,25.335932099992764,0.4257428764116611,0.42483915553779283,28.362232288081568,4.049837900937899,-112098997.26057458
2014-09-12,25.302499771118164,25.547500610351562,25.270000457763672,25.415000915527344,22.6229248046875,250504400,0.05750083923339844,1,2454440536.527135,3991288400,0.03568804361160053,7850023.748711064,0.030602011539530877,-0.0012406439087228535,51717113.380069554,25.096017259013216,71.83792204460647,1257.5812888108155,25.115250205993654,25.91659561015582,24.313904801831487,6.3813451794394505,0.6870296553625895,0.0,0.0,25.091416803995767,25.696416536966957,24.486417071024576,4.822364059369063,0.7674250035966428,0.0,0.0,24.03499984741211,25.934999465942383,24.984999656677246,7.565123193862693,0.7263164974647316,0.5212521195602791,2.939722524818188,0.22071871793930242,0.25565258835355315,-0.03493387041425072,25.13854185740153,24.857115525465744,25.068494390489608,24.847775672550306,1.011576315778536,0.9567584445488135,0.05481787122972248,0.15549420677833464,26.299470875679717,0.4172491073608384,37.57720622276784,47.32312530416614,-9.745919081398299,24.984999656677246,24.6274995803833,24.806249618530273,24.53874969482422,0.7841629460243974,24.69217608673986,28.651746591312012,15.857317971951398,65.64125282571884,24.113125324249268,23.259821891784668,68.0,4.0,64.0,,25.74340045928955,0.0,0.0,60.0187191194054,0.45827880394075293,0.4266739614416896,0.2808578609084467,14.926228502375178,48.53724039340828,72.63164974647316,68.72810940553956,-27.368350253526838,0.3087650691761681,0.7632116930510576,0.8882836067420457,1.0344525042207722,-0.14616889747872652,16.088325621707526,14.834203079962414,1.2541225417451116,25.336642741215396,0.22676067853848458,0.2265039645228395,28.653307357005154,3.9776308560051277,-12737833.239312887
2014-09-15,25.702499389648438,25.762500762939453,25.360000610351562,25.407499313354492,22.616247177124023,245266000,-0.0075016021728515625,0,2267061803.4800224,3746022400,-0.024924607437543135,6465750.647677111,0.02502643443702045,-0.0016606469922839865,51644719.601110354,25.10798257254978,72.41820556552655,1257.2100956497356,25.160875129699708,25.918481871272423,24.403268388126993,6.0221016770473295,0.6627653042941629,0.0,0.0,25.07908350626628,25.706833140055334,24.451333872477214,5.006160880099227,0.7615818388502432,0.0,0.0,24.03499984741211,25.934999465942383,24.984999656677246,7.551405142850251,0.7223682850021131,0.5093769228630401,2.9713048631800856,0.2314123110270394,0.25080453288825044,-0.019392221861211034,25.128125190734863,24.925865466778095,25.120648994007283,24.889236682980243,0.9870389020567166,0.9524756361379285,0.03456326591878811,0.15103892743571867,26.327019963662725,0.40162487030029226,34.401060111726736,44.98246585320676,-10.581405741480026,24.917499542236328,24.6274995803833,24.772499561309814,24.53874969482422,0.689471428209351,25.342974081474384,30.13397393428166,14.908208315670258,80.6426558053442,24.096875190734863,23.42339324951172,64.0,0.0,64.0,24.440000534057617,,1.0,0.0,59.86517089820253,0.4531623852935231,0.4483155280543151,0.38296794987470334,15.617191323771863,48.620569653536904,72.23682850021132,71.49125580863067,-27.763171499788687,0.45870635088752465,-0.4895721271384511,0.9297686143395621,1.0135157262445302,-0.08374711190496809,13.030876789408655,14.473537821851664,-1.4426610324430094,25.337500583175533,-0.029516434792919988,-0.029520791749870767,28.615333487430195,3.897323196875636,2603327.5624298453
2014-09-16,24.950000762939453,25.315000534057617,24.72249984741211,25.21500015258789,22.444896697998047,267632400,-0.19249916076660156,0,2444353912.9221115,3478390000,-0.016339677639056922,-1817786.9296983918,-0.12010201916232316,-0.009065122675877266,49617010.70467156,25.101501387845076,70.17044997078014,1257.2100956497356,25.182125091552734,25.92052748756343,24.44372269554204,5.8644962911282645,0.5222609387596571,0.0,0.0,25.00616683959961,25.667666625976562,24.344667053222658,5.2906932167580765,0.6578483601121515,0.0,0.0,24.03499984741211,25.934999465942383,24.984999656677246,7.545032881945386,0.6210529168887724,0.5269391771709744,3.0328046258853716,0.22179724650725063,0.2450030756120505,-0.023205829104799874,25.099166870117188,24.98471164703369,25.13516455686584,24.913367310358588,0.922550596065842,0.9800933278025157,-0.05754273173667368,0.14631987813739797,26.388459227604358,0.4428749084472656,30.247817418015888,42.27641249035037,-12.028595072334479,24.90250015258789,24.82249927520752,24.862499713897705,24.53874969482422,0.3447357141046755,24.181318411513363,27.1551321027751,22.63434939919586,-26.269627251637914,24.04562520980835,23.546072006225586,60.0,0.0,60.0,24.466450538635254,,0.0,0.0,55.912195529805544,0.32144430527626877,0.4109618315035149,0.42865044033317323,15.011617074057432,50.89922546387469,62.105291688877244,68.99125664518725,-37.894708311122756,0.47291224423576494,-1.359412606013142,0.8902740594806341,0.9888673928917511,-0.09859333341111698,11.074545948025701,13.793739447086473,-2.719193499060772,25.332961207253756,-0.7576470174907035,-0.7605317424315139,27.640883249226956,3.6829629984127834,37028861.57171059
2014-09-17,25.3174991607666,25.450000762939453,25.147499084472656,25.395000457763672,22.605125427246094,243706000,0.18000030517578125,1,2599439549.285748,3722096000,-0.02784430946352101,4708633.256425513,0.0347551513684687,-0.008395911009854366,51356735.2379933,25.097567207426366,70.40055624639828,1266.184840821958,25.19525012969971,25.938970292285536,24.45152996711388,5.903653734392922,0.6342913222692895,0.0,0.0,25.033250172932945,25.609500249226887,24.457000096639,4.603877421534424,0.8138830689249235,0.0,0.0,24.03499984741211,25.934999465942383,24.984999656677246,7.541102425058238,0.7157899386335551,0.5044954273005566,3.065278601372497,0.2260954710541192,0.24122155470046427,-0.015126083646345073,25.080000241597492,25.038461685180664,25.17513931085012,24.949043839796,0.9799937346409666,0.9965068079449404,-0.01651307330397378,0.1427654119891711,26.37987815070023,0.6297506332397447,29.551978538353694,39.71494124541299,-10.162962707059293,24.90250015258789,24.918749809265137,24.910624980926514,24.53874969482422,0.17236785705233776,23.365234798624954,27.93968782760613,21.618031844519702,32.78759173249005,23.999374866485596,23.546072006225586,56.00000000000001,0.0,56.00000000000001,24.492371543121337,,0.0,0.0,58.66097082621329,0.4130369337900436,0.39588120811994515,0.4183861892259251,15.326043355737779,53.20321079214176,71.5789938633555,68.64037135081469,-28.42100613664449,0.538779791663675,-0.897559189214939,0.9062290022252327,0.9723397147584475,-0.06611071253321477,8.757381743745288,12.786467906418238,-4.02908616267295,25.33739322953355,0.7138620031192255,0.7113260698786927,28.552063015188978,3.946823158868032,8801118.712282956
2014-09-18,25.482500076293945,25.587499618530273,25.389999389648438,25.447500228881836,22.65185546875,149197600,0.05249977111816406,1,2537117668.470273,3871293600,-0.04337866176281713,5154948.484276067,0.025151182467516024,-0.007663465085054081,51665175.47072363,25.081625570033978,69.50797623860035,1268.8024589805796,25.210500144958495,25.96173841211221,24.459261877804778,5.959725216351543,0.6577396242215433,0.0,0.0,25.11408348083496,25.65258369445801,24.575583267211915,4.288432138357644,0.809579030436808,0.0,0.0,24.03499984741211,25.934999465942383,24.984999656677246,7.53654075724566,0.7434214026644662,0.4737959074586845,3.090074135812661,0.23107445526346737,0.2391921348130649,-0.008117679549597523,25.048541863759358,25.09442322070782,25.217040990547307,24.98596653528384,0.9832583166793414,0.9855120095423935,-0.0022536928630521036,0.14027163724706443,26.29858611935356,-0.4754995346069322,29.13770809114556,37.31094159686513,-8.173233505719569,24.90250015258789,24.97249984741211,24.9375,24.53874969482422,0.08618392852616888,22.872089444194422,29.21528509945215,20.956420396357707,63.24719170364133,23.921249866485596,23.546072006225586,52.0,0.0,52.0,24.5177741275177,,0.0,0.0,59.454982901275336,0.4394944085504039,0.3913252158722387,0.39938941849856624,15.81255227339384,61.13634296491314,74.34214026644662,69.3421419395598,-25.65785973355338,0.5691104552325079,-1.461763883466578,0.924816956498987,0.9628351631065555,-0.038018206607568494,4.066923623856295,11.04255904990585,-6.975635426049556,25.35248085105892,0.2067327039646294,0.2065193059685555,28.817822171062566,3.906736136776999,-71221209.10256541
2014-09-19,25.572500228881836,25.587499618530273,25.125,25.239999771118164,22.46714973449707,283609600,-0.20750045776367188,0,2394546191.6607647,3587684000,-0.07153951140362177,-3988490.13150221,-0.02160754019313127,-0.009872580682803936,49352605.61919139,25.07434715676621,63.62733091624013,1268.8024589805796,25.215250110626222,25.965972888437665,24.46452733281478,5.954513832048593,0.5164838880765639,0.0,0.0,25.1735834757487,25.731333605448405,24.615833346048994,4.431233481216701,0.5595394710219278,0.0,0.0,24.03499984741211,25.934999465942383,24.984999656677246,7.535121048549801,0.6342106134937916,0.47266627856584337,3.1488226225121125,0.21578929862282692,0.2345115675750173,-0.01872226895219037,25.090625127156574,25.13019246321458,25.220573110635133,25.004783812012306,0.9310774858663119,0.9897549118533489,-0.05867742598703696,0.13667255341370915,26.30509995495187,-0.6852494239807143,26.83760500601633,34.9731022624974,-8.13549725648107,24.90250015258789,24.984999656677246,24.94374990463257,24.53874969482422,0.04309196426308444,21.740328384080765,27.121961304411286,23.56029863224163,22.14562469940131,23.908124923706055,23.546072006225586,48.0,68.0,-20.0,24.542668660226134,,0.0,0.0,54.961608559479316,0.2897695593059784,0.3807669672154752,0.38932446373588636,14.928722579933826,51.73155384979899,63.42106134937916,69.78073182639378,-36.57893865062084,0.516625022888185,2.041637955550566,0.8629920588202074,0.9428665422492859,-0.07987448342907855,4.274381218920254,9.688923483708733,-5.414542264788478,25.346493678685867,-0.8154060552013176,-0.8187486733839844,27.767433848901256,3.6479957153557265,118758152.60752577
2014-09-22,25.450000762939453,25.53499984741211,25.145000457763672,25.264999389648438,22.489395141601562,211153600,0.024999618530273438,1,2313332315.343225,3798837600,-0.11048304898023288,-2664597.3339599026,-0.0030013015104277804,-0.011532155655513368,49561748.23009325,25.049499992085764,58.633696912887224,1270.059177592007,25.21200008392334,25.961269016058473,24.462731151788205,5.943748450270016,0.5353673450559803,0.0,0.0,25.240750122070313,25.806000328063966,24.67549991607666,4.478870106949814,0.5214500298460719,0.0,0.0,24.03499984741211,25.934999465942383,24.984999656677246,7.536092385394784,0.6473683100988107,0.4643995896741028,3.154650783202556,0.20334888280567043,0.2282790306211479,-0.024930147815477477,25.151875019073486,25.16442320897029,25.227407922791024,25.024059039985353,0.9249924538630241,1.0288964862324923,-0.10390403236946821,0.1324184652742808,26.280762878344888,-0.4694997787475579,25.322394234382944,32.87922596433825,-7.556831729955302,25.101250648498535,24.984999656677246,25.04312515258789,24.53874969482422,0.02154598213154222,20.68940739968951,25.46501852906654,22.120945992308915,20.494046206115446,23.928750038146973,23.636250495910645,44.0,64.0,-20.0,24.5670653022804,,0.0,0.0,55.39895777898519,0.6640991887833775,0.4644543855465866,0.4121821895447668,14.325968246276505,45.09333203602501,69.68838343232098,69.15052834938226,-30.31161656767902,0.43204402923583984,2.996325651972255,0.8126135031920443,0.9168159344378377,-0.10420243124579343,2.2016191308298403,8.191462613132956,-5.989843482303115,25.338804259906993,0.0990476178960975,0.09899859810897915,27.89398444857558,3.7664974188037306,-14359385.946195424
2014-09-23,25.149999618530273,25.735000610351562,25.135000228881836,25.65999984741211,22.841012954711914,253608800,0.3950004577636719,1,2503538310.693112,4052446400,-0.06264295118477557,12026858.298448011,0.02247563824954459,-0.0003066629585706135,53526743.06535688,25.07683928002374,68.45647407813962,1270.059177592007,25.225750064849855,25.99698455081834,24.45451557888137,6.11466048768271,0.7815290229254604,0.0,0.0,25.315000152587892,25.76675033569336,24.86324996948242,3.5690316443414103,0.8818478749168241,0.0,0.0,24.03499984741211,25.934999465942383,24.984999656677246,7.531984633344073,0.8552633296089834,0.47795966885366514,2.9460754932599746,0.22279476011747334,0.227182176520413,-0.004387416402939659,25.228333314259846,25.20923086313101,25.293960526578882,25.07116576646141,1.0582591944205648,0.9900696621245534,0.06818953229601143,0.13076259224282577,26.30020162964443,-0.6357499122619643,25.145077784760705,30.938205150492642,-5.793127365731937,25.24250030517578,24.984999656677246,25.113749980926514,24.53874969482422,50.01077299106577,20.153232393282984,26.1882426254252,20.087704297746136,66.34751508226492,23.96750020980835,23.636250495910645,40.0,60.0,-20.0,24.590974011493582,,0.0,0.0,61.723468856293486,1.0,0.6512895826964519,0.4988369784861712,15.673634805095743,52.14127331235369,93.65990941471351,75.58978473213789,-6.340090585286487,0.4658823013305664,3.708192506496202,0.8886493838890964,0.9111826243280895,-0.022533240438993074,1.8387597601105212,6.920922042528469,-5.082162282417947,25.395058651072322,1.5634295163510226,1.5513338655079423,29.893516751082004,4.15926333791203,62639646.84742594
2014-09-24,25.540000915527344,25.712499618530273,25.299999237060547,25.4375,22.64295768737793,240687200,-0.22249984741210938,0,2423309985.964186,3811759200,-0.0544429769430786,2658326.359520032,0.012210970526499927,0.006405130585302358,51439725.70009962,25.136804263768305,70.04793434683397,1259.046396029303,25.23650007247925,26.013227744134817,24.45977240082368,6.155589478927785,0.6293889318326505,0.0,0.0,25.3644167582194,25.773667017618813,24.955166498819985,3.2269636893329756,0.589289181988367,0.0,0.0,24.03499984741211,25.934999465942383,24.984999656677246,7.528776229165982,0.738158123248878,0.47141374011527126,2.6338118323572752,0.21774188687740903,0.22529411859181223,-0.007552231714403196,25.29895830154419,25.234134674072266,25.316043522489824,25.098301635612415,1.1085929289237701,0.8876863213926588,0.22090660753111135,0.1288972603588016,26.28812569433657,-0.739000606536866,24.784300004612923,29.222794156864737,-4.438494152251813,25.24250030517578,24.984999656677246,25.113749980926514,24.53874969482422,49.65714009522041,19.65535560161978,24.519625647238318,18.807790829574934,55.588137769551615,24.041250228881836,23.636250495910645,36.0,56.00000000000001,-20.000000000000007,24.6144045465225,,0.0,0.0,56.83456711525832,0.6837320303911919,0.7826104063915231,0.6327847915448538,15.34782417453485,54.09017500180859,80.83571522800229,81.3946693583456,-19.164284771997714,0.45642634560080353,3.4465223349049765,0.8675562595377023,0.9024573513700122,-0.03490109183230983,1.1323340258065326,5.763204439184082,-4.630870413377549,25.395920654598463,-0.8671077503320745,-0.8708890038149342,28.767200000154492,3.7243517621444866,32506908.09470272
2014-09-25,25.127500534057617,25.177499771118164,24.43000030517578,24.467500686645508,21.77952003479004,400368000,-0.9699993133544922,0,2063113125.6434453,3411391200,-0.1326833977559905,-53200960.99028444,-0.13115881353830897,-0.0027777795000404207,36172632.42878321,25.117172545856622,61.730338720652405,1259.046396029303,25.183250141143798,26.01554369280052,24.350956589487076,6.609897824879566,0.07001381719613523,0.0,0.0,25.312833404541017,25.75133361816406,24.87433319091797,3.4646474111774515,-0.4638908849223422,0.0,1.0,24.03499984741211,25.934999465942383,24.984999656677246,7.544695811229301,0.22763206635165292,0.5250223355861661,2.687867252707988,0.13392283142881922,0.20701986115921364,-0.07309702973039442,25.29645840326945,25.208557789142315,25.185498470821464,25.051575639392645,0.9795793304781332,0.9155323096127304,0.06404702086540282,0.11909080031201809,26.394034023805634,0.06674985885620188,21.653451738826433,27.45348810309347,-5.8000363642670365,25.096250534057617,24.984999656677246,25.04062509536743,24.53874969482422,36.8062004471415,19.333986423639345,21.000150091434378,28.502929452231946,-113.12913818072458,24.20062494277954,23.791250228881836,32.0,52.0,-20.0,,25.762500762939453,0.0,1.0,41.42863446977233,0.0,0.5612440101303973,0.6650479997394574,9.262946790820445,40.81053943214608,24.927993491930874,66.47453937821557,-75.07200650806912,0.2886176109313965,-0.12245649536019283,0.5345884560579522,0.8288835723076002,-0.294295116249648,5.358209106147235,5.682205372576712,-0.32399626642947776,25.314293884880914,-3.8132651139242912,-3.887872882140231,23.85696528437147,2.831588798049296,196012442.93746018
2014-09-26,24.63249969482422,25.1875,24.600000381469727,25.1875,22.42042350769043,249482000,0.7199993133544922,1,2312595125.643445,3660873200,-0.09681401189819094,-19939842.46391447,0.02119393596053108,-0.0007482325811844213,43514079.80400884,25.130613106023475,66.65472573082118,1296.0960543590286,25.164500141143797,25.97846809340048,24.350532188887115,6.469176400812746,0.5141282336684366,0.0,0.0,25.270916684468585,25.74041684468587,24.8014165242513,3.7157350964307354,0.4111643706042814,0.0,0.0,24.03499984741211,25.934999465942383,24.984999656677246,7.550317343374472,0.6065791494628805,0.5445200333629987,2.4152223948428158,0.12416228783864725,0.19044834649510037,-0.06628605865645312,25.291250069936115,25.21028856130747,25.185806398387392,25.061644110548745,0.9926340606359237,0.9004125807223152,0.09222147991360852,0.10983633319854738,26.55600790138446,0.1929999351501479,20.40220944313453,25.89806025102767,-5.495850807893138,25.082500457763672,24.984999656677246,25.03375005722046,24.53874969482422,24.043669023023927,19.010156792204338,19.049251227992254,25.667495973957134,-41.91781330232444,24.251874446868896,23.84249973297119,28.000000000000004,48.0,-19.999999999999996,,25.73585075378418,0.0,0.0,51.85971768229907,0.5139772522339261,0.39923642754170596,0.5810302813545422,8.1102332847256,47.41732131432631,66.42649839496944,57.39673570496754,-33.573501605030565,0.1554926760056432,-0.24752475247524752,0.4954275437435722,0.7621923665947947,-0.26676482285122255,4.105993621023811,5.366963022266132,-1.2609694012423214,25.312742844547728,2.942676175125114,2.90021053254903,27.501674693027667,4.092052354520472,-42472660.91467869
2014-09-29,24.662500381469727,25.110000610351562,24.657499313354492,25.02750015258789,22.27799415588379,199065200,-0.15999984741210938,0,2439072820.4415617,3461808000,-0.07065046701805278,-21641350.91550684,-0.002273183127587506,-0.00470491067999925,42249547.72956472,25.19535902280441,56.229752133969214,1287.8627969524227,25.134625148773193,25.9222262800547,24.347024017491684,6.267060890064248,0.43199286292860034,0.0,0.0,25.2130833307902,25.687583605448406,24.738583056131997,3.7639210439505835,0.30444355028456876,0.0,0.0,24.03499984741211,25.934999465942383,24.984999656677246,7.55929164363532,0.5223686865492744,0.5430680986912496,2.092821256955991,0.10233666286374543,0.1728260097688294,-0.07048934690508396,25.263750076293945,25.205769318800705,25.161451591341315,25.05911492847757,1.0542582995202547,1.0133930969181912,0.0408652026020635,0.0998804584057849,26.649021065052008,0.2803757667541511,19.206403979916463,24.67123653568329,-5.464832555766826,25.082500457763672,24.984999656677246,25.03375005722046,24.53874969482422,14.493872510926083,18.709457848728977,17.65682673606258,23.791304116708414,-49.079650185901684,24.349374294281006,23.84249973297119,24.0,44.0,-20.0,,25.709733744812013,0.0,0.0,49.7397940653774,0.40952093706785525,0.30783272976726045,0.42277105581312124,6.460047916220823,51.69296574568266,44.840498472690214,45.398330119863516,-55.159501527309786,0.03427939695470528,-1.30138981647707,0.4083809949227235,0.6914300922603805,-0.28304909733765704,1.5603476647012278,4.605639950753152,-3.0452922860519243,25.30733132753369,-0.6352351262019273,-0.6372613298590846,26.691739268881843,3.657176560263931,-29690338.669114113
2014-09-30,25.202499389648438,25.385000228881836,25.13249969482422,25.1875,22.42042350769043,221056400,0.15999984741210938,1,2314318549.119715,3682864400,-0.0967363636253876,-13497016.460510118,0.04283418180681783,-0.0009966732275719177,43662752.80613378,25.22189974473346,53.97369550672364,1287.8627969524227,25.10275011062622,25.824890624667496,24.380609596584947,5.753477295187561,0.5586796390217034,0.0,0.0,25.228166643778483,25.668666903177893,24.78766638437907,3.492130566753205,0.45384038611699473,0.0,0.0,24.03499984741211,25.799999237060547,24.917499542236328,7.031099707682216,0.6529748165054335,0.5245112964515192,2.0659119684914717,0.0968341050517374,0.157627628825411,-0.06079352377367361,25.244791666666668,25.20028855250432,25.165459038827265,25.068624933775528,1.0529412573183974,0.8926471442087155,0.1602941131096819,0.09094590594288698,26.679346362328275,0.3047492027282708,19.579057636480755,23.563134213252958,-3.9840765767722033,25.082500457763672,24.984999656677246,25.03375005722046,24.594999313354492,8.134708854857632,17.694662279561843,20.645069630100803,22.591728592102786,29.944913492529057,24.473124980926514,23.890000343322754,20.0,40.0,-20.0,,25.68413907601929,0.0,0.0,51.859078028185465,0.5139457341588621,0.4791479744868811,0.3954057105986159,5.928816059243182,51.49010464480168,56.847987586850536,56.0383281515034,-43.152012413149464,-0.03619128956514217,-0.8951442350267698,0.38627609335393026,0.6303992924790904,-0.24412319912516017,0.1698093662542405,3.71847383385337,-3.5486644675991292,25.306746319980274,0.6392961599705149,0.6372613298590846,27.501674693027667,3.872449642453052,29293280.413007498
2014-10-01,25.147499084472656,25.172500610351562,24.674999237060547,24.795000076293945,22.071029663085938,205965200,-0.3924999237060547,0,2207713866.214879,3476899200,-0.04521688381809417,-23117632.007023286,-0.08091802840026446,-0.010343669969722408,40453171.653335676,25.202416972279952,47.40990855342035,1267.7938719083456,25.10575008392334,25.82223106789745,24.389269099949228,5.707704263597493,0.28314148276081624,0.0,0.0,25.183166631062825,25.64316685994466,24.723166402180986,3.653235795330345,0.07808004170733944,0.0,0.0,24.03499984741211,25.770000457763672,24.90250015258789,6.910769861692296,0.4380403236445187,0.5233102431003125,2.2012741097902357,0.06010892646975208,0.13812388835427925,-0.07801496188452717,25.19375006357829,25.177596238943245,25.10846535228368,25.048356425813928,0.9157857495300817,0.9343786036571018,-0.018592854127020053,0.0798287865667212,26.783335597812634,0.10925006866455078,17.26993974155097,22.244493285520228,-4.974553543969257,25.082500457763672,24.984999656677246,25.03375005722046,24.6274995803833,4.162994326813641,17.696837313129098,19.154082922458194,27.407106190183423,-55.87469622839262,24.603749752044678,23.977499961853027,16.0,36.0,-20.0,,25.65905630060242,0.0,0.0,46.661206474655245,0.25782777554263453,0.39376481558978393,0.3935818399479752,3.6618029843755417,48.96255389514606,27.39209348796331,43.02685984916803,-72.60790651203669,-0.1751544279210684,-2.410702562682388,0.23997153924161665,0.5523137418315958,-0.31234220258997913,-1.4262878224007765,2.689521502602541,-4.115809325003317,25.2912824995032,-1.5583123521828446,-1.5705816688815766,25.514800347046208,3.4040054584555293,11448079.22916305
2014-10-02,24.8174991607666,25.05500030517578,24.510000228881836,24.975000381469727,22.23126792907715,191031200,0.18000030517578125,1,2342662573.421856,3667930400,0.023220684377230308,-14902873.96343486,-0.040297644398188726,-0.01540793110813095,41839970.37050815,25.16667192889806,40.79342954499435,1276.9974727609897,25.12800006866455,25.79769132316752,24.458308814161583,5.33023919669672,0.3857684894598345,0.0,0.0,25.120333353678387,25.615083567301433,24.62558314005534,3.939041784655294,0.3531249020143018,0.0,0.0,24.03499984741211,25.770000457763672,24.90250015258789,6.904650611312142,0.5417868607361154,0.5254792264196758,2.274774057569195,0.04500963509936895,0.11950103770329719,-0.07449140260392824,25.173750082651775,25.168077028714695,25.087932279850765,25.042922644751396,0.8445617021094334,0.9796493317053727,-0.13508762959593934,0.06898756620732016,26.781391349603282,0.2670003890991204,15.58662622217845,20.994384531760463,-5.407758309582013,25.082500457763672,24.984999656677246,25.03375005722046,24.6274995803833,2.0814971634068207,17.99876977187115,17.690914146277514,27.62618615372639,-68.7635160679458,24.651249885559082,23.977499961853027,12.0,32.0,-20.0,,25.634475180693887,0.0,0.0,49.17702429776072,0.38179123221298583,0.3845215806381608,0.4191447902382753,2.7138249277053075,49.35231559254265,40.900554526533966,41.713545200449275,-59.099445473466034,-0.1937058504889997,-0.9518134827119252,0.17972996098681102,0.47779698566263884,-0.2980670246758278,-3.1925121856660974,1.5131147649488133,-4.705626950614911,25.28441024555769,0.7259540416290511,0.7233316790594024,26.42598011300823,3.7879262858012552,5765505.714626998
2014-10-03,24.860000610351562,25.052499771118164,24.760000228881836,24.905000686645508,22.16895294189453,173878400,-0.06999969482421875,0,2341177247.2875524,3494052000,0.013551858566002157,-14512668.3881618,0.02081727244208673,-0.0157085855363405,41352625.635748744,25.12729699615917,39.41412592656721,1273.4183163237833,25.136125087738037,25.790682987365088,24.481567188110986,5.208105046758847,0.32344999485590376,0.0,0.0,25.079166730244953,25.556916936238604,24.6014165242513,3.80993683827219,0.3177226912574501,0.0,0.0,24.03499984741211,25.770000457763672,24.90250015258789,6.902418747104082,0.5014412294973836,0.5021812580013411,2.367760015296035,0.02708275440896557,0.10101738104443088,-0.07393462663546531,25.132916768391926,25.143942466148964,25.059788957819187,25.03270620341022,0.8649325521951363,1.0103352990485555,-0.14540274685341914,0.05811699468144908,26.713616348435163,0.31137514114379883,13.24260141097316,19.652185329159376,-6.409583918186216,25.082500457763672,24.984999656677246,25.03375005722046,24.6274995803833,1.0407485817034103,18.27913562641734,16.942859900426583,26.45802233369498,-58.08502215078285,24.704999923706055,24.02750015258789,8.0,28.000000000000004,-20.000000000000004,,25.610385683183523,0.0,0.0,48.22442415888295,0.33485317296425204,0.3248240602399574,0.3677034854893007,1.6669893808375067,50.98194802779564,36.3984881525177,34.897045389004994,-63.6015118474823,-0.20664705388686144,-1.9295127477281182,0.10818947895164475,0.40387548432044,-0.29568600536879525,-5.186774717137197,0.17313686853161103,-5.359911585668808,25.27841193937243,-0.2802790540742284,-0.2806725712845459,26.071634571843404,3.6621308019021086,440878.1882355511
2014-10-06,24.987499237060547,25.162500381469727,24.854999542236328,24.905000686645508,22.16895294189453,148204800,0.0,0,2241170101.807181,3642256800,0.012557345446181785,-12439430.04699583,0.021267073867511196,-0.005610793177066619,41352625.635748744,25.1237802681495,45.55017932392297,1273.4183163237833,25.15187511444092,25.76708808520562,24.536662143676217,4.891984935242289,0.2993585640038199,0.0,0.0,25.045083427429198,25.514583778381347,24.575583076477052,3.7492416610435715,0.35081721398119964,0.0,0.0,24.03499984741211,25.770000457763672,24.90250015258789,6.898096473751231,0.5014412294973836,0.4827132161245468,2.413739935878097,0.012728842136898066,0.08335967326292432,-0.07063083112602625,25.087708473205566,25.118654031019943,25.03597537763862,25.023246535501723,0.9679850044382656,0.9408663253028839,0.027118679135381685,0.047582434574211,26.67893332428745,0.08812465667724467,11.199184867775536,18.10264167171658,-6.903456803941044,25.071249961853027,24.984999656677246,25.028124809265137,24.6274995803833,0.5203742908517052,18.208883197198684,17.80310284966879,25.249269691148612,-47.55193545192656,24.801249980926514,24.053750038146973,4.0,24.0,-20.0,,25.586777975623367,0.0,0.0,48.22442415888295,0.33485317296425204,0.3504991927138299,0.35328161119731605,0.8392375312997503,56.367448564829324,36.3984881525177,37.89917694385646,-63.6015118474823,-0.19164703032549824,-2.1318382448450244,0.05086806829337283,0.33327400111502664,-0.2824059328216538,-7.701253806804837,-1.4017412665356788,-6.299512540269157,25.272022626346903,0.0,0.0,26.071634571843404,3.699445601657505,-12342673.04188025
2014-10-07,24.857500076293945,25.030000686645508,24.6825008392334,24.6875,21.9753475189209,168376800,-0.2175006866455078,0,2077637866.1938102,3473880000,0.05427907801337391,-15894092.842449762,-0.03147312952433824,-0.010341384669409972,39882155.10350698,25.08986948404511,38.77359277393582,1273.4183163237833,25.1613751411438,25.740696596711032,24.582053685576568,4.604847329031135,0.09100846637915908,0.0,0.0,24.974083455403647,25.418333752950033,24.52983315785726,3.557690502153451,0.1774527141721001,0.0,0.0,24.43000030517578,25.762500762939453,25.096250534057617,5.29581730048121,0.19324548319959234,0.4691918792533031,2.5795520475436304,-0.016012640682017576,0.06348521047393595,-0.07949785115595352,25.041666825612385,25.082596338712253,24.982363781078835,24.998376421760852,0.8787882593537136,0.981294428088042,-0.10250616873432838,0.03593536627207089,26.63673689746961,0.10362424850463725,7.759831451834906,16.211034054741244,-8.451202602906339,24.90750026702881,24.984999656677246,24.946249961853027,24.6274995803833,0.2601871454258526,18.49954417605346,16.86539086902194,26.533957001924435,-97.75957221620628,24.90000009536743,24.068750381469727,0.0,20.0,-20.0,,25.563642422214414,0.0,0.0,45.077799413846996,0.1798075744090953,0.2831713067791997,0.3194981865776623,-0.7967322943272916,45.39579940394104,19.731772766867973,30.84291635730113,-80.26822723313202,-0.2679189513711364,-2.1889848499538545,-0.06405472264222217,0.2538082563635769,-0.3178629790057991,-8.967140660310779,-2.914821145290699,-6.052319515020081,25.234348746666424,-0.8733213437016052,-0.8771571434494252,24.970624078774016,3.4962490225767873,26356990.245144844
2014-10-08,24.690000534057617,25.27750015258789,24.577499389648438,25.200000762939453,22.431547164916992,229618800,0.5125007629394531,1,2256412959.1753197,3703498800,0.013079527960898552,3187893.304363303,0.021720503758305938,-0.010586433148639263,44648932.2249345,25.066606238911177,40.26850489175705,1273.4183163237833,25.15887517929077,25.737075719115694,24.580674639465848,4.596394200491619,0.5355634255038356,0.0,0.0,24.927583503723145,25.400583839416505,24.454583168029785,3.7949954966369965,0.7879673000833898,0.0,0.0,24.43000030517578,25.762500762939453,25.096250534057617,5.2963435299385075,0.5778613082474728,0.49227276762191813,2.59441920717162,0.00253483552832634,0.05129513548481403,-0.04876029995648769,25.03625027338664,25.05855787717379,25.015846393672778,25.01331155814445,0.8389006134839037,0.9672928927717208,-0.12839227928781716,0.02797575194908268,26.265154796749357,0.5011246681213386,4.720652445111977,14.329611910995194,-9.608959465883217,24.947500228881836,24.917499542236328,24.932499885559082,24.6274995803833,0.1300935727129263,18.02563634902489,18.761617896114707,23.813029375416267,-36.450172330784866,25.044374465942383,24.173749923706055,0.0,16.0,-16.0,,25.540969579873643,0.0,0.0,52.879763270238634,0.5642385930516185,0.35963311347498855,0.3311012043226727,0.18628983618245806,50.265539647543164,59.00385269718034,38.37803787218868,-40.99614730281966,-0.2612131174872907,-0.25726747785165427,0.010133946168759034,0.20507339432461333,-0.1949394481558543,-7.605211617237183,-3.8528992396799957,-3.752312377557187,25.23395699761092,2.075952457476271,2.0546982131411706,27.564954820460752,4.136201318970841,82179805.70796156
2014-10-09,25.385000228881836,25.594999313354492,25.15250015258789,25.2549991607666,22.48050308227539,309506000,0.05499839782714844,1,2090292804.1129696,4013004800,-0.07601664603101078,5164241.992009889,0.06380013105144733,-0.004485885202597935,45324421.65360638,25.07024633441764,49.70480143972106,1273.4183163237833,25.153750133514404,25.726609971431188,24.58089029559762,4.55486625156156,0.5883715531711841,0.0,0.0,24.991833432515463,25.434333737691244,24.549333127339683,3.541159206031426,0.7973621997239047,0.0,0.0,24.43000030517578,25.762500762939453,25.096250534057617,5.2974226534447135,0.6191358890603395,0.4872954069363865,2.557816233731487,0.021424783547960402,0.045321065097443304,-0.023896281549482902,25.00250021616618,25.078557821420524,25.052639127071828,25.031214343523867,0.9556874919473428,0.9228890857611984,0.03279840618614438,0.02319965218851352,25.929946381036352,0.2837498664855964,4.215403171042059,12.531077880762698,-8.31567470972064,25.052499771118164,24.90250015258789,24.977499961853027,24.6274995803833,0.06504678635646315,16.744470018965902,22.21941095359953,22.25913373139372,50.54423082454456,24.958749771118164,24.173749923706055,12.0,12.0,0.0,24.43000030517578,,1.0,0.0,53.640845731363285,0.60173988262263,0.4485953500277812,0.3637999234273231,1.2037975046825233,48.329273151359736,63.21828832673678,47.31797126359504,-36.78171167326322,-0.15009555816650533,-1.5783347196175195,0.0855922659361649,0.18117716864692365,-0.09558490271075876,-3.588569822037528,-3.8000333561515025,0.21146353411397456,25.235343477409792,0.21824760381765618,0.2180097896877342,27.84336227766748,3.93414640319844,130454286.46815151
2014-10-10,25.172500610351562,25.50749969482422,25.075000762939453,25.1825008392334,22.415969848632812,265326400,-0.07249832153320312,0,1956863184.151249,3747678400,-0.10685099654167657,1678533.3276588675,-0.013447944644659971,-0.005232073997900236,44562761.81208361,25.06942928488164,48.87945851112149,1269.762775099829,25.142125129699707,25.70260952505668,24.581640734342734,4.458528405738366,0.5360185848777967,0.0,0.0,25.018166796366373,25.445167032877603,24.591166559855143,3.4135213821761474,0.6924285150398316,0.0,0.0,24.43000030517578,25.762500762939453,25.096250534057617,5.299872031062423,0.5647281617602854,0.4818157594312244,2.5986595586057524,0.030197101406301385,0.04229627235921492,-0.012099170952913532,24.981250286102295,25.10365398113544,25.072617852019764,25.042420750613463,0.9424212304098173,0.9281998070289927,0.01422142338082455,0.02014837400056502,25.75260725133817,-0.6746244430541992,1.8379494651772224,10.601249601347225,-8.763300136170002,25.052499771118164,24.90250015258789,24.977499961853027,24.6274995803833,0.03252339317823157,15.746972882229057,20.79134871561064,21.980187897691472,31.73531983559621,24.909374713897705,24.173749923706055,8.0,8.0,0.0,24.453300285339356,,0.0,0.0,52.43847904696584,0.5424949209985036,0.5694911322242506,0.4592398652423402,1.6920663809621335,48.53848658640866,57.66286268846939,59.96166790412884,-42.33713731153061,-0.07555874095243453,-1.0024537032593672,0.12058379542066294,0.1690584940016715,-0.04847469858100856,-2.0243814157186204,-3.4449029680649264,1.420521552346306,25.235112106771012,-0.2870652304191257,-0.28747805288751316,27.47636843516954,3.7847859803984676,35658248.906642616
2014-10-13,25.332500457763672,25.44499969482422,24.952499389648438,24.952499389648438,22.21122932434082,214333600,-0.23000144958496094,0,1742529584.151249,3533344800,-0.1133925617597559,-5603691.246972853,-0.02125500453586461,-0.008355691339715178,42605170.744799286,25.037843528611344,41.50633712175012,1258.1655441192195,25.119375133514403,25.671805582458756,24.56694468457005,4.398441012231211,0.34896221399014976,0.0,0.0,25.036666742960612,25.467666880289713,24.60566660563151,3.442951426034244,0.40235808991412814,0.0,0.0,24.43000030517578,25.735000610351562,25.082500457763672,5.195194140934832,0.4003823465790505,0.48288421400568005,2.64814898999568,0.018378179517522852,0.03751265379087651,-0.019134474273353658,25.02166684468587,25.111730868999775,25.05413808857802,25.0357599090605,0.9257042078526345,0.9640846271738065,-0.03838041932117198,0.016549470498974737,25.677361170643138,0.06812486648559712,-0.9621420715049511,8.318894078237705,-9.281036149742656,25.052499771118164,24.90250015258789,24.977499961853027,24.6274995803833,0.016261696589115786,15.125070984258501,19.272356453385026,22.19155974791031,-2.566930297682681,24.909374713897705,24.173749923706055,4.0,4.0,0.0,24.47613426589966,,0.0,0.0,48.708284712863495,0.4725225282108539,0.5389191106106624,0.5190018642875648,1.0318902863098651,38.529852817660505,40.74069116700055,53.873947394068914,-59.25930883299945,-0.03072058733771854,1.9822159574624822,0.07340771594023694,0.14992833838938457,-0.07652062244914763,-2.5285143732830617,-3.261625249108554,0.7331108758254921,25.232903050962395,-0.9133383973788156,-0.9175349042687575,26.312077814667045,3.566912209707887,-4171932.5503217876
2014-10-14,25.09749984741211,25.1299991607666,24.642499923706055,24.6875,21.9753475189209,254754400,-0.2649993896484375,0,1534806919.0328953,3278590400,-0.19717337871791152,-14447415.427441575,-0.05980014931299358,-0.013499342756821856,39899639.74944496,24.98748081459731,41.40891660279586,1258.1655441192195,25.09300012588501,25.67426704748482,24.5117332042852,4.63290095790655,0.15119284203463768,0.0,0.0,24.995166714986162,25.449666722615557,24.54066670735677,3.6367031499485245,0.16153277247352638,0.0,0.0,24.43000030517578,25.735000610351562,25.082500457763672,5.200654758812962,0.19731772766867975,0.48334571631116674,2.7054862269776185,-0.012230649962930329,0.027563993040115142,-0.03979464300304547,24.980000178019207,25.11548086313101,24.99773222879679,25.00996287875972,0.8602789221870791,1.0052265345585025,-0.1449476123714234,0.010639914880274753,25.15005403583205,-0.06549997329711843,-5.380087962150232,5.802224333382014,-11.182312295532245,25.052499771118164,24.90250015258789,24.977499961853027,24.6274995803833,0.008130848294557893,15.256039026860945,17.879874769068476,25.18269365172993,-86.196424751495,24.909374713897705,24.173749923706055,0.0,0.0,0.0,24.498511566848755,,0.0,0.0,44.757810857617095,0.2726104483891033,0.42920929919948686,0.5125398473448001,-0.712429564837656,35.06818440733941,22.102996913858167,40.1688502564427,-77.89700308614184,-0.012698756947237655,-1.9851116625310175,-0.0489031112209986,0.11016204846730794,-0.15906515968830653,-1.509924077985377,-2.9112850148839184,1.4013609368985414,25.207590583157515,-1.0620154138080928,-1.0676950456726342,24.970624078774016,3.423545245343032,63284827.32284427
2014-10-15,24.49250030517578,24.787500381469727,23.795000076293945,24.385000228881836,21.706077575683594,403734400,-0.30249977111816406,0,1611079137.394171,2874856000,-0.20707501072952494,-29830579.451025534,-0.14626868557242428,-0.014578619330687237,34952619.45202605,24.94109069552436,41.44275675636996,1258.1655441192195,25.04250011444092,25.682564298927954,24.402435929953885,5.11182335279645,-0.013620275508793418,0.0,1.0,24.939333407084145,25.443333307902016,24.435333506266275,4.0418073137007475,-0.049933816755479886,0.0,1.0,23.795000076293945,25.735000610351562,24.765000343322754,7.7468324855428605,0.3041237062723241,0.5342611751976282,2.5738348192558127,-0.06020358186772157,0.010010478058547802,-0.07021405992626936,24.92645851771037,25.11115396939791,24.903465767271413,24.963669349139135,0.865223705893228,1.0146647408483227,-0.14944103495509475,0.0010577400540372139,24.897159342045995,0.1449998855590806,-9.02560874749732,3.0675315589735948,-12.093140306470914,24.69499969482422,24.7787504196167,24.73687505722046,24.6274995803833,0.004065424147278947,16.795515360198262,15.434776058551755,33.4161826580639,-197.75813105076202,24.806249618530273,24.192500114440918,12.0,100.0,-88.0,,25.594999313354492,0.0,1.0,40.69988253252106,0.0,0.24837765886665233,0.4055020228922672,-3.4690181999205905,42.356539103030535,32.77780014792555,31.87382940959476,-67.22219985207445,-0.10708103740916286,-2.567175785791051,-0.2411647944287392,0.039896679888098516,-0.2810614743168377,4.082127615180132,-1.5126024888711087,5.594730104051241,25.176595538748312,-1.2253155285799067,-1.232884411315105,23.43933961577358,3.287772109859418,194855379.29943606
2014-10-16,23.887500762939453,24.43000030517578,23.852500915527344,24.065000534057617,21.421236038208008,288618000,-0.31999969482421875,0,1534863837.7270904,2586238000,-0.2040261697129671,-38763021.232418515,-0.030013612508135792,-0.01823630136416344,31165140.63086994,24.864474194580488,33.413142097681984,1241.6548782845873,24.973375129699708,25.714229483531586,24.23252077586783,5.9331536084669105,-0.1130588225227787,0.0,1.0,24.866250101725264,25.373499933878584,24.359000269571943,4.079825708164388,-0.2897977652020814,0.0,1.0,23.795000076293945,25.735000610351562,24.765000343322754,7.768275309132974,0.1391754553793607,0.5385849966427091,2.8228198449874506,-0.1226301727549739,-0.01651765210415654,-0.10611252065081736,24.832916895548504,25.065577066861668,24.774471116007753,24.897101288762727,0.8653369721767639,1.0862129745370654,-0.22087600236030158,-0.013070650260072782,24.79044968298868,-0.17837505340576243,-12.083949317856103,0.25347036688145486,-12.337419684737558,24.69499969482422,24.7787504196167,24.73687505722046,24.6274995803833,0.0020327120736394733,18.2250290982972,14.216540131246502,30.77871036089422,-221.13015995336283,24.806249618530273,24.313749313354492,8.0,96.0,-88.0,,25.558999328613282,0.0,0.0,36.8896676035047,0.0,0.09087014946303436,0.25615236917639117,-7.0520385547357805,42.25368344138284,15.000031789157354,23.29360961698036,-84.99996821084265,-0.31236765805412503,-4.456573562054126,-0.4925479931686781,-0.0665922547232568,-0.4259557384454213,4.632714739414476,-0.2835390432139917,4.916253782628468,25.053726930857326,-1.312280876853178,-1.320967360082026,21.81946876748193,3.176211974382955,-5526342.035655379
2014-10-17,24.375,24.75,24.202499389648438,24.417499542236328,21.735010147094727,272718800,0.35249900817871094,1,1476335058.7242756,2858956800,-0.18733313902563636,-19492145.84040327,0.06725323051289238,-0.013270128961272021,35159867.59443833,24.827250418443764,40.75311629879548,1259.842374789154,24.932250118255617,25.70015760043807,24.16434263607316,6.159953301769471,0.16483555118103166,0.0,0.0,24.821333376566567,25.354083315531412,24.288583437601723,4.292677841939026,0.12099119606197858,0.0,0.0,23.795000076293945,25.735000610351562,24.765000343322754,7.781088850208234,0.32087592503925305,0.5532264435726765,2.884410308040092,-0.14202282111386566,-0.041618685906098365,-0.1004041352077673,24.80145851771037,25.02942320016714,24.71955241235061,24.861575233464475,0.9006625528027858,1.0205647986746285,-0.11990224587184262,-0.026867732939836048,24.81165460502377,0.04275026321410991,-14.770854166908576,-2.632089525861224,-12.138764641047352,24.69499969482422,24.7787504196167,24.73687505722046,24.6274995803833,0.0010163560368197367,18.626462612867858,17.193030594892804,27.959757240454095,-120.49652932665428,24.806249618530273,24.47874927520752,4.0,92.0,-88.0,,25.523719343566896,0.0,0.0,43.197979025956656,0.3765891195414319,0.12552970651381057,0.15492583828116577,-8.162937934531419,38.63580083704944,34.583318321786805,27.45371675295657,-65.4166816782132,-0.44121334973503323,-1.522486521056875,-0.5712543142588101,-0.16752466663036747,-0.40372964762844266,4.519633518130443,0.6770954690548954,3.842538049075548,25.030604539160212,1.4647787257674905,1.4541544644765203,23.603854429830996,3.7623019554761896,21640497.90484774
2014-10-20,24.579999923706055,24.989999771118164,24.55500030517578,24.940000534057617,22.200111389160156,310069200,0.5225009918212891,1,1715124983.0020034,3169026000,-0.11963180978855799,6436941.355830573,0.04156128410388568,-0.013361050225767173,41794923.09031305,24.80111646817482,42.22708799797361,1259.842374789154,24.916000175476075,25.668657638666986,24.163342712285164,6.041559302377308,0.5159437458308007,0.0,0.0,24.806750043233237,25.35224984486898,24.261250241597494,4.397994906104544,0.622136149660196,0.0,0.0,23.795000076293945,25.735000610351562,24.765000343322754,7.7861635912456375,0.5902062590513008,0.5551538221035924,2.8615992358046243,-0.11391700699205032,-0.05607835012328876,-0.05783865686876156,24.798541863759358,25.011153954725998,24.753467507997843,24.867384514989894,0.882572110698788,1.0142133963926772,-0.1316412856938891,-0.03572837531172425,24.84010338599342,-0.010999488830567117,-15.259045183405407,-5.189742485332371,-10.069302698073036,24.69499969482422,24.7787504196167,24.73687505722046,24.6274995803833,0.0005081780184098683,18.37032329124909,19.076248056330826,25.830444604235954,-25.109870437667922,24.806249618530273,24.53874969482422,0.0,88.0,-88.0,,25.489144958221438,0.0,0.0,51.014199017806085,0.8431962997761411,0.40659513977252426,0.20766499858312307,-6.518092483276838,44.5964030400574,63.611163504351936,37.731504538432034,-36.388836495648064,-0.49602207857019565,-0.14013952703711513,-0.4580980638449608,-0.22563934607328615,-0.23245871777167468,5.482965133198877,1.6382694018836919,3.844695731315185,25.0301360093482,2.139862809938786,2.1172892073453298,26.248807342425827,4.160787894566518,71623382.91138065
2014-10-21,25.7549991607666,25.7549991607666,25.3174991607666,25.61750030517578,22.803178787231445,378495600,0.6774997711181641,1,1855711043.1338394,3547521600,-0.1263981583481146,42150332.92917366,0.08828114280485365,-0.001275395139687309,52076826.73418243,24.87651181688562,50.86444488052916,1259.842374789154,24.91387519836426,25.6583136302118,24.169436766516718,5.976095054826462,0.9725878438766727,0.0,0.0,24.88308327992757,25.437583096822102,24.328583463033038,4.456841707730252,1.162233785180762,1.0,0.0,23.795000076293945,25.7549991607666,24.774999618530273,7.867098429558407,0.9298474898891013,0.5811383025641316,2.716074250818899,-0.03655301695565427,-0.052173283489761864,0.015620266534107592,24.857916831970215,25.019230915949894,24.886395630640603,24.922948647596257,0.9986998275944603,0.9245775989868478,0.07412222860761253,-0.03554613979014887,24.816950838589342,-0.008874511718751421,-13.234283364864963,-7.184735353107586,-6.049548011757377,24.774999618530273,24.774999618530273,24.774999618530273,24.6274995803833,50.0002540890092,17.595789263129333,26.895250423826788,23.129931565275072,161.66821250436726,24.772499561309814,24.53874969482422,100.0,84.0,16.0,23.795000076293945,,1.0,0.0,58.90968968598162,1.0,0.7399284731058575,0.4240177731307308,-2.1847707219688277,51.21241313222058,92.98474898891013,63.72641027168296,-7.015251011089875,-0.37525007584515535,2.8608697004065053,-0.146664094495816,-0.20984429575779212,0.06318020126197613,8.06615147946459,2.9238458173998714,5.142305662064719,25.06221548019321,2.7165186712525546,2.6802761938933717,29.678379766116493,4.543941593643638,121944442.20072973
2014-10-22,25.709999084472656,26.02750015258789,25.649999618530273,25.747499465942383,22.918901443481445,273052400,0.12999916076660156,1,1723705157.9525278,3820574000,-0.1356439596338417,41199797.202906914,0.04182134460710752,0.0045902469321195665,53462464.77155699,24.946996603666083,57.24738262486177,1266.2356001026988,24.929375171661377,25.72773403798917,24.131016305333585,6.4049649125208035,1.0123787865249927,1.0,0.0,24.96208324432373,25.484333038330078,24.439833450317384,4.184344622960142,1.2519545537715484,1.0,0.0,23.795000076293945,26.02750015258789,24.911250114440918,8.95529896325582,0.8745797639074118,0.5640244570489293,2.6206934796231525,0.034846657771684164,-0.03476929523747266,0.06961595300915682,24.92812506357829,25.03971165877122,25.01887314376395,24.984026485992267,1.0602252868850597,0.8673065397221,0.19291874716295965,-0.02822181799027072,24.829250098892818,-0.24187517166137695,-10.69326332132405,-8.841253852259378,-1.8520094690646722,24.911250114440918,24.911250114440918,24.911250114440918,24.868749618530273,75.00012704450461,17.338852314627406,29.016283968535976,21.890070401245527,206.0982344189196,24.862499713897705,24.53874969482422,100.0,80.0,20.0,23.8342000579834,,0.0,0.0,60.23413911046798,1.0,0.9477320999253802,0.6980852376012541,1.6299011050269714,52.301291594400574,87.45797639074118,81.35129629466775,-12.542023609258822,-0.09821338653564382,3.3828498537188856,0.13947574779918503,-0.1399802870463967,0.27945603484558174,6.983888664498081,3.7358543868195135,3.2480342776785673,25.083716289411264,0.507462317626417,0.5061790671182731,30.33644867753802,4.243585341441214,-24624862.723570824
2014-10-23,26.020000457763672,26.262500762939453,25.907499313354492,26.207500457763672,23.328359603881836,284298800,0.46000099182128906,1,1919911242.9543815,4104872800,-0.028404131423605695,53996644.741577685,0.030749043305571107,0.0052996591366541645,58541704.80209233,25.03704910468357,58.63863039261349,1266.2356001026988,25.016375160217287,25.9603858216096,24.072364498824975,7.547141864849715,1.1308855112873442,1.0,0.0,25.041249974568686,25.55474999745687,24.5277499516805,4.101233152575714,1.6355895143250456,1.0,0.0,23.795000076293945,26.262500762939453,25.0287504196167,9.86354206331816,0.977710115553989,0.5591221410437435,2.499931953085972,0.12708469677433243,-0.002398496835111643,0.12948319360944407,25.054791768391926,25.07096165877122,25.201738884379296,25.074654187604963,1.0388944708090373,0.8199935796337546,0.21890089117528266,-0.012773221477019637,24.89171635883311,0.18362560272216655,-6.173437862424519,-9.73140799977068,3.5579701373461603,25.0287504196167,25.0287504196167,25.0287504196167,25.0287504196167,87.5000635222523,17.475176449619305,30.13959695433741,20.410099609498168,222.45908697667457,24.910624980926514,24.53874969482422,100.0,76.0,24.0,23.921932061767578,,0.0,0.0,64.58420518405423,1.0,1.0,0.8958868576770792,6.38099351644521,58.418530755093464,97.7710115553989,92.73791231168339,-2.2289884446011032,0.25016883962294756,6.156963879549051,0.5068253217910922,-0.010619165278898918,0.5174444870699911,6.3722336947261775,4.263130248400847,2.1091034463253306,25.146637985966706,1.7865851106425135,1.7708132535782184,32.66502026335114,4.525121730607516,35053328.51915097
2014-10-24,26.295000076293945,26.372499465942383,26.13249969482422,26.30500030517578,23.415145874023438,188215600,0.09749984741210938,1,2002256783.2956383,4293088400,-0.06231293217058467,48904408.67572068,0.021358405891496773,0.005306182852653134,59241923.89815429,25.09989017276613,59.171944075962294,1270.9463804381512,25.072250175476075,26.169939689950635,23.974560661001515,8.756210605685826,1.061520408751375,1.0,0.0,25.142749913533528,25.63700002034505,24.648499806722004,3.9315517078383184,1.6757715128683504,1.0,0.0,23.795000076293945,26.372499465942383,25.083749771118164,10.28028745568903,0.9738121525701667,0.5272099040511855,2.373032917171858,0.2056804736010278,0.03921729725211625,0.16646317634891156,25.14687506357829,25.103942430936375,25.37147141065568,25.165790937054652,1.056096356022709,0.8184178698099256,0.23767848621278342,0.008244625898319046,24.86259351439136,0.18274898529052663,-1.7620570001620348,-9.820287436288133,8.058230436126099,25.083749771118164,25.083749771118164,25.083749771118164,25.083749771118164,93.75003176112615,17.773918444143312,30.654605385896655,19.740296967928863,195.10281938158084,24.9375,24.53874969482422,100.0,72.0,28.0,24.06236618383789,,0.0,0.0,65.44698749657982,1.0,1.0,0.9825773666417934,10.383370928285371,59.91984717980034,97.38121525701668,94.20340106771891,-2.6187847429833235,0.5588747136733119,4.384918685643069,0.8173018448555076,0.1549650367479824,0.6623368081075252,3.0641969455759956,4.0233435878358765,-0.9591466422598809,25.228494766922847,0.3720303184549856,0.3713399972720577,33.15857436071526,4.300732365469258,-59221326.28321093
2014-10-27,26.212499618530273,26.3700008392334,26.174999237060547,26.27750015258789,23.390668869018555,136750800,-0.027500152587890625,0,2009269747.7253458,4156337600,-0.08739377456508296,41380826.312543996,0.0028519915847705925,0.0077579772175894795,59098959.90564766,25.15529852591915,63.281169629145225,1269.617689353278,25.134750175476075,26.351065208164272,23.918435142787878,9.678353866233792,0.9697590453133701,0.0,0.0,25.258499972025554,25.723000208536785,24.793999735514326,3.67797166914643,1.5968779996925797,1.0,0.0,23.795000076293945,26.372499465942383,25.083749771118164,10.25472452144481,0.9631428376914379,0.49398907386335206,2.146180001611582,0.2627206800411308,0.08391797380991917,0.17880270623121164,25.232083479563396,25.14384629176213,25.51086044787602,25.24813976783489,1.085676623663089,0.7975522334721246,0.2881243901909645,0.03185283094922714,24.777564557853925,0.04775066375732351,3.5446235050658372,-8.828652828819681,12.373276333885519,25.083749771118164,25.083749771118164,25.083749771118164,25.083749771118164,96.87501588056307,18.051321724772748,29.798919661687194,19.189270781342124,160.3050189679144,24.94374990463257,24.53874969482422,96.0,68.0,28.0,24.24717684640625,,0.0,0.0,64.96625011781617,0.9831658789913187,0.9943886263304395,0.9981295421101465,13.394650802408231,62.884213529418595,96.31428376914378,97.15550352718645,-3.685716230856209,0.8185805993921633,4.048707288851288,1.04055460107927,0.3320829496142399,0.70847165146503,-1.2825580433001387,2.9621632616086737,-4.244721304908812,25.334174806140183,-0.10454344143261407,-0.10459812620458031,33.019365804515964,4.121082200632912,-56544907.87747747
2014-10-28,26.350000381469727,26.684999465942383,26.337499618530273,26.684999465942383,23.753400802612305,192243600,0.4074993133544922,1,2201513347.7253456,4348581200,-0.023072356932696353,46660584.69600852,0.043156399610061305,0.009289112635572005,62080184.70031599,25.235692829696095,63.03548475825924,1269.617689353278,25.209625148773192,26.601420850720537,23.817829446825847,11.041780222702561,1.0300254610302741,1.0,0.0,25.433416620890302,25.88391691843669,24.982916323343915,3.5425857584258575,1.8891032390752271,1.0,0.0,23.795000076293945,26.684999465942383,25.239999771118164,11.46387291597264,1.0,0.4853400978124661,2.0920184229534824,0.33692340033967483,0.1345190591158703,0.20240434122380452,25.35729169845581,25.198461679311897,25.69149721988623,25.354573819546555,1.117688045868797,0.7718516200392181,0.34583642582957885,0.05928411033793666,24.63951618192671,-0.25712575912475444,11.627035605724785,-6.53391456735056,18.160950173075346,25.268750190734863,25.239999771118164,25.254374980926514,25.239999771118164,98.43750794028153,18.813576837725673,32.60654907370725,18.055067110084046,164.65635300446795,25.04312515258789,24.53874969482422,100.0,64.0,36.0,24.41720265596914,,0.0,0.0,68.64197799330482,1.0,0.9943886263304395,0.9962590842202929,17.197160921108466,67.44047150677609,100.0,97.89849967538682,-0.0,0.9649777580710008,5.966439299659021,1.3288466323181938,0.5314356861550307,0.7974109461631631,-3.072061559742081,1.755318297338523,-4.827379857080604,25.583101978212888,1.5507537284301431,1.5388524250345537,35.08216857926363,4.4740102657128915,40039637.404004216
2014-10-29,26.662500381469727,26.842500686645508,26.59000015258789,26.834999084472656,23.88692283630371,210751600,0.14999961853027344,1,2399742402.6432734,4559332800,0.039237709965827906,44510881.11152798,0.024561061942506627,0.006486321984933384,63264845.00525589,25.314610682496998,62.16006793820102,1269.617689353278,25.31162509918213,26.857414416149332,23.76583578221493,12.214066152687678,0.9927495514975306,0.0,0.0,25.676749928792322,26.053250249226892,25.30024960835775,2.9326166394009796,2.038178180490576,1.0,0.0,23.795000076293945,26.842500686645508,25.318750381469727,12.039924731857827,0.9975384411253699,0.46205614143698126,2.0490491638200794,0.40318563338693636,0.18825237397008354,0.21493325941685282,25.514166673024494,25.24365395766038,25.867420583668757,25.46423495028182,1.0752654719697887,0.788339263863057,0.28692620810673175,0.0891212637446532,24.497731441274624,-0.6241250991821303,20.11952431437013,-2.955750830436533,23.07527514480666,25.522500038146973,25.318750381469727,25.42062520980835,25.318750381469727,99.21875397014077,19.757173991237632,33.736168300449165,17.36997058677155,154.7654415421899,25.113749980926514,24.53874969482422,100.0,60.0,40.0,24.643982336966467,,0.0,0.0,69.89412671042965,1.0,0.9943886263304395,0.9943886263304395,20.698456899635634,68.12669446052354,99.753844112537,98.68937596056026,-0.2461558874630109,1.0938969892614026,7.544333196558157,1.5833408471691555,0.7418167183578557,0.8415241288112998,-3.872256768454027,0.629803284180013,-4.50206005263404,25.939553353698237,0.562112128657577,0.5605381739372639,35.84148183250135,4.355958707686163,41876244.88927561
2014-10-30,26.739999771118164,26.837499618530273,26.475000381469727,26.7450008392334,23.806812286376953,162619200,-0.08999824523925781,0,2479370655.6155863,4396713600,0.02809704944445749,36061406.28956514,-0.0133748698397029,0.006491541613858889,62719458.638886295,25.381490087590063,63.77955388831557,1265.3596916612776,25.400125122070314,27.057347363824146,23.742902880316482,13.048929749671684,0.9057620285556293,0.0,0.0,25.933749898274737,26.28875020345052,25.578749593098955,2.737747580417583,1.6426059768553753,1.0,0.0,23.795000076293945,26.842500686645508,25.318750381469727,11.99797479620906,0.9680066192338312,0.4521004509993379,1.9897967979868447,0.4433264330671314,0.23926718578949313,0.20405924727763824,25.685625076293945,25.29394245147705,26.0024329306787,25.55910649761157,1.0706642121178869,0.7744470798502547,0.29621713226763213,0.11836765123635598,24.289120354444467,-1.015124893188478,28.511954875963774,1.8534501743270613,26.658504701636712,25.698750495910645,25.318750381469727,25.508750438690186,25.318750381469727,99.60937698507038,20.302019617410906,31.86669543719825,18.165399779248105,125.09631767747621,25.113749980926514,24.53874969482422,96.0,56.00000000000001,39.99999999999999,24.90780453892795,,0.0,0.0,68.13614883217684,0.9467351404682179,0.9822450468227393,0.9903407664945395,23.051172907853037,67.74670478678763,96.80066192338312,98.85150201197337,-3.1993380766168804,1.1714558208689958,8.334180614616297,1.7345145970128457,0.9403562940888537,0.794158302923992,-6.140860094221574,-0.7243293915003044,-5.4165307027212695,26.247295952083437,-0.33537636783946834,-0.33594001495900194,35.3859016047122,4.097567996864903,-16295437.404649615
2014-10-31,27.002500534057617,27.010000228881836,26.802499771118164,27.0,24.03380012512207,178557200,0.25499916076660156,1,2640717167.1405425,4575270800,0.061504063624915575,37414339.12660358,0.029052378980471225,0.01008492615074002,64421905.25395768,25.4761460524831,69.52674073842537,1265.3596916612776,25.504875087738036,27.284028150582596,23.725722024893475,13.951474427725568,0.9201788321324967,0.0,0.0,26.181833267211914,26.502833557128906,25.860832977294923,2.4520841351395144,1.7744018595741118,1.0,0.0,23.795000076293945,27.010000228881836,25.40250015258789,12.605433829917342,0.9968895090490785,0.4333903448642478,1.9234421555109475,0.4900654378570195,0.2894268362029984,0.2006386016540211,25.903541723887127,25.391346271221455,26.155904787497363,25.665839349640343,1.130948698992306,0.7237184738617889,0.4072302251305172,0.14766665885263797,24.036499594551067,-1.4398745536804185,37.57731883701025,7.724157287706579,29.853161549303675,26.16374969482422,25.40250015258789,25.783124923706055,25.40250015258789,99.8046884925352,21.086537219867232,33.25570578796093,17.406042918614673,128.05108289329755,25.04062509536743,24.53874969482422,100.0,52.0,48.0,25.139968076654057,,0.0,0.0,70.40730323039558,1.0,0.9822450468227393,0.9862929066586393,25.74945827579182,75.27587596163069,99.68895090490784,98.747818980276,-0.31104909509215195,1.2626471014583807,10.723804578935097,1.9094074079595094,1.1341665168629849,0.7752408910965245,-7.380493792003498,-2.055562271600943,-5.324931520402554,26.53332550050045,0.9534460750232343,0.9489294642039958,36.67673316969715,4.3340880632585055,24979224.436795056
2014-11-03,27.05500030517578,27.575000762939453,27.002500534057617,27.350000381469727,24.345354080200195,209130400,0.35000038146972656,1,2685465380.3637104,4784401200,0.09009933431570907,42525964.933791146,0.10471060582912003,0.02183569437517671,67132857.83828793,25.63391512589697,76.38758076136884,1265.3596916612776,25.62712507247925,27.55443744893739,23.69981269602111,15.04119069936459,0.9469631726634371,0.0,0.0,26.42991663614909,26.764667002360028,26.095166269938154,2.533117079552853,1.8742834036824647,1.0,0.0,23.795000076293945,27.575000762939453,25.6850004196167,14.749998979420514,0.9404761003709238,0.44755138667176836,1.8272825880361283,0.5490197832899071,0.34134542562038017,0.2076743576695269,26.177291711171467,25.474519362816444,26.33961180195465,25.790592018664743,1.2032052904546158,0.5986891110532594,0.6045161794013564,0.17811322932323534,23.9617062396077,-1.2096255302429206,46.75277063045314,14.38938550940859,32.36338512104455,26.612500190734863,25.6850004196167,26.14875030517578,25.6850004196167,99.9023442462676,22.59679456655476,39.04040432949328,15.857107983045355,137.95686826962125,25.03375005722046,24.53874969482422,100.0,48.0,52.0,25.401772577965946,,0.0,0.0,73.22792514173125,1.0,0.9822450468227393,0.9822450468227393,28.976940312514206,72.42214598009107,94.04761003709237,96.84574095512778,-5.952389962907627,1.3991325041827025,13.650528878081944,2.1287599093986658,1.333085195370121,0.7956747140285447,-7.198755850953259,-3.084200987471407,-4.114554863481852,26.840374967140058,1.2962977091471428,1.2879676811365925,38.448470530713074,4.515098316954134,53115386.44430423
2014-11-04,27.34000015258789,27.372499465942383,26.93000030517578,27.149999618530273,24.167314529418945,166297600,-0.20000076293945312,0,2684525643.4119396,4618103600,0.12312363574643675,31699448.961106703,-0.03658740246730887,0.029670071739827806,65916783.01521283,25.874310786951977,81.2036132690899,1256.106569167848,25.75025005340576,27.735481595058218,23.765018511753304,15.419124377705899,0.8525406321016329,0.0,0.0,26.588666661580408,26.923916943868004,26.25341637929281,2.5217532458821763,1.337184913193185,1.0,0.0,23.795000076293945,27.575000762939453,25.6850004196167,14.679471767481186,0.8875658552363018,0.4470461640812517,1.5904438262125578,0.5729979727445524,0.38767593504521464,0.1853220376993378,26.40500005086263,25.55615395766038,26.464286850658592,25.89128887791404,1.3436269774966036,0.5415681278500748,0.8020588496465288,0.2060402212134208,24.016098643782872,-0.8102495193481438,54.392901599517074,21.62118161172427,32.77171998779281,26.741250038146973,25.6850004196167,26.213125228881836,25.6850004196167,99.9511721231338,23.780377953398965,36.35893408705782,15.893315396785756,110.61381689883548,25.03375005722046,24.53874969482422,96.0,44.0,52.0,25.749489087561706,,0.0,0.0,69.17068930492424,0.8883480906441663,0.9627826968813887,0.9757575968422891,30.478984228420014,70.4452263372335,88.58291036050299,94.10649043416772,-11.417089639497004,1.4726472798515786,11.19074486544941,2.213091729216057,1.5090865021393083,0.7040052270767485,-8.571691783451579,-4.181699146667442,-4.389992636784137,26.91479426228643,-0.7312642053012852,-0.7339510486200851,37.43604642293485,4.073040504304032,-4444676.664502561
2014-11-05,27.274999618530273,27.325000762939453,27.032499313354492,27.21500015258789,24.225181579589844,149743600,0.06500053405761719,1,2721641511.6888137,4767847200,0.09593889762526908,28561443.96262149,0.005371738422053178,0.03219759680626987,66275288.138913356,26.10067811747379,89.1018440812148,1259.11384721486,25.851000022888183,27.917176627839467,23.7848234179369,15.985274094788709,0.8300783017364258,0.0,0.0,26.726916694641112,27.053667068481445,26.400166320800782,2.4451033957526933,1.2468751331640122,1.0,0.0,23.795000076293945,27.575000762939453,25.6850004196167,14.622260969783522,0.904761760593478,0.4315916926316226,0.9803240356653828,0.5904396398746421,0.42822867601110015,0.16221096386354195,26.59458335240682,25.634134732759914,26.57978120480156,25.989341564926917,1.3673303163699522,0.46849126842465355,0.8988390479452986,0.23111100057800774,24.009525025348825,-0.23349971771240163,60.572329806944126,29.0373780194319,31.534951787512227,26.853750228881836,25.6850004196167,26.269375324249268,25.6850004196167,99.9755860615669,24.8794196697543,34.66405658614939,15.152445969305974,101.71561816236246,25.03375005722046,24.594999313354492,92.0,40.0,52.0,26.041570955622145,,0.0,0.0,69.757159649834,0.8844231861583636,0.92425709226751,0.9564282786572127,31.876809014106954,71.09706541302481,89.32541249048447,90.65197762935993,-10.674587509515531,1.515441305497113,9.121890817217805,2.271853014819933,1.6616398046754335,0.6102132101444995,-10.266728441175815,-5.398705005569116,-4.868023435606698,26.98535333627872,0.2394126518265427,0.23912651634261373,37.76508570624155,4.176115082989966,-149836.3450205624
2014-11-06,27.149999618530273,27.197500228881836,26.950000762939453,27.174999237060547,24.294462203979492,139874000,-0.04000091552734375,0,2836082699.3954434,4627973200,0.15937094067279164,23681939.38817961,-0.018579100209964595,0.026066716040351517,66069699.749161325,26.298383302165192,83.86360717116648,1257.2631874184476,25.94700002670288,28.071093512925696,23.822906540480066,16.37255547105132,0.7890643039778265,0.0,0.0,26.825083351135255,27.14108352661133,26.50908317565918,2.3560051712771433,1.0536640690121797,1.0,0.0,23.795000076293945,27.575000762939453,25.6850004196167,14.568160799920566,0.8941795097307561,0.4149324623333041,0.4525249581438812,0.5941851506054441,0.46141997092996895,0.13276517967547513,26.724374930063885,25.72567316202017,26.671353209764483,26.07716805915904,1.3391272299997008,0.5298576526490724,0.8092695773506284,0.25236269458534283,23.92768134703343,-0.19950056076049805,65.76567306052999,36.54045913728657,29.225213923243423,26.875,25.6850004196167,26.28000020980835,25.6850004196167,99.98779303078345,25.625236301333494,33.15608901198095,15.84757656731221,85.92002064331815,25.03375005722046,24.6274995803833,88.0,36.0,52.0,26.286919724792913,,0.0,0.0,68.88866390736871,0.8046585606505267,0.8591432791510188,0.9153943560999726,32.79209488351671,70.21110147717177,86.75491836928032,88.22108040675592,-13.245081630719676,1.5484266786014338,6.079824000509867,2.2785647170638588,1.7850247871531186,0.49353992991074014,-11.985436516289582,-6.71605130771321,-5.269385208576372,27.017353421032322,-0.14698113284243863,-0.1470892560696324,37.56259702260918,4.087726111925839,3574663.3688684404
2014-11-07,27.1875,27.329999923706055,27.137500762939453,27.252500534057617,24.363752365112305,134766000,0.07750129699707031,1,2862336197.795245,4762739200,0.19904771977589492,21790882.302883554,0.022854307725698887,0.024730503441909607,66454043.450516924,26.506139959813787,82.98944592308352,1260.8488187129176,26.050500011444093,28.216809930237076,23.88419009265111,16.63161872395013,0.7774304157004577,0.0,0.0,26.922083409627284,27.2333335240682,26.610833295186364,2.3122290329849875,1.030790366171986,1.0,0.0,23.795000076293945,27.575000762939453,25.6850004196167,14.510280743114096,0.9146824946299064,0.3926891321766338,0.32052412900026345,0.5965307664586241,0.48844213003570003,0.1080886364229241,26.849791685740154,25.81326932173509,26.760760490424964,26.16422972396634,1.3585093649731987,0.5425433602744831,0.8159660046987156,0.27018934990993804,23.857669916650444,0.15700044631957866,70.54948455966223,43.98544369890839,26.564040860753842,26.956250190734863,25.6850004196167,26.32062530517578,25.6850004196167,99.99389651539173,26.528544155575286,34.33021356501062,15.32600927100095,87.24369739484516,25.03375005722046,24.6274995803833,84.0,32.0,52.0,26.49301269089636,,0.0,0.0,69.67640467112858,0.751958229659052,0.8136799921559806,0.8656934545248364,33.77537881332778,67.51808883674053,85.71428571428571,87.26487219135016,-14.285714285714286,1.5582282122443694,5.8452319616744965,2.279947748326809,1.884009379387857,0.39593836893895196,-13.534368405248982,-8.079714727220365,-5.454653678028617,27.056438767789338,0.28519337322143734,0.2847874684799301,37.95491643334896,4.166848393409836,7463018.309436083
2014-11-10,27.2549991607666,27.332500457763672,27.167499542236328,27.207500457763672,24.323518753051758,108782000,-0.04500007629394531,0,2806297900.204271,4653957200,0.23940018723484638,17978585.07398477,0.0024647535702143923,0.01860076135372109,66274419.62872155,26.678215544166395,76.92029071714411,1258.7668705641117,26.163250064849855,28.323957657179932,24.002542472519778,16.517119142112797,0.7416454675821526,0.0,0.0,27.01825008392334,27.326500129699706,26.710000038146973,2.281791343398548,0.8069754188741178,0.0,0.0,23.795000076293945,27.575000762939453,25.6850004196167,14.44774895044065,0.9027777147040911,0.3699203105117048,0.3494654600014456,0.5879806785884227,0.5083498397462446,0.07963083884217814,26.933125019073486,25.90182700523963,26.82948971616938,26.241509037580958,1.3318781129749628,0.5835156002731922,0.7483625127017707,0.2840268602967045,23.77728735904235,0.1417502403259263,74.24458732646042,50.942949445656794,23.301637880803625,27.02500057220459,25.6850004196167,26.355000495910645,25.6850004196167,99.99694825769586,27.371414317183174,33.362690625513366,14.874131167637145,80.69992163590994,25.03375005722046,24.6274995803833,80.0,28.000000000000004,52.0,26.666130782423256,,0.0,0.0,68.59043627792187,0.6430994898137076,0.7332387600410953,0.8020206771160315,34.32327319094359,64.12089818308814,80.90908640531877,84.4594301629616,-19.090913594681226,1.4970957419451523,3.81570154548547,2.240651167378997,1.9553377369860852,0.2853134303929119,-15.87619813802882,-9.639011409382057,-6.237186728646764,27.080349451607137,-0.1651227425450652,-0.16525922040364627,37.72712149185846,4.069562426560406,-13058377.034790337
2014-11-11,27.174999237060547,27.4375,27.100000381469727,27.424999237060547,24.517963409423828,109769200,0.217498779296875,1,2907935542.881457,4763726400,0.3194445637276553,18820882.492614735,0.0057649889225631825,0.016025307376253635,67151922.76582365,26.808101358082055,75.4509205480985,1258.7668705641117,26.30012502670288,28.415911599766847,24.18433845363891,16.08955524672054,0.765828846982587,0.0,0.0,27.09341678619385,27.400666809082033,26.786166763305665,2.2680788127450264,1.0395971133700606,1.0,0.0,23.795000076293945,27.575000762939453,25.6850004196167,14.372557859734966,0.9603170638542866,0.3666782413135617,0.3494654600014456,0.5919315872540984,0.5250661892478155,0.066865398006283,27.026458263397217,25.998750026409443,26.92110656553725,26.329174978283152,1.2556853356149573,0.6211873669458187,0.6344979686691387,0.2956668573052456,23.76132660890238,-0.022624874114988813,76.19838465121258,57.17393392752818,19.024450723684396,27.02500057220459,25.6850004196167,26.355000495910645,25.6850004196167,99.99847412884793,28.331185241512266,33.225367963687184,13.96700613260177,81.7508421445671,25.028124809265137,24.6274995803833,76.0,24.0,52.0,26.81154997930585,,0.0,0.0,70.9473589200099,0.7361591730310707,0.7104056308346101,0.752441461010562,35.43809707419308,66.26112177060742,91.0044140641532,85.87592872791923,-8.9955859358468,1.468757545246799,4.257741565828434,2.248196488277114,2.013909487244291,0.23428700103282285,-17.699668901322767,-11.2511429077702,-6.4485259935525665,27.125906522546515,0.7994074267664297,0.7962290929183435,38.828122329736004,4.29660130801496,4711980.068525404
2014-11-12,27.344999313354492,27.857500076293945,27.342500686645508,27.8125,24.86438751220703,187769600,0.3875007629394531,1,3062890943.5036607,4951496000,0.35561630270943456,26526594.030360624,0.09085264390475514,0.020318421704766783,69805008.09967886,26.96454993481219,74.55789345535078,1258.7668705641117,26.47150001525879,28.49214107434694,24.45085895617064,15.26653992349058,0.8318253825215153,0.0,0.0,27.184916814168293,27.51841672261556,26.851416905721027,2.453565782283001,1.440904584882282,1.0,0.0,23.852500915527344,27.857500076293945,25.855000495910645,15.129475694456401,0.9887640235396874,0.3815103561470493,0.3494654600014456,0.6191931111753206,0.5438915736333165,0.07530153754200408,27.154374917348225,26.11894233410175,27.058244016993058,26.439050905817737,1.2878541554179284,0.6156409792030223,0.6722131762149061,0.3076660225765343,23.74932005593775,0.21349945068359233,80.33271335373293,62.93179598061364,17.400917373119285,27.329999923706055,25.826250076293945,26.578125,25.826250076293945,99.99923706442397,29.84655163137116,37.62761372807414,12.69474132784846,103.27955334680969,24.946249961853027,24.6274995803833,100.0,20.0,80.0,26.933702104687224,,0.0,0.0,74.60375587808896,1.0,0.7930862209482594,0.7455768706079883,37.519900434765574,70.65261175424912,97.39130050188136,89.7682669904511,-2.6086994981186358,1.470764956754799,5.841498767001007,2.3419642156635483,2.0795204329281427,0.2624437827354056,-15.36388645875301,-12.073691617966762,-3.2901948407862474,27.238659143939746,1.4129472150205435,1.4030581584288715,40.78969041785931,4.561749834703612,87108583.64761883
2014-11-13,27.950000762939453,28.362499237060547,27.899999618530273,28.204999923706055,25.215286254882812,238091600,0.3924999237060547,1,3138823432.3907166,5189587600,0.3978077548731254,36087214.14531661,0.10319661897782208,0.026164008353790017,73165041.71172567,27.142757913348188,75.26710329744006,1258.7668705641117,26.67849998474121,28.509988662326467,24.847011307155956,13.730072370131582,0.9167374763619811,0.0,0.0,27.33191674550374,27.67541669209798,26.988416798909505,2.513544511295535,1.7708636301967917,1.0,0.0,24.202499389648438,28.362499237060547,26.282499313354492,15.593080007464529,0.9621395867472277,0.3983592442383991,0.3494654600014457,0.6648060584613766,0.5680744705989286,0.09673158786244807,27.281041622161865,26.234519224900467,27.23466800264121,26.569861944179834,1.3201871755675625,0.5578620587807932,0.7623251167867693,0.3217026903387448,23.80503458685635,0.1564990997314446,85.69915718390756,68.27866690804667,17.420490275860885,27.646249771118164,26.078749656677246,26.862499713897705,26.078749656677246,99.99961853221198,31.832011995006262,42.766488413402456,11.490902403328839,141.67106381549252,24.932499885559082,24.6274995803833,100.0,16.0,84.0,27.099985739576436,,0.0,0.0,77.66938803686138,1.0,0.9120530576770235,0.805181636486631,40.33868725501604,73.16727452034043,92.80003138950893,93.7319153185145,-7.199968610491071,1.5870441773358515,5.696085771722135,2.502105806413508,2.164037507625216,0.33806829878829214,-11.082542025286998,-11.875461699430812,0.792919674143814,27.47792019484201,1.4112356807408633,1.4013704560500884,42.776564763840774,4.710169878743365,96819488.96904486
2014-11-14,28.287500381469727,28.547500610351562,27.802499771118164,28.545000076293945,25.519243240356445,176254400,0.3400001525878906,1,3313894665.5892982,5365842000,0.4669151261122949,39492829.680883825,0.01849278946057179,0.027281208202061532,75289719.00498527,27.279123048409172,75.80185991301262,1273.9408088453406,26.88487501144409,28.575534080472593,25.19421594241559,12.577027554034295,0.9909697925684705,0.0,0.0,27.468000094095864,27.86525007883707,27.070750109354652,2.8924565558494897,1.8555695702539796,1.0,0.0,24.55500030517578,28.547500610351562,26.551250457763672,14.85035843936895,0.9993736922062659,0.43302340373789894,0.3483467255817864,0.7200890799493536,0.5984773924690135,0.12161168748034001,27.42354170481364,26.361057721651516,27.436257552433936,26.716168472484583,1.261295291770237,0.5682347736322076,0.6930605181380293,0.33835248152015424,24.02525180441344,-0.13987417221069265,90.98458746645262,73.19331322315773,17.791274243294893,27.738750457763672,26.171250343322754,26.955000400543213,26.171250343322754,99.99980926610598,33.85579776682431,40.58709920686141,10.094505342350228,150.11694991474252,24.977499961853027,24.6274995803833,100.0,12.0,88.0,27.342500686645508,,0.0,0.0,79.92951406278397,1.0,1.0,0.9017130928750943,43.5139977332777,79.43834017832978,99.88685371332994,96.69272853490675,-0.11314628667005559,1.678492669498219,6.372278927375611,2.69533065975005,2.270296138050183,0.425034521699867,-10.363012841724556,-11.572971927889562,1.2099590861650054,27.749389007697985,1.2054605690749343,1.1982527602023119,44.4976799539486,4.771767443470498,-692444.7354905307
2014-11-17,28.5674991607666,29.31999969482422,28.325000762939453,28.497499465942383,25.476783752441406,186986800,-0.0475006103515625,0,3191742066.8031015,5178855200,0.3873144785639414,32582141.56537392,0.3445493726570981,0.0488092777054213,74978561.63578063,27.450700584889045,75.89953047416518,1273.9408088453406,27.06274995803833,28.64242533002968,25.483074586046982,11.674167440047205,0.9541279598780464,0.0,0.0,27.60850003560384,28.047999890645343,27.169000180562335,3.1838010357297657,1.5113762497766825,1.0,0.0,25.3174991607666,29.31999969482422,27.31874942779541,14.789703708099228,0.7945034055878041,0.4892209565525857,0.3511742703719737,0.7514066226831204,0.629063238511835,0.12234338417128543,27.569583257039387,26.488557668832634,27.59952553912754,26.84811891644442,1.3060458007247606,0.544080427041248,0.7619653736835126,0.3548934542045427,24.394063838759948,-0.0627499580383315,94.47341143945118,77.64670320537262,16.826708234078566,28.135000228881836,26.557499885559082,27.34625005722046,26.557499885559082,99.99990463305299,36.33597026794459,46.09958733866978,8.59263721130256,182.75835131146724,24.977499961853027,24.6274995803833,100.0,8.0,92.0,27.58350067138672,,0.0,0.0,78.7306209383371,0.8983417285054989,0.966113909501833,0.9593889890596188,45.715320096544495,64.595994852828,71.08961590883341,87.9255003372241,-28.910384091166595,1.8881765309502114,6.552621318815471,2.7987309838041776,2.375983107200982,0.42274787660319557,-9.208065821002839,-11.099990706512218,1.891924885509379,27.898025765570743,-0.1664060613929097,-0.16654467006942397,44.257227055933114,4.459001196759591,34630245.695230365
2014-11-18,28.485000610351562,28.922500610351562,28.47249984741211,28.86750030517578,25.80755615234375,176896000,0.37000083923339844,1,3325396655.740498,5355751200,0.4070192474899152,37277788.26418211,-0.031798398701740935,0.044783601945117914,77275312.91865207,27.61282325768598,75.6922320944358,1290.4811782545855,27.22524995803833,28.844948921474025,25.605550994602634,11.898505732230934,1.0069615972507386,1.0,0.0,27.768833414713544,28.20908342997233,27.328583399454754,3.170821104969564,1.7477760958354744,1.0,0.0,25.649999618530273,29.31999969482422,27.484999656677246,13.480133633117914,0.8767031661466933,0.4852989371912725,0.3511742703719737,0.7968958570409264,0.6626297622176532,0.13426609482327312,27.725208282470703,26.639134627122147,27.79459858005804,26.997702723017113,1.2791550063381965,0.6489231266203943,0.6302318797178021,0.37264058710142806,24.62359571723449,0.1247504234313972,97.92266319718097,81.79674024873229,16.125922948448675,28.135000228881836,26.557499885559082,27.34625005722046,26.557499885559082,99.9999523165265,38.63898759041342,42.984742565514445,8.012052163791848,172.10614736922236,24.977499961853027,24.6274995803833,96.0,4.0,92.0,27.802499771118164,,0.0,0.0,81.10771315621241,1.0,0.966113909501833,0.9774092730012219,48.40782601723051,66.71915785149001,84.09492095395612,85.02379685870649,-15.905079046043877,2.062933882545021,6.916667796947339,2.9517172820838797,2.4911299421775617,0.46058733990631806,-8.64091519187897,-10.608175603585568,1.967260411706599,28.231140159732103,1.2983624744886457,1.290006002718913,46.130208758765235,4.7694317446177195,21235708.46143031
2014-11-19,28.860000610351562,28.934999465942383,28.450000762939453,28.667499542236328,25.628761291503906,167476800,-0.20000076293945312,0,3308130564.903268,5188274400,0.45201175295892365,27167320.258633498,-0.0014479910164938866,0.0456355218610614,76114994.65691976,27.754503719212067,75.14886886772126,1281.5404242065586,27.371249961853028,28.95789049989086,25.784609423815198,11.593482506272908,0.9084887374636061,0.0,0.0,27.918166732788087,28.377666473388672,27.4586669921875,3.2917615615565006,1.3153789254253243,1.0,0.0,25.907499313354492,29.31999969482422,27.613749504089355,12.467462707131336,0.8087911854512773,0.4852689137724382,0.38674963716523814,0.8074996594851633,0.6916037416711553,0.11589591781400799,27.834999879201252,26.792211532592773,27.928891035777774,27.12139137629261,1.288446539202032,0.6529879577106459,0.635458581491386,0.3880703631483618,24.608291476074527,-0.22125034332275462,100.09173963778706,85.61074764620528,14.480991991581774,28.210000038146973,26.557499885559082,27.383749961853027,26.557499885559082,99.99997615826325,40.69220958867835,39.85883599660051,7.766759328679257,143.1274289622244,24.977499961853027,24.6274995803833,92.0,0.0,92.0,28.105999755859376,,0.0,0.0,76.15328550837935,0.6041928531256016,0.8341781938770335,0.9221353376268998,49.14451240675521,65.64585971910215,74.08142314350762,76.42198666876571,-25.918576856492372,2.1664338336271385,4.817181507826371,2.9773533676115753,2.5883746272643644,0.3889787403472109,-8.519271331683859,-10.190394749205225,1.6711234175213665,28.330658065359202,-0.6928232816320268,-0.6952344453191817,45.11778465098701,4.323354596768755,16438716.5187006
2014-11-20,28.727500915527344,29.21500015258789,28.712499618530273,29.077499389648438,25.99530601501465,173582000,0.4099998474121094,1,3386717014.391795,5361856400,0.43210508450213975,33453216.43789854,0.07852378406164456,0.04916919365257379,78597547.88443911,27.910332294987004,75.23474559533612,1281.5404242065586,27.514749908447264,29.171992829256265,25.857506987638263,12.04621467629777,0.9714907698740691,0.0,0.0,28.10758336385091,28.59258321126302,27.6225835164388,3.4510248791852076,1.499913743244316,1.0,0.0,26.13249969482422,29.31999969482422,27.72624969482422,11.584695520061443,0.9239214728860294,0.49149208343035067,0.3867496371652382,0.8393117471255174,0.7211453427620278,0.11816640436348957,27.995624860127766,26.972692269545334,28.10560001329634,27.26628826617082,1.2680137218595133,0.6534500401103194,0.614563681749194,0.4034987480418877,24.58878545913968,-0.2997497558593736,103.26333109020878,89.24561948293268,14.017711607276098,28.210000038146973,26.58625030517578,27.398125171661377,26.557499885559082,99.99998807913163,42.80076649878581,40.77529925281699,7.135891187791253,145.91300285344263,24.73687505722046,24.6274995803833,88.0,0.0,88.0,28.348799743652343,,0.0,0.0,78.98700016923999,0.8305771289080854,0.811589994011229,0.8706273657966985,50.693899461909155,65.18819511665086,89.85354112532002,82.67662840759459,-10.14645887467998,2.2135956932516656,7.099446770535558,3.078203160372394,2.6863403338859704,0.39186282648642345,-8.06264291402511,-9.764844382169201,1.7022014681440911,28.536549225075948,1.4301904733897253,1.4200597278260396,47.19324538225966,4.7673656621114375,28203435.532479793
2014-11-21,29.377500534057617,29.392499923706055,29.00749969482422,29.11750030517578,26.031063079833984,228717200,0.04000091552734375,1,3288696004.7341766,5590573600,0.3745027368487402,29981170.860605977,0.03976800813412692,0.044530436674359984,78912186.26768702,28.08704877568768,75.59611390181993,1281.5404242065586,27.655374908447264,29.354908809960005,25.955841006934524,12.29080355727611,0.9301548193381408,0.0,0.0,28.300833320617677,28.80508327484131,27.796583366394042,3.563498986132524,1.3097838955835748,1.0,0.0,26.174999237060547,29.392499923706055,27.7837495803833,11.634268916248647,0.9145300513309349,0.4808428979754992,0.3867496371652382,0.8578618974028984,0.7484886536902019,0.10937324371269652,28.15416653951009,27.16701918381911,28.261276981277792,27.403415083874894,1.2913231266566678,0.7043580418541441,0.5869650848025237,0.4176467996379661,24.537282697933428,-0.48037567138671733,105.88288584189729,92.76098598464789,13.121899857249403,28.24625015258789,26.797499656677246,27.52187490463257,26.59375,99.99999403956582,44.8776167232566,41.08407322884978,6.722383941366876,137.65799766013964,24.73687505722046,24.6274995803833,100.0,0.0,100.0,28.450000762939453,,0.0,0.0,79.24611831150149,0.851277968617951,0.7620159835505459,0.8025947238129362,52.00619334810411,61.02605085883321,88.83250107082635,84.25582177988467,-11.167498929173647,2.2953235626220696,6.990630688668141,3.130492658587264,2.7751707988262293,0.3553218597610348,-5.189943854395347,-8.849864276614431,3.659920422219084,28.69538772094875,0.13756655959757946,0.1374720234960769,47.39573406589206,4.562495557030374,81079436.7099188
2014-11-24,29.212499618530273,29.6924991607666,29.155000686645508,29.657499313354492,26.51382064819336,189803200,0.5399990081787109,1,3453780686.04743,5780376800,0.4141240127387208,40340080.70182592,0.06336318096660831,0.05166976406249694,82432184.16156277,28.266144044248854,82.73553758635101,1305.3072500246888,27.824374866485595,29.61215678749872,26.03659294547247,12.850473224226894,1.0126812239576954,1.0,0.0,28.527416610717772,29.06891632080078,27.985916900634766,3.7963459325620508,1.5434748916702892,1.0,0.0,26.337499618530273,29.6924991607666,28.014999389648438,12.057771498318255,0.9895678532972975,0.4902584937370313,0.33373498980791916,0.9056961309233316,0.7799301491368278,0.12576598178650378,28.36104154586792,27.368557636554424,28.4760804169819,27.57038428605857,1.3134616891308386,0.6273074890452133,0.6861542000856253,0.43340757264176255,24.55303066070132,-0.5718743324279778,110.27368572198756,96.54713054806733,13.726555173920232,28.517499923706055,27.12374973297119,27.820624828338623,26.743749618530273,99.99999701978291,46.99158508209138,42.02954654797368,6.149260136581121,142.2937270349754,24.73687505722046,24.6274995803833,100.0,0.0,100.0,28.638500595092772,,0.0,0.0,82.40113794148934,1.0,0.8939516991753454,0.8225192255790401,54.23153739123801,64.13245182329088,98.72379697870237,92.46994639161625,-1.2762030212976376,2.281235290976131,9.135235127839037,3.285032669571139,2.8771431729752113,0.4078894965959279,-4.5767747442084294,-7.9952463701332315,3.418471625924802,29.003013531310867,1.8545513952745507,1.837564292510585,50.12926370858624,5.010582127034603,11244546.472859442
2014-11-25,29.767499923706055,29.9375,29.362499237060547,29.399999618530273,26.283613204956055,275361600,-0.25749969482421875,0,3214336134.189509,5505015200,0.28360614871183426,24447850.89209242,0.047244694662852124,0.054660689508268294,80041371.3955525,28.47428663801603,83.72491438603836,1305.3072500246888,27.96012487411499,29.79297384497822,26.127275903251757,13.110449106470568,0.8927968881519831,0.0,0.0,28.751999918619788,29.317249743143712,28.186750094095864,3.9318991800488194,1.0731976126275284,1.0,0.0,26.475000381469727,29.9375,28.206250190734863,12.383705845805421,0.8447652156860369,0.4987327206572735,0.3844766770692128,0.9123104848815835,0.806406216285779,0.10590426859580448,28.539999802907307,27.540096062880295,28.618221832604725,27.70591134772314,1.315886582103059,0.5997049478878127,0.7161816342152463,0.4466613093861479,24.62161745329366,-0.7526244163513169,114.23037364853353,100.3135372474896,13.916836401043923,28.869999885559082,27.6274995803833,28.24874973297119,26.866250038146973,99.99999850989146,49.09149157707041,42.07825673967204,5.632147360900585,128.26200532015866,24.73687505722046,24.6274995803833,100.0,0.0,100.0,28.849300308227537,,0.0,0.0,76.43410604309337,0.5679414381865218,0.8064064689348243,0.8207913838869052,54.139865304908064,53.991986650978745,82.00835083731829,89.85488296228233,-17.991649162681718,2.332838114570169,7.880007494317498,3.2928369452700093,2.960281927434171,0.3325550178358383,-0.5002832592846522,-6.496253747963516,5.995970488678864,29.088086988081344,-0.8682447973901497,-0.8720360031138075,48.8257741870763,4.4121173878086,110966976.3784157
2014-11-26,29.485000610351562,29.774999618530273,29.457500457763672,29.75,26.596515655517578,163073200,0.35000038146972656,1,3351728839.269978,5668088400,0.27017808867243653,29108969.651434794,-0.006570953073787082,0.05551841430370954,81982721.15569043,28.627096136715085,89.22247100590494,1320.8466391869897,28.105874919891356,30.019487219017762,26.19226262076495,13.61716939665227,0.9295867770235415,0.0,0.0,28.950999895731606,29.496499697367348,28.405500094095864,3.7684349666704806,1.2323559989137514,1.0,0.0,26.475000381469727,29.9375,28.206250190734863,12.319487041051906,0.945848369485283,0.4863594485915462,0.3443517980191758,0.9350162286996664,0.8321282187685566,0.1028880099311098,28.751874764760334,27.699038358835075,28.792341550665537,27.85732532196587,1.3307942597714115,0.6053678631103033,0.7254263966611082,0.4592591345687629,24.655215246873396,-0.6808756828308091,117.86732011925238,103.88777757363904,13.979542545613342,28.869999885559082,27.793749809265137,28.33187484741211,26.866250038146973,99.99999925494572,51.0414047509795,39.731618269051886,5.31805132429291,120.25670596083208,24.774999618530273,24.6274995803833,96.0,0.0,96.0,29.06694024658203,,0.0,0.0,78.69266187261105,0.7314780842264361,0.7664731741376526,0.8222771140826074,54.79292634053111,62.35086419992978,93.39206959622013,91.3747391374136,-6.6079304037798785,2.3928086785709155,9.344847925972651,3.356446528491354,3.039514847645608,0.31693168084574586,-1.9174008774862916,-5.580483173868071,3.6630822963817797,29.22834972751262,1.1904775034389026,1.1834470622163806,50.59751154809222,4.810492029406735,-46576238.285265744
2014-11-28,29.8174991607666,29.850000381469727,29.512500762939453,29.732500076293945,26.580873489379883,99257600,-0.017499923706054688,0,3381873482.3913646,5568830800,0.2608246445356408,24702402.497337524,0.02210173875724362,0.05546465937739131,81924334.58670737,28.74526009497251,89.11320998772621,1320.0696739630175,28.255249881744383,30.186945184234006,26.32355457925476,13.673177979839304,0.8823714311065625,0.0,0.0,29.105249977111818,29.638249778747557,28.572250175476075,3.6625681075056136,1.0884149461755335,1.0,0.0,26.802499771118164,29.9375,28.369999885559082,11.095284033949913,0.9346092795089931,0.47147346558541886,0.33128211423343557,0.9407541682193354,0.8538534086587124,0.08690075956062304,28.944166501363117,27.852307613079365,28.936981323839138,27.996227155619803,1.305150912979893,0.6216692197363671,0.6834816932435259,0.46971678564540337,24.679442735667404,-0.44274988174438334,119.74030026940783,107.0828567739674,12.657443495440418,29.131250381469727,27.922499656677246,28.526875019073486,26.866250038146973,99.99999962747286,52.89583605328452,38.83373914309994,5.045338561365824,111.25943336923392,24.911250114440918,24.868749618530273,92.0,0.0,92.0,29.241052197265624,,0.0,0.0,78.28864638250154,0.702224285255794,0.6672146025562505,0.7466980818762424,55.18089866330631,60.38432334449074,92.77533211397443,89.39191751583762,-7.224667886025569,2.4071911587434656,8.413859264999273,3.36028909534867,3.1036696971862203,0.25661939816244983,-5.796041763299887,-5.6235948917544345,-0.17244687154545257,29.31815681128716,-0.058823272961527895,-0.05884058063636566,50.50892516280101,4.583824917719873,-58267759.6873478
2014-12-01,29.702499389648438,29.8125,27.8174991607666,28.767499923706055,25.718158721923828,335256000,-0.9650001525878906,0,3365909033.068019,5233574800,0.2005015653031625,-25043953.738854386,-0.515478158681794,0.018468737073676418,71043241.83211745,28.812561046757132,81.47060804094961,1320.0696739630175,28.343624877929688,30.197689534254152,26.489560221605224,13.082763156156272,0.614309672084647,0.0,0.0,29.15533326466878,29.813333066304523,28.497333463033037,4.513752565696958,0.20529372501435572,0.0,0.0,26.93000030517578,29.9375,28.43375015258789,10.610850615533183,0.610972503735423,0.6238262029502168,0.9324181690363287,0.857548790505863,0.8545924850281426,0.002956305477720411,29.023749828338623,27.950769131000225,28.9109072622802,28.053358471774338,1.0476457602864024,0.7042569103893358,0.34338884989706664,0.4702265869736426,25.24598061090692,-0.13862495422363352,118.1119025939005,109.70935579112843,8.402546802772065,28.8774995803833,28.03499984741211,28.456249713897705,26.866250038146973,49.99999981373643,49.72129068345936,29.276597530022514,24.713265826588415,38.52230178845178,25.0287504196167,25.0287504196167,88.0,0.0,88.0,,29.9375,0.0,1.0,59.99646972035806,0.0,0.47790078982740997,0.6371961888404377,48.93581073140728,57.44506748018022,58.7665115916398,81.64463776727813,-41.2334884083602,2.2238308177274817,3.433707590853231,3.056848937957567,3.09430554534049,-0.03745660738292278,1.1389158956776688,-4.271092734268014,5.410008629945683,29.311920844272564,-3.245607164253561,-3.2994451121886925,45.62399670487611,3.571085785180017,221676577.10308284
2014-12-02,28.375,28.9375,28.1875,28.657499313354492,25.619821548461914,237395600,-0.1100006103515625,0,3426048817.0503592,4996179200,0.2031693137482393,-25196769.046843104,-0.07977177558786919,0.012358968180074112,70135493.1238866,28.852019067192,74.03248709650606,1315.022017050612,28.408999824523924,30.209751256430152,26.608248392617696,12.677330726382973,0.5689988313843829,0.0,0.0,29.14333324432373,29.776833152770998,28.509833335876465,4.347477367371171,0.11654774965947712,0.0,0.0,26.93000030517578,29.9375,28.43375015258789,10.58643286775626,0.574397068485714,0.6364435826551952,1.3537573866919546,0.7738117787592174,0.8384363437743576,-0.06462456501514025,29.061458110809326,28.041249862084022,28.871921423983935,28.098109645224717,1.0926722862207197,0.8230062449233279,0.2696660412973918,0.46236129058166725,25.753014644452694,0.13600025177002095,115.9317201620537,111.71036212055873,4.221358041494966,28.8774995803833,28.056249618530273,28.466874599456787,26.866250038146973,24.999999906868215,46.773498554335994,26.623868801524527,22.474016878141768,18.15929981658542,25.083749771118164,25.083749771118164,84.0,0.0,84.0,,29.89509998321533,0.0,0.0,58.323595500443204,0.0,0.23407476175193123,0.45973005137853057,43.5351870001106,56.67738384681777,50.67433428370036,67.40539266310486,-49.32566571629964,1.943455819522633,1.6043233145628044,2.7539638378866065,3.026237203849713,-0.2722733659631067,2.3923930139730682,-2.9383955846197973,5.330788598592866,29.30612982399625,-0.38237806776151295,-0.3831110016772943,45.06716248007891,3.9608644669312554,5566080.45487994
2014-12-03,28.9375,29.087499618530273,28.77750015258789,28.982500076293945,25.910371780395508,172253600,0.3250007629394531,1,3481614802.16317,5168432800,0.21831419999705048,-13599723.26599875,0.06658773280910134,0.010625760244670268,72088997.53845286,28.936590144486583,73.9659421380611,1329.9355010971585,28.50062484741211,30.220476394567537,26.78077330025668,12.068869060683724,0.64009209971606,0.0,0.0,29.162833213806152,29.782332992553712,28.543333435058592,4.248556882012951,0.35445262153540574,0.0,0.0,26.950000762939453,29.9375,28.443750381469727,10.482223646166183,0.6803346719359514,0.6157992549072537,1.519228148635289,0.7253134768131773,0.8158117703821216,-0.09049829356894434,29.09791644414266,28.145288320688103,28.88893352433932,28.16362004752614,1.1182705543529037,0.8376832776444213,0.2805872767084824,0.45071259419170423,26.04716454673058,-0.003125381469725852,114.19181976269388,113.27703768999282,0.9147820727010583,28.8774995803833,28.137499809265137,28.50749969482422,26.866250038146973,12.499999953434108,44.28624832534025,27.061480842950175,21.283313296242437,42.924808972494056,25.083749771118164,25.083749771118164,80.0,0.0,80.0,,29.853547966766357,0.0,0.0,61.719742005867815,0.1410503797777566,0.04701679325925213,0.25299744827953113,40.18610923939246,58.463939654709314,55.269329211912215,54.90339169575079,-44.730670788087785,1.6634485300849455,1.5326677135423623,2.5753559932608447,2.9360609617319398,-0.360704968471095,0.8131144148498868,-2.1880935847258605,3.0012079995757475,29.303733201765414,1.1340862626768144,1.1277037148218483,46.71234924142054,4.446933314110517,-29244915.151435226
2014-12-04,28.9424991607666,29.299999237060547,28.822500228881836,28.872499465942383,25.812030792236328,168178000,-0.1100006103515625,0,3348656861.45687,5000254800,0.170870081247159,-14299717.46338537,0.036555271463831536,0.0058656639936709425,71450692.264615,29.00795029437763,73.36986559377324,1324.887844184753,28.583499813079833,30.20445887478011,26.962540751379557,11.341921544250672,0.5891446488967492,0.0,0.0,29.19424985249837,29.812999661763506,28.575500043233234,4.238847118123057,0.2399996074842295,0.0,0.0,26.950000762939453,29.9375,28.443750381469727,10.451831499281502,0.6435143745490994,0.6019692302343994,1.7115738396766236,0.6702755735873751,0.7867045310231723,-0.11642895743579718,29.12916644414266,28.229422936072716,28.886405207662868,28.216129634075493,1.0726224733248209,0.8687309173652263,0.20389155595959452,0.43536300466868727,26.281237031394763,0.2840004920959487,111.54223603083989,114.19691601672963,-2.654679985889743,28.8774995803833,28.206250190734863,28.541874885559082,26.866250038146973,6.249999976717054,42.323252119290125,28.10069813263853,20.015163673905832,42.93958330323117,25.254374980926514,25.239999771118164,76.0,4.0,72.0,,29.81282699064636,0.0,0.0,59.93939791936044,0.06710827830014322,0.06938621935929988,0.11682592479016107,36.95515081405309,52.222199914061044,50.117076352006286,52.020246615872956,-49.882923647993714,1.4077426125021546,1.3159049285996685,2.375505011778476,2.823949771741247,-0.4484447599627712,-0.6242268526777126,-1.875320238316231,1.2510933856385185,29.29906743786525,-0.3795414821426535,-0.38026356848317455,46.15551501662334,4.213788183006326,3934129.304127276
2014-12-05,28.997499465942383,29.020000457763672,28.65999984741211,28.75,25.702510833740234,153275600,-0.12249946594238281,0,3272019061.45687,4846979200,0.11836621065348975,-14939211.988901502,-0.051965207755190895,0.0008329499068307514,70800378.66207615,29.042682353696534,67.60303977191549,1319.2666455927285,28.662249851226807,30.149351627701837,27.175148074751778,10.376727466921986,0.529503746872387,0.0,0.0,29.17508322397868,29.779583040873213,28.57058340708415,4.1439457927420715,0.14840086622156318,0.0,0.0,27.100000381469727,29.9375,28.518750190734863,9.899779791392833,0.581497741093941,0.5777723682461157,1.9330107387037254,0.6097442039924097,0.7513124656170198,-0.14156826162461011,29.119374752044678,28.303076817439152,28.86541979109935,28.25567558710694,1.0683831750770472,0.9161657170125254,0.1522174580645218,0.41648527739803687,26.395698993679908,0.005249691009520774,106.9633975018061,114.3169728678306,-7.353575366024501,28.8774995803833,28.206250190734863,28.541874885559082,26.866250038146973,3.124999988358527,40.13825675528956,26.803978841793914,21.17451057548292,18.823896804907786,25.42062520980835,25.318750381469727,72.0,0.0,72.0,,29.772920434048764,0.0,0.0,57.935175325232166,0.0,0.06938621935929988,0.0619297439926173,33.71445969009094,52.561006781096175,43.98587123062625,49.790758931514915,-56.01412876937375,1.1111469268798828,-0.40703318241487674,2.157953017660763,2.6907504209251503,-0.5327974032643872,-2.3899777399859405,-1.9782517386501732,-0.4117260013357673,29.28920613506288,-0.42427731650624967,-0.4251799266642653,45.535410319584926,4.144397038648563,-1067617.7800349891
2014-12-08,28.524999618530273,28.662500381469727,27.905000686645508,28.100000381469727,25.121408462524414,230659600,-0.6499996185302734,0,3160114761.07112,4616319600,0.07880158852889002,-34223417.70625064,-0.18267564683315599,-0.03682598005675882,65585469.0269337,28.996581254616828,59.9616106111694,1319.2666455927285,28.70462484359741,30.072117219985,27.337132467209823,9.528028210357247,0.27892949439144943,0.0,0.0,29.080083274841314,29.721833038330082,28.438333511352546,4.413672116571819,-0.2636020682294658,0.0,1.0,27.100000381469727,29.9375,28.518750190734863,9.885165313920414,0.35242295486826014,0.6044950627569533,2.4355149284315254,0.5035188684555649,0.701753746184729,-0.19823487772916404,29.07208315531413,28.355192184448242,28.747662958848636,28.24414409039307,0.9106256925591523,1.0360986983830347,-0.12547300582388243,0.390637903686599,26.599351354264613,0.3728745460510261,99.6968834201227,113.14177261206783,-13.444889191945123,28.8774995803833,28.369999885559082,28.62374973297119,26.866250038146973,1.5624999941792634,37.85741959432831,24.004025791308575,28.2960506553933,-58.40894402777078,25.508750438690186,25.318750381469727,68.0,0.0,68.0,,29.733812008583122,0.0,0.0,48.6412012066715,0.0,0.022369426100047666,0.05371395493954915,27.610141653454,48.022464668779556,13.325524003343258,35.8094905286586,-86.67447599665674,0.9016250442056091,-1.9795907206015477,1.7827372174709704,2.5091477802343145,-0.7264105627633441,-0.5687572449628788,-1.6963528399127143,1.1275955949498355,29.219425782720347,-2.260868238366165,-2.2868177328224437,42.24504645209355,3.5773581085007464,88740512.9055419
2014-12-09,27.547500610351562,28.575000762939453,27.337499618530273,28.530000686645508,25.50583267211914,240832000,0.43000030517578125,1,3383431693.0277724,4857151600,0.14757097536670488,-14540381.820201444,-0.16828413568641512,-0.04657496126994983,69270801.12978962,28.939580629951156,52.52535763222667,1319.2666455927285,28.770749855041505,29.958338910578334,27.583160799504675,8.255530784010677,0.3986395305372824,0.0,0.0,28.94466667175293,29.65641670227051,28.232916641235352,4.918004678300022,0.208699706829741,0.0,0.0,27.100000381469727,29.9375,28.518750190734863,9.862445827191598,0.5039649330125626,0.667795670922176,2.670756100341325,0.4488578023543326,0.6511745574186497,-0.20231675506431712,29.026458263397217,28.41403836470384,28.71417645543277,28.265318653078438,0.841866455078125,0.9999997965494791,-0.15813334147135416,0.3636134358940277,26.819275652085647,0.34675045013427663,92.7903169092515,110.75954408548095,-17.969227176229452,28.59375,28.43375015258789,28.513750076293945,26.866250038146973,0.7812499970896317,36.567113141188926,20.608736486334124,30.780218833135066,-81.46958304756834,25.783124923706055,25.40250015258789,64.0,4.0,60.0,,29.69548575162679,0.0,0.0,53.90885229582039,0.1560326113916017,0.05201087046386716,0.047922171974404904,24.204554315532405,54.966728194828484,45.86541896740562,34.39227140045838,-54.13458103259438,0.7091985814711634,-1.8828947278659,1.5880160696700532,2.3249214381214625,-0.7369053684514093,1.2300917928149793,-1.1110639133671758,2.341155706182155,29.16993107984293,1.5302501755812825,1.5186599377764232,44.42175152518237,4.394207892879383,60294858.13032332
2014-12-10,28.602500915527344,28.712499618530273,27.885000228881836,27.987499237060547,25.02083969116211,178261200,-0.5425014495849609,0,3249331483.175474,4678890400,0.08579120441578612,-26278464.332280472,0.1589904701575069,-0.035115071186092646,65881142.62725681,28.907972434766247,58.492818854949746,1294.1806291048931,28.798874855041504,29.879472404217488,27.71827730586552,7.504442827125349,0.12457085961388845,0.0,0.0,28.80750001271566,29.54449990590414,28.07050011952718,5.116722331775877,-0.05630996912872337,0.0,1.0,27.337499618530273,29.9375,28.637499809265137,9.02813180916536,0.24999981660111992,0.6837660427948021,3.099300811260547,0.3576405232214732,0.5924677505792144,-0.2348272273577412,28.932291507720947,28.438557551457333,28.602379960298585,28.24473943707711,0.9060970183339029,0.9871364138393713,-0.08103939550546846,0.33244264801756307,26.98254463326787,0.8586244583129883,83.67212394363244,106.9600778437454,-23.287953900112953,28.59375,28.43375015258789,28.513750076293945,26.866250038146973,0.39062499854481586,35.096141611465086,20.23965385266927,27.934807006489056,-89.39428675900353,26.14875030517578,25.6850004196167,60.0,0.0,60.0,,29.60116630630293,0.0,0.0,47.315285223127574,0.0,0.05201087046386716,0.042130389009260666,18.97294053872582,51.11702619310673,24.99998166011199,28.06364154362029,-75.00001833988802,0.5100956468021174,-3.880831308566591,1.2662199416575088,2.1131811388286716,-0.8469611971711628,0.13710429107046102,-0.8614302724796484,0.9985345635501095,29.06400190151994,-1.9015122205689239,-1.9198234628033717,41.675554270771364,3.711729593527391,-14524893.291277707
2014-12-11,28.065000534057617,28.450000762939453,27.834999084472656,27.905000686645508,24.947084426879883,165606800,-0.08249855041503906,0,3121424552.091669,4513283600,0.014791602776174256,-24476158.133222304,-0.05802540249581359,-0.04486858451162536,65392984.65275718,28.8529529427979,52.62102593101743,1290.3657821629772,28.80349988937378,29.86784035856977,27.73915942017779,7.390355153254468,0.07790799620397641,0.0,0.0,28.64775002797445,29.414500172932946,27.88099988301595,5.352951936607721,0.015650993865059883,0.0,0.0,27.337499618530273,29.9375,28.637499809265137,9.026682144376913,0.2182696095584562,0.6768896063620016,3.5146645013095643,0.27551723756322843,0.5290776479760173,-0.2535604104127889,28.786249955495197,28.46759605407715,28.495090841275037,28.219573603711808,0.879407051516337,1.0472659814247474,-0.16785892990841034,0.29867058412286757,27.115606527224337,0.5964997291564949,74.19537323849994,101.89953039586673,-27.704157157366794,28.574999809265137,28.443750381469727,28.50937509536743,26.866250038146973,0.19531249927240793,33.80426002379903,18.845309608404566,26.570436994341133,-117.81966495203267,26.213125228881836,25.6850004196167,56.00000000000001,4.0,52.00000000000001,,29.510619638792022,0.0,0.0,46.386150326759726,0.0,0.05201087046386716,0.05201087046386716,14.60471122058324,45.708146892239256,21.826960955845617,30.897453861121075,-78.17303904415438,0.265830982432643,-5.909124731631877,0.9763338079884695,1.8858116726606313,-0.9094778646721619,-1.250953721430531,-0.939334962269825,-0.311618759160706,28.882569625392065,-0.294769281514784,-0.2952045817928628,41.257938257365325,3.927580495078665,2490290.9329490066
2014-12-12,27.614999771118164,27.967500686645508,27.395000457763672,27.4325008392334,24.524669647216797,224112400,-0.4724998474121094,0,2926672142.0728455,4289171200,-0.05380126795183095,-36107146.228927925,-0.11782719711456707,-0.05612538488653208,61598214.10276617,28.727919142967142,44.738627765642235,1290.3657821629772,28.764874935150146,29.96117770758259,27.568572162717704,8.317802702980522,-0.056871607514388495,0.0,1.0,28.437750053405768,29.22800025939942,27.64749984741211,5.557754776728635,-0.13603223798491362,0.0,1.0,27.337499618530273,29.9375,28.637499809265137,9.038803010030035,0.03653892567870424,0.666450668613985,4.085015112825019,0.1703435388914052,0.45733082615909487,-0.2869872872676897,28.622291723887127,28.475961465101975,28.331615456345553,28.161271917454147,0.8079718647717312,1.1125592741117227,-0.3045874093399915,0.26075568163953755,27.236342134433112,0.9851250648498535,62.343102052169485,95.70299700234108,-33.359894950171594,28.31874942779541,28.443750381469727,28.38124990463257,26.866250038146973,0.09765624963620397,33.224973906790474,17.627861120004553,29.81897081544452,-176.01895921310913,26.269375324249268,25.6850004196167,52.0,0.0,52.0,,29.423694837981554,0.0,0.0,41.37481553024965,0.0,0.0,0.03467391364257811,9.174644755238972,40.94406716096523,3.6538925678704235,16.82694506127601,-96.34610743212957,-0.007941021638757206,-6.692172805528871,0.6048858140737157,1.6296265009432482,-1.0247406868695326,0.044528673614061605,-0.7425622350930478,0.7870909087071094,28.61691685559612,-1.6932443497062244,-1.7077436371450982,38.86609619931096,3.5767931432193336,72512145.56415111
2014-12-15,27.674999237060547,27.899999618530273,26.587499618530273,27.0575008392334,24.18941879272461,268872400,-0.375,0,2850364094.397994,4020298800,-0.11485305407983262,-45352861.053366795,-0.21356598955398184,-0.0759060399237171,57922750.805019766,28.534743356557865,37.08074247250858,1290.3657821629772,28.69049997329712,30.098466611217596,27.28253333537664,9.8148630329266,-0.07991400154040885,0.0,1.0,28.276000086466475,28.998000208536787,27.553999964396162,5.106805204855533,-0.3438359011208116,0.0,1.0,26.587499618530273,29.9375,28.262499809265137,11.676340198280426,0.14029885587562949,0.7310556017525865,4.747427369226084,0.05608672609848142,0.37708200614697224,-0.3209952800484908,28.397916793823242,28.471442295954777,28.135597822943684,28.079511096845202,0.7355273951109913,1.1426235137020968,-0.4070961185911055,0.21862210110136127,27.540977134160855,1.0420001029968269,51.50662187275349,88.54465274797438,-37.03803087522089,27.94374942779541,28.262499809265137,28.103124618530273,26.866250038146973,0.04882812481810198,33.596651932035705,15.203009273829792,34.18023116349065,-202.9033807313861,26.28000020980835,25.6850004196167,48.0,100.0,-52.0,,29.340247029203503,0.0,0.0,37.877309381528995,0.0,0.0,0.017336956821289055,3.4773203634670455,40.9172235394539,14.02988558756295,13.170246370426327,-85.97011441243706,-0.2445073688731476,-9.050417347114626,0.19974253079065502,1.3436497069127298,-1.1439071761220747,2.772029010947004,-0.03964398588503737,2.8116729968320415,28.386622446093593,-1.3669916650970504,-1.3764210271657529,36.967808238620734,3.5061524250864338,90132606.7994346
2014-12-16,26.592500686645508,27.540000915527344,26.565000534057617,26.6875,23.8586368560791,243162800,-0.37000083923339844,0,2668303451.2856717,3777136000,-0.1279164998834392,-51726800.912934825,-0.07668432192342388,-0.08475811253702252,54597593.740259156,28.300674947271723,27.817207262560615,1272.720530106805,28.6,30.256671667008224,26.94332833299178,11.585116552505049,-0.0772115374719297,0.0,1.0,28.10966682434082,28.854166984558105,27.365166664123535,5.29711123841998,-0.45511519025446256,0.0,1.0,26.565000534057617,29.9375,28.25125026702881,11.791956174623715,0.03632304976752682,0.7554500797243006,5.482100365659976,-0.06358562125474876,0.2889484806666281,-0.35253410192137685,28.144166787465412,28.44971150618333,27.91281354249081,27.97639916374556,0.7243474972106535,1.191943951774821,-0.46759645456416743,0.17251656636141025,27.886560484285507,0.16749992370605327,38.68051706831897,80.15450800415495,-41.47399093583598,27.932499885559082,28.25125026702881,28.091875076293945,26.866250038146973,0.02441406240905099,33.96428142829006,13.695832534724344,31.020482248031033,-185.96913822191328,26.32062530517578,25.6850004196167,44.0,100.0,-56.0,,29.17508218456311,0.0,0.0,34.75552835980355,0.0,0.0,0.0,-2.307018330054047,38.60103396969379,3.7290554530432227,7.137611202825529,-96.27094454695678,-0.4411764144897461,-10.241318652923365,-0.22728307843544415,1.029463149843095,-1.2567462282785393,3.8191195476616264,0.7321087208242955,3.087010826837331,28.107389021015255,-1.3674612501421324,-1.3768971214985104,35.09482653578861,3.4269156281007973,34806270.245735645
2014-12-17,26.780000686645508,27.459999084472656,26.704999923706055,27.352500915527344,24.45315170288086,213647200,0.6650009155273438,1,2821111688.82385,3990783200,-0.12213883535820207,-24040745.9825365,0.010601146747143481,-0.08353153397838461,59921269.00395389,28.142751711276215,28.664744267165887,1304.4342656658296,28.524250030517578,30.26164701775442,26.786853043280736,12.18189425052741,0.16278601735870815,0.0,0.0,27.932000160217285,28.721000289916994,27.143000030517577,5.649435236818149,0.13276353014637815,0.0,0.0,26.565000534057617,29.9375,28.25125026702881,11.82327129489542,0.23350645105281703,0.7571549801991362,5.884745758295831,-0.10357287881131327,0.21044420877103984,-0.31401708758235314,28.02625020345052,28.45528844686655,27.826611599881044,27.930184478692357,0.7412556592679396,1.1816206701368832,-0.44036501086894364,0.13008479251915778,28.118114778290145,0.13324928283691406,27.05889468039982,70.76747007632828,-43.70857539592846,27.792500495910645,28.25125026702881,28.021875381469727,26.866250038146973,0.012207031204525496,34.305651674811955,12.627673682182596,28.601147560684453,-133.46765534430995,26.355000495910645,25.6850004196167,40.0,96.0,-56.0,,28.96627565252267,0.0,0.0,43.73170317393933,0.2061918654541501,0.06873062181804997,0.022910207272683322,-4.240534309299005,43.59721737492655,23.972615465724044,13.910518835443403,-76.02738453427595,-0.6951985303093409,-4.918741677001522,-0.3708277648159751,0.749404966911281,-1.1202327317272562,3.4804420766548785,1.2817753919904122,2.1986666846644662,28.02938418671568,2.491806709235944,2.4612674851395955,38.461128487238064,4.390759915557414,11332631.660194278
2014-12-18,27.967500686645508,28.162500381469727,27.665000915527344,28.162500381469727,25.177291870117188,236024800,0.8099994659423828,1,3057136488.82385,4226808000,-0.05979846918009868,6705069.436276957,0.17521336758152595,-0.07259498906236446,66910756.45665808,28.081176956478973,31.695804593411864,1304.4342656658296,28.499000072479248,30.24200510027797,26.755995044680525,12.232043393563822,0.40347139404569193,0.0,0.0,27.831833585103357,28.622833760579432,27.040833409627282,5.68413987571015,0.7090181561384311,0.0,0.0,26.565000534057617,29.9375,28.25125026702881,11.833746648532834,0.4736842402925978,0.7624394287734608,5.933107429079838,-0.06910626703474065,0.15453411360988376,-0.2236403806446244,27.985000292460125,28.483653875497673,27.878286797048535,27.947393064083276,0.8009182019786432,1.1302172864673312,-0.32929908448868805,0.0973268551581103,28.127222579017705,0.48350000381469727,17.61782988555358,60.84018478563355,-43.222354900079964,27.638750076293945,28.25125026702881,27.945000171661377,26.866250038146973,0.006103515602262748,33.07363836202018,18.625397495569164,26.286173056203836,-48.42421414525167,26.355000495910645,25.6850004196167,36.0,92.0,-56.0,,28.774173643045465,0.0,0.0,52.33381611484275,0.651911751841684,0.2860345390986113,0.1182550536388871,-2.738949820181756,42.84192578148658,49.1916893032817,25.63112007401632,-50.8083106967183,-0.7779336985419754,-1.727292833447245,-0.24727267719132237,0.5500694380907604,-0.7973421152820828,4.002180832779723,1.8258564801482744,2.176324352631448,28.032753799043682,2.961336034477813,2.918335346343115,42.56142777887526,4.93535888791979,48883759.02256042
2014-12-19,28.065000534057617,28.309999465942383,27.915000915527344,27.94499969482422,24.982847213745117,353719200,-0.2175006866455078,0,2757144798.470241,3873088800,-0.14382102354135015,-5243393.180291136,0.022194379349213218,-0.03418980777443537,64178961.77090209,28.000366875434512,43.082203109723075,1304.4342656658296,28.442375087738036,30.180101177499942,26.70464899797613,12.219275530973981,0.35688901264584094,0.0,0.0,27.756500244140625,28.55100021362305,26.9620002746582,5.724784915203001,0.6186277268244527,0.0,0.0,26.565000534057617,29.9375,28.25125026702881,11.857306063713088,0.4091918100218249,0.7256953409376187,5.944581203800285,-0.05866545768823528,0.11189419935025996,-0.17055965703849524,27.898541927337646,28.488750017606296,27.888550319783256,27.94721577747149,0.9576109188551718,1.1324666595248276,-0.1748557406696558,0.0707199738873602,27.99692755389437,0.4301243782043471,7.429839041561925,50.58829096579346,-43.158451924231535,27.638750076293945,28.25125026702881,27.945000171661377,26.866250038146973,0.003051757801131374,31.644208272714774,19.38852806365299,25.214390508167323,-38.45387007330138,26.578125,25.826250076293945,32.0,88.0,-56.0,,28.597439794326437,0.0,0.0,50.11818581522187,0.5697424615110435,0.4759486929356258,0.2769046179507624,-2.3409726000780875,43.24726046350912,50.4570316341069,41.20711213437088,-49.5429683658931,-0.7271617216222417,-3.5797477054725984,-0.20991521357746856,0.39807250775711456,-0.6079877213345831,8.44248408256735,3.1491820006320896,5.293302081935261,28.03023111484067,-0.7723060229006484,-0.7753037502594928,41.46041728580585,4.248614527964683,156619080.66687217
2014-12-22,28.040000915527344,28.372499465942383,27.99250030517578,28.235000610351562,25.24210548400879,180670000,0.29000091552734375,1,2807067571.6106977,4053758800,-0.11124541431330728,2990586.618082626,0.014722878888095063,-0.027440189597580784,66053875.56515881,27.96573890569968,49.957388271123335,1317.9711107336216,28.398250102996826,30.109783312974287,26.686716893019366,12.053793482133218,0.4523089906483867,0.0,0.0,27.754250208536785,28.51100012461344,26.997500292460124,5.453218230654219,0.8176415296530287,0.0,0.0,26.565000534057617,29.9375,28.25125026702881,11.875729855574756,0.4951817170495221,0.6958757839556732,5.903382993178132,-0.0266828080135717,0.08417879787749363,-0.11086160589106533,27.845417022705078,28.489903890169582,27.941850364486072,27.968533172499644,0.9224458593604508,1.0387773547864168,-0.11633149542596599,0.05124367283356813,27.655511312935918,0.35174989700317383,2.1374069339923976,40.515745412986895,-38.3783384789945,27.638750076293945,28.25125026702881,27.945000171661377,26.866250038146973,0.001525878900565687,30.193012220580155,19.17218893478316,24.07048732280558,-21.21648828987184,26.862499713897705,26.078749656677246,28.000000000000004,84.0,-56.0,,28.434844653504932,0.0,0.0,52.976768648475506,0.6757564128457926,0.63247020873284,0.4648178135890257,-1.0515002254459425,46.29500134798065,61.06036081334685,53.56969391691181,-38.93963918665315,-0.5656984104829696,-2.207979452360214,-0.0954029582066458,0.2993774145643625,-0.3947803727710083,5.786834150251711,3.676712430556014,2.110121719695697,28.031662953111866,1.0377560160827581,1.0324082940567525,42.92843127656505,4.553520565723417,-82630325.83850893
2014-12-23,28.3075008392334,28.332500457763672,28.114999771118164,28.135000228881836,25.15270233154297,104113600,-0.10000038146972656,0,2722101678.144771,3949645200,-0.17241399810493707,1076017.1417584617,0.008617465063242145,-0.03158092300799929,65685134.65879702,27.91656300474312,45.1646897296647,1313.3032300539546,28.322125148773193,29.93547082739281,26.708779470153576,11.392829246709972,0.442007183466267,0.0,0.0,27.7589168548584,28.41366672515869,27.104166984558105,4.717402150262198,0.7871962188025723,0.0,0.0,26.565000534057617,29.9375,28.25125026702881,11.907649755189599,0.465530005468959,0.6480382742246567,5.9025908757843615,-0.009298337325724049,0.0654833708368501,-0.07478170816257415,27.794167041778564,28.47413466526912,27.971565728239266,27.98086406556499,0.885474798100982,1.0711023584672628,-0.1856275603662808,0.03657115874265379,27.075010927353123,-0.2221247673034661,-4.072459893135464,30.766347208901568,-34.83880710203703,27.507500648498535,28.25125026702881,27.879375457763672,26.866250038146973,0.0007629394502828435,28.845473029312295,18.70718287173201,23.4866769616739,-16.780218593084268,26.955000400543213,26.171250343322754,24.0,80.0,-56.0,26.565000534057617,,1.0,0.0,51.87285360414514,0.6796940082564012,0.641730960871079,0.5833832875131816,-0.38404914038886223,47.158936470432515,57.404038001934545,56.30714348312943,-42.595961998065455,-0.3629926569321569,-2.139129638671875,-0.03323105856894236,0.23285571993770154,-0.2660867785066439,0.7706628056559299,3.0955025055759977,-2.3248396999200676,28.033280563669113,-0.3541716993378241,-0.3548003721272508,42.42221922267595,4.277661125636406,-79116281.26657087
2014-12-24,28.145000457763672,28.177499771118164,28.002500534057617,28.002500534057617,25.034244537353516,57918400,-0.13249969482421875,0,2664183278.144771,3891726800,-0.13664014664734472,-174009.63916518004,-0.0404122718879614,-0.037078604675984506,65412372.25388226,27.85567856513858,40.8728439659452,1307.118325992174,28.25225019454956,29.792192903277773,26.71230748582135,10.901380938678637,0.41890943115078505,0.0,0.0,27.745500246683754,28.335000101725257,27.156000391642248,4.249336647746789,0.7179816374643302,0.0,0.0,26.565000534057617,29.850000381469727,28.207500457763672,11.627391888402055,0.43759514970219815,0.6007343705082457,5.890840742943912,-0.006141837800413441,0.051158329109397396,-0.05730016690981084,27.78604205449422,28.45509624481201,27.9763249291344,27.982466766934813,0.8653392812098617,1.1118682763084202,-0.24652899509855852,0.024746885627752086,26.5638762735475,0.27775049209594727,-8.635859353661,21.56287692088369,-30.19873627454469,27.46875,28.25125026702881,27.860000133514404,26.866250038146973,0.00038146972514142174,27.790696603801802,18.32212764216397,24.3264518672049,-25.792037251642565,27.34625005722046,26.557499885559082,20.0,76.0,-56.0,26.60035053253174,,0.0,0.0,50.37502082482477,0.6738451404508871,0.6764318538510269,0.6502110078183153,-0.2959112570597156,48.56212110099836,58.5539733064414,59.006124040574264,-41.4460266935586,-0.18829400118659834,-0.3469745412402368,-0.021948879101934212,0.18189480012977438,-0.2038436792317086,-5.403122295009875,1.395777545458823,-6.798899840468698,28.033142037250833,-0.4709425759598984,-0.4720550044829519,41.751492354729436,4.149573649449916,-69640517.78791094
2014-12-26,28.024999618530273,28.6299991607666,28.002500534057617,28.497499465942383,25.476783752441406,134884000,0.4949989318847656,1,2742104320.535117,4026610800,-0.1524785264880917,9389054.013336236,0.10525442068408712,-0.02584863121603607,67796710.60420708,27.828846542776944,46.03368088918332,1307.118325992174,28.18962516784668,29.574946255308145,26.80430408038521,9.828588207278298,0.6111201947628868,0.0,0.0,27.776833534240723,28.367583084106446,27.186083984375,4.253541348674619,1.1099589342602687,1.0,0.0,26.565000534057617,29.850000381469727,28.207500457763672,11.653222871366902,0.588279763059097,0.6034107961283196,5.822017358773552,0.035888289873188484,0.04810432126215562,-0.012216031388967138,27.783333619435627,28.440865443303036,28.05650562710486,28.02061733723167,0.8855759688789064,1.0341493261866395,-0.14857335730773302,0.018731296103297372,26.21074817650033,-0.2021259307861314,-11.473750191572234,13.361004449356834,-24.83475464092907,27.59749984741211,28.25125026702881,27.92437505722046,26.866250038146973,11.178792158678437,25.845901534799538,22.28269505783288,22.535273729464617,23.07012567257734,27.34625005722046,26.557499885559082,16.0,72.0,-56.0,26.634993531036375,,0.0,0.0,55.53998019828769,1.0,0.7845130495690961,0.7008919547637339,1.4099329803943137,58.45320546366986,89.98834718289594,68.6487861637573,-10.011652817104062,-0.1443382599774523,-0.11391945292990603,0.12807815559974423,0.17113147122376837,-0.04305331562402415,-7.2794372951716575,-0.3392654226672731,-6.940171872504385,28.044349519261292,1.767695464491581,1.752253441274787,44.257227055933114,4.70191910233655,47511307.49231607
2014-12-29,28.447500228881836,28.6924991607666,28.424999237060547,28.477500915527344,25.458898544311523,110395600,-0.019998550415039062,0,2675042970.616759,3916215200,-0.17630042684776112,7732367.443974133,0.058760093722403414,-0.008603221176353261,67719238.82550463,27.82397531754985,52.25713119342746,1306.2010359761846,28.12687520980835,29.328476715727632,26.92527370388907,8.544152145989267,0.6458993285177136,0.0,0.0,27.870166778564453,28.430416297912597,27.30991725921631,4.020424590921672,1.0420211137972328,1.0,0.0,26.565000534057617,29.8125,28.18875026702881,11.54589495533411,0.5889147639674033,0.5698197088860931,5.630375161125029,0.0668135677624413,0.05184617056221276,0.014967397200228535,27.824167092641193,28.433557803814228,28.121274133016012,28.05446056525357,1.0154343942181037,1.0002712536421947,0.015163140575908951,0.016685746526406385,25.86662491129694,-0.2218745231628425,-12.151392752382833,6.2878917132305725,-18.439284465613405,27.62874984741211,28.25125026702881,27.94000005722046,26.866250038146973,40.38389926555227,24.083901124158764,22.31806739743999,21.798421138123956,60.27959654692127,27.383749961853027,26.557499885559082,12.0,68.0,-56.0,26.714793756225585,,0.0,0.0,55.28960632456142,0.9879537898967977,0.8872663101158947,0.7827370711786726,2.695564522243243,53.692750477008666,89.05709880380991,79.19980643104908,-10.942901196190098,-0.09405901291790997,1.7507876438561734,0.23815666534394972,0.18453651004780464,0.05362015529614508,-9.889850150342703,-2.249382368202359,-7.640467782140344,28.070475760991435,-0.07017650948266674,-0.07020114472120476,44.15599236930876,4.410037892266928,-5770093.968346
2014-12-30,28.40999984741211,28.479999542236328,28.02750015258789,28.1299991607666,25.148235321044922,119526000,-0.3475017547607422,0,2609666420.2373962,3796689200,-0.199351748658293,694101.4177589044,-0.11546610812507914,-0.004830504921972119,66260701.61527895,27.811826546262655,54.72769345909863,1306.2010359761846,28.095000171661376,29.26020575601232,26.929794587310433,8.294754064648503,0.5150183751156332,0.0,0.0,27.97325007120768,28.447499529520666,27.49900061289469,3.39073548554963,0.6652601672087463,0.0,0.0,26.565000534057617,29.299999237060547,27.932499885559082,9.734823585306986,0.5722118350515751,0.5580876769623275,5.533417355304618,0.06256042820458063,0.05398902209068634,0.008571406113894293,27.84291696548462,28.39711548731877,28.122616444977638,28.060056016773057,1.0369932089554093,1.0150937440518808,0.021899464903528454,0.014936124507559833,25.629324889357576,-0.6624993324279771,-11.033152641889469,0.7641506343185246,-11.797303276207993,27.698749542236328,28.25125026702881,27.97499990463257,26.895000457763672,44.90907392587599,23.045777978250804,21.063409111256338,25.511384363404854,14.883274664794692,27.398125171661377,26.557499885559082,8.0,64.0,-56.0,26.833456080498046,,0.0,0.0,50.98833090787115,0.7810070082296432,0.9229869327088136,0.8649220974646016,2.5346544252850043,39.88124923626247,72.87540367419008,83.97361655363197,-27.124596325809925,-0.1093310748829559,0.8063016254601679,0.222951900620529,0.19221958816234952,0.030732312458179478,-11.554668868956723,-4.110439668353232,-7.444229200603491,28.074250988667675,-1.2202677327323608,-1.2277741273417409,42.396903309625976,4.004569919442517,15311156.784267336
2014-12-31,28.204999923706055,28.282499313354492,27.552499771118164,27.594999313354492,24.669946670532227,165613600,-0.5349998474121094,0,2463336399.968277,3631075600,-0.25867358589622497,-12062663.174688097,-0.14821401675656223,-0.026773682558691343,63110923.678102665,27.785216617988475,48.03286538420203,1306.2010359761846,28.041875171661378,29.19648943888791,26.887260904434847,8.234929084866364,0.3064826189181282,0.0,0.0,28.061166636149085,28.510916010538732,27.611417261759435,3.2054930589398274,-0.018252330453181143,0.0,1.0,26.565000534057617,29.299999237060547,27.932499885559082,9.753266093156533,0.3765993666344242,0.5752788634897276,5.369179642923378,0.01583720649869136,0.046358658972287345,-0.030521452473595986,27.85645850499471,28.33855775686411,28.041444578574076,28.025607372075385,0.9149699061378505,1.0553896554961473,-0.14041974935829682,0.009710217301734212,25.50214967310505,-0.9843743324279792,-10.995485873579495,-3.4641138716791775,-7.531372001900317,28.122499465942383,28.25125026702881,28.186874866485596,27.06999969482422,34.53022340258778,22.857530663359274,19.18921190332727,29.031137356001146,-47.105050248460124,27.52187490463257,26.59375,4.0,60.0,-56.0,26.94499866531416,,0.0,0.0,45.16303236328165,0.5007350727531695,0.7565652902932034,0.8556061777059707,0.5830724805037995,37.26913290060263,48.41360489572556,70.11536912457517,-51.58639510427444,-0.18966205260332814,0.5923574925720654,0.05650977082648884,0.1650776246951774,-0.10856785386868856,-10.564645057431918,-5.401280746168969,-5.163364311262948,28.051935958111493,-1.9018836237943537,-1.920202065916321,39.68867992478992,3.6226727276527058,59982118.655754566
2015-01-02,27.84749984741211,27.860000610351562,26.837499618530273,27.332500457763672,24.435270309448242,212818400,-0.2624988555908203,0,2456572150.4227757,3418257200,-0.27245167592549024,-18320080.78525686,-0.273259668345687,-0.042147558690825156,61086477.66111602,27.73185533584929,47.25989611795208,1306.2010359761846,27.959375190734864,29.068246947689676,26.85050343378005,7.932021008268229,0.21733668522105848,0.0,0.0,28.07824999491374,28.554749552408857,27.601750437418623,3.3940830185743995,-0.28252909726753556,0.0,1.0,26.565000534057617,29.299999237060547,27.932499885559082,9.782045143516832,0.28062167739361904,0.6200010763228837,5.222511704822767,-0.041889866867851566,0.02870895380425956,-0.07059882067211112,27.879375139872234,28.249134723956768,27.932376252295555,27.974266119163406,0.8429916475187577,1.0710823378235634,-0.22809069030480578,0.0005371290463962379,25.52385865244477,-1.271875190734864,-12.368669131491824,-6.7959470957953325,-5.572722035696492,27.764999389648438,28.25125026702881,28.008124828338623,27.24625015258789,23.020079214218637,23.608956579714064,16.918443408767487,33.87052955435212,-110.22856840461955,27.820624828338623,26.743749618530273,0.0,56.00000000000001,-56.00000000000001,,28.6924991607666,0.0,1.0,42.591853040158384,0.377028210378165,0.5529234304536591,0.7441585511518921,-1.8342189789760581,38.02925941925656,36.075225340723065,52.45474463687956,-63.924774659276935,-0.33052234649658274,1.0163526194241996,-0.14974429244867826,0.10211324126640627,-0.2518575337150845,-7.427155761853147,-5.806455749305805,-1.620700012547342,28.048583021309092,-0.951255162611242,-0.9558084934031541,38.359884145421866,3.676148896083234,82879785.94400012
2015-01-05,27.072500228881836,27.162500381469727,26.352500915527344,26.5625,23.746889114379883,257142000,-0.7700004577636719,0,2332762545.9365005,3161115200,-0.2637826259883581,-43988563.20311532,-0.1862440797893962,-0.047034478881884376,53842374.32647122,27.64258044544091,46.82346885386868,1306.2010359761846,27.843875217437745,29.02697642585104,26.66077400902445,8.498107387525966,-0.04153237623527145,0.0,1.0,27.947833315531415,28.455582873026533,27.440083758036298,3.6335522096659,-0.8641895842959326,0.0,1.0,26.352500915527344,29.020000457763672,27.686250686645508,9.580202185957782,0.07872506860735998,0.6560009229142281,5.121851435066366,-0.1480647914425255,-0.006645795245097449,-0.14141899619742804,27.868958473205566,28.140000123244064,27.7216260596347,27.869690851077227,0.8265138039877239,1.0728318283689173,-0.24631802438119343,-0.01624156969117762,25.6591980174583,-0.4913743019104011,-17.478966207230286,-9.563592123438912,-7.915374083791374,27.522500038146973,28.101250648498535,27.811875343322754,27.6274995803833,14.104647656671546,24.812841671927938,15.076927836390652,35.570622192620384,-177.39582760792027,28.24874973297119,26.866250038146973,4.0,100.0,-96.0,,28.655399169921875,0.0,0.0,36.09954327817188,0.0646644390149263,0.31414257404875356,0.5412104315985388,-6.195840955129485,36.926280358610214,8.974326579086151,31.154385605178252,-91.02567342091385,-0.6018678104176232,-0.468384074941452,-0.5312753278596287,-0.024564472558800732,-0.5067108553008279,-2.9720557732020114,-5.239575754085045,2.267519980883034,27.846849345792037,-2.8171606873419353,-2.857604038982897,34.462063882225195,3.128383654746827,96816404.71638063
2015-01-06,26.635000228881836,26.857500076293945,26.157499313354492,26.565000534057617,23.749126434326172,263188400,0.0025005340576171875,1,2376001224.1714964,3424303600,-0.22620039008828147,-37610466.80870317,-0.0664926183325756,-0.03652923808035536,53867150.29099905,27.578585027119736,47.032679357524756,1306.2010359761846,27.734625244140624,28.96542900978759,26.503821478493656,8.875575240786745,0.024853293949666688,0.0,0.0,27.79483331044515,28.333083089192705,27.25658353169759,3.8730203756630277,-0.6424368619799559,0.0,1.0,26.157499313354492,28.712499618530273,27.434999465942383,9.212312344893016,0.1594916524579786,0.6604009069167506,4.864910438888424,-0.22936345280620785,-0.051189326757319534,-0.17817412604888833,27.803333441416424,28.017500143784744,27.54368367108438,27.77304712389059,0.885705772851787,1.1058173659017867,-0.22011159304999972,-0.03735209082796612,25.824307341716526,0.427875137329103,-21.2241094359111,-12.1593161645393,-9.0647932713718,27.424999237060547,28.00374984741211,27.714374542236328,27.793749809265137,8.066752146216741,26.117956772785572,13.912091915246918,34.97469796577957,-167.07358968980958,28.33187484741211,26.866250038146973,0.0,100.0,-100.0,,28.563283239746095,0.0,0.0,36.133589715875424,0.0663025114533105,0.16933172028213386,0.3454659082615155,-9.586381822951228,40.23804433054,16.074999811898547,20.374850577235915,-83.92500018810145,-0.9630735790028275,-2.879079993093728,-0.825849075123297,-0.1848213930717,-0.641027682051597,0.6207024174303631,-4.067520119781964,4.688222537212327,27.693636858753496,0.009413775275746161,0.00941333220771945,34.47472183875018,3.623110198880916,71989254.93871439
2015-01-07,26.799999237060547,27.049999237060547,26.674999237060547,26.9375,24.082141876220703,160423600,0.3724994659423828,1,2440171316.9367957,3584727200,-0.18503108512867608,-23700727.93252351,0.0829833193735978,-0.025124406559139525,56116640.37657018,27.596733287643467,54.59642496447253,1324.5168341517096,27.676500225067137,28.942101177553816,26.41089927258046,9.14567190356243,0.2080437464845715,0.0,0.0,27.663583246866864,28.201333109537764,27.125833384195964,3.887781693875862,-0.17511244285637603,0.0,1.0,26.157499313354492,28.712499618530273,27.434999465942383,9.231659654935953,0.3052839896204414,0.6428606865253685,4.270668636626355,-0.2607300995794297,-0.09309748132174157,-0.16763261825768816,27.701250076293945,27.91000014085036,27.450424644763707,27.711154744343137,0.9320928993588702,1.0300782882891195,-0.09798538893024933,-0.05780944162055219,25.40809880844321,0.2684994697570815,-23.835336622993747,-14.355191356745776,-9.480145266247971,27.424999237060547,27.984999656677246,27.704999446868896,27.922499656677246,4.257714525148709,26.872892964250017,15.317157189055527,33.06839566791723,-102.58740562767665,28.526875019073486,26.866250038146973,0.0,96.0,-96.0,,28.4189362041626,0.0,0.0,41.162773133287274,0.2604483569953238,0.13047176915452016,0.20464868782846923,-10.928490683715438,41.31596672415015,30.76925970791606,18.606195366300245,-69.23074029208394,-1.183676613078397,-4.349757176659458,-0.9408850045581528,-0.33603411536899064,-0.6048508891891622,-0.871523791734775,-3.4283208541725267,2.556797062437752,27.615368354013718,1.4022189288677822,1.3924787857253929,36.36035184291544,4.129289784584216,-43703661.358958155
2015-01-08,27.3075008392334,28.037500381469727,27.174999237060547,27.97249984741211,25.007429122924805,237458000,1.0349998474121094,1,2641838299.344983,3822185200,-0.19076070823342206,14794946.59594908,0.27014702376059807,-0.006585415343892771,65240315.31918864,27.643722727335067,55.08967903827244,1324.5168341517096,27.64862518310547,28.861253834746403,26.435996531464536,8.771710301038066,0.6335423931590152,0.0,0.0,27.616999880472815,28.21924978892008,27.014749972025548,4.361443393951708,0.7951432303708045,0.0,0.0,26.157499313354492,28.712499618530273,27.434999465942383,9.240966913382005,0.710371944136714,0.6885746560198044,3.728837196809793,-0.19976973415714738,-0.11443193188882275,-0.08533780226832463,27.70354175567627,27.879423214839054,27.530743906709617,27.730513640866764,0.9514303303602322,0.9052447341009109,0.04618559625932128,-0.06965062823879814,25.171670868362764,0.586375427246093,-22.34226534536113,-15.878125355823569,-6.464139989537562,27.424999237060547,27.72874927520752,27.576874256134033,28.03499984741211,52.12885726257436,25.639999093053728,24.064834643123778,29.183241398668326,5.205956473896326,28.456249713897705,26.866250038146973,8.0,92.0,-84.0,,28.28324999071411,0.0,0.0,52.3826795773833,0.8375910668120118,0.3881139784202154,0.22930582261895652,-8.298188062871185,49.38952061469505,71.59765851309562,39.480639344303405,-28.402341486904376,-1.2138309590956773,0.09840813343427596,-0.7203968045609676,-0.41290665320738607,-0.3074901513535815,1.1491392578694906,-2.512828831764123,3.6619680896336138,27.618206602823246,3.8422268117386915,3.7702511380847348,41.59962584200514,5.03057392414917,83288181.42628437
2015-01-09,28.167499542236328,28.3125,27.552499771118164,28.002500534057617,25.034244537353516,214798000,0.030000686645507812,1,2681406706.629045,4036983200,-0.144727573517184,13601966.723682325,0.11543409745719926,-0.010855363209916105,65470687.56068419,27.637401315520368,54.708772102615335,1325.937387005936,27.649375247955323,28.86285966248437,26.435890833426274,8.777662450935749,0.6455005444958029,0.0,0.0,27.606499862670898,28.267249870300294,26.945749855041505,4.786916203910736,0.7996599824549901,0.0,0.0,26.157499313354492,28.6924991607666,27.424999237060547,9.16838020634688,0.7278111762360147,0.6957172133060076,3.680755131433045,-0.14733896876162333,-0.12101333926338287,-0.026325629498240466,27.68416674931844,27.854230954096867,27.60332184937854,27.75066081814016,0.9187649797830104,0.944244790237298,-0.0254798104542876,-0.07486514843721259,25.13578910887714,0.48562498092651296,-21.220449007791736,-16.961091890959068,-4.259357116832668,27.424999237060547,27.72874927520752,27.576874256134033,28.047499656677246,76.06442863128717,24.056148216407063,25.03911124866727,26.83718884905843,36.76214219374885,28.466874599456787,26.866250038146973,4.0,88.0,-84.0,26.157499313354492,,1.0,0.0,52.664453003640254,0.8520852588620573,0.6500415608897976,0.38954243615484446,-6.18065151054811,50.22305610125817,72.78111762360146,58.38267861487105,-27.218882376398533,-1.0747280569637496,-0.8234463299735355,-0.530938595398457,-0.43651304164560023,-0.09442555375285677,1.7672355364187124,-1.6568159581275563,3.424051494546269,27.619806161329944,0.10725064548811059,0.10719317307268383,41.751492354729436,4.490438686773569,26338784.746132284
2015-01-12,28.149999618530273,28.157499313354492,27.200000762939453,27.3125,24.417387008666992,198603200,-0.6900005340576172,0,2529472420.055804,3838380000,-0.14959272917408958,-7917787.674779685,-0.12233695683913051,-0.021179030080512085,60576970.519276276,27.56942498501242,43.47269142731497,1293.2653938727397,27.619750213623046,28.835752667248876,26.403747759997216,8.805311012740832,0.3736638183965422,0.0,0.0,27.524499893188477,28.218249893188478,26.830749893188475,5.040963524802749,0.3472072841884857,0.0,0.0,26.157499313354492,28.6924991607666,27.424999237060547,9.178214240915752,0.4556216000662117,0.7218953470169107,3.723937338292999,-0.15962443484366773,-0.12873555837943984,-0.030888876464227888,27.61562506357829,27.790000181931717,27.558580026397223,27.71820446124089,0.8562202408498648,0.9817468642554257,-0.12552662340556087,-0.08007448434771411,25.225920880021512,0.382750320434571,-24.679720314767057,-18.353128286779537,-6.32659202798752,27.31874942779541,27.72874927520752,27.523749351501465,28.047499656677246,62.923158781723245,23.08080823254758,22.576632673579294,27.818417609223445,-12.619148630970834,28.50749969482422,26.866250038146973,0.0,84.0,-84.0,26.200599327087403,,0.0,0.0,45.93227011298323,0.5057873377648746,0.7318212211463146,0.5899922534854426,-6.561928273599345,48.89963269065869,45.56216000662117,63.313645381106085,-54.43783999337883,-0.8526840658748824,-2.9234058012820014,-0.5758830268637164,-0.4643870386892235,-0.11149598817449291,1.5793723027054654,-1.0095783059609522,2.5889506086664174,27.60209784919389,-2.464067568603079,-2.49493381197321,38.25863980360567,3.6699640718514956,16452047.740002036
2015-01-13,27.857500076293945,28.200000762939453,27.227500915527344,27.55500030517578,24.63418197631836,268367600,0.24250030517578125,1,2441855954.2288284,4106747600,-0.12116325129429341,2510356.978659126,0.012683451249648118,-0.021324703483258295,62959733.90231669,27.533742007205543,45.38076599735087,1293.2653938727397,27.625875186920165,28.839274523708927,26.412475850131404,8.784513276620181,0.4707949066743546,0.0,0.0,27.437416648864748,28.201666641235352,26.67316665649414,5.57085969245015,0.5769274828163923,0.0,0.0,26.157499313354492,28.6924991607666,27.424999237060547,9.17617932557785,0.5512824757161022,0.7469557970564307,3.764820505427551,-0.14808596443986488,-0.13260563959152485,-0.015480324848340027,27.578333377838135,27.739327137286846,27.558029300055463,27.706115264495327,0.8642500245800248,0.9899444986068627,-0.12569447402683798,-0.08321488031607654,25.422541206138295,0.8716242790222175,-26.782461587014673,-20.10305150290456,-6.679410084110113,27.234999656677246,27.588749885559082,27.411874771118164,28.047499656677246,43.79799608998111,22.102251777357377,20.80839605431349,25.116631049035576,0.9506319118273414,28.541874885559082,26.866250038146973,0.0,80.0,-80.0,26.242837340545655,,0.0,0.0,48.42746435019592,0.634138066067221,0.6640035542313844,0.6819554454224989,-6.059719361464312,46.717703317853115,55.128247571610224,57.82384173394428,-44.871752428389776,-0.5677206319921133,-1.598072387633992,-0.5344883720657628,-0.47840730536453135,-0.056081066701231475,4.133543349046488,0.019046025040535874,4.114497324005952,27.600323914018485,0.8878729708952982,0.8839545554540695,39.4862008963494,4.240585457557589,94780758.36952582
2015-01-14,27.260000228881836,27.622499465942383,27.125,27.450000762939453,24.540311813354492,195826400,-0.10499954223632812,0,2501884017.4416885,3910921200,-0.08871013058783718,-785648.6408333327,-0.08637771453964703,-0.028110073454893237,62213528.78055786,27.497117462723022,43.836435883403794,1288.3373491315747,27.64550018310547,28.833933551619978,26.45706681459096,8.597662264333179,0.4177491034224403,0.0,0.0,27.356083361307782,28.124833361307783,26.58733336130778,5.620322104203809,0.5610844888661276,0.0,0.0,26.157499313354492,28.6924991607666,27.424999237060547,9.169665336571779,0.5098625354571241,0.7220101639450258,3.830524086729775,-0.14573429482109646,-0.13523137063743917,-0.01050292418365728,27.49104181925456,27.689327166630672,27.54140952511454,27.687143819935635,0.8450271362266224,1.0454899197236711,-0.2004627834970487,-0.0854058261454837,25.462542288231056,0.832000732421875,-29.08063887488449,-22.112512947494004,-6.968125927390485,27.234999656677246,27.434999465942383,27.334999561309814,28.047499656677246,27.95815086062996,21.345325675547837,19.751559638871374,24.887399739970785,-36.7830455859252,28.541874885559082,26.866250038146973,8.0,76.0,-68.0,26.284230593734744,,0.0,0.0,47.407297467272365,0.5816615251789888,0.5738623096703614,0.6565623616826869,-5.970123920336742,50.90006698632164,50.986253545712415,50.5588870413146,-49.013746454287585,-0.40517640955307854,-3.675756549288841,-0.5263608834803793,-0.48799802098770095,-0.038362862492678396,3.2623054933265005,0.6676979186977288,2.594607574628772,27.596194441525103,-0.38105440418596537,-0.38178226610230404,38.954682584602175,4.0579640403001775,-14760700.300801337
2015-01-15,27.5,27.514999389648438,26.665000915527344,26.704999923706055,23.874286651611328,240056000,-0.7450008392333984,0,2284421003.6638746,3670865200,-0.09779961133686557,-26222259.04400181,-0.10047101941143163,-0.032399983992283964,55698340.56590146,27.43911751703339,41.0500567785957,1288.3373491315747,27.64637517929077,28.832008379882545,26.460741978698998,8.577133117110431,0.10300738242027242,0.0,0.0,27.2712500890096,28.051999982198076,26.490500195821124,5.725809346034495,0.13736775999350018,0.0,0.0,26.157499313354492,28.6924991607666,27.424999237060547,9.16937512050772,0.21597658513095624,0.7348089949626326,4.125055998643182,-0.20166129531708066,-0.14851735557336748,-0.053143939743713176,27.34333340326945,27.63567330287053,27.412731124897846,27.614392420214926,0.8216776132615486,1.0379718891223404,-0.21629427586079175,-0.09190888523619282,25.363425839517806,0.4836239814758301,-31.698259751801228,-24.26024523863949,-7.438014513161736,27.234999656677246,27.434999465942383,27.334999561309814,28.047499656677246,16.89959630421434,21.28572171630118,18.063523134283066,27.385516728668996,-97.95420188571508,28.62374973297119,26.866250038146973,4.0,72.0,-68.0,26.32479598186005,,0.0,0.0,40.83436282340413,0.24355520221528246,0.48645159782049746,0.5747724872407478,-8.030522238452479,45.462996452355874,21.597658513095624,42.57071987680609,-78.40234148690438,-0.4331322389490495,-6.224215379990854,-0.7302760540530883,-0.5364536276007784,-0.19382242645230985,4.22622758053543,1.379403851065269,2.8468237294701613,27.56386457044608,-2.714028482794184,-2.751538481450888,35.18341292107981,3.3593110016787193,61441621.02750966
2015-01-16,26.75749969482422,26.895000457763672,26.299999237060547,26.497499465942383,23.688772201538086,314053200,-0.20750045776367188,0,2178856716.7043424,3356812000,-0.1595426699422465,-31785676.718022406,-0.09330848492429035,-0.046583048678596646,53258116.52739481,27.303483668865,34.01663605563439,1288.3373491315747,27.603625106811524,28.886249945149466,26.321000268473583,9.293162281221088,0.06880390594084877,0.0,0.0,27.193333371480303,27.931333287556964,26.455333455403643,5.427800306752068,0.028567761066221834,0.0,0.0,26.157499313354492,28.6924991607666,27.424999237060547,9.183575844125516,0.1341223562340584,0.7208282175366818,4.524177396436371,-0.25973335449802093,-0.17076055535829818,-0.08897279913972275,27.2072917620341,27.557500178997334,27.271926254289312,27.531659608787333,0.7859209305362558,1.141514089461482,-0.35559315892522614,-0.10231240907329889,25.231766469758323,-0.00862579345703196,-34.68108696338854,-26.171591989323744,-8.509494974064793,27.234999656677246,27.434999465942383,27.334999561309814,28.047499656677246,9.801003055136512,21.68461318211496,16.970192297434032,29.44096380227876,-138.5961296002751,28.513750076293945,26.866250038146973,0.0,68.0,-68.0,,28.3125,0.0,1.0,39.20397400286278,0.16177282571643112,0.3289965177035674,0.46310347506480887,-10.210995794720713,42.4227741559425,13.41223562340584,28.665382560737957,-86.58776437659417,-0.6113454762627093,-5.803411814889403,-0.9433988295246878,-0.6178426679855603,-0.3255561615391275,7.556902221900856,2.6149035252323864,4.9419986966684695,27.527671613358198,-0.7770097672963217,-0.7800442170563748,34.133024598918496,3.567200322186011,116635669.60227957
2015-01-20,26.959999084472656,27.24250030517578,26.625,27.18000030517578,24.298927307128906,199599600,0.6825008392333984,1,2338051559.3449144,3556411600,-0.18025906748406595,-7783880.828211974,0.10402559226646471,-0.043349798782592264,58399239.171278425,27.24015225898655,35.799148989084415,1321.521284964018,27.554500102996826,28.822923018238267,26.286077187755385,9.206647992162175,0.35237581514767896,0.0,0.0,27.225666681925457,27.944416681925457,26.506916681925457,5.279944167370291,0.46823208573935604,0.0,0.0,26.157499313354492,28.6924991607666,27.424999237060547,9.199948603445732,0.40335347272905114,0.7232454797063534,4.6130712889511925,-0.2478269709032368,-0.1861738384672859,-0.061653132435950886,27.17270851135254,27.526442527770996,27.25778380057954,27.505610771482775,0.7746026041226168,1.0972574791905982,-0.3226548750679814,-0.10992778715787462,25.139755546806853,-0.2219996452331543,-34.70930263640612,-27.66994678937875,-7.039355847027373,27.306249618530273,27.424999237060547,27.36562442779541,28.047499656677246,5.467048445162587,21.368035160549685,19.209307038331488,27.219435547339156,-71.36567604757755,28.513750076293945,26.866250038146973,44.0,64.0,-20.0,,28.27224998474121,0.0,0.0,46.73685377306638,0.6421592795365342,0.3491624358227492,0.3882035171156048,-9.658795039155287,41.84495351379051,44.025872596515114,26.34525557767219,-55.974127403484886,-0.6795366175034445,-1.5038920764816754,-0.9010051547743796,-0.6744751653433242,-0.2265299894310554,5.936900256469831,3.2793028714798753,2.6575973849899555,27.519326331450078,2.575717909196018,2.5431051186697307,37.58791293565915,4.45078035210193,-41346509.61524677
2015-01-21,27.237499237060547,27.764999389648438,27.0674991607666,27.387500762939453,24.48444175720215,194303600,0.20750045776367188,1,2322034533.9819713,3750715200,-0.11361295626322121,-912171.2891632086,0.173204844615579,-0.022730445015402397,59882612.44178763,27.213291359594177,41.24366220842624,1331.6101837313315,27.526625156402588,28.783951053293098,26.269299259512078,9.135343615474497,0.4446744898012508,0.0,0.0,27.313666661580406,28.032166608174645,26.59516671498617,5.261102110504147,0.5513807284948499,0.0,0.0,26.157499313354492,28.6924991607666,27.424999237060547,9.209264968039419,0.48520770162594895,0.7206709546239016,4.637474454390348,-0.2191216256338322,-0.19276339590059516,-0.026358229733237037,27.177291870117188,27.506538684551533,27.277740256327217,27.49686188196105,0.8553076656423068,1.028848468549765,-0.1735408029074582,-0.11368448108687954,25.10330806976847,-0.9641251564025879,-33.87881513788889,-28.785888846589316,-5.092926291299577,27.306249618530273,27.424999237060547,27.36562442779541,28.047499656677246,2.907742147458119,20.158404230891335,23.14743550170702,25.294985969625294,-18.9546855571997,28.50937509536743,26.866250038146973,40.0,60.0,-20.0,,28.232804969787598,0.0,0.0,48.813404944708324,0.7675177152936135,0.5238166068488596,0.40065852012505876,-8.554488331110308,40.53723210662904,57.076615205148336,38.17157447502309,-42.923384794851664,-0.6978972154505136,0.201226760284051,-0.7968968479911668,-0.6989595018728928,-0.09793734611827398,4.400119809937156,3.5034662591713315,0.8966535507658242,27.51509174021372,0.7634306675271096,0.7605312827847488,38.63830125782046,4.347549546601115,6127276.84702763
2015-01-22,27.565000534057617,28.11750030517578,27.43000030517578,28.100000381469727,25.121408462524414,215185600,0.7124996185302734,1,2526265278.468832,3965900800,-0.07266623303856772,21120947.168318395,0.11421858995359352,-0.003985258821819844,65480774.144832775,27.227535895863877,47.52531455240029,1331.6101837313315,27.519875144958498,28.763289329116866,26.27646096080013,9.036481289313954,0.7332791614822616,0.0,0.0,27.41316674550374,28.16291669209798,26.663416798909502,5.469998804258626,0.9580418038613724,0.0,0.0,26.157499313354492,28.6924991607666,27.424999237060547,9.211523795290578,0.7662726568201825,0.7216038133851443,4.559580411270807,-0.13729699380913374,-0.18167011548230289,0.04437312167316915,27.30541690190633,27.532211743868313,27.40424181404145,27.541538807850582,0.9269778996860891,0.9754339315338713,-0.04845603184778213,-0.10947039934914182,24.93240179157233,-0.9548746109008803,-31.434995133003795,-29.796192156327393,-1.638802976676402,27.306249618530273,27.424999237060547,27.36562442779541,28.047499656677246,51.45387107372906,18.950790880277996,25.002949735385705,23.4280617156535,45.448211379850264,28.38124990463257,26.866250038146973,36.0,56.00000000000001,-20.000000000000007,,28.194148855133058,0.0,0.0,55.26300637839512,1.0,0.8032256649433824,0.5587349025383305,-5.434820432043326,50.44471255626378,90.1392319804291,63.747239927364184,-9.860768019570896,-0.5946985805735885,5.788236730238971,-0.49850879708289175,-0.6588693609148926,0.1603605638320008,3.9031800350234986,3.583409014341765,0.31977102068173346,27.542081702953528,2.601550337497094,2.5682857136336334,42.24504645209355,4.898912505413154,38317778.45180452
2015-01-23,28.075000762939453,28.4375,27.88249969482422,28.2450008392334,25.25103759765625,185859200,0.14500045776367188,1,2583195756.494813,4151760000,-0.03520152142395336,21953621.727071457,0.11533925348606251,0.02377180702330512,66439837.0883821,27.276482108648132,53.95420616928541,1338.4815034317803,27.525375175476075,28.780541902548073,26.270208448404077,9.120069892382777,0.7866653681284386,0.0,0.0,27.459166781107587,28.178166643778486,26.74016691843669,5.236865840849793,1.0464771962588706,1.0,0.0,26.157499313354492,28.6924991607666,27.424999237060547,9.20968317870808,0.8234720518859052,0.704943462564208,4.426740789760695,-0.06005775009286296,-0.1573476424044149,0.09728989231155194,27.445416927337646,27.57788482079139,27.53358935637867,27.593647106471533,1.0336472515594934,0.9044708080463738,0.12917644351311963,-0.09884214609113375,24.734455077729063,-0.5878751754760749,-30.490066137262428,-30.82614961515747,0.3360834778950412,27.368749618530273,27.424999237060547,27.39687442779541,28.047499656677246,75.72693553686453,18.29322843596617,26.863796037274355,22.092997324776928,85.92242607529418,28.103124618530273,26.866250038146973,32.0,52.0,-20.0,26.299999237060547,,1.0,0.0,56.46522206463505,1.0,0.9225059050978711,0.7498493922967043,-2.5682479939033067,54.0128963648807,91.5570568950214,79.59096802686628,-8.442943104978596,-0.35797805225147883,6.32411169358698,-0.21765064205223392,-0.5706256171423608,0.3529749750901269,2.3854105859223247,3.343809328657877,-0.9583987427355525,27.55029107232475,0.5160158569225137,0.5146890574725838,42.97905344747315,4.618228946204816,1931482.636133492
2015-01-26,28.434999465942383,28.59000015258789,28.200000762939453,28.274999618530273,25.277862548828125,222460000,0.029998779296875,1,2446296123.293201,4374220000,-0.053006658177536047,19770751.257830225,0.04119846021941907,0.040017702738220494,66676109.99488219,27.40190669658339,61.7075596950874,1338.4815034317803,27.53900012969971,28.820233361708148,26.25776689769127,9.304863836553606,0.7872230716638627,0.0,0.0,27.499083455403643,28.181083234151203,26.817083676656086,4.960163707663816,1.0688536765741634,1.0,0.0,26.157499313354492,28.6924991607666,27.424999237060547,9.205126676615299,0.835305890585146,0.673449055272631,4.037674886442364,0.003534810712434222,-0.1251711517810451,0.12870596249347932,27.556875228881836,27.63894249842717,27.647652473632764,27.64411766292033,1.1325363332407694,0.8310913666749727,0.30144496656579667,-0.08394743118688125,24.533473081939174,0.4334997177124009,-28.210613179247794,-31.218471044544216,3.0078578652964225,27.44499969482422,27.424999237060547,27.434999465942383,28.047499656677246,87.86346776843226,17.897294796833688,27.369768029682064,21.17964181494361,103.29169914524947,28.091875076293945,26.866250038146973,28.000000000000004,48.0,-19.999999999999996,26.342749252319337,,0.0,0.0,56.72432856133635,1.0,1.0,0.9085771900137513,-0.20599433203714787,52.22903562368426,87.05034222488122,89.58221036677723,-12.949657775118773,0.021117636736700973,4.965195799648347,0.012786845851027259,-0.45394312454368324,0.4667299703947105,2.528343336565374,3.180716130239377,-0.6523727936740031,27.55875487519805,0.10620916411943071,0.10615280209096412,43.13091030500558,4.467504143911462,54283308.384759724
2015-01-27,28.104999542236328,28.1200008392334,27.25749969482422,27.28499984741211,24.39280891418457,382274800,-0.9899997711181641,0,2088398369.9757457,3991945200,-0.15000299006436474,-37118208.1367515,-0.15934652186019613,0.03338528105767617,53291424.95120071,27.491263837742807,59.238780876051756,1338.4815034317803,27.478375148773193,28.685030059971233,26.271720237575153,8.78257833416262,0.41987133207410204,0.0,0.0,27.498833465576173,28.171333503723144,26.826333427429198,4.891116846747902,0.3410159062940241,0.0,0.0,26.157499313354492,28.6924991607666,27.424999237060547,9.22543576061952,0.44477341298802925,0.7078541421159733,3.727435009945992,-0.025656581346545693,-0.10526823769414523,0.07961165634759954,27.499583562215168,27.63634630349966,27.59185976190651,27.617516343253055,1.0567499249220202,0.8372375725216437,0.2195123524003766,-0.07362300840438162,24.502909627053494,0.5241253852844245,-25.93106539282167,-31.12387146741166,5.192806074589992,27.44499969482422,27.424999237060547,27.434999465942383,28.047499656677246,93.93173388421613,17.169216491174357,24.521461618404697,28.61521681020514,5.893584774400566,28.021875381469727,26.866250038146973,24.0,44.0,-20.0,26.43263928833008,,0.0,0.0,46.82066758146801,0.43473398630060717,0.8115779954335357,0.9113613001771356,-1.2082343678857261,49.26872076550681,43.01310989322184,73.87350300437481,-56.98689010677816,0.20597795037662436,-2.457771038520908,-0.0928996692811357,-0.38173443349117375,0.28883476421003806,8.19782546060782,4.184137996313066,4.013687464294755,27.557467074350917,-3.5013254976999475,-3.564091346494802,38.119431247406375,3.389228696584844,197576183.13111892
2015-01-28,29.407499313354492,29.530000686645508,28.827499389648438,28.827499389648438,25.771799087524414,585908400,1.5424995422363281,1,1502489969.9757457,4577853600,-0.24259053393097743,97293455.71027291,0.17865024152851336,0.040218632640170136,86414512.5028445,27.76952340482921,64.3450740787651,1338.4815034317803,27.495875072479247,28.768340344816572,26.223409800141923,9.255681217514269,1.0232458386558556,1.0,0.0,27.638916714986163,28.28441689809163,26.993416531880694,4.670951396264171,1.420667960885823,1.0,0.0,26.157499313354492,29.530000686645508,27.84375,12.265481147266954,0.7916972539846462,0.8615688118277159,3.4283101632821227,0.0748134491143766,-0.06925190033244086,0.14406534944681745,27.568333466847736,27.66192318842961,27.781958166174498,27.70714471706012,1.017131259292666,0.7589265496332694,0.25820470965939657,-0.05580358417663194,24.567559996871182,-0.18337507247924734,-19.267848113364696,-30.03356138279835,10.765713269433654,27.914999961853027,27.84375,27.879374980926514,28.047499656677246,96.96586694210806,17.13250877697716,32.11152661868403,22.942164522636517,201.28151110860256,27.945000171661377,26.866250038146973,100.0,40.0,60.0,26.518933722900393,,0.0,0.0,58.86993043125149,1.0,0.8115779954335357,0.8743853302890239,2.370579510622062,55.213486926057236,78.25074359990339,69.43806523933547,-21.74925640009661,0.5321545881383543,2.9461613779363307,0.2700150083249528,-0.25138454512794844,0.5213995534529012,17.805248611296022,6.908360119309657,10.896888491986365,27.61202919328535,5.6532877070278875,5.499267644476591,45.92772007513284,5.432518888870593,311157064.4673785
2015-01-29,29.079999923706055,29.797500610351562,28.889999389648438,29.725000381469727,26.57417106628418,337745600,0.8975009918212891,1,1786270610.4909286,4915599200,-0.16299428352076778,126698249.32070199,0.0443344537419855,0.024089163353126386,96929715.6040932,27.925151774447237,65.49072632865959,1380.1531191563074,27.575625133514404,29.159009116359744,25.992241150669063,11.483938987268534,1.178728366347655,1.0,0.0,27.8460833867391,28.532583745320643,27.159583028157556,4.930678035019243,1.8684748822366755,1.0,0.0,26.157499313354492,29.797500610351562,27.977499961853027,13.20006810135066,0.9800823617998029,0.8724120527152568,3.3927696825165805,0.22427223074199176,-0.010547074117554331,0.2348193048595461,27.769375165303547,27.730384753300594,28.08088773775838,27.85661550701639,0.995410106615734,0.810139661056231,0.185270445559503,-0.027277431414612256,24.74583009648377,-0.020624828338622336,-9.680355900154492,-27.58712762150427,17.906771721349777,28.048749923706055,27.977499961853027,28.01312494277954,28.047499656677246,98.48293347105403,17.361363043710348,31.72857483778605,21.004524662839536,218.54681781003598,27.945000171661377,26.866250038146973,100.0,36.0,64.0,26.6995977407251,,0.0,0.0,63.98339186430142,1.0,0.8115779954335357,0.8115779954335357,7.282031902726809,55.86185490260569,97.92708504890118,73.06364618067546,-2.072914951098818,0.8053457091836371,8.83295334176559,0.8050950435292584,-0.040088627396507065,0.8451836709257655,17.430983556942568,9.01288480683624,8.418098750106328,27.785952672367902,3.113350137277493,3.0658683919553287,50.47096094841792,5.5748875712810815,-69955749.04998732
2015-01-30,29.600000381469727,30.0,29.212499618530273,29.290000915527344,26.18528175354004,334982000,-0.4349994659423828,0,1517222647.049032,4580617200,-0.18121126987074865,87781786.40341438,0.06171039038874495,0.02025175570537965,92027546.07574056,28.05965612796352,66.72126746869051,1359.9557814928244,27.66037521362305,29.411408144620943,25.909342282625154,12.660948504671698,0.9653326825143117,0.0,0.0,28.10000006357829,28.780250612894697,27.419749514261884,4.841640909446906,1.3746783469303345,1.0,0.0,26.157499313354492,30.0,28.078749656677246,13.891715701502966,0.8152247345224333,0.8639208855907038,3.3835404729180016,0.3041129457797105,0.05238492986189864,0.25172801591781185,27.91395854949951,27.770961688115047,28.266905149722838,27.962792203943128,0.990841074029424,0.8166110528707184,0.17423002115870556,0.004192043641288213,25.00513111715483,-0.21037445068359517,-0.4927263711106633,-23.788420889028952,23.29569451791829,28.3125,28.078749656677246,28.195624828338623,28.078749656677246,99.24146673552701,17.771640463255242,31.315001657153946,19.560168071689443,181.74802507062915,27.945000171661377,26.866250038146973,100.0,32.0,68.0,26.947429970295218,,0.0,0.0,60.084371248717986,0.8426508387975075,0.9475502795991692,0.8569020901554136,9.671246280791426,51.908700540009114,80.81083951159513,85.6628893867999,-19.18916048840487,1.0561398225672107,6.296500058559859,1.0875628712672925,0.18544167233625283,0.9021211989310396,16.824875837766204,10.575283013022233,6.249592824743971,27.95033439913464,-1.4634128187044793,-1.4742263313165083,48.268949617470945,4.487430797414071,28723954.723213077
2015-02-02,29.512500762939453,29.792499542236328,29.020000457763672,29.657499313354492,26.51382064819336,250956400,0.36749839782714844,1,1680465877.880711,4831573600,-0.14757140100050048,88416684.76356505,-0.06156434725395486,0.02459265639003505,95176268.23489824,28.17648363749918,65.55893980840693,1377.0189960777525,27.776625156402588,29.722970627148655,25.83027968565652,14.014268902623897,0.9831809627894409,0.0,0.0,28.39258340199789,29.090583737691247,27.694583066304528,4.916779327972274,1.4060997872587686,1.0,0.0,26.157499313354492,30.0,28.078749656677246,13.833576487458199,0.9108651592865401,0.8547787054788991,3.1963964801797844,0.39251664945895115,0.12041127378130914,0.27210537567764204,28.0979167620341,27.829519345210148,28.480842713358477,28.088326063899526,1.0042284263156995,0.8181817008742027,0.1860467254414968,0.03884799980040926,25.324475081711597,-1.0716252326965332,10.266717940347018,-18.79108526938971,29.05780320973673,28.5337495803833,28.078749656677246,28.306249618530273,28.078749656677246,99.6207333677635,17.850489975419396,29.194245623121496,19.923086986489984,149.62452179159715,27.879375457763672,26.866250038146973,96.0,28.000000000000004,68.0,27.252686973265696,,0.0,0.0,62.18112893001405,0.9272677451760469,0.9233061946578514,0.8941448232301855,12.276599938095394,52.848953573202856,90.74322659400185,89.82705038483272,-9.256773405998146,1.2212206111234778,8.041888849035688,1.3974369585641935,0.42784072958184094,0.9695962289823525,13.946799859829373,11.249586382383661,2.697213477445711,28.198305781319995,1.25468892570888,1.2468829303636575,50.12926370858624,4.904153517473283,-40609086.611920714
2015-02-03,29.625,29.772499084472656,29.40250015258789,29.662500381469727,26.51828956604004,207662800,0.005001068115234375,1,1764654598.9389317,5039236400,-0.10904785204602996,75934092.05559866,0.03229377878980848,0.02599339407147508,95211285.88074985,28.289389011338358,65.15787584254525,1377.251199262606,27.931625175476075,29.9586046429757,25.90464570797645,14.513867021810894,0.9269592350949583,0.0,0.0,28.65225003560384,29.325500233968096,27.97899983723958,4.699457791466039,1.2502785356175257,1.0,0.0,26.157499313354492,30.0,28.078749656677246,13.756810291222216,0.9121666732023646,0.8063007281194856,3.0722636037262334,0.4577046318554814,0.1878699453961436,0.2698346864593378,28.344375133514404,27.893365493187538,28.662636200760208,28.204931568904726,1.0360882773136237,0.8139897841912961,0.22209849312232766,0.07407631162681268,25.46425617087587,-1.4341257095336921,21.74605255934355,-12.610544414141662,34.35659697348521,28.62874984741211,28.078749656677246,28.353749752044678,28.078749656677246,99.81036668388175,17.923707379571827,28.20884955010175,19.25062118852569,137.34439957648806,27.860000133514404,26.866250038146973,92.0,24.0,68.0,27.527418275939127,,0.0,0.0,62.21022079916282,0.9284417787756838,0.899453454249746,0.9234366428355889,14.27840136190568,53.456586631411206,90.87839056924551,87.47748555828082,-9.121609430754495,1.5449043330024246,11.074706857191547,1.6227822809543349,0.6668290398563397,0.9559532410979952,10.32570487185886,11.064810080278702,-0.7391052084198417,28.37242222920488,0.016862743761336674,0.016861322160499626,50.15457962163621,4.662610154455251,-34455646.15741378
2015-02-04,29.625,30.127500534057617,29.577499389648438,29.889999389648438,26.7216739654541,280598800,0.22749900817871094,1,1802917408.196836,5319835200,-0.10963657023222402,74205785.86138979,0.0519426640799391,0.03587342111573123,97363361.66246699,28.44538565437712,70.86560184044689,1377.251199262606,28.097875118255615,30.193490282881232,26.00225995363,14.916538391645592,0.9275890682707926,0.0,0.0,28.898083368937172,29.556583658854162,28.239583079020186,4.5573976758944275,1.2531629339421448,1.0,0.0,26.299999237060547,30.127500534057617,28.213749885559082,13.622031135408829,0.9379487749369242,0.7806707697484551,2.910965290332559,0.5217098992646783,0.25463793616985053,0.2670719630948277,28.62708346048991,27.946923182560848,28.851461306743012,28.329751407478334,1.0605322170171676,0.7321506025360036,0.328381614481164,0.1095849959442148,25.621053768918497,-0.917874813079834,32.97291134535393,-5.454110360990805,38.42702170634473,28.692500114440918,28.142499923706055,28.417500019073486,28.142499923706055,99.90518334194087,18.388367770033195,30.071592561671284,18.263769705472487,134.84274964070224,27.92437505722046,26.866250038146973,100.0,20.0,80.0,27.774676448345215,,0.0,0.0,63.58259785326301,0.9838255275697128,0.9465116838404811,0.9230904442493596,16.325602656707883,54.72902276809036,93.79487749369243,91.80549821897993,-6.205122506307578,1.6029263664694398,12.803094601686787,1.8415618681601285,0.9017756055170975,0.939786262643031,9.402159309028518,10.732279926028665,-1.3301206170001478,28.554147448473064,0.7669582983666157,0.7640321253703064,51.30620263042185,4.805502480780142,73410517.49387145
2015-02-05,30.0049991607666,30.0575008392334,29.8125,29.985000610351562,26.91240119934082,168984800,0.095001220703125,1,1871890822.8000698,5488820000,-0.10853987638228836,65898353.921230316,0.011961242306550145,0.04390429695272994,97900456.4302184,28.602762933706245,76.32641910765089,1381.6286013307406,28.250250148773194,30.42779113807241,26.072709159473977,15.416082886570686,0.898327854700143,0.0,0.0,29.105000050862635,29.719250424702967,28.490749677022297,4.2209268013530155,1.216320735783283,1.0,0.0,26.299999237060547,30.127500534057617,28.213749885559082,13.54855718742471,0.9627694642931002,0.7271037766969494,2.376486956770652,0.5734895092936156,0.31840825079460355,0.2550812584990121,28.860833485921223,28.004903940054085,29.025851968836633,28.452362459543018,1.1291002841358526,0.7134487692958097,0.4156515148400429,0.1441492550672029,25.657238089581103,-0.862749385833741,41.491985513843446,2.5438953780209586,38.94809013582249,28.692500114440918,28.142499923706055,28.417500019073486,28.142499923706055,99.95259167097043,18.819838132604467,29.34981872489067,17.82540545498053,122.18836719495427,27.94000005722046,26.866250038146973,96.0,16.0,80.0,28.057015338630702,,0.0,0.0,64.16780134977284,1.0,0.9707557687817987,0.938906968957342,18.151511087846526,61.61189826372471,96.27694642931002,93.65007149741598,-3.723053570689979,1.6363970476038325,10.320089307142636,2.0156129745256544,1.124543079318809,0.8910698952068454,5.3230386862770205,9.650431678078336,-4.327392991801315,28.68658300139391,0.3178361413283426,0.3173321099781301,51.78710842645282,4.7297946487384515,-67856096.68186587
2015-02-06,30.0049991607666,30.0625,29.612499237060547,29.732500076293945,26.68577766418457,174826400,-0.2525005340576172,0,1790305663.4731507,5313993600,-0.16460931961018443,50178052.02285876,-0.025096572872346203,0.04877657638501166,96428261.71723476,28.82994667637295,78.54291012806775,1381.6286013307406,28.338250160217285,30.604236187439735,26.072264132994835,15.992420240566297,0.8076475095889433,0.0,0.0,29.266416676839196,29.870167096455894,28.66266625722249,4.1258923241839645,0.8859901246533721,0.0,0.0,26.299999237060547,30.127500534057617,28.213749885559082,13.506484258404623,0.8967993928379394,0.6993934753211997,1.4984392572247014,0.5873795941003692,0.3722025194557567,0.2151770746446125,29.05625009536743,28.06653859065129,29.134567062291605,28.547187468191236,1.1465559093990667,0.6501187992388006,0.49643711016026615,0.17447113083428029,25.575581732742474,-0.2382497787475586,48.81873827305488,11.102712206054589,37.71602606700029,28.692500114440918,28.142499923706055,28.417500019073486,28.142499923706055,99.97629583548522,18.839976030615542,28.019559229463415,19.031898585442566,97.4158024703723,27.97499990463257,26.895000457763672,92.0,12.0,80.0,28.305473562081932,,0.0,0.0,61.34615179516497,0.838124144301912,0.9406498906238747,0.9526391144153848,18.87374156717451,58.07532332223434,88.72232983484895,92.93138458595045,-11.277670165151044,1.601617594326246,8.562297573817785,2.0575743048412676,1.3111493244233006,0.746424980417967,2.1046463567033427,8.141274613803338,-6.036628257099995,28.751682364144173,-0.8420894744636032,-0.8456550790427286,50.50892516280101,4.366140861027684,-4472138.15690732
2015-02-09,29.637500762939453,29.959999084472656,29.607500076293945,29.93000030517578,26.86302947998047,155559200,0.19750022888183594,1,1919387704.671997,5469552800,-0.14901188458590808,47398755.67740398,-0.012179822946103952,0.0404761895841139,97461574.67530556,28.970062857754492,78.39233967154185,1390.8061667656123,28.434625148773193,30.797193298984435,26.07205699856195,16.617543842058875,0.8164723854143389,0.0,0.0,29.41416664123535,30.014167022705077,28.814166259765624,4.079669424518684,0.9298611133186897,0.0,0.0,26.299999237060547,30.127500534057617,28.213749885559082,13.460706012374517,0.9483996964189697,0.6647040286069508,1.1971044737698568,0.6073233586421019,0.4192266872930258,0.18809667134907604,29.2087500890096,28.156346321105957,29.25694140735071,28.649618048708607,1.1322479001285495,0.6935604193173303,0.4386874808112192,0.2016332863955887,25.3082096378101,-0.18962430953979492,57.10295002531911,20.328713919181343,36.774236106137764,29.477499961853027,28.142499923706055,28.80999994277954,28.142499923706055,99.98814791774261,18.848882493846066,26.987686960869656,18.3832416539315,87.54159794535599,28.186874866485596,27.06999969482422,88.0,8.0,80.0,28.524116798719014,,0.0,0.0,62.72676795902209,0.9169295971312745,0.9183512471443954,0.9432523021833563,19.867461097998447,54.53163246097551,93.54574705077908,92.84834110497934,-6.454252949220917,1.6221175418180565,6.51245515609612,2.119830559728796,1.4728855714843996,0.6469449882443965,-1.1940822644494777,6.274203238152776,-7.468285502602253,28.83345229330041,0.6642570533088366,0.6620605875649943,51.508691314054225,4.6542259281673495,-14071571.628885627
2015-02-10,30.042499542236328,30.537500381469727,30.040000915527344,30.5049991607666,27.37911605834961,248034000,0.5749988555908203,1,2135014000.4321194,5717586800,-0.07639739455751571,61001685.74457677,0.1012916623074506,0.03533953370496186,102226668.71785225,29.143010173834444,78.82824335459222,1390.8061667656123,28.594250106811522,31.06108299443956,26.127417219183485,17.254048477672125,0.8872878993015908,0.0,0.0,29.694833310445148,30.258333524068195,29.131333096822107,3.795274469008944,1.2188691598823547,1.0,0.0,26.299999237060547,30.537500381469727,28.418749809265137,14.819416940749749,0.9923300974806801,0.6589836333756502,1.0433255336050833,0.6618966058527889,0.4677606710049785,0.1941359348478104,29.397083282470703,28.278365501990685,29.448950292491617,28.787053686638828,1.1214839882449983,0.6903163301876883,0.43116765805730994,0.22907828204405756,25.035543087304383,-0.3192504882812486,68.42058876410637,30.071873572233685,38.348715191872685,29.713749885559082,28.34749984741211,29.030624866485596,28.34749984741211,99.99407395887131,19.582236117833684,31.342876668930174,17.20713595915254,107.10383864748155,28.008124828338623,27.24625015258789,100.0,4.0,96.0,28.716522846959645,,0.0,0.0,66.48048866438916,1.0,0.9183512471443954,0.925784128304222,21.853628414992595,65.82056380338125,99.0091093323409,93.7590620726563,-0.990890667659108,1.6983603814068964,8.001409999584698,2.299285689525081,1.638165595092536,0.6611200944325448,-0.7322359891816771,4.8729153926858855,-5.605151381867563,29.229045458809388,1.9211455052721371,1.9029245031551234,54.41939372733082,5.111574147413727,95927994.92216957
2015-02-11,30.6924991607666,31.229999542236328,30.625,31.219999313354492,28.020843505859375,294247200,0.7150001525878906,1,2419533790.2692537,6011834000,-0.0043017210534135675,82342415.33800289,0.13133274566036032,0.03656197339830235,109123465.92114946,29.358412846770705,79.41740521577577,1390.8061667656123,28.777500057220458,31.444679478870967,26.11032063556995,18.536560968445183,0.9578805678214484,0.0,0.0,29.891166623433428,30.4449166615804,29.337416585286462,3.705108235640774,1.699848847295591,1.0,0.0,26.299999237060547,31.229999542236328,28.764999389648438,17.13144051906209,0.9979715561333055,0.6655853081850578,1.0433255336050833,0.754147491414006,0.525038035086784,0.22910945632722202,29.642499923706055,28.45750009096586,29.721419372624364,28.96727188121036,1.1359899835478748,0.6660026656319322,0.4699873179159426,0.2599869983937375,24.83341376822797,-1.4925002098083482,77.33743974991877,39.740517533352936,37.59692221656584,30.125,28.69374942779541,29.409374713897705,28.69374942779541,99.99703697943566,20.9682157791578,36.21865510209722,15.899785277560715,130.35603137168047,27.811875343322754,27.6274995803833,100.0,0.0,100.0,28.971459701791055,,0.0,0.0,70.46379279406128,1.0,0.9723098657104248,0.936337453333072,24.867969335567285,68.22446232490402,99.74826358046683,97.43437332119561,-0.25173641953317133,1.8326250525081846,10.415560511251739,2.6034467260383756,1.8312218212817042,0.7722249047566714,1.150287130489089,4.128389740246527,-2.9781026097574377,29.62668455665455,2.343878617467632,2.316831600103919,58.03879687812889,5.482673859477131,100048505.77088654
2015-02-12,31.514999389648438,31.8700008392334,31.392499923706055,31.614999771118164,28.375370025634766,297898000,0.3950004577636719,1,2399257287.481135,6309732000,-0.01939575432829451,87389191.1992714,0.1128042352569665,0.036380900667652635,112892519.37902535,29.58492191361497,80.15548585696862,1390.8061667656123,28.985750007629395,31.84900059916085,26.12249941609794,19.756263617659105,0.959137207770989,0.0,0.0,30.10666662851969,30.617416636149084,29.5959166208903,3.392936281730802,1.9765865101003988,1.0,0.0,26.299999237060547,31.8700008392334,29.085000038146973,19.21634458555242,0.9542188519271235,0.6640269299544427,1.0433255336050833,0.8493395608757197,0.5898983402445712,0.2594412206311485,30.00333325068156,28.651730830852802,30.012739433931102,29.163399873055383,1.1487786008075522,0.6526030852635839,0.4961755155439683,0.29399608259575727,24.73439618594791,-0.15825061798095774,83.73125029061012,49.098737162433025,34.632513128177095,30.445000648498535,29.085000038146973,29.765000343322754,29.013750076293945,99.99851848971784,22.78566021759079,40.47257621651033,14.813131462769155,148.64556892577102,27.714374542236328,27.793749809265137,100.0,28.000000000000004,72.0,29.3328260762623,,0.0,0.0,72.41412545014926,1.0,1.0,0.9635537042849401,28.011192830426324,67.026993386362,94.47152293014992,97.74296528098587,-5.528477069850088,2.071654448789708,15.869525189375219,2.9123475471748432,2.047446966460332,0.8649005807145111,2.6784177783882313,3.838395347874868,-1.1599775694866366,29.965962566734504,1.2652161000999973,1.25727911774014,60.038329180635316,5.40387864386172,70878428.70869857
2015-02-13,31.81999969482422,31.81999969482422,31.412500381469727,31.770000457763672,28.51449203491211,217088800,0.1550006866455078,1,2563073485.4488106,6526820800,0.05289301462042467,79712008.60838254,-0.002815727759379507,0.03323703009773845,113956853.18597321,29.76926423531137,80.25146288197057,1397.6249525445203,29.239000034332275,32.14618210130993,26.33181796735462,19.88564631871171,0.9353013270446209,0.0,0.0,30.32333329518636,30.79608319600423,29.85058339436849,3.1180602489563145,2.0300554903073897,1.0,0.0,26.299999237060547,31.8700008392334,29.085000038146973,19.049904564563036,0.9820466153132315,0.6383741682944477,1.0433255336050833,0.9266058859029087,0.6572398493762387,0.26936603652667,30.248541673024494,28.837596233074482,30.2830872837515,29.35648139784859,1.1192116921371222,0.6731529025984093,0.4460587895387129,0.32895948745366016,24.554854445675698,0.4860003471374519,93.31214488639932,58.32600682310551,34.986138063293815,30.636250495910645,29.085000038146973,29.86062526702881,29.013750076293945,99.99925924485892,24.473287196135715,38.687456620133595,14.15977025550539,140.35339601791077,27.704999446868896,27.922499656677246,96.0,24.0,72.0,29.7895175335971,,0.0,0.0,73.1629992747546,1.0,1.0,0.9907699552368084,30.80393711481356,70.60161371576378,97.83197058734744,97.3505856993214,-2.168029412652552,2.323691300784837,10.207271287539585,3.156392870607496,2.269236147289765,0.8871567233177311,1.2753120963157707,3.3257786975630483,-2.050466601247278,30.541438953106415,0.4902757797490498,0.4890778419184727,60.822958346923016,5.209162253351419,-20274570.350197405
2015-02-17,31.872499465942383,32.220001220703125,31.729999542236328,31.957500457763672,28.68277359008789,252609600,0.1875,1,2545030083.0619082,6779430400,0.07032619561261036,75090907.3786136,0.06958891126017738,0.049589561034907984,115447703.02284898,30.137652712277887,89.00881584479521,1397.6249525445203,29.51200008392334,32.363048189338684,26.660951978507992,19.321280138979496,0.9288774309341351,0.0,0.0,30.57125002543131,31.015750185648596,30.12674986521403,2.9079619567241526,2.059336257218361,1.0,0.0,26.625,32.220001220703125,29.422500610351562,18.958393889918028,0.9530829837948696,0.6235369193116826,0.46137327049401733,0.9915398341617845,0.7240998463333479,0.2674399878284366,30.434583346048992,28.99086548731877,30.540689310522602,29.549149476360817,1.256170113404179,0.5809302108003149,0.675239902603864,0.36354178766658796,24.383429321578873,-0.2219991683959961,102.18605041824058,67.26378436298295,34.92226605525764,30.89875030517578,29.260000228881836,30.07937526702881,29.18875026702881,99.99962962242947,26.350696705276164,41.00780869885237,13.394710813263949,151.84215635078493,27.576874256134033,28.03499984741211,100.0,20.0,80.0,30.16400452861163,,0.0,0.0,74.07967283745899,1.0,1.0,1.0,33.394655359478456,70.05863701238987,92.26232509186752,94.8552728697883,-7.737674908132469,2.654331151176901,7.5105131964461265,3.3555613333473837,2.486501184501289,0.8690601488460947,1.2910650921302473,2.9188359764764886,-1.6277708843462413,30.982757280742188,0.5901794060383159,0.5884446694076839,61.77210232726813,5.194328115235045,54657668.01443604
2015-02-18,31.907499313354492,32.19499969482422,31.862499237060547,32.18000030517578,28.882476806640625,179566800,0.22249984741210938,1,2708396048.8180203,6958997200,0.07140200446697782,70071289.98170891,0.009952616625977894,0.03753973068472688,116697912.9900861,30.425547375185655,87.81195676872468,1407.3557304284636,29.76200008392334,32.628090756232446,26.89590941161423,19.26006763139078,0.9218289820022243,0.0,0.0,30.817916679382325,31.2586669921875,30.37716636657715,2.8603511223070055,2.045187361438741,1.0,0.0,27.0674991607666,32.220001220703125,29.643750190734863,17.312351473044217,0.9922366036806909,0.5944332731568815,0.46137327049401733,1.0488636864754106,0.7890526143617606,0.25981107211365007,30.675416628519695,29.1515385554387,30.792891002007707,29.744027315532296,1.3333328385609744,0.6796373714426795,0.6536954671182948,0.3970252610921859,24.128148819019057,-0.10450077056884766,112.2382417347164,76.07104329513433,36.167198439582066,30.913750648498535,29.260000228881836,30.086875438690186,29.18875026702881,99.99981481121473,28.09400553519229,39.450168321874116,12.885926192415113,144.31787468888638,27.576874256134033,28.047499656677246,96.0,16.0,80.0,30.57520386702993,,0.0,0.0,75.16379708167503,1.0,1.0,1.0,35.892410544241436,74.96686416199034,98.79877196599996,96.29768921507163,-1.2012280340000459,2.90027208328247,9.86684636160724,3.5263001722960876,2.694460982060249,0.8318391902358386,-1.0953009073920854,2.116008599702774,-3.2113095070948594,31.366381280970817,0.6962367025737048,0.6938241663457578,62.898419078195666,5.226815208120879,-31291459.699397564
2015-02-19,32.119998931884766,32.25749969482422,32.08250045776367,32.11249923706055,28.82189178466797,149449600,-0.06750106811523438,0,2610184450.0997643,6809547600,0.05603960174196241,58619961.751551285,0.01653985627653739,0.035554402294337734,116384426.1183109,30.606185545019525,87.1737148516471,1404.403647951114,29.998250007629395,32.821110167963575,27.17538984729521,18.8201655737668,0.8744870644213669,0.0,0.0,31.04650001525879,31.4497501373291,30.643249893188475,2.597717113826826,1.8217593293324355,1.0,0.0,27.25749969482422,32.25749969482422,29.75749969482422,16.667638941366114,0.9709999084472656,0.5524898695472481,0.4647667444294324,1.0764379734643512,0.8465296861822788,0.22990828728207247,30.879999955495197,29.336153910710262,30.995907653554298,29.919469680089946,1.4034704076980173,0.6814900096622408,0.7219803980357765,0.42690449686652476,23.77524333777505,-0.33574962615966797,118.28579885873734,84.60368922234477,33.68210963639257,30.932499885559082,29.278749465942383,30.105624675750732,29.207499504089355,99.99990740560736,29.763719993759697,39.37143591438827,12.614348526911476,131.1707653293638,27.523749351501465,28.047499656677246,100.0,12.0,88.0,30.90416333776457,,0.0,0.0,74.15054262593118,0.9328055015510395,0.9776018338503464,0.9925339446167821,37.69246977108004,70.83714253846657,95.52122032636142,95.5274391280763,-4.47877967363858,3.033588314056395,8.277838592414941,3.5977842688190163,2.875125639412002,0.7226586294070141,-4.083262848792534,0.8761543100037124,-4.959417158796247,31.57757982100753,-0.20976093062490264,-0.20998123699667026,62.556721838363984,4.96030339988085,-22533268.73944527
2015-02-20,32.154998779296875,32.375,32.01250076293945,32.375,29.057497024536133,195793600,0.2625007629394531,1,2805978050.0997643,7005341200,0.05460467428070015,57587962.84113855,0.004397215999999929,0.031460604123713085,117984923.45111726,30.831657400223563,86.69086025490918,1404.403647951114,30.21199998855591,33.074673746430044,27.349326230681775,18.95057433442668,0.8777936632657659,0.0,0.0,31.276749992370604,31.69174995422363,30.861750030517577,2.6537281651978484,1.8231929019048227,1.0,0.0,27.25749969482422,32.375,29.81624984741211,16.93863467203182,1.0,0.5334908062985779,0.2510743623819278,1.1067148919555336,0.8985667273369298,0.20814816461860386,31.106041590372723,29.521538514357346,31.208075706853634,30.1013608148981,1.3694142472146547,0.6737291448085746,0.6956851024060801,0.4538810146368567,23.541189478135898,-0.3220005989074721,122.27201180322997,92.7651640590309,29.506847744199078,30.991250038146973,29.337499618530273,30.164374828338623,29.266249656677246,99.99995370280368,31.412891477985397,39.05901949071143,12.047918762030749,118.52379597782607,27.411874771118164,28.047499656677246,100.0,8.0,92.0,31.1748306091765,,0.0,0.0,75.5319259390408,1.0,0.9776018338503464,0.9850678892335644,39.63020440704599,72.99761859883415,100.0,98.10666409745379,-0.0,3.0203162305495326,9.144541369225847,3.6766274414005427,3.0354259998097106,0.641201441590832,-4.8370541373188445,-0.26648737946079903,-4.570566757858045,31.809659264157197,0.8174410873523774,0.8141181342032233,63.885527272923895,5.183854725346059,48111428.896962464
2015-02-23,32.505001068115234,33.25,32.415000915527344,33.25,29.842832565307617,283896400,0.875,1,3089874450.0997643,7289237600,0.09705478418509228,84848161.00669019,0.18786984580018756,0.04927733219900897,125657799.12679292,31.13564095512798,94.6127113555124,1404.403647951114,30.462249946594238,33.46499411838913,27.459505774799343,19.714526517635694,0.9642003936917783,0.0,0.0,31.59366671244303,32.04716650644938,31.140166918436687,2.8708272334071117,2.3261676294540825,1.0,0.0,27.25749969482422,33.25,30.25374984741211,19.671890013645427,1.0,0.5676417256687201,0.24362867252824183,1.1876245586713594,0.9563782936038158,0.23124626506754364,31.38604164123535,29.744615408090446,31.52221790579923,30.33459334712787,1.4478568556028435,0.520667926176885,0.9271889294259585,0.48265038906969615,23.473458572201412,-0.47724933624267507,129.2241253922113,100.77862798868557,28.445497403525735,31.645000457763672,29.774999618530273,30.710000038146973,29.703749656677246,99.99997685140184,33.57042168775429,45.428877705101215,10.788609613223645,137.7238735058168,27.334999561309814,28.047499656677246,100.0,4.0,96.0,31.414864487341198,,0.0,0.0,79.47022833834268,1.0,0.9776018338503464,0.9776018338503464,42.667250380419,75.11033251037897,100.0,98.50707344212047,-0.0,3.1022795396692615,11.241220070132234,3.9150831695055692,3.2113574337488826,0.7037257357566866,-2.2634038419187723,-0.6658706719523937,-1.5975331699663786,32.40778174031444,2.7027027027026973,2.6668247082161756,68.31486584786776,5.872204009635045,117918705.01460361
2015-02-24,33.23500061035156,33.400001525878906,32.79249954223633,33.04249954223633,29.65658950805664,276912400,-0.20750045776367188,0,3040872746.24238,7012325200,0.11271604149758507,64518502.32567202,0.057862592839631986,0.051103676059710654,123929695.37459932,31.404658326058012,94.77533772187928,1395.6393050989386,30.70062494277954,33.72781948586095,27.673430399698134,19.720735644460362,0.8868060949054455,0.0,0.0,31.91825008392334,32.397250175476074,31.439249992370605,3.0014182500186517,1.6735378323922687,1.0,0.0,27.25749969482422,33.400001525878906,30.328750610351562,20.007742000376897,0.941798636211201,0.5716277514661059,0.28985368723854904,1.220928397118037,1.00928831430666,0.21164008281137692,31.640833218892414,29.988365393418533,31.756107388328015,30.53517899120998,1.4315510948395511,0.5124455093566125,0.9191055854829386,0.508781730797814,23.496009476726577,-0.9681248664855957,134.91637440133206,108.16704861504398,26.749325786288082,32.01250076293945,29.850000381469727,30.93125057220459,29.7787504196167,99.99998842570092,35.664825509693564,43.92567491001829,10.006568088863265,125.37888016375724,27.334999561309814,28.047499656677246,100.0,0.0,100.0,31.78189158987296,,0.0,0.0,76.33250617989232,0.8268754741255236,0.9422918247085077,0.9658318308030669,44.27042628677423,72.456621458877,90.64743534727947,96.88247844909314,-9.352564652720535,3.140095750023338,10.196761279468646,3.998432095222039,3.368772366043514,0.6296597291785249,-0.5129828883641387,-0.6352931152347427,0.122310226870604,32.618542044281554,-0.6240615271087879,-0.6260169305823293,67.26447752570645,5.119427798546294,60339503.143279195
2015-02-25,32.88999938964844,32.900001525878906,32.037498474121094,32.1974983215332,28.89818000793457,298846800,-0.845001220703125,0,2852901942.1061573,6713478400,0.14725871471468682,19226443.3072585,-0.18110320257883034,0.03445754272694141,116287237.50059879,31.631042381249618,85.26395501533531,1395.6393050989386,30.946249866485594,33.59906109479848,28.29343863817271,17.144637814004383,0.7358344313559334,0.0,0.0,32.120000012715664,32.63550046284994,31.604499562581378,3.2098409086563198,0.5751680321494937,0.0,0.0,28.827499389648438,33.400001525878906,31.113750457763672,14.775625983626636,0.7370141842433262,0.6149650831310187,0.8942709336354892,1.1656999293250898,1.040570637310346,0.12512929201474376,31.84624973932902,30.207596118633564,31.824013685744198,30.65831375641911,1.2573777157442674,0.6407008250683804,0.6166768906758869,0.5251299666692102,23.648438801968812,-1.016249561309813,138.79748358561864,114.99594237456618,23.801541211052452,32.39625072479248,30.012500762939453,31.204375743865967,29.7787504196167,99.99999421285045,35.83571812296792,38.901813103660594,17.454217149832036,80.86955346956181,27.334999561309814,28.047499656677246,96.0,0.0,96.0,,33.400001525878906,0.0,1.0,65.06604789680017,0.20524610414070718,0.6773738594220768,0.865755839326977,42.15217961881176,60.63352498157327,68.29261055451143,86.31334863393029,-31.707389445488577,3.05276496550616,8.290585180909925,3.8022310639345602,3.4554641056217235,0.34676695831283677,1.5456854351749605,-0.19909740515280216,1.7447828403277628,32.57443147595024,-2.5573162817873696,-2.590584014169872,62.986995808295006,4.244026540330847,75410612.47784823
2015-02-26,32.1974983215332,32.717498779296875,31.65250015258789,32.60499954223633,29.26392364501953,365150000,0.407501220703125,1,3140907999.6024947,7078628400,0.32960790963908837,37736818.654756725,-0.082758846802493,0.02769182207629547,120908685.7029963,31.789510384991477,75.23268593145431,1395.6393050989386,31.13512487411499,33.69387099668674,28.57637875154324,16.43639544030885,0.7872255780194389,0.0,0.0,32.25,32.81150035858154,31.688499641418456,3.482172766397159,0.8161169327951341,0.0,0.0,28.889999389648438,33.400001525878906,31.145000457763672,14.485254690531137,0.8237246990958073,0.6599684374888153,1.0336865006827212,1.1416526524570756,1.060787040339692,0.08086561211738363,32.0691663424174,30.416249935443584,31.94416535597376,30.802512703516683,1.1548425220198073,0.6909324612953116,0.4639100607244957,0.5358625083585669,23.90751269541182,-0.630125713348388,140.40122334266567,121.29260604701682,19.108617295648855,32.406250953674316,30.233750343322754,31.320000648498535,29.7787504196167,99.99999710642523,35.232556513027625,34.41046249177933,19.6127250667341,70.90602171501466,27.36562442779541,28.047499656677246,92.0,0.0,92.0,,33.400001525878906,0.0,0.0,67.55321956765513,0.3424763605308562,0.4581993129323622,0.6926216656876489,41.147114931622454,67.11997188374073,79.03752986753425,79.32585858977505,-20.962470132465754,2.89922071905697,8.937518241849,3.706362086255173,3.5056437017484137,0.2007183845067595,5.1184021161671875,0.8644024991111958,4.2539996170559915,32.577084071597355,1.2656300704908974,1.2576879151147136,65.04980823823452,5.069129772438224,126074372.10198498
2015-02-27,32.5,32.64250183105469,32.060001373291016,32.1150016784668,28.824132919311523,248059200,-0.48999786376953125,0,2939692820.134391,6830569200,0.23630264119629646,14981776.26288021,0.03903985236525651,0.0322729953075528,117180776.49290949,31.924415749760772,73.33058203935717,1374.6652125458806,31.254624938964845,33.761495927103084,28.747753950826603,16.0416001985866,0.671603713069599,0.0,0.0,32.314666811625166,32.88666712443034,31.742666498819982,3.5401900699740576,0.3254676363906384,0.0,0.0,29.020000457763672,33.400001525878906,31.21000099182129,14.013929383790904,0.7066211109475689,0.652221639516301,1.3602041085656484,1.070713758057991,1.0627723838833518,0.007941374174639249,32.20333321889242,30.598076893733097,31.970447867126534,30.899734109068543,1.2261002069081768,0.7056150007502042,0.5204852061579726,0.5379608587756036,24.0818184512112,-0.034625625610352984,139.5817635376592,126.43367478604569,13.148088751613528,32.5262508392334,30.328750610351562,31.42750072479248,29.7787504196167,49.99999855321261,34.67247787522592,32.21939193697466,18.36389371483156,61.79655824102999,27.36562442779541,28.047499656677246,88.0,12.0,76.0,,33.33010147094726,0.0,0.0,61.85087031649297,0.0,0.18257415489052098,0.43938244241498675,38.46114208928853,61.223167523455444,66.11735382322041,71.14916474842202,-33.882646176779595,2.7911620869356035,5.277831706256422,3.465122885131089,3.497539538424949,-0.0324166532938599,4.204419363262391,1.532405871941435,2.672013491320956,32.567308315757096,-1.5028304574419393,-1.5142373831471545,62.56938945008081,4.427596097622203,-32178978.058729053
2015-03-02,32.3125,32.56999969482422,32.07500076293945,32.272499084472656,28.965497970581055,192386800,0.15749740600585938,1,2900825826.4922333,7022956000,0.2919901066827597,17170154.218149904,-0.007397544462131973,0.03261458662783652,118124273.93541732,32.038359571186035,73.70505834602655,1381.406803509198,31.403749847412108,33.77666224411298,29.03083745071124,15.112286960828747,0.6830554803178567,0.0,0.0,32.378500111897786,32.959250386555986,31.797749837239586,3.5872586602292804,0.40873785855072003,0.0,0.0,29.020000457763672,33.400001525878906,31.21000099182129,13.947382364836209,0.7425794140521916,0.6364993687531475,1.570060506559812,1.0154968816368637,1.0533172834340543,-0.037820401797190595,32.29104153315226,30.758557613079365,32.01691728517979,31.001420403542923,1.224641888593126,0.7070411411312303,0.5176007474618958,0.534168170907943,24.20565070395311,0.2112499237060561,139.5160045532256,130.58144746771072,8.934557085514882,32.5262508392334,30.328750610351562,31.42750072479248,29.7787504196167,24.999999276606307,34.15240485441006,30.44528972177269,17.35271930834537,58.5802335118235,27.36562442779541,28.047499656677246,84.0,8.0,76.0,,33.26299741821289,0.0,0.0,62.93391985892387,0.061469296502620195,0.13464855234449197,0.25847400672245846,36.61369837606645,60.0264619335919,66.44338581568658,70.53275650214708,-33.556614184313425,2.560044384002687,3.3712357279519627,3.275646304002284,3.453160891540416,-0.17751458753813232,1.7023678322549738,1.566398264004143,0.13596956825083084,32.56104135290951,0.49041693219484817,0.489218305605732,63.366657262509804,4.831807852048598,-34855308.89586729
2015-03-03,32.2400016784668,32.380001068115234,32.022499084472656,32.34000015258789,29.026081085205078,151265200,0.06750106811523438,1,3018240884.3152537,7174221200,0.288385899195441,16175926.839651998,-0.028656406144398166,0.02333258173841875,118440659.80135038,32.16991901035273,68.61240474423359,1384.2961500855029,31.53787488937378,33.80154224040856,29.274207538339002,14.355230712120601,0.6771738375886897,0.0,0.0,32.406333414713544,32.97383371988933,31.838833109537756,3.502403668525622,0.4415566286743193,0.0,0.0,29.40250015258789,33.400001525878906,31.4012508392334,12.675240127348959,0.7348340189766214,0.6085996302420906,1.7320830175755726,0.9660478826763743,1.0358634032825182,-0.06981552060614393,32.35145823160807,30.916057586669922,32.06662234170411,31.100574459027737,1.1854239707361751,0.7862855850512755,0.39913838568489957,0.5259743981589287,24.296612349302933,0.2321255683898933,138.4418367185647,133.49295802147162,4.948878697093079,32.5262508392334,30.328750610351562,31.42750072479248,29.7787504196167,12.499999638303153,33.55130099396949,29.19495032272046,17.24318919800778,50.724908937235476,27.39687442779541,28.047499656677246,80.0,4.0,76.0,,33.198577527587894,0.0,0.0,63.41333139290172,0.08867866096319414,0.0500493191552713,0.12242400879676148,35.253665260260526,59.37350028817033,61.8017733177538,64.78750431888693,-38.1982266822462,2.2480295854456287,2.2932164691395935,3.1062059125276194,3.3837698957378572,-0.2775639832102379,-1.7106574619239892,0.9109871188185166,-2.6216445807425055,32.557394296220075,0.20915971811961143,0.2089412837126936,63.70835450234149,4.8635415889634075,-36722110.43052602
2015-03-04,32.275001525878906,32.38999938964844,32.08000183105469,32.1349983215332,28.84208869934082,126665200,-0.2050018310546875,0,2936518886.4318123,7047556000,0.2571096387816261,10155566.1581434,0.008260029715420288,0.01454167345663732,117637734.6990501,32.27528180284463,63.18868650018241,1375.5211579967422,31.661499786376954,33.76648500845622,29.556514564297686,13.29681307759769,0.6124707504332347,0.0,0.0,32.418583424886066,32.983833440144856,31.853333409627275,3.4871974993508035,0.24915073357138445,0.0,0.0,29.577499389648438,33.400001525878906,31.488750457763672,12.073029269053082,0.6690640948619125,0.5787394230772566,1.9502156765979672,0.8999432743733209,1.0086793775006788,-0.10873610312735793,32.38187472025553,31.064519075246956,32.07714172321628,31.177198448842958,1.1425796493990061,0.85612488667781,0.2864547627211962,0.5127931170083929,24.235896799689943,0.29600067138671804,135.02451680051047,135.35281557055748,-0.328298770047013,32.5262508392334,30.328750610351562,31.42750072479248,29.7787504196167,6.249999819151577,33.00722457794805,28.235782623844656,16.60632640654757,43.839526321727945,27.434999465942383,28.047499656677246,76.0,0.0,76.0,,33.13673443258789,0.0,0.0,60.83967546741938,0.0,0.0500493191552713,0.07824906355167827,33.370271496936084,51.11005367725522,36.9861920420633,55.07711705850122,-63.0138079579367,2.0683017730712905,1.1488758530387,2.8865431121080074,3.2843245390118874,-0.39778142690387996,-5.410723501095981,-0.3533550051643829,-5.057368495931597,32.555200041521914,-0.6338955785016642,-0.6359132275687962,62.6706144815133,4.626349593995052,-29202850.118487507
2015-03-05,32.14500045776367,32.1875,31.440000534057617,31.602500915527344,28.364152908325195,226068400,-0.5324974060058594,0,2808741396.09002,6821487600,0.22335223319219796,-8492491.375862086,-0.1392872275213183,-0.0034648595989544523,113891637.20822714,32.29842285803164,55.35714190966582,1375.5211579967422,31.747124862670898,33.68998090794064,29.804268817401162,12.23957163789782,0.4627805808115143,0.0,0.0,32.37783349355062,33.00033353169759,31.755333455403644,3.845223543267468,-0.12275705261902006,0.0,1.0,29.607500076293945,33.400001525878906,31.503750801086426,11.945968228588422,0.5260382535784461,0.5956154273637692,2.357323795123993,0.7954177252308838,0.9660270470467198,-0.170609321815836,32.352291425069176,31.230576808636005,32.004120060494905,31.20870233526402,0.98272021484375,0.946240478515625,0.03647973632812507,0.4923725167000434,24.24270946111127,0.4328754425048835,130.1671446687903,136.23005255561978,-6.062907886829464,32.42000102996826,31.113750457763672,31.766875743865967,29.7787504196167,3.1249999095757883,31.109705856360648,25.76468233538096,22.646079240453304,2.691688441604931,27.434999465942383,28.047499656677246,72.0,0.0,72.0,,33.077365061387894,0.0,0.0,54.63671599926638,0.0,0.029559553654397896,0.0432193973216469,29.83448575796135,47.9143430826622,9.559769793948886,36.11591171792199,-90.44023020605111,1.8634636822868806,-1.1108488997927415,2.5487048986721503,3.13720061094394,-0.5884957122717895,-4.789680579970947,-1.240620120125696,-3.5490604598452515,32.53643572782514,-1.657063743018905,-1.6709466233845838,59.97505870839408,4.202496059035493,92965062.43910787
2015-03-06,32.099998474121094,32.342498779296875,31.565000534057617,31.649999618530273,28.406782150268555,291368400,0.04749870300292969,1,2581080013.812334,7112856000,0.15331526418366462,-5302189.5941619575,0.037357956383131205,-0.0005953107316322584,114329565.2422467,32.300596493183775,56.384170554446705,1375.5211579967422,31.830374813079835,33.59894420164118,30.061805424518486,11.112463481483113,0.44900533851931945,0.0,0.0,32.337666765848795,33.00166670481364,31.673666826883952,4.106665726830238,-0.017821694675586405,0.0,1.0,29.607500076293945,33.400001525878906,31.503750801086426,11.914724447500175,0.538562626643123,0.613803709151318,2.6853212249560214,0.7082489695869683,0.9144714315547695,-0.20622246196780125,32.308124701182045,31.339134509746845,31.949639992500344,31.241391022913376,0.9963337875694699,0.9236179325526936,0.07271585501677624,0.46740382083208,24.251940045982675,0.28212442398071147,124.55225751045631,135.71095612431367,-11.158698613857354,32.42000102996826,31.145000457763672,31.782500743865967,29.7787504196167,1.5624999547878942,29.60703239256686,25.244266075807097,20.624260824020592,4.57976139171229,27.879374980926514,28.047499656677246,68.0,0.0,68.0,,32.97912318974808,0.0,0.0,55.07669574558121,0.017717177510267502,0.005905725836755686,0.02850486621547503,27.070697245010038,46.340592210937764,10.714233581969726,19.086731805993967,-89.28576641803028,1.6409118371851292,-1.6469878235528275,2.267021238162914,2.9631647363877347,-0.6961434982248207,-1.9531486220860286,-1.3831258205177626,-0.570022801568266,32.508238767311916,0.15030045606165832,0.15018761797618296,60.21550195121772,4.569428562590417,111757246.48689327
2015-03-09,31.989999771118164,32.39250183105469,31.264999389648438,31.78499984741211,28.5279541015625,354114000,0.13500022888183594,1,2553598463.26559,7466970000,0.1588545349479609,2284619.0693272427,-0.03979981867581095,-0.00840879144134571,115840006.68384072,32.27408710621271,47.22256408630795,1375.5211579967422,31.93299980163574,33.41822915237751,30.447770450893973,9.302159897083584,0.4501760606367905,0.0,0.0,32.22191677093506,32.915167045593265,31.528666496276855,4.302973529393092,0.18487792973586256,0.0,0.0,29.607500076293945,33.400001525878906,31.503750801086426,11.876433385975512,0.5741592455703511,0.6651735823768112,2.932164896116275,0.642652396163232,0.860107624476462,-0.21745522831323005,32.28083308537801,31.418365258436936,31.924310739409847,31.281658343246615,0.9265874028484804,0.9688211201024173,-0.042233717253936875,0.4404805618610047,24.380249782054516,0.4420001983642585,116.29667248731472,133.64210035608951,-17.34542786877479,32.08250045776367,31.21000099182129,31.64625072479248,29.7787504196167,0.7812499773939471,27.62337108056631,22.155197758191246,21.35642273157533,-11.687019852893084,28.01312494277954,28.047499656677246,64.0,4.0,60.0,,32.886775830406656,0.0,0.0,56.371881674270725,0.06987193963191461,0.029196372380727226,0.021553883957293674,25.096209947281352,40.63748286179382,24.355968967870812,14.876657447929803,-75.64403103212919,1.3883015969220338,-1.0198502060857209,2.054406416410382,2.7814130723922643,-0.7270066559818824,2.258526161653233,-0.6547954240835636,2.9133215857367967,32.41987432304041,0.4265410126665481,0.42563390503169707,60.89888677568922,4.76521277678188,131709201.2093398
2015-03-10,31.602500915527344,31.80500030517578,30.950000762939453,31.127500534057617,27.937833786010742,275426400,-0.6574993133544922,0,2392530306.8548875,7191543600,0.09607255238536355,-23912136.35196232,-0.14008047473496782,-0.019125440824270406,110142581.17655559,32.205712430044656,40.79593748468099,1347.0673520747935,31.992874813079833,33.22532382775472,30.76042579840495,7.704521846664537,0.1489208605312978,0.0,0.0,32.043500137329104,32.76150016784668,31.325500106811525,4.481408257153164,-0.13788270497090238,0.0,1.0,30.040000915527344,33.400001525878906,31.720001220703125,10.502340380420812,0.32366054195939165,0.6841561783627629,3.3923737736199717,0.5314853077013915,0.794383161121448,-0.26289785342005656,32.17687479654948,31.489038320688103,31.801724553971045,31.270239246269654,0.8827939471148349,1.030773596615872,-0.14797964950103704,0.4083442377621576,24.50418674539598,1.2571251869201667,106.19488047331758,130.01958889916716,-23.82470842584958,31.833749771118164,31.21000099182129,31.521875381469727,29.7787504196167,0.39062498869697354,26.08660351414577,20.142362435581003,22.763309076644425,-102.29429491612709,28.195624828338623,28.078749656677246,60.0,0.0,60.0,,32.757033715146,0.0,0.0,48.96712912695985,0.0,0.029196372380727222,0.021432823532736785,21.05884542590569,39.41415526463576,7.244886360982354,14.10502963694096,-92.75511363901765,1.0928531478433037,-3.8532802036830356,1.6996521949053984,2.565060896894891,-0.8654087019894927,2.8857814764907763,0.05331995603130435,2.832461520459472,32.223509359455925,-2.0685836605659924,-2.0902785586216055,57.57055869381475,4.072875013716416,8184711.598453879
2015-03-11,31.1875,31.1924991607666,30.52750015258789,30.559999465942383,27.42847442626953,275756000,-0.5675010681152344,0,2143727371.5757687,6915787600,0.0017593639776693343,-42852091.80727978,-0.12479785396856623,-0.02922099155606352,105115135.28934206,32.09608463015059,35.280455443049775,1347.0673520747935,31.995624828338624,33.21495738518067,30.776292271496583,7.621870573767171,-0.08869311507370006,0.0,1.0,31.88166681925456,32.57991644541423,31.18341719309489,4.380257971568594,-0.44641465157759364,0.0,1.0,30.52750015258789,33.400001525878906,31.9637508392334,8.97779427250576,0.011313941798836403,0.6822404613443577,4.022459921624021,0.3930610328722217,0.7141187354716028,-0.32105770259938105,31.95270808537801,31.523749865018406,31.61068992504356,31.217628892171337,0.8232901608729751,1.0978900152684905,-0.2745998543955154,0.36974773551852,24.665265734204375,1.0468747138977044,94.62943348971828,124.9338344710619,-30.30440098134362,31.58500099182129,31.4012508392334,31.493125915527344,29.7787504196167,0.19531249434848677,25.338792568739727,18.717965424575926,25.646470402283917,-194.37382340790043,28.306249618530273,28.078749656677246,56.00000000000001,0.0,56.00000000000001,,32.57633041992535,0.0,0.0,43.63895484630095,0.0,0.023290646543971383,0.027227797101808685,15.809596752685055,35.590583047874226,1.1313941798836402,10.910749836245598,-98.86860582011636,0.7165661811828627,-8.090227170098096,1.259099575531159,2.303868632622145,-1.044769057090986,3.3424373849873708,0.7111434418225178,2.631293943164853,32.000327958965826,-1.8231501353419444,-1.8399743178918015,54.69781083972942,3.8703738311669866,39417824.931412935
2015-03-12,30.577499389648438,31.225000381469727,30.407499313354492,31.112499237060547,27.924360275268555,193450800,0.5524997711181641,1,2283934360.0733633,7109238400,-0.027948431834084134,-21461575.44586471,-0.018488171568216333,-0.030855662096650395,108612567.37672609,32.023197116963146,35.09045244657463,1371.4212269670857,31.990249824523925,33.22407294620956,30.75642670283829,7.713744834463772,0.14429642627210398,0.0,0.0,31.74066683451335,32.41416670481364,31.06716696421305,4.243766356968662,0.03365425506858935,0.0,0.0,30.407499313354492,33.400001525878906,31.9037504196167,9.35441964016906,0.23558877275192758,0.6957665220214453,4.374023430669734,0.32420369350412415,0.6361357270781071,-0.3119320335739829,31.79187472661336,31.579519051771896,31.534045203815403,31.20984151031128,0.8262454128614716,1.1018228412012505,-0.27557742833977894,0.33140336613002,24.841146752751083,0.20724849700927805,83.799135207892,118.73576465664334,-34.93662944875135,31.488749504089355,31.488750457763672,31.488749980926514,29.7787504196167,0.09765624717424339,24.825493369665512,17.115589119913043,24.70758403091806,-166.85980984734064,28.353749752044678,28.078749656677246,52.0,0.0,52.0,,32.33047078784485,0.0,0.0,49.4104066126447,0.16107302933638723,0.053691009778795595,0.03539267623449814,13.047519426838397,39.3172433745836,23.55887727519276,10.645052605352914,-76.44112272480724,0.42758081660551284,-5.840963401418143,1.038786734617066,2.0508522530211293,-1.0120655184040632,1.0634346040699525,0.7816016742720048,0.2818329297979477,31.904884731880976,1.8079181308032988,1.7917696349138978,57.49462060985668,4.825788528904816,-39131753.434946775
2015-03-13,31.100000381469727,31.350000381469727,30.645000457763672,30.897499084472656,27.73139762878418,207309200,-0.21500015258789062,0,2225122447.9282856,6901929200,-0.036573855197024836,-24762994.615437403,0.061638190478721926,-0.03987220890532651,107179975.62981233,31.882845413315618,33.371052574104496,1371.4212269670857,31.95437479019165,33.26884416553405,30.639905414849252,8.227163785697805,0.0979838992278937,0.0,0.0,31.609833335876466,32.295583152770995,30.924083518981934,4.338838548169244,-0.019383479116091982,0.0,1.0,30.407499313354492,33.400001525878906,31.9037504196167,9.364921805457945,0.16374249250924036,0.6966898621899063,4.705547917668494,0.24940999728559632,0.5587905811196049,-0.30938058383400857,31.68354145685832,31.618269040034367,31.43611503160883,31.186705034323232,0.8109712462135809,1.173709073304774,-0.36273782709119307,0.29289609814076156,25.069110719247156,0.6506247520446777,73.50449364350862,111.40115233334144,-37.89665868983282,31.40000057220459,31.503750801086426,31.451875686645508,29.7787504196167,0.04882812358712169,24.073680294471778,17.160876573236436,22.887895103610223,-141.95973310458444,28.417500019073486,28.142499923706055,48.0,8.0,40.0,,32.0612547814162,0.0,0.0,47.37726617423084,0.11434399676516392,0.09180567536718358,0.056262443896650256,10.157739944503511,38.15682432959453,16.374249250924034,13.688173568666807,-83.62575074907596,0.15287507001091427,-4.037578398415901,0.7997317992109219,1.8006281622590878,-1.000896363048166,-0.33081503417701924,0.5591183325822,-0.8899333667592193,31.815316721342004,-0.6910410859304661,-0.6934398321111868,56.40626807331226,4.4209689342495295,20232609.36983788
2015-03-16,30.969999313354492,31.237499237060547,30.717500686645508,31.237499237060547,28.03655433654785,143497200,0.3400001525878906,1,2368619647.9282856,7045426400,-0.0414826711711525,-14255556.828098483,-0.0072476738533898835,-0.04452294224054237,108759037.73327087,31.748932322056348,30.42479463658441,1386.5125269184598,31.927749729156496,33.27718572099023,30.578313737322762,8.453060446044693,0.2442448192159244,0.0,0.0,31.48566665649414,32.1739164352417,30.79741687774658,4.371829164402357,0.3197112246914224,0.0,0.0,30.407499313354492,33.400001525878906,31.9037504196167,9.372731363499929,0.2773598362708924,0.6790207310124196,4.834340844206866,0.2150911876651449,0.4900507024287129,-0.274959514763568,31.56958309809367,31.666442064138558,31.405558755524474,31.19046756785933,0.778913503138759,1.2013963013398796,-0.42248279820112067,0.25755994331446996,25.2335469061182,0.1872519493103013,63.290836822498385,103.05104123377852,-39.760204411280135,31.40000057220459,31.503750801086426,31.451875686645508,29.7787504196167,0.024414061793560846,23.375568153220453,16.212430289055774,21.622928307124376,-114.59540103480465,28.417500019073486,28.142499923706055,44.0,4.0,40.0,,31.829729015887562,0.0,0.0,50.82340250659486,0.3004251957568479,0.19194740728613288,0.11248136414403742,8.767605837709562,43.718910203460474,33.299867078770944,24.410997868295908,-66.70013292122906,-0.09333092745612959,-4.194142997623199,0.6896055251406001,1.5784236348353904,-0.8888181096947902,-3.6406755804883764,-0.2808404500319153,-3.359835130456461,31.778554608448665,1.1004131812039075,1.0944026886599012,58.127383263420086,4.874103193458261,-41724423.73581836
2015-03-17,31.475000381469727,31.829999923706055,31.412500381469727,31.760000228881836,28.505510330200195,204092400,0.5225009918212891,1,2504274101.1970506,7249518800,-0.008785368553414477,3015020.064942334,0.13168810300939884,-0.022180706127097414,112172834.74096058,31.68603260658541,37.639938798693926,1386.5125269184598,31.9178747177124,33.26918459721826,30.566564838206535,8.467417655198533,0.4415846464142283,0.0,0.0,31.427666664123535,32.12191619873047,30.733417129516603,4.418078771335941,0.7393473442848328,0.0,0.0,30.407499313354492,33.400001525878906,31.9037504196167,9.37563117529177,0.4519632132156058,0.6703687265757284,4.809874997023723,0.22743304058455038,0.4375271700598804,-0.21009412947533002,31.53999964396159,31.744422839238094,31.460088212964067,31.232655172379516,0.9168183489484442,1.1294518534854268,-0.2126335045369826,0.2286777273010541,25.354526813688185,0.3546243667602553,54.7971251991837,94.13688661140888,-39.33976141222519,31.40000057220459,31.503750801086426,31.451875686645508,29.7787504196167,0.012207030896780423,21.925418683475183,21.53384438030324,20.249639216815133,-32.12306558929055,28.417500019073486,28.142499923706055,40.0,0.0,40.0,30.407499313354492,,1.0,0.0,55.632031618106154,0.501503053158729,0.3054240818935801,0.19639238818229895,9.070018969325249,51.03760290280991,58.54983671935959,36.07465101635152,-41.45016328064041,-0.16024276509004665,-1.1054069158682014,0.7281899003760652,1.4083768879435254,-0.6801869875674602,-4.1668391004212655,-1.0580401801097854,-3.10879892031148,31.77809707526578,1.6726722835782804,1.6588371848303751,60.77233617601492,5.245614410764809,56092581.581269175
2015-03-18,31.75,32.290000915527344,31.592500686645508,32.11750030517578,28.82637596130371,261083600,0.3575000762939453,1,2636219161.91662,7510602400,-0.015289796918971005,15918218.186964557,0.08549005972418958,-0.010162927089477235,115111669.95023176,31.63799426391231,47.324033359828334,1386.5125269184598,31.914749717712404,33.26390776563102,30.565591669793786,8.45476188816762,0.5751396723964877,0.0,0.0,31.407500076293946,32.140499877929685,30.674500274658204,4.667673643907755,0.9843113376684562,0.0,0.0,30.407499313354492,33.400001525878906,31.9037504196167,9.376549209983628,0.571428480374879,0.6730818768063391,4.785386158942509,0.26302927855244107,0.4026275917583925,-0.13959831320595145,31.527083079020183,31.828557454622707,31.56122853484279,31.29819925629035,0.9745945233720363,1.065135041342048,-0.09054051797001161,0.20714840151800185,25.47190794151144,0.42525043487548686,48.565963838303695,85.07008874135481,-36.504124903051114,31.40000057220459,31.720001220703125,31.560000896453857,29.7787504196167,0.006103515448390212,21.35949885383432,24.843603790677875,18.740694520268672,11.273503594562872,28.80999994277954,28.142499923706055,36.0,0.0,36.0,30.435949325561523,,0.0,0.0,58.61391626971332,0.7572912040044357,0.5197398176400041,0.3390371022732392,10.260623770956428,53.01278479961268,76.51002530327662,56.119909700469044,-23.489974696723376,-0.02524255864760505,-0.4802813035679965,0.8403974822915,1.2947810068131202,-0.45438352452162023,-2.5261875381085117,-1.3516696517095308,-1.174517886398981,31.779629714176078,1.125629955030183,1.1193418839939184,62.58203775141396,5.295612884710586,88653692.13544863
2015-03-19,32.1875,32.3125,31.850000381469727,31.875,28.608734130859375,183238000,-0.24250030517578125,0,2472790389.499584,7327364400,-0.028898418006171083,7296291.171712506,0.035336373627126175,-0.010427461285057973,113728147.86733046,31.609225730917515,54.376152113125194,1376.0437884514881,31.902874755859376,33.2490390894081,30.556710422310648,8.439141261409276,0.48964659991180604,0.0,0.0,31.434416707356775,32.13891652425131,30.729916890462242,4.4823469985346005,0.812692269094786,0.0,0.0,30.407499313354492,33.400001525878906,31.9037504196167,9.380039370824418,0.49039251516795174,0.6520236509787326,4.713310322225351,0.2685758306380208,0.3758172395343182,-0.10724140889629741,31.488333066304524,31.881249794593224,31.6095010679439,31.34092523730588,0.9578310786362683,1.0553125002611377,-0.09748142162486939,0.18950282366863674,25.49383962880132,0.23212356567382741,43.061251569133596,76.01553252565229,-32.954280956518694,31.40000057220459,31.9037504196167,31.651875495910645,29.7787504196167,0.003051757724195106,20.870269315895932,23.834201414446884,17.793852078356267,13.959631627761118,29.030624866485596,28.34749984741211,32.0,80.0,-48.0,30.510111389160155,,0.0,0.0,55.870903524244724,0.6185756931004966,0.6257899834212203,0.48365129431826825,10.41734946565795,53.88302882053059,67.86129145781386,67.64038449348335,-32.13870854218614,0.14724279852474353,-1.437848331459209,0.8569492719325604,1.2072146598370082,-0.3502653879044477,-3.951250330943602,-1.871585787556345,-2.0796645433872567,31.78077585102098,-0.7550410301909505,-0.7579058946891148,61.354476658670244,4.78358747728759,-22878306.319659293
2015-03-20,32.0625,32.099998474121094,31.290000915527344,31.475000381469727,28.249719619750977,274780400,-0.39999961853027344,0,2323526978.315423,7052584000,-0.09981677198269757,-9447758.307045843,-0.11385890649160103,-0.018031844287162906,110279926.52836275,31.568002617000726,46.816616663949176,1376.0437884514881,31.85787477493286,33.198058816998,30.517690732867724,8.413518174286077,0.35715603922833233,0.0,0.0,31.411333401997883,32.119083150227866,30.7035836537679,4.506333680091192,0.5449784543414313,0.0,0.0,30.407499313354492,33.400001525878906,31.9037504196167,9.393288892198932,0.3567252393824338,0.6678210417402344,4.702016560996025,0.2379519251740163,0.3482441766622579,-0.11029225148824157,31.4333332379659,31.891057527982273,31.58880865464018,31.350856729466162,0.8983587707178137,1.0682903807792488,-0.1699316100614351,0.17231603985064162,25.573877859078646,-0.25537385940551616,37.10260966040394,67.2161922115511,-30.11358255114716,31.359999656677246,31.9037504196167,31.631875038146973,29.7787504196167,0.001525878862097553,19.460664833064275,21.760623386914485,22.260619550339765,-33.38837293720509,29.409374713897705,28.69374942779541,28.000000000000004,76.0,-48.0,30.618254705810546,,0.0,0.0,51.58281177728935,0.40172477308034055,0.5925305567284241,0.5793534525965497,9.243344694116379,53.95326223979402,53.77832313039234,66.0498799638276,-46.22167686960766,0.225308833402746,-2.0538290789989597,0.7589965634029042,1.1175710405501873,-0.3585744771472831,-1.802052447530184,-1.857679119551113,0.05562667202092908,31.778247834523523,-1.2549007640165422,-1.2628411428410313,59.32963809830569,4.438797213012521,104642647.06871265
2015-03-23,31.780000686645508,31.962499618530273,31.6299991607666,31.802499771118164,28.54365348815918,150838800,0.3274993896484375,1,2329197948.1948442,7203422800,-0.16183541753059974,-1040990.7009960469,0.022318905929697673,-0.01439075056758463,111849413.87821473,31.546522733321446,51.654603149317545,1390.361611974461,31.78549976348877,32.96369815392893,30.60730137304861,7.413433164222437,0.5072144079330487,0.0,0.0,31.40974998474121,32.03799953460693,30.78150043487549,4.000347345463899,0.8125746659594881,0.0,0.0,30.407499313354492,33.400001525878906,31.9037504196167,9.414677242110972,0.4661652218418505,0.6497888612722656,4.6529999814755225,0.23737244143287128,0.32606982961638054,-0.08869738818350925,31.449999809265137,31.89826906644381,31.621684211021407,31.384311769588535,0.9245430427640818,1.0456923371740623,-0.12114929440998046,0.1579024193556566,25.591017678699203,-0.13550014495849538,30.16807069192864,58.76876890250787,-28.600698210579232,31.359999656677246,31.9037504196167,31.631875038146973,29.850000381469727,0.0007629394310487764,18.151746384720592,20.599062078048576,21.07236892344791,-2.5835800966074776,29.765000343322754,29.013750076293945,24.0,72.0,-48.0,30.719909423461914,,0.0,0.0,54.65165973235682,0.6402467157413663,0.5535157273074011,0.5906120891523486,9.187226737796175,51.24137857133021,70.27701201003542,63.972208866080535,-29.722987989964572,0.3187646192662825,0.6328576846668307,0.7563410763172627,1.0453250477036025,-0.2889839713863398,-4.481266643455364,-2.3823966243319634,-2.098870019123401,31.778356817110577,1.0405063881786303,1.0351303801073186,60.98747316098043,4.976236368494682,-62325281.39863843
2015-03-24,31.8075008392334,32.0099983215332,31.639999389648438,31.672500610351562,28.426979064941406,131369200,-0.12999916076660156,0,2220908054.619019,7072053600,-0.18002345051828353,-3331975.708079445,0.00809723412408623,-0.014402378824108494,111312415.65878265,31.52979132789474,51.60538016533467,1384.678227208496,31.716999816894532,32.74458268434115,30.68941694944792,6.479697785912624,0.4783476311484518,0.0,0.0,31.457749875386554,32.03749936421712,30.878000386555993,3.685892927034656,0.6852099390360734,0.0,0.0,30.407499313354492,32.900001525878906,31.6537504196167,7.858568675832781,0.5075226375489845,0.6218098683335157,4.580862524426097,0.22384302748412566,0.3056244691899296,-0.08178144170580393,31.451874891916912,31.894519072312576,31.629502118610663,31.405659091126537,0.9200827395837128,1.0415156887680361,-0.12143294918432335,0.1448346869919429,25.54902565335558,0.06800003051757741,24.25791031866207,50.94971077239051,-26.69180045372844,31.359999656677246,31.9037504196167,31.631875038146973,29.850000381469727,0.0003814697155243882,16.86987239253191,20.274585487919687,20.19142359272399,3.9481930096276927,29.86062526702881,29.013750076293945,20.0,68.0,-48.0,30.8154648580542,,0.0,0.0,53.209932013110446,0.6391320081697106,0.5603678323304724,0.5688047054554327,8.720443717100716,50.17893548159443,63.72794420748083,62.59442644930286,-36.27205579251917,0.2937055587768569,0.07109318196678682,0.7127474282091123,0.9788095238047044,-0.26606209559559213,-7.404774035758469,-3.3868721066172647,-4.017901929141204,31.77583643360568,-0.40877025926326915,-0.4096080086471776,60.329404249558905,4.699602339823208,-21959388.305369318
2015-03-25,31.635000228881836,31.704999923706055,30.844999313354492,30.844999313354492,27.684276580810547,206620800,-0.8275012969970703,0,2014287254.619019,6865432800,-0.18792317547565676,-27281547.74786413,-0.22892161852289994,-0.020804835324221466,105914073.98409052,31.488389991589166,51.99195590406659,1384.678227208496,31.649374866485594,32.71873693185045,30.58001280112074,6.757555685545196,0.12389934186759298,0.0,0.0,31.49491653442383,32.09416618347168,30.895666885375977,3.8053737871816415,-0.04227584622034484,0.0,1.0,30.407499313354492,32.717498779296875,31.562499046325684,7.298720672010826,0.18939398318064907,0.6456289425353204,4.511310574440653,0.1446806421229887,0.2734357037765414,-0.12875506165355272,31.373541514078777,31.851730566758377,31.508809379340484,31.364128737217495,0.9051037130454095,1.0515519533822066,-0.14644824033679715,0.1277620317518861,25.647256873352955,-0.5218743324279771,19.185247195242933,43.77038988209617,-24.585142686853235,31.478750228881836,31.9037504196167,31.691250324249268,29.850000381469727,0.0001907348577621941,17.03112634299887,18.353937330706877,27.035832794103847,-90.7738678453661,30.07937526702881,29.18875026702881,16.0,64.0,-48.0,,32.3125,0.0,1.0,45.06111374707462,0.09496911948969841,0.45811594780025827,0.5239998358127107,5.693614567109085,39.75169481306582,22.040274311938067,52.015076843151434,-77.95972568806194,0.11861709706923662,-2.957371522951732,0.46129335628987794,0.8753062903017392,-0.4140129340118613,-6.811108381622597,-4.071719361618332,-2.739389020004265,31.76490850097963,-2.6126806568806837,-2.647417536434027,56.140508917438645,3.9092337409295794,75708239.58792807
2015-03-26,30.690000534057617,31.219999313354492,30.649999618530273,31.059999465942383,27.877246856689453,190291600,0.21500015258789062,1,2097748527.3740351,7055724400,-0.24329219600365354,-17539509.06442728,-0.10184368790597455,-0.03074780991630045,107240471.259077,31.421720406911202,44.1497772371597,1394.3299061438902,31.572124862670897,32.57536657973427,30.56888314560752,6.35523723174903,0.24476470225561778,0.0,0.0,31.501083183288575,32.07558269500732,30.92658367156983,3.6474905219990585,0.11611480223317286,0.0,0.0,30.407499313354492,32.64250183105469,31.52500057220459,7.079037370534209,0.29194604812316255,0.6380660177642102,4.41274529190114,0.09816105730719471,0.2383807744826721,-0.14021971717547738,31.367916425069172,31.808653611403244,31.43976170035616,31.341600643048967,0.8694967277165031,1.1197591381820522,-0.2502624104655491,0.10985863398031095,25.81208405276448,-1.0121253967285142,14.346618803356009,37.19729267763478,-22.85067387427877,31.481249809265137,31.9037504196167,31.692500114440918,29.850000381469727,9.536742888109706e-05,17.460981668793977,17.19149849531489,27.490236734046846,-101.28369803842459,30.086875438690186,29.18875026702881,12.0,60.0,-48.0,,32.28314998626709,0.0,0.0,47.31854462370899,0.24571614399321537,0.3266057572175413,0.44836317911609075,3.9139816611062708,39.55942276792757,32.87150251798526,39.54657367913472,-67.12849748201474,-0.14004478454589986,-0.21685347990398154,0.31319733291594076,0.7628844988245796,-0.4496871659086389,-6.9018853858950555,-4.637752566473677,-2.264132819421379,31.761115656591087,0.6970340650803708,0.6946160125714584,57.22886145398307,4.5804064314774,25090419.218987167
2015-03-27,31.142499923706055,31.174999237060547,30.727500915527344,30.8125,27.655109405517578,158184800,-0.2474994659423828,0,1999655855.2346425,6897539600,-0.2239352404988365,-20626815.415252328,0.004597231122215481,-0.027576592073584278,105979986.57802825,31.34443999874191,47.2949538834258,1383.219284345699,31.50699977874756,32.52973717202308,30.484262385472036,6.492128101422029,0.1604701347022801,0.0,0.0,31.4951665242513,32.04391587575277,30.946417172749836,3.4846575653373844,-0.12202034716161163,0.0,1.0,30.407499313354492,32.56999969482422,31.488749504089355,6.863555389772147,0.18728352148093136,0.6190092481411095,4.389184493687894,0.040851897478251686,0.19887499908178802,-0.15802310160353633,31.388958136240642,31.75865364074707,31.34325990030137,31.302408002823118,0.9020881393820874,1.1396733566004218,-0.23758521721833437,0.09041601700786708,25.923572862509253,-0.39450054168701243,10.500044360798011,31.33164907077918,-20.831604709981168,31.481249809265137,31.9037504196167,31.692500114440918,29.850000381469727,4.768371444054853e-05,17.860133042746575,16.317719118112084,26.093011126332698,-97.90205874406651,30.105624675750732,29.207499504089355,8.0,56.00000000000001,-48.00000000000001,,32.21782397155762,0.0,0.0,45.0249933740363,0.09255706833196717,0.14441411060496015,0.30971193854092,1.7404357625858706,34.01716290557,21.25987090107923,25.39054924366751,-78.74012909892078,-0.32155207465676483,0.8262452175073386,0.13050720402905525,0.6364090398654748,-0.5059018358364196,-8.183387436709392,-5.3468795405208205,-2.8365078961885715,31.755241116095796,-0.7968431107468921,-0.8000348723246731,55.97599410338123,4.312815834067322,-3420501.3561380506
2015-03-30,31.012500762939453,31.600000381469727,31.0,31.592500686645508,28.35518455505371,188398800,0.7800006866455078,1,2183344879.8782067,7085938400,-0.17108056222691373,3312900.1245251,0.11106769347902512,-0.00963743720115621,110749193.66486605,31.353050950214012,55.5817691986369,1383.219284345699,31.472999858856202,32.43509758831548,30.51090212939692,6.113797437637986,0.5621043081852349,0.0,0.0,31.528499921162922,32.085249455769855,30.97175038655599,3.5317223210687865,0.5574771611868258,0.0,0.0,30.407499313354492,32.39250183105469,31.40000057220459,6.30700132368105,0.5969772646253098,0.6358583614739712,4.067577652945861,0.0577082868890777,0.17064165664324596,-0.11293336975416826,31.428958257039387,31.72855751331036,31.381604636662004,31.323896349772927,0.9468295689248056,1.0042652618910282,-0.05743569296622253,0.0754816976943581,25.87289065174583,-0.5755007743835456,8.403345324806,26.176784640292766,-17.773439315486765,31.481249809265137,31.9037504196167,31.692500114440918,29.850000381469727,2.3841857220274264e-05,17.271082650711964,19.625722287351095,23.80046759087015,-17.580734089811116,30.164374828338623,29.266249656677246,4.0,52.0,-48.0,,32.15511099743653,0.0,0.0,52.79114614218241,0.611166268620406,0.31647982698186267,0.2624998982681215,2.2794170510357388,45.08721462032269,62.20477407688865,38.77871583198438,-37.79522592311135,-0.46539752062629347,1.5427929653854149,0.1842308704022258,0.545973405972825,-0.36174253557059916,-7.920193733291464,-5.861542379074949,-2.058651354216515,31.753002021597975,2.5314423907359274,2.499932058223653,59.924436537486,5.250055363154182,43977327.707348645
2015-03-31,31.522499084472656,31.622499465942383,31.09000015258789,31.107500076293945,27.919876098632812,168362400,-0.4850006103515625,0,2026048519.142775,6917576000,-0.23562385735619867,-8825495.144729042,0.017790720044275163,0.0005474609426181756,108164533.85682587,31.409453350500467,57.720685438582144,1361.9844285230545,31.411374855041505,32.29840450110442,30.524345208978584,5.647824395821064,0.32871216306224615,0.0,0.0,31.489083226521807,32.05733273824056,30.92083371480306,3.609184221915615,0.16424682964204157,0.0,0.0,30.407499313354492,32.39250183105469,31.40000057220459,6.319374834309756,0.3526447733428909,0.6255224566620233,3.5463262413441985,0.0315677081157979,0.14282686693775637,-0.11125915882195847,31.446458339691162,31.646153670090897,31.339434704297688,31.30786699618189,1.0051963171848044,0.9310048100017377,0.07419150718306666,0.06102772844174893,25.77929043676619,-0.17387561798095774,4.783225026064394,21.312035883377288,-16.528810857312894,31.481249809265137,31.9037504196167,31.692500114440918,29.850000381469727,1.1920928610137132e-05,16.67566986310674,18.69964204710409,22.369274429471144,-31.61416859370295,30.710000038146973,29.703749656677246,0.0,48.0,-48.0,,32.09490654228028,0.0,0.0,48.228887845119566,0.23577251086636938,0.3131652826062474,0.25801974006435685,1.2577015494145778,44.398280280075404,36.74543362879705,40.07002620225497,-63.25456637120295,-0.5905443640316221,0.6796698698724899,0.10082995471920107,0.45694471572210016,-0.35611476100289907,-8.451614285962622,-6.379556760452484,-2.0720575255101377,31.735970172156655,-1.5351763862003431,-1.5470822264906037,57.469314351998555,4.386494428158507,11356821.274101704
2015-04-01,31.204999923706055,31.280000686645508,30.774999618530273,31.0625,27.87948989868164,162485600,-0.04500007629394531,0,2048571129.7498772,6755090400,-0.20908942524574015,-8609262.180720247,-0.10217454824582971,-0.0054301373914970655,107929482.36188947,31.422943377245815,51.13994276885002,1360.014183307451,31.357749938964844,32.19137792262551,30.52412195530417,5.3168864812255725,0.32291265123543184,0.0,0.0,31.392999839782714,31.941999435424805,30.844000244140624,3.4975924470038824,0.1989981027252186,0.0,0.0,30.407499313354492,32.39250183105469,31.40000057220459,6.330181602837677,0.3299747384725664,0.6134703178073444,3.224166154525303,0.007137702043586103,0.11568903395892231,-0.10855133191533621,31.431875069936115,31.569999841543343,31.296829365174965,31.28969166313138,0.9820305811208112,0.9733455409824903,0.008685040138320943,0.04711829547447234,25.575690724585776,0.4022502899169922,-0.23105759303585216,16.501779309802906,-16.73283690283876,31.374999046325684,31.6537504196167,31.51437473297119,29.850000381469727,5.960464305068566e-06,16.677754732126946,17.61766267453049,24.68411449453096,-65.37955732868099,30.93125057220459,29.7787504196167,0.0,44.0,-44.0,,32.03711026533028,0.0,0.0,47.81598532222375,0.2053872826870876,0.3507753540579542,0.32680682121535487,0.3243828811032208,42.741630256975384,25.037460680583358,41.329222795423014,-74.96253931941665,-0.6429854449103836,-0.5602216609354108,0.022811672676201062,0.3701181071129203,-0.34730643443671927,-9.049031656167749,-6.913451739595538,-2.135579916572211,31.698393660325202,-0.14465989289906833,-0.14476462633918885,57.241519410508054,4.544291024025167,15232623.854141176
2015-04-02,31.25749969482422,31.389999389648438,31.047500610351562,31.329999923706055,28.11957550048828,128880400,0.2674999237060547,1,2132296594.0954177,6883970800,-0.16301647109068856,-2454296.5595879545,0.05082451581416651,-0.006202542724679594,109039357.52220193,31.45177090503831,49.68459390098945,1371.7261733363894,31.34412488937378,32.17017964046504,30.518070138282525,5.27087455149404,0.491450345362056,0.0,0.0,31.317333157857256,31.854332669576007,30.78033364613851,3.4294076638771545,0.5117940198942222,0.0,0.0,30.407499313354492,32.39250183105469,31.40000057220459,6.332933284008025,0.46473523440179954,0.5863731639562975,2.7954561058959357,0.009255067814915918,0.09440224073012105,-0.08514717291520513,31.396041711171467,31.53663451854999,31.3019325280259,31.292677460210985,0.9855980122471716,0.9740141733923557,0.011583838854815842,0.035747073373240526,25.21534724898411,0.7733754158020005,-2.700993786768241,12.079156704561552,-14.780150491329792,31.32999897003174,31.562499046325684,31.44624900817871,30.012500762939453,2.980232152534283e-06,16.42054003116873,18.205550711193077,23.68324310340499,-22.508415130037864,31.204375743865967,29.7787504196167,0.0,40.0,-40.0,,31.981625839458278,0.0,0.0,50.52742472531791,0.4049203453080207,0.28202671295382575,0.3153224498726759,0.35996674348175706,46.8757911830253,40.902264610287176,34.228386306555855,-59.097735389712824,-0.5741029739379897,-1.3539052332397294,0.02957582593143028,0.3020096508766223,-0.272433824945192,-10.913254692792911,-7.713412330235013,-3.1998423625578987,31.689813163674057,0.8611667563977576,0.8574798672080775,58.59563110292609,4.870992463360821,-13438791.802405119
2015-04-06,31.11750030517578,31.877500534057617,31.082500457763672,31.837499618530273,28.575071334838867,148776000,0.5074996948242188,1,2266101083.057988,7032746800,-0.07860802547148873,8682570.748520033,0.13960192785179965,0.004286714539976801,111449308.83982185,31.482094303901242,49.83681472479261,1371.7261733363894,31.35349988937378,32.197292958785454,30.509706819962105,5.382448992226542,0.78680001454264,0.0,0.0,31.315083185831707,31.850582949320476,30.779583422342938,3.420075624969452,0.9877839994690524,0.0,0.0,30.407499313354492,32.39250183105469,31.40000057220459,6.33103967564701,0.7204022626795283,0.6072358551900623,2.5714538584659548,0.05129280790304591,0.08578035416470603,-0.03448754626166012,31.372708320617676,31.507115290715145,31.384327465026573,31.333034657123527,0.9815374995150805,0.9022397737411952,0.07929772577388527,0.02965441728283465,25.041691600716078,0.5215001106262207,-2.0063892658778975,8.504216709249713,-10.51060597512761,31.32999897003174,31.52500057220459,31.427499771118164,30.233750343322754,50.00000149011608,15.357169669692995,22.17341936104778,21.503694169748695,46.047983364543576,31.320000648498535,29.7787504196167,0.0,36.0,-36.0,,31.92836079062116,0.0,0.0,55.27537270268026,0.754318749715245,0.4548754592367843,0.36255917541618815,1.8634000997788127,58.812113034381674,71.42855503889842,45.78942677658964,-28.57144496110157,-0.4643455505371108,-0.8718009931812324,0.16370201119789893,0.2743481229408776,-0.1106461117429787,-11.467307867046204,-8.46419143759725,-3.003116429448953,31.69199230312698,1.6198522057454978,1.6068725794873284,61.16464593156283,5.250013396444693,27214315.091128454
2015-04-07,31.90999984741211,32.029998779296875,31.4950008392334,31.502500534057617,28.274404525756836,140049200,-0.33499908447265625,0,2129978351.4860773,6892697600,-0.11168790370373671,739867.2442846112,0.10791675405071925,0.002588761042928258,109975689.54360609,31.47780012723341,48.54132899430922,1357.292658841821,31.339374923706053,32.163019556440666,30.515730290971437,5.25629266531149,0.5990266942006081,0.0,0.0,31.30283323923747,31.858582750956213,30.74708372751872,3.5507936771814337,0.6796378499754743,0.0,0.0,30.407499313354492,32.3125,31.359999656677246,6.078617366437987,0.5748035832109326,0.6000120636774037,2.5287398568267703,0.05692025214062468,0.08000833375988978,-0.023088081619265094,31.34166669845581,31.483557554391716,31.402507937185195,31.34558768504457,0.9683025196327469,0.9338618494545244,0.0344406701782225,0.025210324597006804,24.941486953152186,0.1356254577636733,-3.780483930718585,5.388839570429641,-9.169323501148227,31.339999198913574,31.488749504089355,31.414374351501465,30.328750610351562,49.990691896784625,14.663121495008255,22.56926825592981,20.1591725906436,63.77997954448658,31.42750072479248,29.7787504196167,0.0,32.0,-32.0,30.649999618530273,,1.0,0.0,51.745138596438366,0.4945311172925938,0.5512567374386198,0.4293863032097434,2.0570932130043253,51.67554105399567,51.2782387919631,54.53635281371623,-48.7217612080369,-0.3655956100015061,-1.1686257755055147,0.18158936023963,0.2557963704006281,-0.0742070101609981,-12.220153017340397,-9.21538375354588,-3.0047692637945183,31.689633999505322,-1.0522154330162237,-1.0577903609225725,59.46884665450498,4.616035723443694,12169719.751732841
2015-04-08,31.462499618530273,31.600000381469727,31.24250030517578,31.399999618530273,28.182403564453125,149316800,-0.10250091552734375,0,2112226801.5754426,6743380800,-0.07644400601929541,-1552272.176843659,-0.08170327123918404,-0.009353619740169858,109489851.6436252,31.416564000633862,39.7522532816785,1357.292658841821,31.352999877929687,32.17117152425391,30.53482823160547,5.219096415077997,0.5287224207852591,0.0,0.0,31.266833305358887,31.821332931518555,30.71233367919922,3.5468870207884544,0.6200779106864912,0.0,0.0,30.407499313354492,32.3125,31.359999656677246,6.075975804747458,0.5209973477350619,0.5757608649390578,2.553298914540743,0.05250384337141156,0.07450743568219415,-0.022003592310782583,31.33541663487752,31.4499998826247,31.402122042007516,31.349618198636104,0.9119237011214858,1.0441974086715622,-0.1322737075500764,0.021373050448217017,24.877150575790132,0.4494998931884773,-5.565064696211029,2.6388049158236453,-8.203869612034675,31.339999198913574,31.40000057220459,31.369999885559082,30.328750610351562,37.481382675982196,13.735233660758672,21.597491030382375,22.33230106737391,10.360785492415785,31.42750072479248,29.7787504196167,16.0,28.000000000000004,-12.000000000000004,30.677599601745605,,0.0,0.0,50.678627257540555,0.5212687368054225,0.5900395346044203,0.5320572437599416,1.9037091692372494,52.334716462800415,45.1127716035148,55.9398551447921,-54.8872283964852,-0.3347278819364661,-0.23828677372664406,0.1674784140551217,0.2381327791315268,-0.0706543650764051,-12.291608153886827,-9.830628633614069,-2.4609795202727582,31.68628347264274,-0.3253739029907443,-0.3259043949085605,58.949976644090896,4.627410201331244,25868060.47311105
2015-04-09,31.462499618530273,31.645000457763672,31.165000915527344,31.639999389648438,28.397811889648438,129936000,0.23999977111816406,1,2239455220.7157044,6873316800,0.027187981335764614,3124425.314135401,-0.006002822748565153,-0.012306419481290664,110482992.109831,31.37338968113146,38.28818258955576,1367.6668604793956,31.40699987411499,32.14757036890922,30.66642937932076,4.71595821162526,0.6573108280516807,0.0,0.0,31.302000045776367,31.81849956512451,30.785500526428223,3.3001055433698188,0.8272019926549469,0.0,0.0,30.407499313354492,32.3125,31.359999656677246,6.065529003983505,0.6469814341454331,0.5661847326687848,2.5296542216768194,0.06759064054032748,0.07312407665382081,-0.0055334361134933285,31.32187493642171,31.423076776357796,31.438718557029198,31.37112791648887,0.8696066815365792,1.0412437959667278,-0.17163711443014862,0.019559489360198978,24.887177004694205,0.26550073623657156,-5.243452017864606,0.462130380132466,-5.705582397997072,31.37874984741211,31.40000057220459,31.38937520980835,30.328750610351562,24.974400853512627,13.030738449275423,20.331671779854695,21.96970842149849,18.478764148479087,31.42750072479248,29.7787504196167,12.0,24.0,-12.0,30.70464758529663,,0.0,0.0,53.11528733485535,0.7892677628242791,0.601689205640765,0.5809951592279351,2.4809816139821628,52.355838019556685,68.27590017060918,54.88897018869569,-31.72409982939082,-0.23672779307645797,-0.5109673221892554,0.21545492632670502,0.23359720857056246,-0.018142282243857444,-13.172783701278298,-10.499059647146915,-2.673724054131384,31.684184532046622,0.7643304905536663,0.7614242843458463,60.16487978030962,4.92475002852521,3131249.071206078
2015-04-10,31.487499237060547,31.802499771118164,31.315000534057617,31.774999618530273,28.518970489501953,160752000,0.13500022888183594,1,2382070968.6244645,7034068800,0.028133372662676955,5778301.239717899,0.04662632337101757,-0.0008431887768179093,111168882.0343521,31.36126959520964,47.59772308626056,1367.6668604793956,31.440124893188475,32.184298412966044,30.695951373410903,4.7339094377376085,0.7249977434307878,0.0,0.0,31.367416763305663,31.875666236877443,30.859167289733886,3.2406205293024994,0.9009673166607298,0.0,0.0,30.645000457763672,32.3125,31.478750228881836,5.303730655973295,0.6776608521589934,0.558316183107961,2.4271175506119445,0.08940976609012807,0.07638121454108227,0.013028551549045808,31.330416520436604,31.409230672396145,31.490454104952438,31.40104433886231,0.9579888261952708,0.9940456345716115,-0.03605680837634073,0.019980597769877467,24.821929380770165,-0.595125579833983,-5.105193888929486,-1.271784980948367,-3.833408907981119,31.402499198913574,31.40000057220459,31.401249885559082,30.328750610351562,15.594746336243666,12.169676047724868,21.053130209285523,20.64620110169079,44.869225927151625,31.42750072479248,29.7787504196167,8.0,20.0,-12.0,30.731154609176635,,0.0,0.0,54.47765028279322,0.9221763025239604,0.7442376007178871,0.6453221136543575,3.348323394048097,61.836917283608365,81.52178870710709,64.97015349374368,-18.47821129289291,-0.1500512852388276,0.32362145774246526,0.28473500793562295,0.24382476844357456,0.04091023949204839,-12.264573126351733,-10.85216234298788,-1.4124107833638533,31.68786861066701,0.4266758264414028,0.4257681461227847,60.84826460478114,4.936272389892274,44462242.53390397
2015-04-13,32.092498779296875,32.14250183105469,31.65250015258789,31.712499618530273,28.462881088256836,145460400,-0.0625,0,2272233084.6251183,6888608400,0.013749252482955224,3654076.062615342,0.11411248683930561,0.005713495573868373,110882767.94751829,31.362674925665953,47.472482870201624,1364.9767210677144,31.480874919891356,32.190171059297946,30.771578780484766,4.506203472498899,0.6632778509359285,0.0,0.0,31.460500144958495,31.97299995422363,30.948000335693358,3.2580525223929993,0.7458532364461908,0.0,0.0,30.649999618530273,32.3125,31.481249809265137,5.280985314735541,0.6390975977164597,0.5514847326438447,2.413594748464865,0.10049985287598417,0.08120494220806265,0.019294910667921522,31.402708212534588,31.413461391742413,31.524614953195183,31.4241151003192,0.9781747218132941,0.951388568264072,0.02678615354922209,0.02145123864049487,24.70423806879291,-0.4208754539489732,-3.756730808043866,-2.6229045512650186,-1.1338262567788475,31.45875072479248,31.40000057220459,31.429375648498535,31.113750457763672,9.341837274592097,12.062489477218724,24.012064761978824,19.382292940046916,83.94898085782246,31.766875743865967,29.7787504196167,4.0,16.0,-12.0,30.757131492579038,,0.0,0.0,53.699679204430126,0.8462794938869269,0.8525745197450553,0.7328337753679026,3.8612058625441827,56.99568118462816,71.1891741991384,73.66228769228489,-28.810825800861597,-0.03905120176427701,2.812450395484991,0.31981760681293875,0.25902333611744743,0.060794270695491315,-12.167361868019077,-11.11520224799412,-1.0521596200249572,31.689378661404344,-0.1966955177036489,-0.19688921737781584,60.531883277999434,4.76914809841735,14539955.446403474
2015-04-14,31.75,31.822500228881836,31.477500915527344,31.575000762939453,28.339468002319336,102098400,-0.1374988555908203,0,2227842500.4710703,6786510000,-0.041588330481317194,1126577.6025768924,-0.08363252981702937,-0.0008386304219255986,110440090.34951997,31.350161589794958,48.129210692988146,1359.0584636199396,31.497749996185302,32.19909693661109,30.796403055759512,4.453314541583002,0.5550731473265228,0.0,0.0,31.483250172932948,31.970249875386553,30.996250470479332,3.0937066521314778,0.5941998419549859,0.0,0.0,30.649999618530273,32.3125,31.481249809265137,5.278156000574874,0.5563915381429484,0.5308361907149094,2.3951772446709336,0.09707480016391656,0.08437891379923344,0.01269588636468312,31.445624987284344,31.410576820373535,31.532366616232764,31.435291816068847,0.9535502775845537,0.9999997468679978,-0.04644946928344407,0.022663306387303184,24.42375063884093,-0.685249996185302,-5.37450803096838,-3.751541557601994,-1.6229664733663864,31.45875072479248,31.40000057220459,31.429375648498535,31.145000457763672,5.433841842257768,11.556125703782604,22.94692825704065,20.77258352315577,29.67520775590195,31.782500743865967,29.7787504196167,0.0,12.0,-12.0,30.812546306118065,,0.0,0.0,51.94228227893588,0.6748324801570713,0.8144294255226527,0.8037471819951985,3.833759440221412,54.25699312925588,61.976534215291736,71.5624990405124,-38.023465784708264,-0.019014285592472646,1.658085337579528,0.3088083315145006,0.2689803351968581,0.0398279963176425,-14.187390434310835,-11.729639885257463,-2.4577505490533724,31.68883311188265,-0.4335793685291134,-0.4345220497074198,59.835850152194794,4.639021421241729,-22802979.408389375
2015-04-15,31.602500915527344,31.782499313354492,31.502500534057617,31.69499969482422,28.447175979614258,115881600,0.11999893188476562,1,2271298100.4710703,6902391600,-0.0706672110905624,2952161.9772227155,-0.0018123433086225788,0.0153834606648085,110880491.5494914,31.388962517320856,55.7532959018047,1359.0584636199396,31.494499969482423,32.19154496943801,30.797454969526832,4.4264554168569985,0.6438212205485803,0.0,0.0,31.52191683451335,31.983666483561194,31.060167185465495,2.9297053949604974,0.6874206733754746,0.0,0.0,30.649999618530273,32.3125,31.481249809265137,5.2787006718019285,0.6285713302333906,0.5057524495731059,2.1517266496382805,0.10285765314482376,0.08807466166835151,0.014782991476472246,31.519166628519695,31.407115276043232,31.557387089862218,31.454529436717394,1.0675775143839712,0.9618979711607549,0.10567954322321627,0.02435195507107777,24.10570797195153,0.09800071716308523,-5.955580407681653,-4.387599648118194,-1.5679807595634596,31.595001220703125,31.359999656677246,31.477500438690186,31.21000099182129,3.0890736753363313,11.08593077130621,22.0904754878605,19.99728425511652,38.535832100263015,31.64625072479248,29.7787504196167,28.000000000000004,8.0,20.000000000000004,30.86574452711553,,0.0,0.0,53.37634282601529,0.8147356487229439,0.7786158742556473,0.8152066065077852,4.186677225108086,51.38370551646961,70.01665173590833,67.72745338344616,-29.983348264091674,0.049537103316364295,2.8640963726546653,0.3270042661161426,0.280585121380715,0.046419144735427575,-15.031797408396717,-12.390071389885314,-2.6417260185114024,31.689205382534453,0.3800441139675703,0.3793237708290764,60.44329689270822,4.824266060214818,15680160.400820553
2015-04-16,31.56999969482422,31.774999618530273,31.52750015258789,31.542499542236328,28.310306549072266,113476000,-0.15250015258789062,0,2171576237.137711,6788915600,-0.1475432928680705,58266.36403897405,0.0019084307568476948,0.022794326283581516,110334502.98720442,31.440703730266225,57.78656928723283,1352.5193683344537,31.46574993133545,32.10246052597903,30.829039336691864,4.0470072763752,0.5602704050682886,0.0,0.0,31.579500134785974,32.015499623616535,31.143500645955406,2.7612817617103125,0.45756807806256267,0.0,0.0,30.649999618530273,32.3125,31.481249809265137,5.283523784106956,0.5368419361907417,0.47992715121003365,1.9791109528248936,0.09405095708986622,0.08926992075265446,0.004781036337211761,31.514999866485596,31.423076776357796,31.555096697919772,31.461045740829906,1.104033345056864,0.8880511149767768,0.2159822300800872,0.025290395479637795,23.80735889440443,-0.3582498550415032,-5.673913866582081,-4.717924101430842,-0.955989765151239,31.61250114440918,31.359999656677246,31.486250400543213,31.21000099182129,1.721304366498477,10.649321191149557,21.332553485399064,19.31117943429646,34.33899658457244,31.521875381469727,29.7787504196167,24.0,4.0,20.0,30.916814819273096,,0.0,0.0,51.28200413330394,0.6104174839445083,0.699995204274841,0.7643468346843805,3.949612666016558,53.795248578690284,57.59703882631411,63.19674159250473,-42.40296117368589,0.11448546016917405,-0.15826903006230117,0.2989441541919492,0.28425692794296187,0.014687226248987328,-15.739319878394891,-13.059921087587231,-2.67939879080766,31.68305070646051,-0.4811489321856488,-0.48231018004551984,59.67132568294551,4.6137408243417894,11382304.79148686
2015-04-17,31.387500762939453,31.53499984741211,31.114999771118164,31.1875,27.991676330566406,207828000,-0.3549995422363281,0,2035498593.475784,6581087600,-0.1377823302153967,-10489892.38280825,-0.06593195187095219,0.017756527498355254,107995473.23577018,31.465522175430774,56.350659165733575,1352.5193683344537,31.431374931335448,32.0499711647128,30.812778697958098,3.936170369439633,0.30288036187678913,0.0,0.0,31.58183345794678,32.02558307647705,31.138083839416502,2.810157422438147,0.05568022880466581,0.0,0.0,30.649999618530273,32.14250183105469,31.39625072479248,4.748447103522878,0.36013372506872193,0.47468441320084664,1.7422250593755275,0.0577602664172403,0.08296798988557164,-0.025207723468331333,31.521666526794434,31.44721141228309,31.498543359778267,31.440783093361027,1.029111424427694,0.9160679486750516,0.1130434757526424,0.0234292856587414,23.55230495790106,-0.3688749313354478,-6.208028559496278,-5.1847729118328845,-1.0232556476633938,31.628750801086426,31.359999656677246,31.494375228881836,31.4012508392334,0.8606521832492385,10.52001386207137,20.052759957048632,23.94141308844073,-47.86146739795382,31.493125915527344,29.7787504196167,20.0,0.0,20.0,30.96584229974436,,0.0,0.0,46.68940403332084,0.0,0.47505104422248395,0.6512207075843242,2.4887142338779955,51.14382646815496,30.164512912066836,52.59273449142976,-69.83548708793316,0.09791926776661697,0.2571724616566669,0.18371128430779082,0.2641477992159277,-0.08043651490813686,-11.05492006499899,-12.658920883069584,1.6040008180705936,31.677642006448608,-1.1254642066681253,-1.1318454795421928,57.87428206407146,4.3308629422655756,107863498.2383377
2015-04-20,31.392499923706055,32.029998779296875,31.292499542236328,31.899999618530273,28.631168365478516,188217200,0.7124996185302734,1,2157361614.888801,6769304800,-0.05382355262417669,10166475.557712384,0.13175397370401534,0.019234118942997414,112295422.99772082,31.496874476246685,56.39026689403973,1383.4185918693026,31.452624893188478,32.10408190630863,30.801167880068327,4.1424651540688,0.8433647319253621,0.0,0.0,31.59600003560384,32.033999570210774,31.158000500996906,2.772499899439018,0.8470318560946031,0.0,0.0,30.649999618530273,32.14250183105469,31.39625072479248,4.745238966836237,0.8375196964604518,0.5114658498104495,1.6865621460455351,0.08550672886227417,0.08347573768091215,0.0020309911813620185,31.591458161671955,31.477499888493465,31.56030586112473,31.474799132262454,1.0269966962145065,0.9186354499129927,0.10836124630151378,0.024157881496230854,23.47453405486251,-0.1226249694824233,-5.091261455740231,-5.3304148590575124,0.23915340331728174,31.628750801086426,31.478750228881836,31.55375051498413,31.488750457763672,50.43032609162462,10.267048478189261,24.423822198539533,21.237357466162358,78.35378201788662,31.488749980926514,29.7787504196167,16.0,0.0,16.0,31.012908680996773,,0.0,0.0,55.33512626825982,1.0,0.5368058279815027,0.570617358826276,3.691295591130644,52.269362504228056,82.26677731827914,56.676109685553364,-17.733222681720864,0.0701174623825942,2.696175834302691,0.271667274199147,0.26565169421257157,0.006015579986575426,-8.34558318514384,-11.796253343484436,3.4506701583405963,31.679083432436713,2.2845679151271225,2.2588624320762474,61.48102725834455,5.255359532221636,37488606.09374958
2015-04-21,32.025001525878906,32.04999923706055,31.667499542236328,31.727500915527344,28.476341247558594,129740400,-0.1724987030029297,0,2068325049.5671694,6639564400,-0.08508226102272985,5516971.802741859,0.05822687248922895,0.022122415546208394,111593854.0010215,31.535882701056057,63.86616561501424,1375.9377794661273,31.448874950408936,32.09305572561892,30.804694175198954,4.096685660302805,0.7162638003498204,0.0,0.0,31.60991668701172,32.03266639709473,31.18716697692871,2.6747916754662855,0.6390707382064614,0.0,0.0,30.649999618530273,32.14250183105469,31.39625072479248,4.745804785951513,0.7219428473573836,0.4985692343118265,1.4693568418974976,0.0925103943120007,0.08528266900712987,0.007227725304870827,31.62458324432373,31.50942303584172,31.58602817718667,31.49351778287467,1.0713464620297544,0.9171462234609797,0.15420023856877463,0.025468810381468924,23.433455996946,0.3886246681213379,-4.713077788029057,-5.235749647037293,0.522671859008236,31.628750801086426,31.481249809265137,31.55500030517578,31.503750801086426,50.20502439315845,10.073905430816847,23.419309914792365,20.125961116444675,98.19118343333969,31.451875686645508,29.7787504196167,12.0,32.0,-20.0,31.05809240699909,,0.0,0.0,53.09026991711753,0.7403506277277329,0.5801168759092442,0.5306579160377437,4.034600974696917,46.41918492347596,69.6526329737156,60.69464106802053,-30.347367026284406,0.12194077547858839,1.2687551637065828,0.29374423952825424,0.2712702032757081,0.022474036252546126,-9.107293084256094,-11.258461291638767,2.151168207382673,31.679856765405944,-0.5407482917420658,-0.5422156274362155,60.607821361957505,4.740493479473336,-21168585.169929802
2015-04-22,31.747499465942383,32.217498779296875,31.579999923706055,32.154998779296875,28.860034942626953,150618000,0.42749786376953125,1,2189410055.3744955,6790182400,-0.010208809421807316,13927243.437384345,0.01693020084251643,0.030629897623947407,113623288.13189335,31.609590534750257,71.67159835024458,1375.9377794661273,31.472999858856202,32.18177437272326,30.76422534498914,4.5040162491381865,0.9811113457788578,0.0,0.0,31.66691659291585,32.117666180928545,31.216167004903156,2.846817034996903,1.0414116832950702,1.0,0.0,30.649999618530273,32.217498779296875,31.433749198913574,4.98045679724274,0.9601275703589954,0.5124621964397258,1.178259222715725,0.1310457407706167,0.09443528335982725,0.03661045741078946,31.651041507720947,31.544711479773888,31.673562115972857,31.54251637520224,1.1041356244107647,0.8421054744987181,0.26203014991204665,0.029718900584513114,23.52955601858288,0.029500675201415305,-1.7025088485708946,-4.84231151711577,3.139802668544876,31.66624927520752,31.481249809265137,31.573749542236328,31.503750801086426,75.10251219657923,10.248694818159626,23.664467293850073,18.39786128132616,136.3422022403596,31.451875686645508,29.7787504196167,8.0,28.000000000000004,-20.000000000000004,31.101468783961316,,0.0,0.0,57.67313004459485,1.0,0.9134502092425775,0.6767909710444414,5.736123097070671,55.53961023666596,94.65811129804244,82.19250719667906,-5.341888701957562,0.18308040394502711,0.9972490445883149,0.41545747083654005,0.30010765678787454,0.11534981404866551,-8.547997397132654,-10.716368512737546,2.1683711156048915,31.708442684366975,1.3474047795561273,1.338408006559888,62.771858823329495,5.198044058935732,29256678.58001399
2015-04-23,32.07500076293945,32.60499954223633,32.03499984741211,32.41749954223633,29.095638275146484,183083600,0.2625007629394531,1,2252043854.0440354,6973266000,0.0776516136863896,18803292.186572533,0.13114914014066092,0.03636737079012558,115117910.63247468,31.69752579160754,72.49161897831513,1375.9377794661273,31.551624870300294,32.31134372300838,30.791906017592215,4.8157193541129395,1.0698652000339002,1.0,0.0,31.753833198547362,32.213582801818845,31.29408359527588,2.8957108919531334,1.22176934897437,1.0,0.0,30.649999618530273,32.60499954223633,31.6274995803833,6.19619411596867,0.9040920678684427,0.5182159462781751,0.9792176032342361,0.1806840845750024,0.11168504360286229,0.06899904097214012,31.727291425069172,31.56999991490291,31.788014027705696,31.607329943130694,1.1272265943606763,0.8069791698733175,0.32024742448735877,0.03732404333460114,23.619292332405777,-0.15162525177002095,2.471373368119671,-4.000470710776975,6.4718440788966465,31.859999656677246,31.6274995803833,31.743749618530273,31.503750801086426,87.55125609828961,11.147549252236928,27.04880999597111,16.9929142159211,201.57877243210876,31.451875686645508,29.7787504196167,100.0,24.0,76.0,31.16843058368145,,0.0,0.0,60.2416521179493,1.0,0.9134502092425775,0.8023390981314664,7.956005853326434,58.328146031979394,87.68472165847352,83.99848864341051,-12.315278341526481,0.3019406767452466,2.904528188768691,0.5716524771314034,0.3544166208565803,0.2172358562748231,-6.348411715823719,-9.842777153354781,3.494365437531062,31.752411222313455,0.8163606683402103,0.813046469628409,64.1006642578894,5.220189408052654,55507574.36358516
2015-04-24,32.622501373291016,32.657501220703125,32.307498931884766,32.56999969482422,29.232513427734375,178103600,0.15250015258789062,1,2341094683.4627886,7151369600,0.07979480265754953,19997225.613698263,0.03193394487717307,0.02867680057765225,115955755.20901473,31.77373977790692,72.9418444907287,1382.410540298487,31.627124881744386,32.47178462226162,30.78246514122715,5.341362793333049,1.0581388385472548,1.0,0.0,31.84191652933756,32.28791643778483,31.395916620890297,2.801338343038141,1.3162369001615408,1.0,0.0,30.727500915527344,32.657501220703125,31.692501068115234,6.102357746371704,0.9546624289932758,0.5013945805321935,0.9510934545887337,0.22968070132818497,0.13528417514792684,0.09439652618025812,31.824791431427002,31.587403737581692,31.908319514954698,31.678638813626513,1.1729498766486384,0.8612513639814025,0.3116985126672359,0.04771739771074897,23.684944778196243,0.012874507904051313,6.064374463795886,-2.9092367916836688,8.973611255479554,31.886250495910645,31.6537504196167,31.770000457763672,31.720001220703125,93.77562804914481,12.075398744545216,26.46963637747212,16.17605684802436,216.31297232255648,31.560000896453857,29.7787504196167,100.0,20.0,80.0,31.28335610036584,,0.0,0.0,61.695894717749674,1.0,1.0,0.9423001394950518,10.2302390760753,57.605936308170286,94.32729700821673,92.22337665491091,-5.672702991783261,0.5178892472211061,3.7261149379233944,0.7250333661097464,0.42853996990721355,0.2964933962025329,-4.818452376026648,-8.837912197889155,4.019459821862507,31.804281287622807,0.4704254021479892,0.46932235982781734,64.87263546765212,5.171934613158783,32422113.14509192
2015-04-27,33.07749938964844,33.282501220703125,32.787498474121094,33.162498474121094,29.76428985595703,387816800,0.592498779296875,1,2540875835.208292,7539186400,0.16504225986281676,49966333.46757284,0.07052012810931213,0.026005613010408886,123010743.93311149,31.995455701268718,75.97167935018243,1382.410540298487,31.74462480545044,32.74311207277489,30.74613753812599,6.290748581492226,1.210010891010153,1.0,0.0,31.966083081563312,32.412583096822104,31.519583066304524,2.7935860275374966,1.839770830538876,1.0,0.0,30.774999618530273,33.282501220703125,32.0287504196167,7.898980118808405,0.9521425045240075,0.5225052750668648,0.8016713854878442,0.31271578002370504,0.17077049612308248,0.14194528390062255,31.951666355133057,31.636922909663273,32.10127012405722,31.788554344033518,1.1456126788788943,0.7999234174846481,0.34568926139424616,0.06310614991390152,23.696455171466212,0.030374813079834695,10.805239347608019,-1.1114870829529577,11.916726430560978,32.198750495910645,31.9662504196167,32.08250045776367,31.9037504196167,96.8878140245724,13.902331147376268,32.30901774369389,14.633869482930034,273.57007816460873,31.651875495910645,29.7787504196167,100.0,16.0,84.0,31.42077061239957,,0.0,0.0,66.77995421967586,1.0,1.0,0.9711500697475258,13.910050249958882,64.05759734190248,94.46354480616336,92.15852115761787,-5.53645519383665,0.7571614658131303,4.811944101904022,0.9837370288668051,0.5395793816991319,0.44415764716767325,5.813903724450825,-5.907549013421159,11.721452737871985,31.96832945528813,1.8191550041402937,1.802806353337827,67.8719242662199,5.619621699467967,240772399.7804644
2015-04-28,33.6150016784668,33.6349983215332,32.39250183105469,32.63999938964844,29.295333862304688,475696000,-0.5224990844726562,0,2254691193.2443542,7063490400,0.020004134317122453,7321039.474018909,-0.005550344345504391,0.03144510778852886,115515810.3206376,32.18728293082815,66.28305392192837,1382.410540298487,31.796999740600587,32.86551041784355,30.72848906335762,6.720827033744432,0.8944741344199799,0.0,0.0,32.0924996693929,32.6287494023641,31.55624993642171,3.341900683932227,1.010489503856724,1.0,0.0,30.774999618530273,33.6349983215332,32.20499897003174,8.994555229533455,0.6520981177928366,0.5945043966080299,0.8132482387991837,0.33252720212039577,0.20312183732254516,0.1294053647978506,32.023749669392906,31.681730563823994,32.1841515495328,31.851624347412404,1.1094068103715045,0.719145721021515,0.3902610893499895,0.07779626724695951,24.026258765195422,-0.08450012207031321,15.282652522968194,1.2483165760081363,14.034335946960057,32.374999046325684,32.14249897003174,32.25874900817871,32.02124881744385,98.4439070122862,14.535507426335593,27.40273624692009,17.239197009209033,185.83872151365082,31.631875038146973,29.7787504196167,100.0,12.0,88.0,31.644178285395995,,0.0,0.0,59.304528705843325,0.6279133500828837,0.8759711166942945,0.9586570388980982,14.71431986094172,57.22485534109375,60.51589268887114,83.10224483441708,-39.48410731112886,0.9400366166058731,2.722265244697976,1.043988207613688,0.6404611468820431,0.4035270607316448,15.70848793072882,-1.5843416245911635,17.292829555319983,32.010082819831744,-1.5755721327221361,-1.5881162055267684,65.22698100881692,4.7178241354581445,211581578.57263008
2015-04-29,32.540000915527344,32.897499084472656,32.07500076293945,32.15999984741211,28.86452293395996,253544400,-0.4799995422363281,0,2053550649.4200022,6809946000,0.007531197905872278,-11110708.441781571,-0.17112110940413142,0.019650944455988414,111787219.68913221,32.23731193496848,58.706062152175,1362.080992537025,31.849624729156496,32.88011459703168,30.819134861281313,6.4709702336418955,0.6505959097373715,0.0,0.0,32.164249674479166,32.754749361673994,31.573749987284337,3.6717765417880246,0.4964014993070994,0.0,0.0,30.774999618530273,33.6349983215332,32.20499897003174,8.979693567267578,0.4842660339068053,0.6173037891005472,1.134298385135258,0.30596892601068504,0.22369125506017315,0.08227767095051189,32.06104135513306,31.695480566758377,32.1804359030527,31.87446697704201,1.0740034810508567,0.8312595641288223,0.24274391692203445,0.08824558345084606,24.39324950806923,-0.27462396621704244,18.448215794682245,3.9285532050375056,14.519662589644739,32.374999046325684,32.14249897003174,32.25874900817871,32.02124881744385,99.22195350614311,14.37285261590192,24.72599151732964,19.325954199399607,86.18236663436464,31.631875038146973,29.850000381469727,96.0,8.0,88.0,31.922893090455204,,0.0,0.0,53.39159917486676,0.33359938276343865,0.6538375776154407,0.8432695647699117,13.444675501019503,47.5400936665165,41.46828084967889,65.48257278157114,-58.53171915032111,1.0097058408400592,1.4111162294515323,0.9599185650102416,0.7043526305076828,0.2555659345025588,14.889501240961781,1.7104269485194257,13.179074292442355,32.01292227477442,-1.4705868603311245,-1.4815071830292403,62.79717473637947,4.420830132076084,-85979231.47644764
2015-04-30,32.15999984741211,32.15999984741211,31.145000457763672,31.287500381469727,28.081432342529297,332781600,-0.8724994659423828,0,1814210194.4973485,6477164400,-0.061318021171149775,-51002288.41802015,-0.254297565972536,-0.0018436190685511278,102758868.64270596,32.19089011005599,50.05042275632584,1362.080992537025,31.860874748229982,32.86121809162729,30.860531404832667,6.279446821860326,0.21341121498695148,0.0,0.0,32.155833053588864,32.823082733154294,31.488583374023438,4.150100409175729,-0.15068047142763313,0.0,1.0,31.047500610351562,33.6349983215332,32.34124946594238,8.121238765816962,0.09275361677849084,0.6570733491553362,1.8887205010522077,0.21207323746196138,0.22136765154053079,-0.009294414078569402,32.03708299001058,31.680672865647537,32.04306120742454,31.83098796996258,0.9402273223724743,0.9488937370059645,-0.00866641463349016,0.08982561547206971,24.688144231935397,-0.16587505340576314,18.064757485210862,6.6255294322271885,11.439228052983673,32.38999938964844,32.14249897003174,32.26624917984009,32.02124881744385,88.50391207897334,14.175387313721737,21.884970565404984,27.63320833436817,-56.32897254514618,31.631875038146973,29.850000381469727,92.0,4.0,88.0,,33.6349983215332,0.0,1.0,44.672625744561834,0.0,0.3205042442821074,0.6167709795306142,9.17757999602901,43.1748645305636,6.8452662531552635,36.276479930568435,-93.15473374684474,0.8516103351817428,-0.9105316691145565,0.6662477384053709,0.6967316520872205,-0.03048391368184966,16.58197253343017,4.684736065501575,11.897236467928597,32.005917883772085,-2.7129958646830987,-2.750477061582446,58.38049411796058,3.8189047908290874,91158385.43092054
2015-05-01,31.524999618530273,32.532501220703125,31.325000762939453,32.23749923706055,28.93408203125,234050400,0.9499988555908203,1,1933899839.0567868,6711214800,-0.05051828818390269,-11952302.622506745,0.1425218734221036,0.00018562283022015885,109865464.23006906,32.19560046353253,51.5069537815847,1403.4385752251758,31.906249713897704,32.888316330730106,30.924183097065306,6.155951424179019,0.6686492125306465,0.0,0.0,32.23108310699463,32.97708282470703,31.485083389282227,4.629070113691026,0.5043003568993242,0.0,0.0,31.082500457763672,33.6349983215332,32.35874938964844,7.999993376400222,0.45249745188470863,0.7158660981631424,2.027801722866365,0.21187483477192615,0.21946908818680985,-0.007594253414883706,32.08229128519694,31.734230555020847,32.07297475044547,31.86109991567354,0.9237940455124676,0.9454491610692286,-0.02165511555676103,0.09111317376051291,25.035392763196143,-0.36375017166137624,21.154057106682025,9.541675939162992,11.612381167519032,32.38999938964844,32.14249897003174,32.26624917984009,32.02124881744385,76.866879876242,13.322349775316079,22.943774163112,23.991780216221795,21.51932277429297,31.691250324249268,29.850000381469727,88.0,0.0,88.0,,33.58519836425781,0.0,0.0,53.564359689989516,0.4022075283966133,0.2452689703866839,0.4065369307614107,8.794040198349075,46.30408875570447,44.54365522382976,30.95240077555464,-55.45634477617024,0.7134707955753115,1.7116250117046636,0.6649953558812884,0.6903843928460343,-0.025389036964745815,14.52476245986035,6.6527413443733305,7.872021115487019,32.014051087513536,3.0363526776126415,2.9911678590959667,63.18948449192738,5.297796678215896,-36509456.2565999
2015-05-04,32.375,32.64250183105469,32.064998626708984,32.17499923706055,28.877994537353516,203953200,-0.0625,0,1807643096.1996439,6507261600,-0.11512092517653008,-12065841.533577211,0.12034055913167577,0.014755129183699098,109470052.82094382,32.22043894133187,56.285254081795664,1400.7176783495665,31.923124694824217,32.91146457871487,30.93478481093356,6.191999645015307,0.6274230385425776,0.0,0.0,32.28641649881999,33.01641661326091,31.55641638437907,4.522026248825723,0.4236868189775748,0.0,0.0,31.114999771118164,33.6349983215332,32.374999046325684,7.893959549716676,0.42063495067003226,0.7020298087813985,2.1672064317925503,0.20431910805156406,0.2164390921597607,-0.012119984108196646,32.13499959309896,31.777115161602314,32.08867082530933,31.884351717257765,1.0235230560333417,0.9008280373503947,0.12269501868294697,0.09158146689531621,25.280188034204436,-0.7356246948242173,21.64665144568073,12.470534742908526,9.176116702772205,32.38999938964844,32.18124961853027,32.285624504089355,32.02124881744385,66.38734993126363,12.401266629831282,22.703139032845794,22.50999497243327,58.993550175638624,31.692500114440918,29.850000381469727,84.0,0.0,84.0,,33.53639440612793,0.0,0.0,52.96131873382919,0.3749296527890217,0.25904572706187823,0.2749396472435565,8.297421828500722,43.33727952069456,42.06349506700323,31.15080551466275,-57.93650493299677,0.5367429228389966,2.0052300990835654,0.6408131169277437,0.6804701376623762,-0.03965702073463251,11.784659266520574,7.679124928802779,4.105534337717795,32.015704486494435,-0.19387359900469026,-0.1940617771244213,62.87310316514569,4.843602266181804,-17399866.97893697
2015-05-05,32.037498474121094,32.11249923706055,31.44499969482422,31.450000762939453,28.22728157043457,197085600,-0.7249984741210938,0,1613510722.2253265,6310176000,-0.12785624474203114,-30754544.067529067,-0.19474418529188556,0.0009742833277517389,105029127.79656473,32.20693358336332,51.37563574218627,1369.1553410206457,31.92049970626831,32.91356187848595,30.927437534050668,6.222096654850494,0.2631070055371414,0.0,0.0,32.271833165486655,33.03033326466878,31.51333306630453,4.700694226402426,-0.04174838172952505,0.0,1.0,31.114999771118164,33.6349983215332,32.374999046325684,7.894608711028983,0.1329369779860052,0.7048267821268915,2.5665584043118246,0.13823632014359788,0.20079853775652817,-0.0625622176129303,32.156874656677246,31.80163442171537,31.990413892637044,31.852177572493446,0.9502678558225077,0.9489922036560393,0.0012756521664684106,0.08682328470408172,25.4373651127942,-0.02050008773803569,21.6246443548063,15.062440654394882,6.562203700411418,32.38999938964844,32.20499897003174,32.29749917984009,32.02124881744385,43.96175513567627,12.463352880339812,20.94237336275459,27.351153332695695,-45.38307066317338,31.692500114440918,29.850000381469727,80.0,8.0,72.0,,33.48856652716065,0.0,0.0,46.431180494694175,0.07954623518223498,0.2855611387892899,0.26329194541261736,5.542720993478594,38.54205505268366,13.29369779860052,33.300282696477844,-86.70630220139948,0.28511046802296747,0.8416858130323146,0.4339933112233259,0.6311747723745661,-0.1971814611512402,9.259432101031646,7.995186363248553,1.2642457377830922,32.01031340367247,-2.2532975642964748,-2.279072236475299,59.20308749863137,4.097807496824412,1237250.4939020276
2015-05-06,31.639999389648438,31.6875,30.84000015258789,31.252500534057617,28.050020217895508,288564000,-0.19750022888183594,0,1605850041.422147,6021612000,-0.12118082448317624,-34502674.35031893,-0.15125306834684168,-0.009965823751083217,103216998.87241484,32.14651857519517,48.830165245442345,1369.1553410206457,31.913124752044677,32.92357783291394,30.902671671175412,6.332523616663551,0.17310495138540083,0.0,0.0,32.19941660563151,32.97891680399577,31.419916407267255,4.841703860112349,-0.10738667774617096,0.0,1.0,30.84000015258789,33.6349983215332,32.23749923706055,8.758146344682956,0.14758520633499478,0.7190940886554134,2.982502912788118,0.06913170942006985,0.1744651720892365,-0.10533346266916666,32.102916399637856,31.78855749276968,31.8768887605479,31.80775705112783,0.8925740364014408,0.9920688020785107,-0.09949476567706983,0.07739301343913957,25.59289177307603,-0.18562383651733327,19.731122355159318,16.980190541843733,2.750931813315585,32.23749923706055,32.20499897003174,32.22124910354614,32.02124881744385,21.980877567838135,13.297627601891657,19.09118635115943,31.243618425661605,-110.72729348509183,31.692500114440918,29.850000381469727,76.0,4.0,72.0,,33.44169520577271,0.0,0.0,44.81027970609205,0.006226621262047456,0.15356750307776798,0.23272478964297874,2.8432226938725402,36.825360423141476,14.75852063349948,23.371904499701078,-85.24147936650053,0.06053699044620231,-2.029777718544338,0.21734229580836983,0.5484082770613269,-0.33106598125295705,10.223034118370656,8.440755914272975,1.7822782040976808,31.98648553318687,-0.6279816346286715,-0.6299617334197816,58.20332134737816,4.2908620851232655,103869110.97628295
2015-05-07,31.1924991607666,31.520000457763672,31.0049991607666,31.315000534057617,28.223512649536133,175763600,0.0625,1,1641685742.9861689,6197375600,-0.14150014996504096,-28004403.014559086,-0.00036633816184300917,-0.005282565629003989,103568497.94648185,32.154792464313076,54.34094737219126,1371.8934326085664,31.896874809265135,32.93446346060465,30.85928615792562,6.50589537403911,0.21960262168619316,0.0,0.0,32.092166646321616,32.866167004903154,31.31816628774007,4.823609244658199,-0.002045059570937534,0.0,1.0,30.84000015258789,33.6349983215332,32.23749923706055,8.76260820427914,0.16994658055499445,0.6986848094895791,3.2885394410593665,0.019187849629044962,0.1434097075971982,-0.12422185796815324,32.06854136784872,31.796538279606747,31.79044441801093,31.771256568381887,0.949237433272343,0.9859385310069619,-0.03670109773461894,0.06548545713114944,25.67470726256658,0.2581239700317397,17.18904560782242,18.216265113402233,-1.027219505579815,32.23749923706055,32.20499897003174,32.22124910354614,32.02124881744385,10.990438783919068,14.072311271904084,18.047216396711573,29.53511281974135,-103.6846014491131,31.692500114440918,29.850000381469727,72.0,0.0,72.0,,33.337627403645314,0.0,0.0,45.459161539558785,0.035578057108182265,0.04045030451748816,0.15985964879484874,0.935689162802004,40.32549978803804,16.994658055499446,15.015625495866482,-83.00534194450056,0.0066178153542892915,-1.3001351180100356,0.060393738559715394,0.45080536936100457,-0.39041163080128916,7.094212788671854,8.17144728915275,-1.0772345004808965,31.957353626479353,0.199983997862474,0.19978429606890558,58.519702674159866,4.550863280278222,-54517650.903677136
2015-05-08,31.670000076293945,31.905000686645508,31.52750015258789,31.905000686645508,28.755268096923828,222201600,0.5900001525878906,1,1863887342.9861689,6419577200,-0.12090245678155777,-5275348.597440157,0.07708814776162035,-0.009187267482032203,107754957.33238201,32.15316627682949,54.79330342046933,1371.8934326085664,31.903374862670898,32.93945579588256,30.867293929459237,6.495118072439074,0.5007846027865653,0.0,0.0,32.01891670227051,32.79566688537598,31.24216651916504,4.851820505535027,0.4266713944182402,0.0,0.0,30.84000015258789,33.6349983215332,32.23749923706055,8.760822894055792,0.38103800778499014,0.6878163437994103,3.441154237243542,0.02690491923420879,0.12010874992460033,-0.09320383069039154,32.0477081934611,31.828942152170036,31.808068459339328,31.78116354010512,0.9711845532631355,0.9873009254575633,-0.016116372194427853,0.05594471825234776,25.72112378038373,0.5141246795654304,16.14315476184763,18.809366826095523,-2.666212064247894,32.23749923706055,32.23749923706055,32.23749923706055,32.02124881744385,5.495219391959534,14.0407099239688,21.030787555094914,27.66843985050384,-24.744293239535224,31.51437473297119,29.850000381469727,68.0,92.0,-24.0,,33.237722313603015,0.0,0.0,51.2822266130026,0.2989778197705399,0.11359416604692313,0.10253732454739313,1.1646660804607247,46.30253744803555,38.103800778499014,23.285659822499316,-61.896199221500986,-0.036507320404052024,-0.7774781593595627,0.08465681000085815,0.3775756574889753,-0.29291884748811714,6.1226710109880305,7.761692033519807,-1.639021022531777,31.95627209168945,1.8840815664244337,1.8665525810127814,61.50634317139452,5.176309584844866,45329198.2227931
2015-05-11,31.84749984741211,31.889999389648438,31.407499313354492,31.579999923706055,28.462356567382812,168143200,-0.3250007629394531,0,1815971293.411715,6251434000,-0.10589444204515117,-12328394.266817428,-0.01936995996003608,-0.014729898371265418,106042164.1304701,32.14018788786979,50.48448733628452,1357.9186197994873,31.896749877929686,32.93930238832829,30.85419736753109,6.537045400478071,0.3480892084262833,0.0,0.0,31.873750050862633,32.64924996693929,31.098250134785975,4.866072644976822,0.3106059581265386,0.0,0.0,30.84000015258789,33.6349983215332,32.23749923706055,8.762642525153495,0.264758588874998,0.6687848467485707,3.667041559085234,0.006718460835855922,0.09743069210685146,-0.09071223127099554,31.977916558583576,31.83855753678542,31.77298099231882,31.766262531482965,0.9222409963127981,0.9893739384301949,-0.06713294211739684,0.046286542698349115,25.637473074151938,0.6732498168945327,12.215968871165709,18.468624198117467,-6.252655326951759,31.868749618530273,32.23749923706055,32.05312442779541,32.02124881744385,2.747609695979767,14.181890209154231,19.889288154865277,27.475877539024047,-47.14013969616097,31.44624900817871,30.012500762939453,64.0,88.0,-24.0,,33.14181342716241,0.0,0.0,48.22770389844187,0.16080993946789837,0.16512193878220674,0.10638880311553937,0.38424583924990086,49.653701163537,26.475858887499797,27.19143924049942,-73.5241411125002,-0.17316925946403927,-2.583480004184488,0.021149673585922728,0.3062904607083648,-0.28514078712244206,3.387177001019602,6.886789027019767,-3.499612026000165,31.930135577062735,-1.018651483920796,-1.0238752430272502,59.86115641005292,4.564691633803729,-22317477.76085496
2015-05-12,31.399999618530273,31.719999313354492,31.204999923706055,31.467500686645508,28.360960006713867,192640000,-0.11249923706054688,0,1819712679.4447215,6058794000,-0.09277388163616636,-13663174.08974976,-0.04979157952779695,-0.019495739826287804,105355911.65802866,32.10963651698899,45.63005224409422,1357.9186197994873,31.89137487411499,32.9415875427296,30.841162205500385,6.5861862196918,0.2981960225119735,0.0,0.0,31.73125006357829,32.43400026957194,31.02849985758463,4.429388723013366,0.31234485975009524,0.0,0.0,30.84000015258789,33.6349983215332,32.23749923706055,8.764119389577981,0.22450838824499245,0.6534063010385573,3.9132098660887107,-0.018148002242732275,0.07431495323693471,-0.09246295547966699,31.88604164123535,31.824326808636005,31.725984022215236,31.74413202445797,0.9100684482502739,1.0222378505847336,-0.11216940233445971,0.036183475504753516,25.552965112763907,1.2711236000061028,9.479290671294091,17.472076962185454,-7.992786290891363,31.74125099182129,32.23749923706055,31.989375114440918,32.02124881744385,1.3738048479898834,14.599900592521708,18.754480383906508,28.151676551900724,-70.67218680855775,31.427499771118164,30.233750343322754,60.0,84.0,-24.0,,33.04974089617943,0.0,0.0,47.18012804154891,0.11342403039832448,0.19107059654558753,0.15659556712490583,-0.5606828301964333,44.69727259798337,22.450838824499243,29.01016616349935,-77.54916117550076,-0.2257574866799743,-3.385013873223683,-0.057169628165450376,0.2335984429336018,-0.29076807109905217,2.045371523131969,5.918505526242208,-3.8731340031102386,31.906547788190338,-0.3562357103620406,-0.3568717407295363,59.29167388392258,4.582003206129592,32970941.654758096
2015-05-13,31.537500381469727,31.797500610351562,31.467500686645508,31.502500534057617,28.392505645751953,138776800,0.034999847412109375,1,1710373260.9434354,6197570800,-0.1268462651382549,-11017411.102022536,0.040424859860925665,-0.025976045560554606,105510266.68204878,32.07580374684798,44.87354067542678,1359.428969952946,31.88174991607666,32.94246104466558,30.821038787487744,6.65403330357374,0.3212287154356691,0.0,0.0,31.652416801452638,32.30591716766357,30.9989164352417,4.129228869379384,0.3852974878466791,0.0,0.0,30.84000015258789,33.6349983215332,32.23749923706055,8.766765238114829,0.23703070321499348,0.6210656633053071,4.1355727901574975,-0.03463144842536181,0.05252567290447541,-0.08715712132983722,31.747708479563396,31.824326808636005,31.691601947114062,31.726233395539424,0.8886387549810134,1.0538030589737093,-0.16516430399269588,0.02636257792308113,25.473830005832934,0.7582494735717766,6.499340440141728,16.187030623844436,-9.687690183702708,31.74125099182129,32.23749923706055,31.989375114440918,32.02124881744385,0.6869024239949417,14.822301227477013,18.933687435623533,27.085257633999753,-50.04563531483135,31.414374351501465,30.328750610351562,56.00000000000001,80.0,-23.999999999999993,,32.96135126643577,0.0,0.0,47.56175434958827,0.13068646481996662,0.13497347822872977,0.16372200451884136,-1.2150901031899515,44.26969550879552,23.703070321499347,24.209922677832793,-76.29692967850065,-0.16252210841459203,-5.005647995306758,-0.10915713817522016,0.16504732671183742,-0.2742044648870576,-1.0904532173295869,4.516713777527849,-5.607166994857437,31.89552178262541,0.111225380625668,0.11116357102691765,59.46884665450498,4.69833400355828,-27675209.447813362
2015-05-14,31.852500915527344,32.23749923706055,31.790000915527344,32.23749923706055,29.05494499206543,180814000,0.7349987030029297,1,1891187260.9434354,6378384800,-0.06245547337592138,9541941.2675195,0.09435579049406581,-0.021517342302205124,109728917.68535866,32.05397091266903,44.87930767236631,1359.428969952946,31.916499900817872,32.97601450911747,30.856985292518278,6.639290721677443,0.6514841483676388,0.0,0.0,31.7081667582194,32.30491701761882,31.111416498819985,3.7640161536284835,0.943512567027517,0.0,0.0,30.84000015258789,33.6349983215332,32.23749923706055,8.757220176494634,0.5,0.6324589672750693,4.202224134601794,0.011481206211566786,0.04431677956589368,-0.032835573354326894,31.714166800181072,31.856538332425632,31.77558614556737,31.764104939355803,0.8698796651449549,0.9867465467338102,-0.11686688158885539,0.021621893104074183,25.39365007552609,0.24349994659423757,6.8271575529590915,14.595152895653001,-7.76799534269391,31.74125099182129,32.23749923706055,31.989375114440918,32.02124881744385,2.635315626226702,14.140047397111262,22.342906513595455,24.829230810590303,24.705004274229804,31.369999885559082,30.328750610351562,52.0,76.0,-24.0,,32.876497221881856,0.0,0.0,54.92663989042402,0.46382873251306767,0.2359797425771195,0.18734127245047896,0.4592417452835488,55.454757059430015,50.0,32.0513030486662,-50.0,-0.0440000141368202,-1.2331500003506155,0.036145221889572414,0.13926690574738443,-0.10312168385781201,-1.9845383196263884,3.2164633580970023,-5.201001677723391,31.911366778736614,2.3331440061664876,2.306342282667684,63.18948449192738,5.430015226510118,45039995.14532012
2015-05-15,32.26750183105469,32.372501373291016,32.0525016784668,32.192501068115234,29.014392852783203,152832000,-0.0449981689453125,0,1872082805.4681475,6225552800,-0.036851621384061096,7196355.349838143,0.04161458543568009,-0.02358202392175027,109515589.71889083,31.937791324083992,40.63768231996378,1357.531433980653,31.966749954223634,32.977402264131705,30.956097644315566,6.323147090995004,0.6116858447155451,0.0,0.0,31.725583521525067,32.23358370463053,31.217583338419594,3.2024639216536595,0.959564348713267,0.0,0.0,30.84000015258789,33.6349983215332,32.23749923706055,8.743454285930689,0.48390046567998557,0.6012130400299843,4.218169046756642,0.043888916951850376,0.044231207043085016,-0.00034229009123463994,31.716875235239666,31.877788396982048,31.839726902882425,31.795837985930575,0.8647634638871438,1.0310541062314567,-0.1662906423443129,0.02016570371738525,25.276780962689173,-0.679249572753907,5.536260407881406,12.80510944700863,-7.2688490391272245,31.606250762939453,32.23749923706055,31.921875,32.02124881744385,7.310805320196984,13.252759458938286,23.08880338842355,23.896010125588656,37.64242688621075,31.38937520980835,30.328750610351562,48.0,72.0,-24.0,,32.795037339110095,0.0,0.0,54.42268603362553,0.6663562706002096,0.4202904893110812,0.2637479033723102,1.6592821836816625,55.79762884982079,48.39004656799856,40.69770562983263,-51.60995343200144,0.018154576245478893,0.10106101012851948,0.13803352807141267,0.13902023021219007,-0.0009867021407773957,-3.810558110270109,1.8110590644235802,-5.621617174693689,31.912901771769732,-0.139583311392788,-0.13968081964423895,62.961699205628754,4.9910098387070185,1097984.153436184
2015-05-18,32.095001220703125,32.68000030517578,32.09000015258789,32.54750061035156,29.334339141845703,203531600,0.3549995422363281,1,1984197904.069641,6429084400,-0.038915463656971995,16490250.989950899,0.05000415713969808,-0.01961384524423581,111760013.80628148,31.81875654401664,51.60633290126591,1357.531433980653,31.999125003814697,33.040176712249,30.958073295380395,6.506751095914005,0.7633757776362515,0.0,0.0,31.740083567301433,32.249333445231116,31.230833689371742,3.208875470348887,1.2927513368610126,1.0,0.0,30.84000015258789,33.6349983215332,32.23749923706055,8.734608113853469,0.6109129074699874,0.600091751285775,4.197098265918041,0.0970984667193342,0.05480465897833486,0.04229380774099934,31.821875254313152,31.907499973590557,31.948615165569983,31.85151669885065,0.901660967109384,1.0380488379281414,-0.13638787081875736,0.023113645655836935,25.214459249497192,0.2383742332458496,3.8339961398824327,10.828370756461535,-6.994374616579102,31.760000228881836,32.23749923706055,31.99874973297119,32.02124881744385,34.79923166064305,12.738901171178766,25.104807764988745,22.23651828322342,68.66859589985845,31.401249885559082,30.328750610351562,44.0,68.0,-24.0,,32.71683585164921,0.0,0.0,57.71859202977252,1.0,0.7100616677044256,0.45544396653087543,3.6722934539311636,59.02487647644394,82.9891297294391,60.45972543247922,-17.010870270560904,0.1334929858936995,4.0271680815642314,0.30484723109853656,0.1721856303894594,0.13266160070907718,-3.1640550944273116,0.8160362326534019,-3.9800913270807134,31.924466653314038,1.1027398631910934,1.0967040197245037,64.7587428245028,5.287459161398537,65442553.87071392
2015-05-19,32.67250061035156,32.720001220703125,32.40999984741211,32.51750183105469,29.307308197021484,178532800,-0.029998779296875,0,1929487975.8299315,6250551600,-0.030862745679488653,13369391.410750324,0.031254952477804694,-0.005158412252668945,111595461.50690308,31.814831385353123,59.326795827574784,1356.2802077693352,32.03862504959106,33.09528706892597,30.981963030256154,6.59617582027538,0.7265988427241116,0.0,0.0,31.828083674112957,32.30158373514811,31.354583613077796,2.9753601623227577,1.2280021838165611,1.0,0.0,30.84000015258789,33.6349983215332,32.23749923706055,8.723839317758076,0.6001798845899777,0.571082713486299,4.118676170936972,0.13528726016340897,0.07090117921534969,0.06438608094805928,31.845208803812664,31.93846159714919,32.03613619102917,31.900848930865763,0.9682446907922971,0.9520834487007324,0.016161242091564776,0.028652429712407466,25.15410965436686,0.13637418746948526,4.72390031075854,9.160901640417004,-4.437001329658464,31.862500190734863,32.23749923706055,32.049999713897705,32.02124881744385,67.39961583032152,12.332854206388081,24.643474887818154,21.395755402087822,77.66015496460243,31.429375648498535,31.113750457763672,40.0,64.0,-24.0,30.84000015258789,,1.0,0.0,57.341233998489656,0.9710747350534968,0.8791436685512354,0.6698319418555808,5.207931137402996,54.52535965479529,89.22876198940408,73.53597942894724,-10.771238010595924,0.318441677093503,0.8685617700527057,0.42408670833995077,0.22256584597955767,0.2015208623603931,-3.641076574722303,-0.07538632882173912,-3.565690245900564,31.986309531622585,-0.0921692256988016,-0.0922117276474399,64.60688596697035,5.024048151446777,15633433.840204656
2015-05-20,32.5,32.744998931884766,32.334999084472656,32.51499938964844,29.305044174194336,145819600,-0.00250244140625,0,1911705362.5082593,6104732000,-0.06179819903602584,11407349.065659875,-0.00702965979568005,0.012503581045677907,111584239.70374063,31.889024226394785,63.31372092884595,1356.1758328463159,32.056625080108645,33.132690390436174,30.980559769781117,6.713528374484029,0.7129862867711412,0.0,0.0,31.95525023142497,32.38500029246012,31.525500170389808,2.689699238296293,1.1512496552940372,1.0,0.0,30.84000015258789,33.6349983215332,32.23749923706055,8.718940817883002,0.5992845561299973,0.5549744268788801,3.8315559088537174,0.16346589491295305,0.08941412235487037,0.07405177255808268,31.873542149861652,31.97461539048415,32.10980745235521,31.94634155744226,1.070014803570508,0.8557076891705402,0.21430711439996775,0.035613756539816285,25.148018344739164,-0.6066243171691923,6.99639876676984,8.028385324744496,-1.0319865579746565,31.97499942779541,32.23749923706055,32.10624933242798,32.02124881744385,83.69980791516076,11.795616522518946,23.384162919918463,21.23719442748977,67.82093639932077,31.429375648498535,31.145000457763672,36.0,60.0,-24.0,30.877600173950196,,0.0,0.0,57.30757548574733,0.9681587698129074,0.9797445016221346,0.8563166126259318,6.464429521094599,56.54081503149327,87.9265254793906,86.7148057327446,-12.073474520609391,0.45545608857098685,1.0567215560218688,0.5116889350820575,0.2803904638000576,0.23129847128199987,-5.361998657434796,-1.1327087945443506,-4.229289862890446,32.06926924006694,-0.007695675452723538,-0.007695971585031103,64.59421835525352,4.968294521254673,-7227127.015570641
2015-05-21,32.51750183105469,32.907501220703125,32.45750045776367,32.84749984741211,29.604721069335938,158921600,0.3325004577636719,1,2028246971.046385,6263653600,-0.05007120658737969,17326514.163213488,0.04035067145993901,0.005205638048380437,113209382.1223303,31.92793218260687,62.30272151443715,1356.1758328463159,32.07812509536743,33.1984456091018,30.957804581633066,6.984950089219271,0.8433726074871712,0.0,0.0,32.10100027720134,32.52425028483073,31.67775026957194,2.636989526647197,1.3818659855340454,1.0,0.0,30.84000015258789,33.6349983215332,32.23749923706055,8.71309704241085,0.718247230759992,0.5444770604849374,3.7583367741506497,0.21020456669032228,0.11357221122196076,0.09663235546836152,31.990000406901043,32.01894231942984,32.223298590056274,32.01309402336595,1.074822784487886,0.8736095393335251,0.2012132451543608,0.04519730558126065,25.204741173455435,-0.8256245613098159,11.380248959793008,7.499173568960649,3.8810753908323585,32.05625057220459,32.23749923706055,32.14687490463257,32.02124881744385,91.84990395758038,11.613621238920581,24.109124434749436,20.027508712123236,91.93717648974582,31.477500438690186,31.21000099182129,32.0,56.00000000000001,-24.000000000000007,30.95229612426758,,0.0,0.0,60.61557480935684,1.0,0.9797445016221346,0.9462108905985015,8.49494243458663,59.37329921383003,97.0978794537836,91.4177223075261,-2.9021205462163944,0.5461547458873106,4.4435581894149365,0.6566205894903399,0.35563648893811406,0.3009841005522258,-6.144984894980663,-2.135164014631613,-4.00982088034905,32.209593574117164,1.02260637861038,1.01741313387671,66.27736933097823,5.266782378843253,24726822.085995227
2015-05-22,32.900001525878906,33.24250030517578,32.849998474121094,33.1349983215332,29.863834381103516,182384000,0.28749847412109375,1,2110724982.1648393,6446037600,-0.05149246334120538,22342029.5261975,0.07828097425289013,0.002201381985610034,114805702.14509249,31.98000620094526,62.050194515455416,1356.1758328463159,32.10637502670288,33.30091841140318,30.911831642002575,7.441160104227283,0.9305508313908559,0.0,0.0,32.23066679636638,32.65541693369548,31.805916659037273,2.6356894197236262,1.5645453005070362,1.0,0.0,30.84000015258789,33.6349983215332,32.23749923706055,8.705430515343798,0.8211090062400026,0.5295294002128108,3.67310968364173,0.26736204175415423,0.14433017732839948,0.12303186442575476,32.14687522252401,32.08019227247972,32.36356008720657,32.09619804545242,1.028334464736471,0.8389773873155428,0.1893570774209281,0.05779414596375306,25.224499571328032,-0.7913744926452608,13.302394158537561,7.619887489779744,5.682506668757817,32.22375011444092,32.23749923706055,32.23062467575073,32.02124881744385,95.92495197879019,12.0524282745466,27.210549195096185,19.00422825613194,128.61677945459004,31.486250400543213,31.21000099182129,28.000000000000004,52.0,-23.999999999999996,31.069608430053712,,0.0,0.0,63.265972927256236,1.0,0.9893862566043023,0.9829584199495239,11.017772182499458,64.33841053173678,95.52541199521754,93.51660564279724,-4.474588004782463,0.6668381747077454,6.023510936106126,0.833002218441993,0.4511096348388899,0.3818925836031031,-5.685800443988753,-2.845291300503041,-2.8405091434857117,32.35196560166623,0.8752522275869534,0.871444099628782,67.7327157100206,5.351840962944735,45613010.89530215
2015-05-26,33.150001525878906,33.227500915527344,32.279998779296875,32.404998779296875,29.205913543701172,282790400,-0.7299995422363281,0,1902549295.2052367,6163247200,-0.14610938534958837,-10340669.341663297,-0.09800330602289013,0.009111444790538279,108575526.4092853,32.072529089149505,59.8864527126274,1356.1758328463159,32.06850004196167,33.171202051545414,30.965798032377926,6.877166117160812,0.6525791802366575,0.0,0.0,32.33183345794678,32.80308380126953,31.860583114624028,2.9150858019585857,0.5776289316143656,0.0,0.0,30.84000015258789,33.6349983215332,32.23749923706055,8.715712195107518,0.5599283191300027,0.5713266738145766,3.4545156668837285,0.2508630967197405,0.16563676120666768,0.08522633551307282,32.23770840962728,32.12701914860652,32.36993527060508,32.11907217388534,1.0426030114717248,0.782958590664197,0.2596444208075278,0.06726214916867054,25.285079440419096,-0.1634993553161621,13.813759889248336,8.10149518066355,5.712264708584787,32.355000495910645,32.23749923706055,32.296249866485596,32.02124881744385,97.9624759893951,11.226645794214296,24.03783867561111,23.802715008132495,75.69074105435979,31.494375228881836,31.4012508392334,24.0,48.0,-24.0,31.24343978006348,,0.0,0.0,53.43332421174068,0.467229510282502,0.8224098367608339,0.9305135316624237,10.418301979009488,51.2649921329977,65.14041736993114,85.92123627297742,-34.859582630068864,0.7114336855271333,3.480754356219141,0.781040919742715,0.5170958918196549,0.26394502792306007,-1.0490110823509484,-2.4860352568726225,1.437024174521674,32.35530469615174,-2.203107225636791,-2.227738067531604,64.03738413045632,4.405644368575743,133390869.03390867
2015-05-27,32.584999084472656,33.064998626708984,32.51250076293945,33.0099983215332,29.75118064880371,183332800,0.6049995422363281,1,2049381103.5817227,6346580000,-0.050364759741393275,6981749.146703502,0.010547671190016181,0.020668640471742415,111998339.68671605,32.22031649681198,69.34169241919517,1381.4955609429633,32.08699998855591,33.238757007657604,30.935242969454215,7.178963564761292,0.9006914295591532,0.0,0.0,32.471666717529295,32.94666690826416,31.996666526794435,2.9256286402966984,1.066664618777375,1.0,0.0,30.84000015258789,33.24250030517578,32.041250228881836,7.487456457271674,0.9032249869403193,0.5801939911743299,3.094255492695192,0.28333980586867114,0.18917737013906838,0.09416243572960276,32.32979154586792,32.16971140641432,32.46840650920941,32.18506670334074,1.1441841659982857,0.7264281147978907,0.41775605120039494,0.07780154311727097,25.365461431514458,-0.5070000648498549,17.76882493779136,9.35366012484684,8.415164812944521,32.51625061035156,32.23749923706055,32.376874923706055,32.13999938964844,98.98123799469755,10.45984777676287,22.104441792921698,21.888229449871385,108.03527008699126,31.55375051498413,31.488750457763672,20.0,44.0,-24.0,31.403364622072463,,0.0,0.0,59.10587501549097,0.7663760332386385,0.7445351811737133,0.8521104248462832,11.696050846844773,57.268598188763015,89.608855207805,83.42489485765122,-10.391144792195005,0.7159629485186372,3.4633995019790573,0.8803455605057395,0.5897458255568718,0.2905997349488677,-1.5407261557701735,-2.2969734366521326,0.7562472808819591,32.43953111886693,1.8669944916734682,1.8497800808408904,67.0999530564572,5.342538459696641,-23659075.965851188
2015-05-28,32.96500015258789,32.98749923706055,32.775001525878906,32.94499969482422,29.692596435546875,122933200,-0.06499862670898438,0,2123141023.5817227,6223646800,0.017636336629382136,4842857.957611443,0.015989321188174196,0.021836901853886502,111756276.99107124,32.319429765032986,68.79333045368722,1378.775314992291,32.12624998092652,33.33726149480999,30.915238467043046,7.539077947799401,0.8380437363770955,0.0,0.0,32.603000005086265,33.066249974568684,32.139750035603846,2.841762840291686,0.869130828135902,0.0,0.0,30.84000015258789,33.24250030517578,32.041250228881836,7.47830871643676,0.8761704093832814,0.5456742716223266,2.7168007066201425,0.3003705017223197,0.21141599645571865,0.08895450526660106,32.443541526794434,32.21653828254113,32.541728537765536,32.241358036043216,1.1607016857847516,0.6993557340055793,0.46134595177917237,0.08804225262402039,25.262240093699823,-0.6587492942810087,22.239919848080792,11.066189268749254,11.173730579331538,32.64750099182129,32.23749923706055,32.44250011444092,32.14249897003174,99.49061899734878,9.747821046272264,21.44311478848483,21.233371148082213,104.16493871107917,31.55500030517578,31.503750801086426,16.0,40.0,-24.0,31.550495476720727,,0.0,0.0,58.28440942537482,0.6903138419351749,0.6413064618187716,0.7360838265844395,12.467676317310241,56.13364130472917,85.39874578394121,80.04933945389244,-14.601254216058797,0.7407941145055403,4.322355207143317,0.9316310478812027,0.6581228700217381,0.2735081778594646,-4.45947229433712,-2.7294732081891304,-1.7299990861479895,32.49694318519744,-0.19690587704933593,-0.19709999152848212,66.77092342834234,4.994563553700061,-43190269.9431057
2015-05-29,32.807498931884766,32.86249923706055,32.474998474121094,32.56999969482422,29.354618072509766,203538000,-0.375,0,2019403386.8780084,6020108800,0.053763229253664106,-6752800.322047333,-0.040456574892095885,0.01344085023576391,109439483.82952838,32.39335678893006,60.412709790958566,1378.775314992291,32.19037494659424,33.351746302134686,31.029003591053797,7.215643542314923,0.6634381399278265,0.0,0.0,32.65774993896484,33.11500015258789,32.2004997253418,2.8002554644922872,0.40404570459865696,0.0,0.0,30.84000015258789,33.24250030517578,32.041250228881836,7.463411521530217,0.720083010347713,0.5381069665304065,2.56156873306798,0.2803760839242102,0.22520801394941697,0.05516806997479323,32.53541644414266,32.232499856215256,32.5460779465438,32.265701862619586,1.0626360357386757,0.7851420217279325,0.27749401401074325,0.09516293068298107,25.122725803092884,-0.6878744125366225,23.983055671734498,13.11583318695515,10.867222484779347,32.666250228881836,32.23749923706055,32.45187473297119,32.14249897003174,99.34754783776525,9.647452079090176,20.1449645956744,23.812155713287282,62.13384811545894,31.573749542236328,31.503750801086426,12.0,36.0,-24.0,31.68585586299713,,0.0,0.0,53.651514197941474,0.4023031554993142,0.619664343557709,0.6685019955167313,11.713529222820684,52.42131994061941,66.99384125432839,80.6671474153582,-33.006158745671605,0.7053966971004684,3.503611612366153,0.8689601271281537,0.7002903214430213,0.16866980568513246,-3.309127929237621,-2.8454041523988285,-0.4637237768387923,32.498281083406525,-1.1382607481368878,-1.1447885184294293,64.87263546765212,4.601914938611436,76400025.83203854
2015-06-01,32.56999969482422,32.84749984741211,32.51250076293945,32.6349983215332,29.41320037841797,128451200,0.06499862670898438,1,1984892493.749037,6148560000,0.013740913035799182,-4595378.619023273,0.002934363641563615,0.015034016207306744,109695828.67685264,32.4601294485295,66.52766310045455,1381.5268809380834,32.21024990081787,33.387661137220135,31.032838664415607,7.310786100870131,0.6803738607137838,0.0,0.0,32.70366643269857,33.162416585286465,32.24491628011067,2.8054967691892654,0.4251573969207468,0.0,0.0,30.84000015258789,33.24250030517578,32.041250228881836,7.458806311611036,0.7471375879047508,0.5177961783246314,2.257817692721993,0.2667008483620279,0.23350658083193915,0.03319426753008875,32.629791259765625,32.24086519388052,32.559758004234475,32.29305715587245,1.089891976186953,0.7821706639651228,0.3077213122218302,0.10009582335076361,25.020338094943362,0.02724933624267578,24.739252890828666,15.438639492615843,9.300613398212823,32.76124954223633,32.23749923706055,32.49937438964844,32.14249897003174,98.26590994052458,9.554252323849665,19.25041094121921,22.754757433304658,60.41296325735642,31.743749618530273,31.503750801086426,8.0,32.0,-24.0,31.810387418371423,,0.0,0.0,54.3291506554137,0.444429413851732,0.5123488037620736,0.591106536379518,11.29798414771767,52.356293534602905,70.18395730535453,74.1921814478747,-29.816042694645475,0.6091321945190415,3.5949456972510263,0.8258767420957193,0.7254076055735609,0.10046913652215839,-5.620690538147024,-3.400461429548468,-2.2202291085985557,32.5016979626462,0.19956594202643618,0.19936707373866547,65.20166509576694,4.855194311389372,-33835484.56404239
2015-06-02,32.46500015258789,32.665000915527344,32.33000183105469,32.4900016784668,29.282516479492188,134670400,-0.14499664306640625,0,1978862704.7217305,6013889600,0.047016054946381225,-6728432.519221399,-0.0453974853409763,0.015347880077793936,109097490.79039025,32.542120094847675,67.9646918373314,1381.5268809380834,32.226000022888186,33.40951539827875,31.042484647497623,7.345096347979788,0.6115328372863298,0.0,0.0,32.709249877929686,33.142499923706055,32.27599983215332,2.649098022077851,0.24697267594051345,0.0,0.0,30.84000015258789,33.24250030517578,32.041250228881836,7.455160897665052,0.6867851908777535,0.4995164689394339,1.8714636383009358,0.24138062278109373,0.23508138922177008,0.006299233559323658,32.65083312988281,32.23778834709754,32.54902626180868,32.307645639027584,1.0954390894086794,0.7780755324785915,0.3173635569300879,0.10226631075828983,24.894827733760867,-0.03349895477295206,25.066778631336227,17.698959306013364,7.367819325322863,32.76124954223633,32.23749923706055,32.49937438964844,32.14249897003174,92.9441169592992,9.850045251335215,18.371839249361305,24.20255263723936,35.6148911759766,31.770000457763672,31.720001220703125,4.0,28.000000000000004,-24.000000000000004,31.924956449315772,,0.0,0.0,52.48566252065602,0.3135404761921582,0.3867576818477347,0.5062569430558391,10.425092430402012,49.22816259836058,57.60570206025933,64.92783353998075,-42.39429793974067,0.5329560055452234,0.7832569131664243,0.7471315783206014,0.7297524001229689,0.01737917819763246,-7.190934197062869,-4.1585559830513485,-3.03237821401152,32.50162745167668,-0.4442979945573744,-0.44528793136504596,64.46767741077106,4.711109520151439,8422208.980613127
2015-06-03,32.665000915527344,32.73500061035156,32.474998474121094,32.529998779296875,29.318567276000977,123934000,0.039997100830078125,1,1907362180.2345097,6137823600,0.08234420587434048,-5059084.917293356,0.022552127395747,0.014071256330281173,109250060.82542229,32.59959883156028,67.82194870086076,1383.2276216922141,32.27999992370606,33.414501032177924,31.145498815234188,7.029127082733997,0.6101800843225084,0.0,0.0,32.712333043416336,33.14058316548666,32.284082921346034,2.6182792985259273,0.2871170903139461,0.0,0.0,30.84000015258789,33.24250030517578,32.041250228881836,7.442689461791238,0.7034333067111675,0.47556503566853736,1.3966932498385782,0.22198271479636844,0.23246165433668978,-0.010478939540321336,32.67895793914795,32.21346143575815,32.546098956806865,32.3241162420105,1.078263797273933,0.7768306478717364,0.3014331494021967,0.10253832448395574,24.49506601663096,0.26750068664550497,26.54477230319,19.87100081006005,6.673771493129951,32.76124954223633,32.23749923706055,32.49937438964844,32.14249897003174,74.30614023059935,9.933421708484827,18.686040782693343,23.31323338955991,42.415341282461505,32.08250045776367,31.9037504196167,0.0,24.0,-24.0,32.030359957784576,,0.0,0.0,52.959829781158774,0.04398456469420821,0.267318151579366,0.38880821239639146,9.831038860998387,46.33955444179459,50.94651805317729,59.57872580626372,-49.05348194682271,0.46789716271793225,1.04837368947364,0.686740244139654,0.721149968926306,-0.03440972478665205,-8.925094633750923,-5.111863713191264,-3.8132309205596595,32.50175617698593,0.12310587492700975,0.12303016177668269,64.67014678401972,4.837929637915348,1402525.344008088
2015-06-04,32.39500045776367,32.64500045776367,32.227500915527344,32.34000015258789,29.14732551574707,153800400,-0.18999862670898438,0,1836447752.1181042,5984023200,0.06715503481844241,-8510910.613007516,-0.045807793713196925,0.004059571744048121,108351755.69526991,32.62608461856032,60.99425686157138,1383.2276216922141,32.33437490463257,33.36628343607731,31.30246637318783,6.382733759277951,0.5027256524119657,0.0,0.0,32.69958318074544,33.12858327229818,32.27058308919271,2.623887217041608,0.08090565102670333,0.0,0.0,31.0049991607666,33.24250030517578,32.12374973297119,6.919883718205455,0.5966481827984946,0.4697584863253164,1.3439512941919693,0.18909862048629122,0.22378904756661008,-0.03469042708031886,32.66166623433431,32.201923003563515,32.51439144846548,32.32529282797919,1.036267281163299,0.8985328188209076,0.13773446234239128,0.10016859082390167,24.13871223195344,0.18312692642211914,26.92077258414276,21.597725657210024,5.3230469269327365,32.73500061035156,32.041250228881836,32.3881254196167,32.14249897003174,37.15307011529968,10.533971702664937,17.569632700519183,25.462143024506794,12.0126774304517,32.25874900817871,32.02124881744385,68.0,20.0,48.0,32.12733118557587,,0.0,0.0,50.38744542681432,0.0,0.11917501362878864,0.2577502823519631,8.61671952517342,48.43981604711864,24.159563521194034,44.23726121154355,-75.84043647880597,0.35580896489760505,-0.6375311586834335,0.5849865660694548,0.6939172883549358,-0.10893072228548106,-8.814428963309332,-5.8523767632148775,-2.9620522000944547,32.50008361558964,-0.5840720376230291,-0.5857844092600928,63.70835450234149,4.648059873877891,39464554.14074755
2015-06-05,32.375,32.42250061035156,32.09000015258789,32.162498474121094,28.987348556518555,142507200,-0.17750167846679688,0,1756085024.795731,5841516000,0.03364135811296514,-10908675.838806944,-0.041998007025994405,-0.001912756288928628,107569589.11907157,32.62909941965487,54.824722011067436,1375.635623442568,32.37674980163574,33.30180989140308,31.451689711868397,5.714348076536122,0.38419599446316455,0.0,0.0,32.648333104451496,33.06558316548665,32.23108304341634,2.556026733127543,-0.08218641014107415,0.0,1.0,31.204999923706055,33.24250030517578,32.22375011444092,6.293097342855544,0.4699378508701721,0.45603268346915193,1.51235868948483,0.14702008084445595,0.20843525422217926,-0.061415173377723314,32.63208262125651,32.20201910459078,32.460254067797116,32.31323398695266,0.9711262147609944,0.9568931655674014,0.014233049193592917,0.09485906865926291,23.746931343610484,0.13824958801269815,24.37461098718268,22.827971971503924,1.5466390156787568,32.65875053405762,32.041250228881836,32.35000038146973,32.14249897003174,18.57653505764984,11.365372179036223,16.713213176590536,26.23675889445764,-27.372685636875232,32.25874900817871,32.02124881744385,64.0,16.0,48.0,,33.24250030517578,0.0,1.0,48.039827569279055,0.0,0.014661521564735921,0.13371822892429688,6.928664756613981,38.85327031834851,6.290525981312124,27.132202518561147,-93.70947401868787,0.24591954736148836,-1.091730105153897,0.4549841124036649,0.6461306531646818,-0.1911465407610169,-9.192610834989273,-6.520423577569757,-2.672187257419515,32.48397761013009,-0.5488610934734073,-0.5503728702135113,62.80982303771261,4.58405644368143,14588665.229635447
2015-06-08,32.224998474121094,32.3025016784668,31.707500457763672,31.950000762939453,28.795825958251953,210699200,-0.21249771118164062,0,1717132095.2988853,5630816800,-0.04330273786480349,-15746450.397234915,-0.07095121772970416,-0.010552425922457361,106177498.9559324,32.58798986286944,46.113736564765865,1375.635623442568,32.37899980545044,33.2996677274063,31.458331883494576,5.686821257529297,0.2670174922573481,0.0,0.0,32.53941663106282,32.97691663106282,32.10191663106282,2.6890463646625626,-0.17361813499813447,0.0,1.0,31.204999923706055,33.24250030517578,32.22375011444092,6.2926600380248585,0.36564451521525654,0.46992953719254926,1.7890724323238931,0.09542573714653457,0.18583335080705035,-0.09040761366051578,32.5849994023641,32.22749988849346,32.38175355935748,32.28632782221094,0.9028850935181499,1.026411762590508,-0.1235266690723581,0.0863378538890145,23.41240169135028,0.4685000419616685,21.204155781933352,23.649127070691147,-2.4449712887577952,32.38624954223633,32.041250228881836,32.21374988555908,32.14249897003174,9.28826752882492,12.822638854253276,15.278047541845435,29.50401156138777,-75.65834202519522,32.26624917984009,32.02124881744385,60.0,12.0,48.0,,33.219450302124024,0.0,0.0,45.3176945276892,0.0,0.0,0.04461217839784156,4.709169603903905,37.138273314978285,15.798067054183617,15.41605218556326,-84.20193294581638,0.10080934973323963,-1.7376553508066768,0.29556082584556964,0.5760166877008593,-0.2804558618552897,-6.09122411112378,-6.434583684280563,0.3433595731567829,32.422818013730016,-0.6607002604372414,-0.6628925462353497,61.73413811288502,4.501944363355175,87171142.13669972
2015-06-09,31.674999237060547,32.02000045776367,31.405000686645508,31.854999542236328,28.710203170776367,224301600,-0.095001220703125,0,1821076026.5896492,5406515200,0.001481689648115132,-16541089.741296222,-0.08019904362563435,-0.018513425644131578,105510552.93725245,32.51343518166646,37.88435885728579,1375.635623442568,32.39274978637695,33.27258401370662,31.51291555904729,5.432291072119397,0.19440252070397285,0.0,0.0,32.45166670481363,32.85591646830241,32.04741694132487,2.491396002343434,-0.23799321170646226,0.0,1.0,31.204999923706055,33.24250030517578,32.22375011444092,6.2899889478559015,0.31901815795558475,0.48443656058511075,2.065447919029284,0.046336900550514315,0.15793406075574315,-0.11159716020522883,32.50229104359945,32.212788361769455,32.30071447980038,32.25437757924986,0.811072571967494,1.075106532360229,-0.26403396039273486,0.07529521129988377,23.289420593503447,0.74224853515625,19.50511546288589,23.8420482401461,-4.336932777260209,32.19624996185303,32.041250228881836,32.11875009536743,32.14249897003174,4.64413376441246,14.638876918250158,13.945121207984743,31.221242608317084,-123.03727046764351,32.26624917984009,32.02124881744385,56.00000000000001,8.0,48.00000000000001,,33.15897230834961,0.0,0.0,44.114195123842876,0.0,0.0,0.004887173854912011,2.4990124894707826,44.607738816288176,24.489738721728415,15.526110585741385,-75.51026127827159,-0.05188937467687538,-3.021539873007946,0.14366081142525017,0.4895455124457375,-0.34588470102048735,-3.0299970430312384,-5.753666356030699,2.7236693129994607,32.392089578575394,-0.29734340668098325,-0.29778635044910295,61.253232316854046,4.558473308839492,65026088.52976051
2015-06-10,31.979999542236328,32.334999084472656,31.962499618530273,32.220001220703125,29.03917694091797,156349200,0.3650016784667969,1,1880889120.388325,5562864400,0.017945989035707464,-6025545.431548061,0.10393557325915474,-0.010587337568786234,107302036.88787296,32.490200513415594,44.17349588642306,1391.3979627529015,32.43037481307984,33.2070323509438,31.653717275215875,4.789692023853634,0.3645647649572155,0.0,0.0,32.382666778564456,32.76891670227051,31.996416854858392,2.3855349922059834,0.28942965696853273,0.0,0.0,31.405000686645508,33.24250030517578,32.323750495910645,5.665983292271948,0.4435377976891753,0.48399285875023246,2.193179864054502,0.03646587300340087,0.13364042320527472,-0.09717455020187385,32.42604128519694,32.214519207294174,32.28829705532387,32.25183118232047,0.8935274644967363,1.0134047630666123,-0.11987729856987606,0.06511727583932116,23.189474552077105,-0.025376033782961827,16.775586194514158,23.23490005641647,-6.459313861902313,32.13374996185303,32.041250228881836,32.08750009536743,32.18124961853027,2.32206688220623,15.374541003611323,17.475934023298667,29.08817181041431,-56.86434995336528,32.285624504089355,32.02124881744385,52.0,4.0,48.0,,33.05373401104737,0.0,0.0,49.64709673417383,0.28889754607245083,0.09629918202415012,0.03209972734138341,2.0200116562925956,49.16020825858411,44.353779768917526,28.21386184827652,-55.646220231082474,-0.15049235400032046,-2.7614219018549204,0.11306605444279523,0.4142496208451491,-0.3011835664023539,-3.710413143155708,-5.345015713455701,1.6346025702999927,32.372256164201104,1.1458222687551478,1.1393074437108908,63.10090776182804,5.025404699633373,-18374463.92924741
2015-06-11,32.29499816894531,32.54499816894531,32.119998931884766,32.147499084472656,28.973827362060547,141563600,-0.07250213623046875,0,1757645650.2211063,5421300800,0.013855935474194685,-6630990.85739485,0.0551647947274269,-0.009529185906822816,106983487.44579905,32.46077835108821,43.71728617254727,1388.2670092822516,32.46262474060059,33.1280947247872,31.79715475641397,4.099914837473519,0.2632307514867863,0.0,0.0,32.31949996948242,32.727000045776364,31.911999893188476,2.521697901754203,0.28895600882575845,0.0,0.0,31.405000686645508,33.24250030517578,32.323750495910645,5.660354432869183,0.4040808446104804,0.4780934965812639,2.3333345705819393,0.022532950262885265,0.11141892861679684,-0.08888597835391157,32.40458297729492,32.24134606581468,32.266635829039075,32.24410287877619,0.8985003151781527,1.0061519138163015,-0.10765159863814888,0.05538893783759033,23.085038933369702,0.5473735809326143,13.69112635267316,22.091352354298543,-8.400226001625382,32.12625026702881,32.041250228881836,32.08375024795532,32.20499897003174,1.161033441103115,15.480623155970815,19.429168988560715,27.309096130211646,-48.84862770906322,32.29749917984009,32.02124881744385,48.0,0.0,48.0,,32.954810011583255,0.0,0.0,48.61745930537173,0.23513556954102993,0.17467770520449344,0.09032562907621455,1.3390812034877864,43.90300315776578,40.40808446104804,36.41720098389799,-59.59191553895196,-0.17161039464614447,-0.7946295464412482,0.06988239166584774,0.34537617500928885,-0.2754937833434411,-4.910058957775776,-5.258024362319716,0.34796540454394,32.34613653791648,-0.22502213992432463,-0.22527569518331347,62.733894608946386,4.7921785223029545,-1680578.9251810014
2015-06-12,32.04750061035156,32.08250045776367,31.77750015258789,31.792499542236328,28.653873443603516,147544800,-0.3549995422363281,0,1624612848.4600937,5273756000,-0.07890464292824036,-13166325.943388525,-0.08320326275862659,-0.021063774264788292,105354174.4991926,32.377069846401916,36.571405343754286,1388.2670092822516,32.440374755859374,33.161864402629945,31.718885109088806,4.448096868179701,0.05101558523883532,0.0,0.0,32.244333394368496,32.64358342488607,31.84508336385091,2.4764043072902076,-0.06585324683183424,0.0,1.0,31.405000686645508,33.24250030517578,32.323750495910645,5.6642367184688105,0.21088377471379385,0.467284040111614,2.5330058242257407,-0.016958994857667165,0.08574334392190404,-0.1027023387795712,32.30312474568685,32.262115258436936,32.19369178491557,32.21065077977324,0.7865686122950759,1.1196448841677524,-0.3330762718726765,0.044118221367795855,23.01173039255893,0.5046249389648452,9.674253124416051,20.41746349136381,-10.74321036694776,32.070000648498535,32.12374973297119,32.09687519073486,32.20499897003174,0.5805167205515575,16.18478581332691,18.37547713073229,30.84822093714521,-139.39914935014383,32.22124910354614,32.02124881744385,44.0,0.0,44.0,,32.86182145208699,0.0,0.0,43.82484453254333,0.0,0.17467770520449344,0.1485515308110457,-0.6348801024693181,41.226254148554524,21.26193727989618,35.341267169953916,-78.73806272010381,-0.2206104166367524,-3.6882727694738224,-0.052650270786570405,0.26577088585011704,-0.31842115663668746,-5.545955615739555,-5.315610613003685,-0.23034500273587,32.28322088986671,-1.104283544121143,-1.1104260169212399,60.93685099007233,4.453891757721376,18070531.41359429
2015-06-15,31.524999618530273,31.809999465942383,31.427499771118164,31.729999542236328,28.597543716430664,175955600,-0.0625,0,1726966117.4458323,5097800400,-0.04266178954014262,-12856454.380047306,-0.06766098530296011,-0.018896465641936148,105008268.22701068,32.28791872864328,38.41399090650335,1388.2670092822516,32.41724967956543,33.1963816000985,31.63811775903236,4.806897119493776,0.05896420155722961,0.0,0.0,32.143416722615555,32.547416814168294,31.739416631062824,2.51373458546171,-0.011654810262915826,0.0,1.0,31.405000686645508,33.24250030517578,32.323750495910645,5.668277342135418,0.17687016221030352,0.45880560558287453,2.67271707461535,-0.05269246758906121,0.058056181619710996,-0.1107486492087722,32.20187473297119,32.2780767587515,32.12235451681107,32.17504698440013,0.803382162562007,1.1746303290061362,-0.37124816644412917,0.03183692401157588,23.02091135332074,0.15275001525878906,5.591767575420572,18.253573374039846,-12.661805798619273,32.070000648498535,32.22375011444092,32.14687538146973,32.20499897003174,0.2902583602757787,17.37680531234155,17.329185264287936,34.30190339960925,-168.9592913629665,32.22124910354614,32.02124881744385,40.0,8.0,32.0,,32.774412206160505,0.0,0.0,43.020771739761635,0.0,0.07837852318034316,0.14257797786311005,-2.5043755749343366,47.32796664032971,19.57826860787506,27.08276344960643,-80.42173139212494,-0.25620628805721424,-3.687965287122985,-0.16376811388840803,0.179863085902412,-0.34363119979082,-4.633440821063926,-5.179176654615733,0.5457358335518068,32.20237876086215,-0.19658724825007967,-0.1967807346022088,60.62046966329062,4.589676913376518,46705232.32870397
2015-06-16,31.75749969482422,31.962499618530273,31.592500686645508,31.899999618530273,28.750761032104492,125976400,0.1700000762939453,1,1810382799.9899335,5223776800,-0.052290851484536244,-7960389.809863896,0.04662581883388831,-0.016319455095945283,105683213.00861175,32.212882567100436,36.65547100648391,1395.7049387149389,32.38487462997436,33.19294049262635,31.576808767322376,4.990390556609211,0.19997803777232917,0.0,0.0,32.07574990590413,32.48324998219808,31.668249829610193,2.5408607904062523,0.28435551598880043,0.0,0.0,31.405000686645508,33.24250030517578,32.323750495910645,5.673943899815332,0.26938722974032026,0.4499249382130636,2.802126838372296,-0.06652703452509456,0.03313953839074989,-0.09966657291584445,32.14604139328003,32.27788440997784,32.08814607092172,32.15467310544681,0.8003553149850041,1.1467321300207238,-0.3463768150357197,0.020376660624321388,23.05540894447464,0.25012369155884073,2.839079946349126,15.619607556613083,-12.780527610263956,32.02500057220459,32.22375011444092,32.124375343322754,32.23749923706055,0.14512918013788936,18.054595334667432,18.666729144714672,32.38119616188781,-113.69635756450528,32.23749923706055,32.02124881744385,36.0,4.0,32.0,,32.6922475149896,0.0,0.0,45.92686987444775,0.19039354802199449,0.06346451600733134,0.10550691479738934,-3.332941242449395,50.516419098696076,31.279582010039956,24.039929299270398,-68.72041798996004,-0.20684608010684968,-2.0571080214054063,-0.2068969393870942,0.10251108084451077,-0.30940802023160496,-6.278731561696693,-5.3990876360319255,-0.8796439256647677,32.18054799864496,0.5357708123117311,0.5343406664237271,61.48102725834455,4.839770513187062,-17970632.352769315
2015-06-17,31.93000030517578,31.969999313354492,31.684999465942383,31.825000762939453,28.683170318603516,131672400,-0.07499885559082031,0,1808074025.5925891,5092104400,-0.03704868963934414,-8233945.453154301,0.010822142630481212,-0.016688539278637636,105373643.120493,32.15125916427325,36.78605972097081,1395.7049387149389,32.3502495765686,33.19128977512902,31.509209378008183,5.199590170516568,0.18773857983946524,0.0,0.0,32.000416628519694,32.4104164759318,31.59041678110758,2.5624656839417765,0.28607813309267116,0.0,0.0,31.405000686645508,33.24250030517578,32.323750495910645,5.680016823923303,0.22857151754397803,0.4334324291329682,2.875491112520129,-0.08259075454176923,0.009993479804246065,-0.09258423434601529,32.07854159673055,32.28730751917912,32.04766217738598,32.13025293192775,0.7761120206535054,1.1344206147699598,-0.35830859411645444,0.009463176343366025,23.064833968653165,0.1397521018981962,-1.3378017427635627,12.479765964734604,-13.817567707498167,31.97499942779541,32.22375011444092,32.099374771118164,32.23749923706055,0.07256459006894468,18.662326126033104,17.954975296680143,30.94389817535379,-97.89360369906751,32.05312442779541,32.02124881744385,32.0,0.0,32.0,,32.615012705288954,0.0,0.0,44.840312784643224,0.1609020230444472,0.11709852368881375,0.0863138542921628,-4.324701821514205,51.39582130404883,28.81650044690237,26.558117021605796,-71.18349955309763,-0.251721056769874,-2.4819905017715227,-0.2570498113312361,0.030598902409361403,-0.28764871374059753,-7.278543855402936,-5.774978879906128,-1.5035649754968077,32.14775904248968,-0.23510613319022156,-0.23538294160703188,61.101375459321616,4.7024916368323275,12191289.23574166
2015-06-18,31.8075008392334,32.07749938964844,31.80500030517578,31.969999313354492,28.8138484954834,141628800,0.14499855041503906,1,1837958547.002562,5233733200,-0.022532182694883916,-4123957.4317006185,0.021886011601415914,-0.01223549738624394,106018921.05308415,32.09188004131738,44.512760404958655,1395.7049387149389,32.32299957275391,33.17615132778689,31.46984781772092,5.278914496240832,0.29311988909536607,0.0,0.0,31.95508321126302,32.35058301289876,31.559583409627276,2.4753482819681243,0.5188572813814103,0.0,0.0,31.405000686645508,33.24250030517578,32.323750495910645,5.6848053795080355,0.30748230966213713,0.41733909466693697,2.890908744128487,-0.08266824905685866,-0.008538865967974879,-0.07412938308888378,32.03520806630453,32.306634389437164,32.03571404445806,32.11838229351492,0.8598172776282671,1.111872425295465,-0.25205514766719794,0.0002439202791654812,23.099121165030414,0.20699920654296733,-4.508224713567478,9.270561997984585,-13.778786711552062,31.97499942779541,32.323750495910645,32.14937496185303,32.23749923706055,0.03628229503447234,18.905165598392045,18.894443264638532,29.591436160804673,-67.4278412735175,31.989375114440918,32.02124881744385,28.000000000000004,72.0,-44.0,,32.54241198417035,0.0,0.0,47.42982993654399,0.3898930368065155,0.24706286929098556,0.14254196966237692,-4.497514002126482,49.76999178641263,39.16803850400312,33.08804032031515,-60.83196149599688,-0.33846343545352653,-1.6004996560432423,-0.2573860921804594,-0.026998096508602753,-0.23038799567185664,-7.509355939734162,-6.121854291871736,-1.3875016478624262,32.14111707290974,0.4556120877894587,0.454577317751248,61.83537279950937,4.885052134716798,24038043.360591546
2015-06-19,31.927499771118164,31.954999923706055,31.600000381469727,31.649999618530273,28.525440216064453,218867600,-0.31999969482421875,0,1680742930.8239264,5014865600,-0.10426474145958935,-13540187.11387327,-0.026559923307029495,-0.014342232168286303,103828193.28607877,32.02382471752567,36.921435716012496,1395.7049387149389,32.263124561309816,33.12862645569703,31.3976226669226,5.365270141411731,0.14579803536210528,0.0,0.0,31.906083234151208,32.30383294423421,31.508333524068195,2.4932531339808497,0.1780844723086204,0.0,0.0,31.405000686645508,33.24250030517578,32.323750495910645,5.695355436013216,0.13333277972635899,0.4126050783887198,2.9525291665898004,-0.10731391700699788,-0.028293876175779484,-0.0790200408312184,31.961874802907307,32.31230743114765,31.976373363546095,32.08368728055309,0.8139741936600521,1.12794959888536,-0.313975405225308,-0.009386565724220556,23.153929251362726,0.07687559127807475,-7.46643539773901,6.084940755798766,-13.551376153537777,31.97499942779541,32.323750495910645,32.14937496185303,32.23749923706055,0.01814114751723617,19.50955238029525,17.759434311446412,31.142116640476747,-96.04787709107161,31.989375114440918,32.02124881744385,24.0,68.0,-44.0,,32.47416730631886,0.0,0.0,42.66902583079919,0.0,0.18359835328365406,0.18258658208781783,-5.982489028178975,43.26932253941071,18.420973378861127,28.80183744325554,-81.57902662113888,-0.3645149118760074,-2.7051927260650896,-0.33448124608808333,-0.08849472642449888,-0.24598651966358445,-3.7439222193307047,-5.646267877363529,1.9023456580328246,32.11528959604958,-1.000937446659711,-1.005980505651305,60.21550195121772,4.4948992734357525,97337985.25842711
2015-06-22,31.872499465942383,32.01499938964844,31.770000457763672,31.90250015258789,28.75301742553711,136157200,0.2525005340576172,1,1691858107.150902,5151022800,-0.12744399810079654,-6694479.566778547,0.020692861700257286,-0.009621493093912475,104914441.82099697,31.98757100459261,43.02422654773105,1406.8397332381605,32.20149965286255,32.98116639827583,31.42183290744927,4.842425066026214,0.30825172932303946,0.0,0.0,31.896999804178876,32.259749285380046,31.534250322977705,2.274505335474505,0.5075814697112754,0.0,0.0,31.405000686645508,33.227500915527344,32.316250801086426,5.659675010569965,0.2729763530661476,0.40784454766166417,2.951704553090947,-0.10525775764702061,-0.04368665247002771,-0.0615711051769929,31.925416469573975,32.299422850975624,31.96500825416791,32.07026601181493,0.8569487776780876,1.0618236052764038,-0.2048748275983162,-0.0173319371930051,23.210046506666856,-0.03900117874145792,-9.819887486676611,2.826607094736266,-12.646494581412878,31.98624897003174,32.323750495910645,32.15499973297119,32.23749923706055,0.009070573758618085,19.879702634989737,17.6801754282609,29.27391883674519,-61.47062648559664,31.989375114440918,32.02124881744385,20.0,64.0,-44.0,,32.41001730913846,0.0,0.0,47.17477986406507,0.43784276282014295,0.27591193320888596,0.23552438526117522,-6.0034151574509425,49.656976189361444,37.40597702863748,31.664996303833913,-62.59402297136252,-0.296198665394499,-1.352813846430952,-0.32820980533258703,-0.1364377422061165,-0.19177206312647052,-4.834405296454783,-5.483895361181781,0.6494900647269981,32.113945671694985,0.7977900066380661,0.7946244871509744,61.49368521486953,4.909637615333175,-27542854.08712384
2015-06-23,31.8700008392334,31.90250015258789,31.719999313354492,31.75749969482422,28.622329711914062,121075600,-0.14500045776367188,0,1620539880.385437,5029947200,-0.09024419097049328,-8246127.832097502,-0.012247081985954433,-0.012107150906891151,104364139.5769709,31.944063307123944,37.46504359493558,1400.4454881368686,32.16912469863892,32.96588846344949,31.372360933828347,4.953593063377829,0.24168943042197594,0.0,0.0,31.900333086649578,32.21983267466227,31.580833498636885,2.0031112975833163,0.27647327698637797,0.0,0.0,31.405000686645508,33.064998626708984,32.234999656677246,5.160221036830733,0.2123490636170499,0.3853101768188376,2.9506209882579406,-0.11401427605955661,-0.05775217718793349,-0.05626209887162312,31.891666571299236,32.28269202892597,31.933083860422727,32.04709813648228,0.8192216195907639,1.0961101929836752,-0.2768885733929113,-0.024654495402158756,23.159454300755378,-0.2191239356994643,-10.910155425334715,-0.2495864185802746,-10.66056900675444,31.98624897003174,32.323750495910645,32.15499973297119,32.23749923706055,0.004535286879309043,20.322926355720405,17.12693817387368,29.21521126245375,-73.7991358389421,31.921875,32.02124881744385,16.0,60.0,-44.0,,32.34971631178888,0.0,0.0,44.98818469710585,0.30047069059370607,0.24610448447128286,0.23520492365460766,-6.637363514437308,52.877999100422755,28.42734461643058,28.084765007976397,-71.57265538356943,-0.2904046395245743,-1.2592267345857757,-0.35577098298882553,-0.18030439036265833,-0.1754665926261672,-6.43969987759949,-5.675056264465323,-0.764643613134167,32.11076711164772,-0.4545112673619345,-0.4555473103025953,60.759678219489935,4.658790444877624,-6016809.926817954
2015-06-24,31.802499771118164,32.45000076293945,31.780000686645508,32.02750015258789,28.865671157836914,221123600,0.2700004577636719,1,1562783345.0878196,5251070800,-0.1538527415995269,1460958.032823721,0.09203594175141198,-0.002261169802276228,106244119.85867052,31.926892029437898,46.06697583360493,1400.4454881368686,32.11999979019165,32.818410330539,31.421589249844295,4.348758062947586,0.4337784639119609,0.0,0.0,31.8916664759318,32.240916124979655,31.542416826883954,2.1902251443111287,0.6944650152497006,0.0,0.0,31.405000686645508,32.98749923706055,32.19624996185303,4.926832380921373,0.39336495175880004,0.4160292659484773,2.884524688894709,-0.09803699013883005,-0.06580913977811281,-0.032227850360717236,31.89812485376994,32.26269201131967,31.947609443832754,32.045646433971584,0.8775592973773154,0.9764705373921952,-0.09891124001487983,-0.029561861422518036,23.34003925077991,-0.26500024795532084,-12.666792339809852,-3.178244051078387,-9.488548288731465,31.93875026702881,32.323750495910645,32.13125038146973,32.23749923706055,0.0022676434396545213,19.12166519901906,24.148575658927843,25.903019281946143,-10.981447473648595,31.99874973297119,32.02124881744385,12.0,56.00000000000001,-44.00000000000001,31.405000686645508,,1.0,0.0,49.666558686743684,1.0,0.5794378178046161,0.36715141182826166,-5.834634445550903,47.82744466024825,54.60533690711024,40.146219517392765,-45.39466309288976,-0.2579411562751339,0.24256459404637404,-0.30592920115008526,-0.20542935252014372,-0.10049984862994155,-2.6169881389770047,-5.0634426393676595,2.446454500390655,32.10943285056226,0.8501943174313409,0.8466005206816174,62.126447868432955,4.995627255428204,108028853.2783022
2015-06-25,32.21500015258789,32.29999923706055,31.875,31.875,28.728235244750977,127752400,-0.15250015258789062,0,1435030945.0878196,5123318400,-0.2172360049762776,-1530930.3280752732,-0.009148907715048027,8.519443421994186e-05,105635821.97714213,31.91329355606736,46.38476295231941,1393.777214009497,32.06649980545044,32.65997120350522,31.473028407395656,3.701504072196298,0.33866130189414634,0.0,0.0,31.866249910990394,32.21549956003825,31.51700026194255,2.1919720709112944,0.5125269832531743,0.0,0.0,31.405000686645508,32.86249923706055,32.13374996185303,4.545237426154331,0.3224698324541418,0.4169262630596842,2.790536224406642,-0.0965671972149238,-0.07196075126547502,-0.024606445949448774,31.899791558583576,32.23798040243295,31.936438760166176,32.0330059573811,0.9193819139389328,0.9644084581644228,-0.04502654422549002,-0.033508412232406436,23.526678622012334,0.15350141525268413,-13.997699976218067,-5.808461062259955,-8.189238913958112,31.93875026702881,32.323750495910645,32.13125038146973,32.23749923706055,0.0011338217198272606,18.006208410653525,22.465242900624236,24.09738894117076,-18.77983161210401,32.049999713897705,32.02124881744385,8.0,52.0,-44.0,31.425900688171385,,0.0,0.0,47.223747664466345,0.6509039582140523,0.6504582162692527,0.4920001728483839,-5.849838061591039,39.670039056984,41.22810099600627,41.42026083984903,-58.77189900399373,-0.252955902324004,0.06278593015565236,-0.30146155294761723,-0.22463579260563843,-0.0768257603419788,-4.2162355452710205,-4.894001220548333,0.6777656752773122,32.10424421956698,-0.47615377991206964,-0.4772910034139155,61.354476658670244,4.708644400989776,-36406499.13123524
2015-06-26,31.917499542236328,31.997499465942383,31.627500534057617,31.6875,28.559236526489258,176267200,-0.1875,0,1315931141.8112946,4947051200,-0.22401445832877365,-6033668.852635949,-0.057724616448731905,0.0010299516685751023,104598956.09478919,31.89523181905705,47.12245314774323,1393.777214009497,32.02237482070923,32.59021809660662,31.454531544811843,3.546540686483737,0.2051344667417136,0.0,0.0,31.8549165725708,32.21066608428955,31.499167060852052,2.2335610950874223,0.2646988020279303,0.0,0.0,31.405000686645508,32.84749984741211,32.12625026702881,4.504660159788402,0.1958401925200156,0.4122335299421923,2.6586920122438187,-0.10927243412964316,-0.07942308783830865,-0.02984934629133451,31.85541645685832,32.20615350283109,31.89814048937138,32.00741292350102,0.9402313526264441,0.9955401001350629,-0.055308747508618805,-0.03771536477602248,23.673974546122107,0.1251242637634249,-14.088963879806624,-7.995209001729644,-6.09375487807698,32.02125072479248,32.323750495910645,32.17250061035156,32.23749923706055,0.0005669108599136303,17.562008211345795,21.087105767855654,26.722633682952708,-74.30480989736397,32.10624933242798,32.02124881744385,4.0,48.0,-44.0,31.446382689666745,,0.0,0.0,44.3363823666843,0.23827777163899486,0.6297272432843489,0.6198744257860725,-6.691942821812047,36.549744501974956,24.780696250713167,40.204711384609894,-75.21930374928684,-0.24878680285285526,-1.6527039122548624,-0.3413972706597955,-0.2479880882164699,-0.09340918244332563,-3.0294175195036623,-4.521084480339399,1.4916669608357362,32.10007376672427,-0.588235294117645,-0.5899722127188145,60.40533267832511,4.576102903583944,53102842.23848057
2015-06-29,31.364999771118164,31.61750030517578,31.1200008392334,31.13249969482422,28.05902862548828,196645600,-0.5550003051757812,0,1129166336.1647696,4750405600,-0.2667065849685771,-20762911.5896129,-0.11226546810122093,-0.001260507222538225,101154747.24235606,31.855258747479642,47.76973224301479,1393.777214009497,31.94724988937378,32.566269276736314,31.328230502011248,3.875259307177046,-0.15809747738353008,0.0,1.0,31.81833330790202,32.18558279673259,31.451083819071453,2.3084143677592475,-0.4337434549762085,0.0,1.0,31.1200008392334,32.73500061035156,31.92750072479248,5.055207495826868,0.007739230564823289,0.4277600930246333,2.610837415092841,-0.16225493828904547,-0.095989457928456,-0.06626548036058946,31.770833174387615,32.140191958500786,31.780349597902585,31.94260453619163,0.8938366566256893,1.0004499392015793,-0.10661328257588998,-0.045214452885562265,23.86225611599089,-0.15475034713745117,-14.984265634724474,-9.975580732960045,-5.008684901764429,31.785000801086426,32.18125057220459,31.983125686645508,32.23749923706055,0.00028345542995681516,18.15348405959241,19.146975325538886,32.49181843348594,-191.20914641941178,32.14687490463257,32.02124881744385,0.0,100.0,-100.0,,32.45000076293945,0.0,1.0,37.104595508917185,0.0,0.2963939099510156,0.5255264565015391,-9.786213222379335,29.459229497521047,0.8771143166525902,22.29530385445734,-99.1228856833474,-0.3453014149385325,-3.157319911515871,-0.5079577593780973,-0.2999820224487954,-0.20797573692930188,-1.0882585477434532,-3.8345192938202097,2.7462607460767563,32.05202743508887,-1.7514802530202211,-1.7670001540717628,57.59586495167286,4.128988827940084,53838404.15799594
2015-06-30,31.392499923706055,31.530000686645508,31.21500015258789,31.357500076293945,28.26181983947754,177482800,0.22500038146972656,1,1112262854.1319633,4927888400,-0.26653906578495545,-12091967.40476603,0.0006655314979530562,-0.008636938776909775,102437448.53829326,31.794461176698217,48.16363653424217,1403.8503018729841,31.890624809265137,32.507880405136305,31.273369213393973,3.8710787233734942,0.0681491293580203,0.0,0.0,31.773250007629393,32.134999656677245,31.41150035858154,2.277070485147023,-0.07463764295242369,0.0,1.0,31.1200008392334,32.73500061035156,31.92750072479248,5.064183535999459,0.14705837196256163,0.42473418290429893,2.5890438013356865,-0.1839676397406862,-0.11358509429090205,-0.07038254544978415,31.734583218892414,32.071826641376205,31.71529582534741,31.899263465088097,0.8123282078151552,1.0785385967613712,-0.26621038894621596,-0.053149752154685474,23.814427634548174,-0.1606252670288093,-15.345890959470326,-11.532035090371906,-3.81385586909842,31.785000801086426,32.17375087738037,31.9793758392334,32.23749923706055,0.00014172771497840758,18.70271163296427,17.90437678579697,30.383167565525792,-156.54855460730388,32.23062467575073,32.02124881744385,0.0,96.0,-96.0,,32.423400764465335,0.0,0.0,41.285816351260934,0.3328477231746824,0.1903751649378923,0.37216543939108565,-11.063007314073808,32.1568673117108,16.66664435845372,14.108151641939827,-83.33335564154628,-0.43040424234726515,-1.3682455679978422,-0.5767143807004451,-0.35532849409912537,-0.22138588660131975,-0.4921795210500463,-3.1660513392661773,2.673871818216131,32.02287780458315,0.7227186498844906,0.7201195539045191,58.734839659125385,4.684299007738694,20015070.430044085
2015-07-01,31.725000381469727,31.735000610351562,31.497499465942383,31.649999618530273,28.525440216064453,120955200,0.2924995422363281,1,1146639002.131867,5048843600,-0.2341892668491206,-5310351.971070382,0.04786136796949691,-0.009158612116761916,103565706.22927704,31.754971560681106,47.6171813352604,1416.9452734002778,31.846624851226807,32.397152568219504,31.29609713423411,3.457369310339895,0.3214211322813911,0.0,0.0,31.753333346048986,32.110333124796554,31.396333567301433,2.2485814314797388,0.3552748017362376,0.0,0.0,31.1200008392334,32.64500045776367,31.882500648498535,4.788575322045554,0.347540270080634,0.4200108180196308,2.483539736484923,-0.17554922138633344,-0.12597791970998834,-0.0495713016763451,31.727916558583576,32.04278821211595,31.705250255067853,31.880799476454186,0.8079222061231296,1.05435253592337,-0.2464303298002405,-0.05916124464085331,23.710274285502166,0.0533747673034668,-15.36096071450971,-12.737894646032155,-2.6230660684775557,31.785000801086426,32.09249973297119,31.93875026702881,32.23749923706055,7.086385748920379e-05,18.58835463131142,20.170005141110554,28.49205054041902,-78.2813680320833,32.296249866485596,32.02124881744385,0.0,92.0,-92.0,,32.3973327659607,0.0,0.0,46.285076883518116,0.730815816337185,0.3545545131706223,0.28044119601984346,-10.557879295568382,34.2482621047485,39.84953456388399,19.131097746330102,-60.15046543611601,-0.5296764205483839,-0.25212708748881474,-0.5506424690384151,-0.39439128908698334,-0.15625117995143173,-2.7469385206680523,-3.0822287755465525,0.33529025487850017,32.018694337223415,0.9327897361864457,0.9284661187699772,60.21550195121772,4.933092399914742,-30020914.223036885
2015-07-02,31.607500076293945,31.672500610351562,31.4424991607666,31.610000610351562,28.489391326904297,108844000,-0.03999900817871094,0,1196329027.1262693,4939999600,-0.1998266591095738,-5173680.553232273,-0.012414667100209923,-0.004102283855446439,103428150.08081964,31.73724508558838,48.48942430259405,1415.1545496637018,31.81012487411499,32.320287732951144,31.299962015278837,3.2075501800452906,0.3038623742426331,0.0,0.0,31.715750058492027,32.06850007375081,31.363000043233235,2.2244469363532398,0.3501070962918599,0.0,0.0,31.1200008392334,32.54499816894531,31.832499504089355,4.4796973773324735,0.343860132858793,0.4010098811761639,2.3060092695949903,-0.17014383761428675,-0.13481110329084803,-0.035332734323438725,31.703749974568684,31.98894214630127,31.690596463573037,31.860740301187324,0.8553188618888006,0.9924348128471105,-0.13711595095830997,-0.06375578746251652,23.674178027449265,0.01487588882446289,-16.007845293090668,-13.686940189960119,-2.320905103130549,31.785000801086426,32.05375003814697,31.9193754196167,32.23749923706055,3.5431928744601895e-05,18.59866307160825,19.37858849201351,28.312381935109386,-88.14607056666428,32.376874923706055,32.13999938964844,0.0,88.0,-88.0,,32.371786127426155,0.0,0.0,45.71188427402817,0.6851865941068808,0.5829500445395825,0.37595990754936576,-10.325077900013065,37.47118533004557,36.84209016740212,31.119423029913282,-63.15790983259788,-0.6222572438857128,-0.9090878108044067,-0.5340234909982495,-0.4223177294692366,-0.1117057615290129,-5.189084115687514,-3.503599843574745,-1.685484272112769,32.009082442912536,-0.12637917428375278,-0.12645910010906647,60.013022922777196,4.745495169314282,-10741127.959657013
2015-07-06,31.235000610351562,31.5575008392334,31.212499618530273,31.5,28.39025115966797,112241600,-0.1100006103515625,0,1271156346.7724435,4827758000,-0.15282468425031592,-6198389.689461368,-0.05302186722616202,-0.003056632564246576,103037557.09542143,31.727366921595387,49.964544441621044,1415.1545496637018,31.776999950408936,32.27727902949028,31.27672087132759,3.1486866592949525,0.2231545731258776,0.0,0.0,31.684583409627276,32.03633359273275,31.332833226521814,2.2203238626049986,0.23762144485943693,0.0,0.0,31.1200008392334,32.54499816894531,31.832499504089355,4.484367095495986,0.2666665774338149,0.4006589922406764,2.1065261113165326,-0.17274486668001998,-0.14239785596868243,-0.030347010711337552,31.676666577657063,31.933365234961876,31.661273930715648,31.834018797395668,0.8684582255559908,0.9528520663573902,-0.08439384080139933,-0.0677508314425268,23.679650570657053,0.19299936294555664,-16.563583863351948,-14.436239787368486,-2.127344075983462,31.785000801086426,31.991250038146973,31.8881254196167,32.23749923706055,1.7715964372300948e-05,19.080692819385686,18.05971711357387,30.323432540617105,-126.85418959049362,32.44250011444092,32.14249897003174,0.0,84.0,-84.0,,32.3467504216623,0.0,0.0,44.09463882388443,0.5564451364819778,0.6574825156420143,0.5316623577840731,-10.602507445911124,40.26306341001293,28.5713671101372,35.0876639471411,-71.4286328898628,-0.6834189246682563,-1.0212121135843613,-0.5426423467908242,-0.44638265293355417,-0.09625969385727007,-6.97663899071455,-4.198207673002706,-2.778431317711844,32.003467734883195,-0.34799306620557635,-0.3485999704751386,59.45618869798,4.631076169971081,6759554.251190573
2015-07-07,31.47249984741211,31.537500381469727,30.9424991607666,31.422500610351562,28.32040786743164,187787200,-0.0774993896484375,0,1386353830.0878253,4639970800,-0.10500255959320473,-7391961.645793896,-0.04594320026705584,-0.009668705357171157,102575544.60704719,31.685339330992154,42.80430735263279,1415.1545496637018,31.75062494277954,32.267001445972376,31.234248439586704,3.2527013507509936,0.18228189083049498,0.0,0.0,31.625083414713544,32.011833826700844,31.238333002726232,2.4458459566141126,0.23809620095682654,0.0,0.0,30.9424991607666,32.54499816894531,31.743748664855957,5.047141626556039,0.2995330712438301,0.4200932150869212,1.9934063498053143,-0.17899639498917708,-0.14971756377278136,-0.029278831216395712,31.631041685740154,31.889230654789852,31.624539573736556,31.803535968725733,0.7951151189284483,0.9859789655152186,-0.19086384658677025,-0.07151563438710296,23.84137596628098,-0.10062532424926829,-16.78190889552612,-15.088656839611977,-1.693252055914142,31.696249961853027,31.894999504089355,31.79562473297119,32.23749923706055,8.857982186150474e-06,20.02577856005497,16.2742731384336,31.81179073632122,-145.10465115772087,32.45187473297119,32.14249897003174,0.0,100.0,-100.0,,32.32221543001372,0.0,0.0,42.94193871831472,0.4646839930004891,0.5687719078631158,0.6030681560149042,-11.15881440928112,48.62925960514116,31.840858337603514,32.41810520504762,-68.1591416623965,-0.6754926008336675,-1.7125389889333806,-0.5628191631433519,-0.4696699549755137,-0.09314920816783817,-4.322074964912817,-4.222981131384729,-0.0990938335280882,31.97901344611697,-0.2460298084077328,-0.246332959070239,59.06387894243208,4.611294675012225,84926045.47997344
2015-07-08,31.1200008392334,31.15999984741211,30.635000228881836,30.642499923706055,27.617406845092773,243046400,-0.7800006866455078,0,1150251335.4309485,4396924400,-0.21168759392224662,-33418304.10878316,-0.07398267538897758,-0.015726192358561073,96542404.17568806,31.584569932485934,35.058057271824794,1415.1545496637018,31.689999961853026,32.39381282048612,30.98618710321993,4.441860899213078,-0.24416091244863353,0.0,1.0,31.527000109354656,31.948000399271642,31.10599981943766,2.670728508622502,-0.5504745564700129,0.0,1.0,30.635000228881836,32.54499816894531,31.589999198913574,6.027131405372814,0.003926546027567708,0.45683393172520176,2.206671768426769,-0.24407674806933244,-0.1685894006320916,-0.07548734743724084,31.547083377838135,31.812596101027268,31.47345655065494,31.717533298724273,0.7023218401130111,1.007462379699493,-0.3051405395864819,-0.07958180024839495,24.064941344795145,0.2125001907348647,-19.204813060606636,-15.815103586367176,-3.38970947423946,31.46749973297119,31.6850004196167,31.576250076293945,32.13499927520752,4.428991093075237e-06,21.399789762868675,14.264246883069948,32.7054647034927,-226.12556861926805,32.49937438964844,32.14249897003174,4.0,100.0,-96.0,,32.267026779243835,0.0,0.0,33.46100840457683,0.0,0.3403763764941556,0.5222102666664286,-14.866195113798952,41.860994272069306,0.41320620481870735,20.275143884186477,-99.5867937951813,-0.7214485448949475,-3.1832534185382837,-0.7695325666424052,-0.529642477308892,-0.2398900893335132,0.4687033880914887,-3.284644227489485,3.753347615580974,31.84714931717156,-2.4822998535913854,-2.513628449750982,55.115436508327306,3.8858267607286265,100528404.68489498
2015-07-09,30.962499618530273,31.014999389648438,29.80500030517578,30.017499923706055,27.054107666015625,314380000,-0.625,0,946293948.0276558,4082544400,-0.2809149869673137,-56713903.52181414,-0.18763114207946746,-0.03069170333576703,90130149.9376456,31.39685728642391,26.941059314447728,1415.1545496637018,31.579874897003172,32.55461251759057,30.60513727641578,6.173156947369005,-0.30143360648971457,0.0,1.0,31.34633337656657,31.821333567301433,30.87133318583171,3.03065870593947,-0.8987714939700423,0.0,1.0,29.80500030517578,32.54499816894531,31.174999237060547,8.676405060836856,0.07755466576821658,0.5321504469999472,2.717743587560769,-0.3421416771427417,-0.20329985593422162,-0.13884182120852007,31.390000025431316,31.717499879690315,31.249463223432034,31.591604900574776,0.6060280133085937,1.0426980397910965,-0.43667002648250286,-0.0938562725911805,24.600751867621927,0.17762479782104634,-24.492857654174593,-16.981232217251236,-7.511625436923357,30.901249885559082,31.270000457763672,31.085625171661377,31.719999313354492,2.2144955465376185e-06,23.67289040469948,11.843732480635456,38.7956107996221,-271.9370649286659,32.49937438964844,32.14249897003174,0.0,100.0,-100.0,,32.16910518622212,0.0,0.0,28.10622880923593,0.0,0.15489466433349627,0.3546809828969226,-20.11245379084975,39.19711634894551,8.03401065230591,13.429358398242712,-91.96598934769409,-0.9000515489017289,-5.9086285396629865,-1.0830145483888247,-0.6403168915248786,-0.44269765686394613,7.05085455192055,-1.2175444716074781,8.268399023528028,31.45663034810625,-2.039650816859362,-2.0607389362287787,51.95162324051026,3.707643671212807,134190530.85447264
2015-07-10,30.485000610351562,30.962499618530273,30.302499771118164,30.81999969482422,27.777385711669922,245418000,0.8024997711181641,1,1085736025.7203414,4327962400,-0.195845061668236,-20476504.61465818,0.05983663192643156,-0.024520520819091236,96691252.27224539,31.29792620003944,36.407419339844495,1452.987853739271,31.51349992752075,32.505232504191724,30.521767350849775,6.294017350988643,0.15035925560474356,0.0,0.0,31.214166704813643,31.71266695658366,30.71566645304362,3.194064134303124,0.10464713047801157,0.0,0.0,29.80500030517578,32.45000076293945,31.127500534057617,8.393229770882389,0.38374261398299037,0.5734353717823744,2.806906723378017,-0.35105704806954563,-0.23285129436128643,-0.1182057537082592,31.311875025431316,31.651730684133675,31.183391911338525,31.53444895940807,0.6934039273283424,0.9943650738258021,-0.30096114649745964,-0.10662631374590292,25.027916504028564,0.5140002250671394,-27.767652164959898,-18.50108647115715,-9.266565693802747,30.770000457763672,31.225000381469727,30.9975004196167,31.719999313354492,1.1072477732688092e-06,25.783626714970943,10.364493873006069,33.9501817598161,-155.9515632605169,32.49937438964844,32.14249897003174,0.0,96.0,-96.0,,31.979976795738413,0.0,0.0,41.132687515553826,0.604186428515985,0.2013954761719949,0.23222217233321563,-19.7483504628359,46.1745020847026,38.37426139829903,15.607159418474552,-61.62573860170097,-1.024757435742547,-2.9520585972100064,-1.1132493500090488,-0.7349033832217127,-0.3783459667873361,8.792540894617119,0.7844726016374413,8.008068292979678,31.421039385247703,2.673439737345995,2.6383277609007827,56.01395831776435,4.95968504788825,15446882.447165966
2015-07-13,31.25749969482422,31.440000534057617,31.079999923706055,31.415000915527344,28.313644409179688,165762000,0.595001220703125,1,1228475916.047981,4493724400,-0.11485427201592968,-3461490.7631082404,0.13628007339237802,-0.016264291412511185,99891401.30932519,31.266509566687652,37.09171543870462,1481.0387802545904,31.4946249961853,32.478739169220745,30.510510823149858,6.249410324172088,0.4595453033602993,0.0,0.0,31.16825008392334,31.66575050354004,30.67074966430664,3.1923538747099003,0.7479905763638489,0.0,0.0,29.80500030517578,32.45000076293945,31.127500534057617,8.398259887469814,0.60869577758516,0.5780919185274768,2.806096821256154,-0.3065768903285324,-0.24759641355473566,-0.05898047677379675,31.260833422342937,31.616153790400578,31.219024065829114,31.525600956157646,0.7633856782721131,0.9531899363475499,-0.18980425807543677,-0.11401131962647576,25.305397107486534,0.3803750038146987,-28.448023202566308,-19.99705953425069,-8.45096366831562,30.770000457763672,31.174999237060547,30.97249984741211,31.52375030517578,50.000000553623885,26.28827576896206,15.76928550801378,31.197157945508476,-36.89172376864092,32.3881254196167,32.14249897003174,16.0,92.0,-76.0,,31.805978676493403,0.0,0.0,48.57289133550502,0.9492740900787606,0.5178201728649151,0.29137010445680217,-16.527529710599236,49.55819326145946,60.869577758516,35.759283269706984,-39.130422241484,-0.9972206957199994,-1.9124166236591387,-0.9724696152656566,-0.7824166296305014,-0.19005298563515516,6.767075602219432,1.9809932017538396,4.786082400465592,31.420973427773315,1.9305685483282042,1.912169500781502,59.02591472804897,5.242167889660102,-40187077.35381165
2015-07-14,31.510000228881836,31.592500686645508,31.260000228881836,31.40250015258789,28.302377700805664,127072400,-0.012500762939453125,0,1210322507.7807117,4366652000,-0.15194701328007182,-3193920.9324566866,0.04350140329963523,-0.01228225674925478,99840836.23206103,31.24888710361395,42.08478719547338,1480.4494403164545,31.47825002670288,32.457037699818386,30.499462353587376,6.218818849746751,0.46130423574201923,0.0,0.0,31.181083424886065,31.662083943684895,30.70008290608724,3.08520722159984,0.7301626703592272,0.0,0.0,29.80500030517578,32.45000076293945,31.127500534057617,8.40262865794613,0.6039695920365865,0.5535327724510963,2.813264801911686,-0.26923122201574756,-0.25192337524693803,-0.01730784676880953,31.221458435058594,31.586923085726223,31.247251156099694,31.51648237811544,0.7967915760391535,0.9207296951771643,-0.12393811913801078,-0.11732374921929521,25.373888732354125,0.20924997329711914,-27.908172662180952,-21.39286861232965,-6.515304049851302,30.770000457763672,31.174999237060547,30.97249984741211,31.52375030517578,75.00000027681195,26.341875876940957,17.115687098152826,29.801464236927067,-15.073400881244671,32.35000038146973,32.14249897003174,12.0,88.0,-76.0,,31.645900406787995,0.0,0.0,48.434385597746605,0.9428499890308956,0.8321035025418803,0.5171063838595967,-14.212913942701277,48.823933133216585,60.396959203658646,53.213599453491234,-39.603040796341354,-0.9209264586953552,-1.4823524624693627,-0.8542553029417317,-0.7967843642927475,-0.05747093864898423,3.4266618667810183,2.2701269347592756,1.1565349320217426,31.420749149017876,-0.039792336702670905,-0.03980025595389236,58.962634600615885,4.868036360473667,-33767547.10190961
2015-07-15,31.43000030517578,31.787500381469727,31.395000457763672,31.704999923706055,28.575010299682617,134596800,0.30249977111816406,1,1288336888.560465,4501248800,-0.15314757816629967,3078853.6569281686,0.04811590798504509,-0.015419402018280988,101137405.00828575,31.193977169424755,39.923972184273964,1480.4494403164545,31.46850004196167,32.434084641957924,30.502915441965413,6.136832697514635,0.6224646093906756,0.0,0.0,31.207250086466473,31.696000544230138,30.718499628702794,3.1322878908553777,1.009206517695241,1.0,0.0,29.80500030517578,32.45000076293945,31.127500534057617,8.405232070917572,0.7183362153882986,0.5374294875765921,2.812344117987684,-0.212772597328037,-0.24409321966315783,0.03132062233512084,31.2229167620341,31.57749997652494,31.317674043423747,31.530446640751784,0.80156922544341,0.9666558922397689,-0.16508666679635886,-0.11568055731263273,25.320669941358247,-0.33600034713744975,-27.27986518327836,-22.71719133108172,-4.562673852196639,30.796250343322754,31.174999237060547,30.98562479019165,31.52375030517578,87.50000013840597,25.876205047589433,18.86813713226684,28.197768962576813,26.35556780229852,32.21374988555908,32.14249897003174,8.0,84.0,-76.0,29.80500030517578,,1.0,0.0,52.00117623702278,1.0,0.9640413597032186,0.7713216783700046,-11.107840528813549,49.99123148798412,76.15232192083468,65.80628629433645,-23.847678079165323,-0.7469558154835418,0.05522658368774655,-0.674816312475058,-0.7723907539292096,0.09757444145415162,1.0080074504777334,2.017703037902967,-1.0096955874252336,31.424982790405014,0.9632983668443229,0.9586882307254463,60.49391906361632,5.099074538583949,4235463.3917678
2015-07-16,31.934999465942383,32.14250183105469,31.837499618530273,32.127498626708984,28.955799102783203,144889600,0.4224987030029297,1,1418972111.4634912,4646138400,-0.11370619414560583,11384112.860026041,0.08393958249825978,-0.008770224145901858,103068194.10230628,31.200850085556265,45.69539174172635,1480.4494403164545,31.483624935150146,32.48005649040235,30.487193379897942,6.329840082294518,0.8230897737857527,0.0,0.0,31.248083432515465,31.743583997090656,30.752582867940266,3.1713981156335365,1.3874007993789748,1.0,0.0,29.80500030517578,32.45000076293945,31.127500534057617,8.401194154776757,0.878071047101768,0.5274367295537962,2.7977461544985305,-0.13241027293340935,-0.22175663031720816,0.08934635738379881,31.305833339691162,31.587980710543118,31.442262440852243,31.574672713785652,0.8299609890217973,0.8965401069558663,-0.06657911793406901,-0.10795986747960469,25.251157132740644,-0.12612485885620117,-26.36555041202414,-23.868047455407662,-2.4975029566164793,30.973751068115234,31.174999237060547,31.07437515258789,31.52375030517578,93.750000069203,24.586154126314415,22.646780268474227,26.486812341816297,98.87636521279501,32.11875009536743,32.14249897003174,4.0,80.0,-76.0,29.84465030670166,,0.0,0.0,56.52439949208352,1.0,0.9809499963436318,0.9256982861962436,-6.950429497548,52.16295821068974,99.35815210473234,78.63581107640856,-0.641847895267657,-0.40474241481107853,3.1960136244703294,-0.41935596334969577,-0.7017837958133069,0.2824278324636111,-0.4804239109373083,1.5180776481349119,-1.9985015590722202,31.438916573256574,1.3325932944949326,1.323792370850052,62.63265026713019,5.3249949647032295,18604632.59080258
2015-07-17,32.27000045776367,32.404998779296875,32.07749938964844,32.404998779296875,29.205913543701172,184658800,0.2775001525878906,1,1603630911.4634912,4830797200,-0.06762655483456137,17078217.476693287,0.04455985008319596,-0.0014641908221927247,104663178.06828788,31.242139785554446,53.22728498180047,1480.4494403164545,31.505374908447266,32.56057988565758,30.450169931236946,6.698571150330255,0.9262792018039842,0.0,0.0,31.320166651407874,31.825417009989422,30.814916292826336,3.226358047228537,1.573558988591903,1.0,0.0,29.80500030517578,32.45000076293945,31.127500534057617,8.395394326999392,0.9829860204710033,0.5074429955632602,2.762658391174495,-0.045802624578083595,-0.18656582916938327,0.14076320459129968,31.39312489827474,31.595096001258263,31.59037572368988,31.636178348267965,0.8930095321034002,0.8217920574735582,0.07121747462984196,-0.09456489511633054,25.160428298843396,0.1446247100830078,-24.510847829125098,-24.75107678493801,0.24022895581291337,31.104999542236328,31.174999237060547,31.139999389648438,31.52375030517578,96.8750000346015,22.840848237600255,25.328452740163176,25.25163590760518,137.80031448069587,32.08750009536743,32.18124961853027,0.0,76.0,-76.0,29.936564367675782,,0.0,0.0,59.24122110217745,1.0,1.0,0.9816637853489502,-2.6680965707709667,61.022548377981316,100.0,91.836824675189,-0.0,-0.0704190142014447,3.340504505953367,-0.14477925896694543,-0.5903828884440346,0.4456036294770892,0.19595176664041072,1.2536524718360118,-1.057700705195601,31.471639837071674,0.8637465238491737,0.8600375755343226,64.03738413045632,5.316437038845901,55691089.24466936
2015-07-20,32.74250030517578,33.24250030517578,32.67499923706055,33.01750183105469,29.757946014404297,235600800,0.6125030517578125,1,1652413312.4153152,5066398000,-0.008136586436472854,35253644.836677395,0.1728272595189574,0.018899575436391442,109116386.35196717,31.401819913597034,62.01869185285538,1480.4494403164545,31.573750019073486,32.81788796382814,30.32961207431883,7.880837366502743,1.0802217583942872,1.0,0.0,31.475666681925457,32.0031670252482,30.948166338602697,3.3517977468332023,1.9614541664723237,1.0,0.0,29.80500030517578,33.24250030517578,31.52375030517578,10.887208513158651,0.9345458984375,0.5404488485948249,2.611235504228395,0.07143498010922045,-0.13496566731366255,0.206400647422883,31.507083415985107,31.62855764535757,31.80993358636139,31.73849860625217,1.0088745119489975,0.7166404776793898,0.2922340342696077,-0.0739752823833158,25.188179969665484,0.03625059127807617,-19.8802297491212,-25.09533465755969,5.215104908438491,31.52375030517578,31.52375030517578,31.52375030517578,31.52375030517578,98.43750001730075,22.66439959758463,33.826917252460994,22.377714855835656,215.37830233170516,32.08375024795532,32.20499897003174,100.0,72.0,28.0,30.08467043237305,,0.0,0.0,64.51254922787533,1.0,1.0,0.9936499987812106,2.898650922979687,72.17636457368148,93.45458984375,97.6042473161608,-6.54541015625,0.2611323805416319,4.320702145360458,0.2250735959360991,-0.4272915915680079,0.652365187504107,2.9946256721369466,1.6018471118961988,1.3927785602407479,31.58203843025914,1.8901498991851007,1.8725085183448176,67.13793658122403,5.695367011974049,85332604.36103112
2015-07-21,33.212501525878906,33.22999954223633,32.58000183105469,32.6875,29.46051597595215,307025600,-0.3300018310546875,0,1446940961.7624128,4759372400,-0.06705235417188381,15743265.54848576,-0.011379110369081673,0.018039243874460386,106047740.79849383,31.57100668832367,51.95146517732157,1480.4494403164545,31.613000011444093,32.942732861275054,30.283267161613136,8.412569824753033,0.9040285192219247,0.0,0.0,31.628833389282228,32.16183338165283,31.095833396911623,3.370342407578133,1.4931206621684716,1.0,0.0,29.80500030517578,33.24250030517578,31.52375030517578,10.873691199049773,0.8385453657670454,0.5514037348535065,2.541368460814714,0.13614879805520275,-0.08074277423988949,0.21689157229509223,31.596875031789143,31.662980739886944,31.94494380384425,31.808795005789047,0.9953933107404046,0.7263516450402991,0.26904166570010546,-0.05131269105859162,25.290797346353408,-0.11300001144409322,-15.407326709153967,-24.6733917296205,9.266065020466534,31.52375030517578,31.52375030517578,31.52375030517578,31.52375030517578,99.21875000865037,22.29301317725609,30.888626205651683,21.70342914824602,167.56732991792367,32.09687519073486,32.20499897003174,96.0,68.0,28.0,30.337296822197267,,0.0,0.0,60.00945200776043,0.8763100151750192,0.9587700050583395,0.9862566683527798,5.873268660594859,63.681239834125286,83.85453657670455,92.43637547348486,-16.145463423295453,0.5448971523958086,3.408729417409694,0.42802249513200463,-0.2562287742280054,0.68425126936001,7.940509508487511,2.8695795912144613,5.07092991727305,31.63777439759928,-0.9994754683235962,-1.004503756777586,65.46743390683243,4.950196028739647,125026769.10742879
2015-07-22,30.497499465942383,31.375,30.497499465942383,31.30500030517578,28.21450424194336,461802400,-1.3824996948242188,0,1835065852.03005,4297570000,0.05372077146124464,-77711726.25402531,-0.37409507037548007,-0.012100501721609397,86516064.25335911,31.489206533914366,42.02894052752738,1480.4494403164545,31.59037504196167,32.92489316737478,30.25585691654856,8.448890674076925,0.39307948264189,0.0,0.0,31.653500048319493,32.22175013224284,31.085249964396162,3.5904407604586983,0.193357068478027,0.0,0.0,29.80500030517578,33.24250030517578,31.52375030517578,10.88147891702441,0.43636363636363634,0.7152634147739175,2.8776452262486343,0.07501407807755811,-0.04959140377639997,0.12460548185395809,31.58062505722046,31.646634615384617,31.846490957895256,31.771476879817698,0.8829443353451595,0.8653605160158752,0.017583819329284323,-0.036635408351279826,25.512853748449263,-0.16787443161010884,-12.85610727428706,-23.380419465188552,10.524312190901492,31.772500038146973,31.52375030517578,31.648125171661377,31.52375030517578,99.60937500432519,22.498870453198524,23.48635375955315,39.290414648084514,-71.37859668529418,32.14687538146973,32.20499897003174,92.0,64.0,28.0,,33.24250030517578,0.0,1.0,45.63733426478236,0.48154016264084776,0.7859500592719555,0.9149066881100983,3.041450206745492,52.238658398836264,43.63636363636363,73.64849668560606,-56.36363636363637,0.4629778918097962,-0.6190466502356151,0.236105102577745,-0.15776199886685532,0.39386710144460035,16.63881347554193,5.623426368079955,11.015387107461976,31.631353408882752,-4.229444573076002,-4.32149028794,58.46908050325177,3.621870776842627,233274616.73318264
2015-07-23,31.549999237060547,31.772499084472656,31.264999389648438,31.290000915527344,28.20098114013672,203998000,-0.0149993896484375,0,1651167415.9441197,4093572000,0.022228126136139927,-67047171.859093405,0.1449123621607107,-0.0008628567744007788,86418321.22637706,31.48305774653794,47.37353264345234,1479.7401019425959,31.55350008010864,32.878388311812635,30.228611848404647,8.39772594698111,0.40055796471133265,0.0,0.0,31.769833374023438,32.26783351898193,31.271833229064942,3.135050405178917,0.01824064374912563,0.0,0.0,29.80500030517578,33.24250030517578,31.52375030517578,10.894195544940523,0.4320001775568182,0.6944870427789477,3.1803765289887833,0.02506511164930103,-0.03466010069125977,0.0597252123405608,31.569583415985107,31.62317312680758,31.76087710522327,31.735811993573968,0.966520355859306,0.824047053138007,0.142473302721299,-0.027970931927179768,25.71255962924709,-0.9110001564025865,-9.594549966912925,-21.36118588762778,11.766635920714855,31.869999885559082,31.52375030517578,31.69687509536743,31.52375030517578,97.4762055266199,22.06918379166465,26.58094367723959,37.07322381887517,-16.26019859633162,32.124375343322754,32.23749923706055,88.0,60.0,28.0,,33.22999954223633,0.0,0.0,45.509983660036646,0.47804212704479465,0.6119641016202203,0.7855613886501717,0.9315675323390485,49.131894466771975,43.20001775568182,56.89697265625,-56.79998224431818,0.39571293101591465,-0.4216713891337126,0.07898052728058871,-0.11041349363736651,0.1893940209179552,13.96944099062857,7.2926292925896785,6.676811698038891,31.613957932762695,-0.047913718262948546,-0.04792520055283411,58.39315207448556,4.330293418416115,-121227023.26680285
2015-07-24,31.329999923706055,31.434999465942383,30.975000381469727,31.125,28.05227279663086,168649200,-0.16500091552734375,0,1592506763.8319342,3924922800,0.03920113853208662,-61444329.07964494,-0.08557668633885661,-0.003188200996736107,85528986.88349614,31.468756158041366,46.53947547403507,1471.9370190273157,31.516000080108643,32.84481679077281,30.187183369444476,8.43264822494306,0.3528765942771693,0.0,0.0,31.818166732788086,32.296166801452635,31.340166664123537,3.0045732846825417,-0.2250697000156041,0.0,1.0,29.80500030517578,33.24250030517578,31.52375030517578,10.907158241091585,0.3839999112215909,0.6710382469483186,3.5025311040611866,-0.02751680245079058,-0.03323144104316594,0.005714638592375358,31.60979175567627,31.596250020540676,31.663049858265843,31.690566660716634,0.9659949946583127,0.8518339175369494,0.11416107712136336,-0.02467398429347241,25.884185137204135,-1.4985001564025886,-8.325063048530945,-19.125301426068294,10.80023837753735,31.869999885559082,31.52375030517578,31.69687509536743,31.52375030517578,91.5412315011509,21.97879994980348,25.193210891284256,38.42906915291566,-48.7951833560813,32.099374771118164,32.23749923706055,84.0,56.00000000000001,27.999999999999993,,33.17534954071045,0.0,0.0,44.053652588367754,0.4380399775574964,0.46587408908104616,0.621262749991074,-1.201455629514948,46.450746365777874,38.39999112215909,41.74545750473485,-61.60000887784091,0.21938222997328793,1.5746106795962402,-0.08682963212803696,-0.10569672133550059,0.018867089207463633,10.485510529039066,7.9312055398795565,2.55430498915951,31.608132948558428,-0.5273279344823023,-0.5287232155341659,57.55790073728977,4.316925106749267,-40152181.427618146
2015-07-27,30.772499084472656,30.90250015258789,30.530000686645508,30.6924991607666,27.662471771240234,177822000,-0.43250083923339844,0,1569830240.84387,3747100800,0.0631797505947665,-63653448.38743301,-0.102382680013097,-0.007219592407167618,83058041.84786043,31.435467100456588,46.73781460124166,1471.9370190273157,31.466250038146974,32.8394222386253,30.093077837668645,8.727904970014626,0.21826152717377872,0.0,0.0,31.757833353678382,32.23708330790202,31.278583399454753,3.0181527114041815,-0.6114598796755091,0.0,1.0,29.80500030517578,33.24250030517578,31.52375030517578,10.924403117094254,0.2581814852627841,0.663434353588936,3.9439442667652225,-0.10290136845152631,-0.04716542652483802,-0.05573594192668829,31.66604169209798,31.547115399287296,31.51373436634288,31.616635734794407,0.9414626941678215,0.8800096511752455,0.061453042992575924,-0.02773346532185393,25.97203097098917,-0.6462503433227553,-9.247757580480986,-17.051921972546076,7.80416439206509,31.869999885559082,31.52375030517578,31.69687509536743,31.52375030517578,79.78159361134479,22.34038902556392,23.485261365604313,40.894120199720554,-106.30725316270885,32.14937496185303,32.23749923706055,80.0,52.0,28.0,,33.121792539215086,0.0,0.0,40.40391092779407,0.33778975675503714,0.4179572871191093,0.49859849260679195,-4.200540650206146,41.942367773614514,25.81814852627841,35.80605246803978,-74.1818514737216,-0.1912132094888115,2.248685729245133,-0.3254659012890558,-0.14965055732621163,-0.17581534396284415,7.918159428749508,7.928596317653547,-0.01043688890403871,31.580223932063657,-1.3895609292639333,-1.3993057055286862,55.368537707675934,4.041520487134598,6596300.260823965
2015-07-28,30.844999313354492,30.977500915527344,30.637500762939453,30.844999313354492,27.79991340637207,134472400,0.15250015258789062,1,1599492049.9520166,3881573200,0.11887402897568458,-51630518.40081974,0.023071765353624075,-0.00028713235412464226,83726187.5538013,31.45830250890038,52.77318911509142,1479.2505525009394,31.451875019073487,32.84460182708376,30.059148211063217,8.856240253820626,0.2821267953526318,0.0,0.0,31.698000017801924,32.17799994150798,31.218000094095867,3.028581761855525,-0.3885425416961057,0.0,1.0,29.80500030517578,33.24250030517578,31.52375030517578,10.92939609455838,0.302545166015625,0.6310909334888315,4.160697705114671,-0.14862543085590119,-0.06745742739105065,-0.08116800346485054,31.66812499364217,31.51615384908823,31.410852050498512,31.559477481354413,1.0076185457458566,0.8552563490302938,0.15236219671556284,-0.03393192491225163,26.0385349071542,-0.03687410354614329,-8.899110529947869,-15.009615899953799,6.11050537000593,31.869999885559082,31.52375030517578,31.69687509536743,31.52375030517578,61.439729426197786,22.548262122886893,23.428143023010804,39.25636522913859,-84.28561948697977,32.14937496185303,32.23749923706055,76.0,48.0,28.0,,33.06930667774963,0.0,0.0,42.22157615820525,0.3877169454824254,0.3878488932649862,0.42389342315504724,-6.009769657083456,41.87308830691706,30.2545166015625,31.49088541666667,-69.7454833984375,-0.5840955397661993,0.08111492140758123,-0.47093755257421566,-0.21390795637581245,-0.2570295961984032,4.129667013234674,7.168810456769773,-3.0391434435350986,31.564434877609244,0.496864565472821,0.49563426708560954,56.140508917438645,4.4887491702021975,-31209760.811586976
2015-07-29,30.787500381469727,30.875,30.5674991607666,30.747499465942383,27.7120361328125,148046800,-0.09749984741210938,0,1624768153.6990936,3733526400,0.13050579795414097,-46316807.259252794,-0.017914831311005786,0.011835461272194049,83258217.35664842,31.55086975744483,55.70031203008064,1479.2505525009394,31.421374988555907,32.847353463957624,29.995396513154187,9.076486792325793,0.2637146933709211,0.0,0.0,31.60808327992757,32.07958329518637,31.136583264668786,2.9834141544306316,-0.41260210618747123,0.0,1.0,29.80500030517578,33.24250030517578,31.52375030517578,10.940005016495887,0.2741815740411932,0.5987319240632882,4.227807268014917,-0.19053315497361822,-0.09207257290756417,-0.09846058206605406,31.612499872843426,31.47173074575571,31.308797806720644,31.499330961694262,1.093374649084153,0.835895945053009,0.2574787040311439,-0.0425065660657479,26.107212192769865,-0.018874835968016868,-9.123580042358608,-13.093841414435408,3.9702613720768003,31.869999885559082,31.52375030517578,31.69687509536743,31.52375030517578,30.719864713098893,22.81586536356331,22.5485952664724,38.637228707115646,-87.1877897793973,32.15499973297119,32.23749923706055,72.0,44.0,28.0,,33.01787053351349,0.0,0.0,41.353169231066566,0.03937419822127799,0.25496030015291343,0.35358882684566967,-7.725864094973176,40.532744580893954,15.136041292144126,23.73623547332835,-84.86395870785587,-0.5851102828979506,-2.1247857078846626,-0.6048800058811471,-0.29210236627687935,-0.31277763960426774,1.5339361627187675,6.041835597959572,-4.507899435240805,31.527431496791202,-0.3160961244369265,-0.31659676351520893,55.646954820074534,4.3961267269607305,10067345.148952216
2015-07-30,30.579999923706055,30.642499923706055,30.427499771118164,30.592500686645508,27.572341918945312,134513200,-0.154998779296875,0,1696718073.6863189,3599013200,0.1395917562449073,-42678603.62211903,-0.029769361674735293,0.005435033157824989,82580133.5397055,31.578710988537832,49.1713177012946,1471.7936199407538,31.36850004196167,32.83450967691874,29.9024904070046,9.34701775982906,0.23533620215978795,0.0,0.0,31.45991662343343,31.922416432698572,30.997416814168297,2.940248156415248,-0.4377473454163763,0.0,1.0,29.80500030517578,33.24250030517578,31.52375030517578,10.95844555972282,0.22909102006392046,0.5708587011393813,4.551056450834089,-0.2335600989416804,-0.12037007811438742,-0.11319002082729297,31.544999917348225,31.42692309159499,31.198598249786006,31.432158348727686,1.045386750859826,0.8668470172442181,0.17853973361560793,-0.053184184370304255,25.921985958558288,0.33649988174438406,-9.33436970156986,-11.40756606692927,2.0731963653594097,31.835000038146973,31.52375030517578,31.679375171661377,31.52375030517578,15.359932356549447,23.218110511832187,21.638198711887703,38.843650156196105,-97.93176178963857,32.15499973297119,32.23749923706055,68.0,40.0,28.0,,32.967463112162065,0.0,0.0,39.94654815696911,0.0,0.142363714567901,0.2617243026619336,-9.556638361591077,41.62544896159956,5.8614878942671815,17.084015262657942,-94.13851210573281,-0.7289925519157876,-2.579410753941611,-0.7430609643487447,-0.38229408589125247,-0.3607668784574922,-1.1621056941853876,4.601047339530581,-5.763153033715969,31.431785960724095,-0.5041020635468629,-0.5053769442706191,54.862335308978686,4.32899838035976,-3235719.90508759
2015-07-31,30.649999618530273,30.65999984741211,30.227500915527344,30.325000762939453,27.33124542236328,171540000,-0.2674999237060547,0,1602519877.7559273,3427473200,0.10146341685069485,-43136936.949321546,-0.02300646878578516,-0.0059425769977580955,81080192.83912173,31.521221607401177,43.13575406970687,1471.7936199407538,31.304250049591065,32.83355892874725,29.77494117043488,9.77061502341382,0.17983927249806986,0.0,0.0,31.27075010935466,31.743749872843427,30.797750345865886,3.025189749748104,-0.4997355383853762,0.0,1.0,29.80500030517578,33.24250030517578,31.52375030517578,10.980937075810589,0.1512728604403409,0.5570227242139197,5.02004930777408,-0.2859480392813367,-0.1534856703477773,-0.13246236893355942,31.429999987284344,31.36144234583928,31.064198636424997,31.350146675706334,0.9581802625290883,0.9234317921032005,0.0347484704258878,-0.06636792403414787,25.763006974907434,0.8232485771179192,-12.161340372277357,-10.549911691724397,-1.6114286805529598,31.728750228881836,31.52375030517578,31.62625026702881,31.52375030517578,7.679966178274723,23.811389085731328,20.437173551597056,39.25432916250833,-103.99371384979169,32.13125038146973,32.23749923706055,64.0,36.0,28.0,,32.86586457852031,0.0,0.0,37.57132252259067,0.0,0.013124732740425886,0.13681624915374682,-11.813158413360876,38.54078729060293,3.233826439463336,8.07711854195822,-96.76617356053666,-0.8375292273128707,-4.352623132273741,-0.9121106903876843,-0.48825740679053886,-0.42385328359714547,-1.7397676119015961,3.3328843492441456,-5.072651961145741,31.24440720598981,-0.8743970505909804,-0.8782423333707268,53.50822361656067,4.188085564676946,43942350.08198458
2015-08-03,30.375,30.642499923706055,29.3799991607666,29.610000610351562,26.68684196472168,279904000,-0.7150001525878906,0,1424601282.6514273,3147569200,0.0367886515549187,-65564717.77227004,-0.19507854103696956,-0.022984001593229865,74480641.39065008,31.366413977144287,36.64624676942837,1471.7936199407538,31.20975008010864,32.90370913947015,29.51579102074713,10.855319603735925,0.027807516682233677,0.0,0.0,30.960666720072425,31.503166453043622,30.418166987101237,3.5044447710131448,-0.7448541700872964,0.0,1.0,29.3799991607666,33.24250030517578,31.31124973297119,12.375943846057655,0.0595472832203245,0.6275705280864731,5.704088272644601,-0.3807711039786028,-0.1989427570739424,-0.1818283469046604,31.220208485921223,31.274326984698956,30.84047586318293,31.221246967161534,0.8490621886216332,0.9500552520616103,-0.10099306343997716,-0.08496254252964089,25.935389815265665,1.1952486991882338,-19.53305149061859,-11.008325556331577,-8.524725934287012,30.57624912261963,31.31124973297119,30.94374942779541,31.31124973297119,3.8399830891373616,25.16462503718204,17.40094102040614,43.395479563238055,-142.28731879900607,32.13125038146973,32.23749923706055,60.0,100.0,-40.0,,32.70756275874073,0.0,0.0,32.08053787113542,0.0,0.0,0.051829482436109,-15.637215232326106,36.5118025381168,5.954728322032451,5.016680885254328,-94.04527167796755,-0.9312499887803014,-7.835960233345139,-1.2195896735934262,-0.6345238601511164,-0.5850658134423098,2.349428241072419,3.1361931276098005,-0.7867648865373815,30.62180914647078,-2.3577910456698215,-2.386031726235416,49.88882046576259,3.673366425891679,136069225.51268655
2015-08-04,29.354999542236328,29.424999237060547,28.3125,28.65999984741211,25.83061981201172,496554400,-0.9500007629394531,0,1238253977.6023076,2651014800,-0.03305982698097047,-123587909.35350895,-0.2559699991510938,-0.0447044235315255,58549298.96858922,30.963227949289386,28.75708134324752,1471.7936199407538,31.07162504196167,33.092608931641166,29.05064115228218,13.008549678043495,-0.09664631837615012,0.0,1.0,30.55733331044515,31.146083196004234,29.96858342488607,3.853411418972445,-1.1113238486928267,0.0,1.0,28.3125,33.24250030517578,30.77750015258789,15.86656732152858,0.07048678010167367,0.694563536312982,6.705028268999279,-0.5265069436884033,-0.26445559439683464,-0.2620513492915687,30.908125241597492,31.157884671137882,30.505018014602804,31.031524958291207,0.7235326431277072,1.07777216323765,-0.35423952010994286,-0.11211633241571169,26.17906557552332,1.9458767890930169,-28.992257053195225,-12.801231087321375,-16.19102596587385,30.042499542236328,30.77750015258789,30.40999984741211,30.77750015258789,1.9199915445686808,27.165418490095565,14.943771986520597,48.8854049107861,-209.9286686099306,32.17250061035156,32.23749923706055,56.00000000000001,100.0,-43.99999999999999,,32.441357670902796,0.0,0.0,26.532297272777825,0.0,0.0,0.004374910913475332,-21.100151408426697,34.48743874701231,7.048678010167367,5.412410923887723,-92.95132198983264,-1.2334487466251147,-11.556855648695151,-1.6966840798061642,-0.8469559040821261,-0.8497281757240381,12.876414060435563,5.0842373141749535,7.792176746260609,29.857250958550118,-3.208378059294381,-3.2609745650566957,45.079820436603924,3.1828682365228396,291815534.94147474
2015-08-05,28.237499237060547,29.360000610351562,28.024999618530273,28.850000381469727,26.001869201660156,397250400,0.1900005340576172,1,1331987307.3310642,3048265200,0.03921831379613109,-95149952.56663597,-0.0592304659145214,-0.054930855561009864,61182857.536504485,30.667211620703572,22.620089807030723,1481.5508277321067,30.982000064849853,33.21863568319552,28.745364446504183,14.438290708566678,0.02339136829157209,0.0,0.0,30.32591667175293,30.96041660308838,29.69141674041748,4.184539172901273,-0.663054728135905,0.0,1.0,28.024999618530273,33.24250030517578,30.633749961853027,16.840425652716146,0.15812183121529622,0.7586072818638127,7.505812109958591,-0.619530627995605,-0.3354706011165887,-0.28406002687901627,30.56083345413208,31.070096236008865,30.250399917197715,30.86993054519332,0.6913696353236953,1.1130035444641846,-0.42163390914048926,-0.14250602990061734,26.568003130054365,1.7054999351501472,-34.88474559211455,-15.611252823454887,-19.27349276865966,29.729999542236328,30.633749961853027,30.181874752044678,30.633749961853027,0.9599957722843404,29.19100831149947,12.921925280124604,45.185058908346996,-180.63334907457838,31.983125686645508,32.23749923706055,52.0,100.0,-48.0,,32.028471903812516,0.0,0.0,29.170706197977765,0.0694679152818476,0.02315597176061576,0.0077186572535386236,-24.550570912113553,39.68839656005804,15.812183121529623,9.605196484576485,-84.18781687847037,-1.5469927787780762,-12.622098034277105,-2.0069064525059988,-1.0789460137669007,-0.9279604387390981,16.50268351728001,7.367926554795965,9.134756962484044,29.568621213933312,0.6629467378548304,0.660758910067516,46.04162237347402,4.013535277426264,61488076.67502165
2015-08-06,28.99250030517578,29.125,28.530000686645508,28.782499313354492,26.058446884155273,211612000,-0.06750106811523438,0,1299977999.959073,2836653200,0.07805546569399556,-83597678.77511668,0.03795864293489578,-0.05540237035731703,60687743.64266981,30.470765206207915,22.71606259230974,1478.0844061717394,30.920250034332277,33.32208167516169,28.518418393502863,15.535654712769412,0.054974902354195714,0.0,0.0,30.06291669209798,30.706166585286457,29.419666798909503,4.279357853242196,-0.4952721269774983,0.0,1.0,28.024999618530273,33.24250030517578,30.633749961853027,16.874057230624786,0.14518439772573152,0.7422464850128806,8.251584699546937,-0.6907369544335644,-0.40652387177998384,-0.2842130826535806,30.235416730244953,30.97105774512658,30.02456905506799,30.715306009501553,0.7225969419012651,1.1549863975014245,-0.4323894556001594,-0.173967986504693,26.866308398420102,0.38475027084350444,-40.880242813134736,-19.228495019521976,-21.65174779361276,29.50125026702881,30.633749961853027,30.067500114440918,30.633749961853027,0.4799978861421702,31.07191314566024,12.133954838996647,42.42970395708701,-155.53296352115726,31.9793758392334,32.23749923706055,48.0,96.0,-48.0,,31.548055229578647,0.0,0.0,28.775333640514447,0.0590579643965625,0.04284195989280326,0.02199931055113971,-27.39795690355094,38.743323740775466,14.518439772573153,12.459766968090051,-85.48156022742685,-1.7969118118286147,-11.946464815741516,-2.248836310534852,-1.312924073120491,-0.9359122374143609,13.39392734473052,8.573126712782877,4.820800631947643,29.34153452990458,-0.23397250337158226,-0.23424664673012963,45.69992513364234,4.021879712971391,-103224832.592444
2015-08-07,28.645000457763672,29.0625,28.625,28.8799991607666,26.146724700927734,154681600,0.09749984741210938,1,1325610357.380948,2991334800,0.05402024614892986,-69500662.89331989,0.004596037793955562,-0.06741888619481716,61211722.892465666,30.22696687091203,20.264291422337266,1483.0913724707743,30.823250007629394,33.38482645768329,28.2616735575755,16.621066561247446,0.12069239689842039,0.0,0.0,29.830666669209798,30.471666653951008,29.189666684468584,4.297590743440075,-0.24155033625079025,0.0,1.0,28.024999618530273,33.24250030517578,30.633749961853027,16.92715948303332,0.1638714767062223,0.7117718365115925,8.819302453502635,-0.7308759750180833,-0.4713942924276038,-0.25948168259047955,30.03333330154419,30.86451926598182,29.84848137902162,30.579357354039704,0.6905874546204687,1.2194781045038856,-0.5288906498834169,-0.20393215291935213,27.07239221766848,0.46675090789794993,-47.31093480599294,-23.45773693346775,-23.853197872525193,29.50125026702881,30.633749961853027,30.067500114440918,30.633749961853027,0.2399989430710851,32.81846763452381,11.575032833621837,40.47527973696888,-132.06430755132254,31.93875026702881,32.23749923706055,44.0,92.0,-48.0,,31.125288556252844,0.0,0.0,30.24597516638096,0.11093170620388636,0.07981919529409871,0.048605708982505956,-29.274405604553323,38.68174420487139,16.42650441438533,15.585709102829375,-83.57349558561467,-2.0306251189287963,-7.746369975304694,-2.390095928296317,-1.5283584441556561,-0.8617374841406606,8.959442868574698,8.650389943941242,0.30905292463345546,29.2274848122312,0.3387469807629717,0.3381745255968571,46.19347923100645,4.229518288374347,-63153158.55684769
2015-08-10,29.13249969482422,29.997499465942383,29.13249969482422,29.93000030517578,27.097339630126953,219806400,1.0500011444091797,1,1511112129.7347493,3211141200,0.06288495158941218,-26601000.830208212,0.28383191842941197,-0.046332384137781894,69203308.01210788,29.953589331058023,27.46225959121378,1483.0913724707743,30.748999977111815,33.323716819821,28.174283134402625,16.74667042587201,0.34095344809368283,0.0,0.0,29.728499984741212,30.41875,29.038249969482422,4.643692185028335,0.645961837001209,0.0,0.0,28.024999618530273,33.24250030517578,30.633749961853027,16.96803372639495,0.3651174769409166,0.7523446833780113,8.893072831577715,-0.6702340796255299,-0.5111622498671891,-0.1590718297583409,29.919999917348225,30.799903869628906,29.861022752276106,30.531256831901636,0.7347622904535478,1.1156506490265665,-0.3808883585730187,-0.22475885627843126,27.270050726538216,0.376000022888185,-51.35093236455257,-28.1746060262016,-23.176326338350968,29.449999809265137,30.633749961853027,30.041874885559082,30.633749961853027,0.11999947153554255,32.56051108767352,19.682585084625806,35.923495202950456,-68.65963465015045,31.9193754196167,32.23749923706055,40.0,88.0,-48.0,,30.753253883726135,0.0,0.0,43.72259517932054,0.8997783104914616,0.35658932703063667,0.15975016073917958,-26.574287685771576,46.14011763140407,50.83391482662847,27.25961967119566,-49.16608517337153,-2.051419218848732,-4.3464383846555785,-2.1952390735687395,-1.661734570038273,-0.5335045035304664,7.45799330507081,8.411910616167155,-0.9539173110963457,29.25210326182046,3.63573814030993,3.5712047095628474,51.508691314054225,5.282700133605005,51285375.7314623
2015-08-11,29.452499389648438,29.545000076293945,28.332500457763672,28.372499465942383,25.687253952026367,388331200,-1.5575008392333984,0,1148402154.8592186,2822810000,-0.013020087264680593,-109204596.41168028,-0.19553593776322054,-0.03357816037976336,48995283.83123541,29.656085377831374,28.35771706524031,1483.0913724707743,30.597499942779542,33.35095163448724,27.844048251071847,17.997886734909272,0.09596159185614578,0.0,0.0,29.5214999516805,30.298999913533528,28.743999989827472,5.267347276565255,-0.23890710103681942,0.0,1.0,28.024999618530273,33.24250030517578,30.633749961853027,17.052049011856422,0.06660274109815743,0.836860199781421,9.13099657885943,-0.7393297091043927,-0.5567957417146299,-0.1825339673897628,29.690624872843426,30.679615387549767,29.632019169763225,30.371348878867618,0.7010843740568921,1.0773218126233572,-0.3762374385664652,-0.24785266864244815,27.419443611235714,0.09499921798705913,-59.84483473350698,-33.81030099188476,-26.03453374162222,29.34249973297119,30.633749961853027,29.98812484741211,30.633749961853027,0.059999735767771276,33.00305317061357,16.777853009324147,38.01243003108528,-112.68395044601499,31.8881254196167,32.23749923706055,36.0,84.0,-48.0,,30.425863371902633,0.0,0.0,33.411026645493635,0.3624640660799427,0.4577246942584301,0.2980444055277219,-27.919439214457032,39.61572063973755,9.272845815462276,25.511088352158698,-90.72715418453772,-1.952933810738955,-8.84337520982367,-2.4342998793142776,-1.8162476318934742,-0.6180522474208034,11.57598618653592,9.04472573024091,2.5312604562950103,29.142032290186155,-5.203811638331524,-5.344098469084058,43.62446440236969,3.176807533690191,197756593.57758307
2015-08-12,28.13249969482422,28.854999542236328,27.407499313354492,28.809999465942383,26.083345413208008,404870000,0.4375,1,1528098851.9116902,3227680000,0.047704056799520264,-68299564.78144024,-0.28869949603888134,-0.0645504359654485,55238322.98302471,29.4008761525395,20.70201524692274,1483.0913724707743,30.452749919891357,33.26191461628274,27.643585223499976,18.449333500463087,0.20760873222220982,0.0,0.0,29.284249941507976,30.175749842325843,28.3927500406901,6.088596447568526,0.23401540755612765,0.0,0.0,27.407499313354492,33.24250030517578,30.324999809265137,19.160834430948842,0.240359882466811,0.8979242026914627,9.239654143068426,-0.7501387668544481,-0.5954643467425935,-0.15467442011185462,29.53374989827474,30.57913457430326,29.505554599944634,30.255693366799083,0.5788219045235304,1.1652228144998145,-0.586400909976284,-0.2683531810009831,27.602595251757684,0.3922493934631355,-65.69721006918608,-40.072838810508784,-25.6243712586773,29.0337495803833,30.324999809265137,29.67937469482422,30.324999809265137,0.029999867883885638,34.04307580309379,14.665853621258485,41.271584113946254,-118.73667314158084,31.79562473297119,32.23749923706055,32.0,100.0,-68.0,,30.13775972149795,0.0,0.0,37.84534540931751,0.6456719775823337,0.6359714513845792,0.48342849089121537,-27.31882707895114,50.629505142860516,34.823093716997306,31.64328478636269,-65.1769062830027,-1.9480147922740265,-6.133419390072241,-2.4793309403300894,-1.9488642935807974,-0.530466646749292,14.748231334250386,10.185426851042806,4.5628044832075805,29.116533588967418,1.5419861070934626,1.5302183189121799,45.839133689841624,4.365739019025906,120316395.10143375
2015-08-13,29.010000228881836,29.100000381469727,28.635000228881836,28.787500381469727,26.06297492980957,194143200,-0.02249908447265625,0,1461296976.2494507,3033536800,0.008339410785488341,-59166490.42074761,0.17634239588347203,-0.045841930092425036,55086707.42115164,29.28461327228998,26.07522203364863,1481.9331566190408,30.285750007629396,33.07385060974457,27.497649405514224,18.411963391448527,0.23131356432708466,0.0,0.0,29.112916628519695,30.02941652933756,28.19641672770182,6.296173705385775,0.32246793111512234,0.0,0.0,27.407499313354492,33.24250030517578,30.324999809265137,19.266489984072948,0.23650399889383605,0.8546317976811055,9.284541970390482,-0.7518536106694995,-0.6267421995279747,-0.1251114111415248,29.362291653951008,30.5077884380634,29.395084720179263,30.146938330848762,0.7103895333965153,1.1147183391305167,-0.4043288057340013,-0.2859188069659348,27.34142067060685,0.46174945831298686,-71.55064392160628,-46.67165031598977,-24.878993605616508,29.024999618530273,30.324999809265137,29.674999713897705,30.324999809265137,0.014999933941942819,34.593493645912154,16.252587963818193,39.54925992288761,-81.30787640798734,31.576250076293945,32.13499927520752,28.000000000000004,96.0,-68.0,,29.755523264357866,0.0,0.0,37.70628298855972,0.6500169907776303,0.5527176781466354,0.5488046079298816,-26.915512348727276,52.55257541280241,38.65547475595832,27.583804762805972,-61.34452524404168,-1.8453089377459335,-6.670445704934613,-2.493963408218282,-2.0578841165082946,-0.4360792917099876,10.922275486539853,10.332796578142217,0.589478908397636,29.0929924083989,-0.07809470631630067,-0.07812521611749723,45.72524104669231,4.252012044884019,-120415316.67123091
2015-08-14,28.579999923706055,29.077499389648438,28.502500534057617,28.989999771118164,26.246309280395508,171718000,0.2024993896484375,1,1580753100.0780876,3205254800,-0.004519215255130949,-45746593.19040504,-0.02595104107809267,-0.04038252731135329,56294620.22118179,29.191481368077085,31.043598682658953,1492.35749203332,30.11500005722046,32.778537826634924,27.451462287805995,17.68911017335925,0.28881465488856034,0.0,0.0,28.95816656748454,29.88891646067301,28.027416674296056,6.42823772022613,0.5171008365762902,0.0,0.0,27.407499313354492,33.24250030517578,30.324999809265137,19.3757296388325,0.27120825857301584,0.8266685034720769,9.232781686443701,-0.7284752194908783,-0.6470888035205554,-0.08138641597032292,29.215833346048992,30.468269201425407,29.332763958785247,30.061239178276125,0.7437119119622183,1.089982516247615,-0.3462706042853968,-0.298993871700957,27.06633369733312,0.4775006294250481,-75.70376417214244,-52.91284061393687,-22.79092355820557,28.702499389648438,30.324999809265137,29.513749599456787,30.324999809265137,0.0074999669709714094,35.19793932893568,15.39693696240164,38.6802786375718,-72.51870765346442,31.085625171661377,31.719999313354492,24.0,92.0,-68.0,,29.426799911217394,0.0,0.0,39.84861367493034,0.7746413979878881,0.6901101221159506,0.6262664172157217,-25.902462241286162,54.25954998823503,44.327724021202016,39.26876416471922,-55.672275978797984,-1.7671618854298323,-5.715910969511267,-2.4233040267259307,-2.130968098551822,-0.2923359281741087,7.032577392574773,9.672752741028729,-2.6401753484539556,29.088165953180063,0.7034281787757557,0.7009656640333262,46.75031345580365,4.481609404094144,-38689557.49761218
2015-08-17,29.010000228881836,29.412500381469727,28.875,29.290000915527344,26.517927169799805,163538800,0.3000011444091797,1,1669749010.988114,3368793600,0.0034738932409315165,-32202533.141018044,0.1162665269458929,-0.03372575862619124,57986990.95393986,29.129605621425306,31.465077817204104,1507.8010573666197,29.92862501144409,32.25385881166324,27.603391211224938,15.538527408659974,0.36267529401633575,0.0,0.0,28.889666620890303,29.747916475931806,28.031416765848796,5.9415698097457375,0.7332271262764632,0.0,0.0,27.407499313354492,33.22999954223633,30.31874942779541,19.454619871963487,0.3233149898105493,0.7977516912718419,9.151872691204566,-0.6779253890192507,-0.6532561206202945,-0.024669268398956223,29.10729169845581,30.409423094529373,29.326185029053264,30.004110418072514,0.7706244100271477,1.0662970099801776,-0.29567259995302997,-0.3060635060314955,26.880392862574798,0.39637575149536275,-77.07966749907796,-58.255886219034956,-18.823781280043,28.702499389648438,30.324999809265137,29.513749599456787,30.324999809265137,4.711130693645668,35.17097472677735,17.758947433334,36.73343037169989,-46.95374236019458,30.9975004196167,31.719999313354492,20.0,88.0,-68.0,27.407499313354492,,1.0,0.0,42.97738121828646,0.9566491537793275,0.7937691808482819,0.6788656603702893,-24.084239813488743,56.689789818630196,54.2898696292401,45.75768946880015,-45.7101303707599,-1.7859705756692321,-4.25757862836869,-2.259441721727943,-2.1566628231870464,-0.10277889854089661,3.5216480069142686,8.442531794205838,-4.920883787291569,29.090350756969453,1.0348435556321034,1.0295257058611895,48.268949617470945,4.683545276988806,-14431708.45546627
2015-08-18,29.107500076293945,29.360000610351562,29.002500534057617,29.125,26.3685359954834,138242800,-0.16500091552734375,0,1626245598.7159956,3230550800,0.03718858362688995,-30860769.630167395,0.009697712456980978,-0.03175343407133504,57208220.45711236,29.06371248063567,31.624084389065004,1499.3070817052294,29.750500011444093,31.72196711857256,27.779032904315624,13.253337633788382,0.3413617936656418,0.0,0.0,28.926000022888182,29.708749961853027,28.14325008392334,5.412085586292462,0.6271159326917266,0.0,0.0,27.407499313354492,31.772499084472656,29.589999198913574,14.672021543970972,0.39347096831703676,0.7537265297740522,9.056716902531617,-0.6437576417229316,-0.651356424840822,0.0075987831178904175,29.00729163487752,30.32134613623986,29.29523348612199,29.938991127844922,0.7883676270105503,1.0617700778097825,-0.2734024507992322,-0.309260030051227,26.72074292324366,-0.14049940109253,-76.89202659389159,-62.92336188589906,-13.968664707992524,28.702499389648438,30.324999809265137,29.513749599456787,30.324999809265137,6.88462865820412,35.14593616763033,17.14098739469702,35.45521317234288,-42.43364999291471,30.97249984741211,31.52375030517578,16.0,84.0,-68.0,27.4475993347168,,0.0,0.0,41.69287093939513,0.8819261742315186,0.8710722419995779,0.7849838483212701,-22.990735238054544,55.94083198852626,52.805546645148766,50.474380098530304,-47.194453354851234,-1.6730219897101897,-3.9571334962866302,-2.150231579193733,-2.155376574388384,0.0051449951946507255,-0.2747121085216174,6.699083013660347,-6.973795122181965,29.090963443878444,-0.5633353034136368,-0.5649280211111662,47.43369828027515,4.331007996601521,-21953717.997463644
2015-08-19,29.024999618530273,29.1299991607666,28.670000076293945,28.752500534057617,26.031295776367188,193146000,-0.3724994659423828,0,1502380751.453461,3037404800,-0.07307198832987635,-36730199.94713026,-0.06698310148656819,-0.03441155834360882,54737944.68547606,28.996326227029346,31.179211446936336,1499.3070817052294,29.622875022888184,31.50368239271751,27.742067653058857,12.698344562275722,0.2686167911736892,0.0,0.0,28.93658332824707,29.63183307647705,28.24133358001709,4.8053340668681965,0.36761390805382815,0.0,0.0,27.407499313354492,31.772499084472656,29.589999198913574,14.735233388877807,0.30813317095743664,0.7243537852439126,8.94939729049388,-0.639366826831214,-0.6489585052389004,0.009591678407686377,28.93583329518636,30.219423073988693,29.21173610888132,29.851102935712532,0.783511480582734,1.0696453155643815,-0.28613383498164746,-0.3114965573404737,26.58084123983126,-0.9628751754760749,-77.01081650513633,-66.93787007389925,-10.072946431237085,28.702499389648438,30.324999809265137,29.513749599456787,30.324999809265137,7.610497190573672,35.41202544156698,16.352503317174534,37.14928167707852,-59.66203795587294,30.97249984741211,31.52375030517578,12.0,80.0,-68.0,27.486897355651855,,0.0,0.0,38.86851415293789,0.717626707066248,0.8520673450256978,0.8389695892911858,-22.906032242389173,49.239084584379846,41.35283627533138,49.48275084990676,-58.64716372466862,-1.4393822333391952,-2.895981285438292,-2.141853278279725,-2.1526719151666525,0.010818636886927635,-1.4096179824456332,5.0773428144391515,-6.486960796884785,29.08889062276313,-1.2789681234073202,-1.2872173326963665,45.54806827610991,4.003170612072687,54886022.63173261
2015-08-20,28.520000457763672,28.587499618530273,27.907499313354492,28.162500381469727,25.497135162353516,274006400,-0.5900001525878906,0,1433879920.0203695,2763398400,-0.0470029424115603,-54577859.64183431,-0.16193063479065067,-0.04433471305824207,49115344.3965528,28.873096347007273,30.442265762004297,1499.3070817052294,29.466499996185302,31.285923211596465,27.64707678077414,12.349096198372413,0.1416447796009653,0.0,0.0,28.877249972025556,29.580999819437665,28.173500124613447,4.8740780240075265,-0.007815094514172895,0.0,1.0,27.407499313354492,31.434999465942383,29.421249389648438,13.668064252996745,0.18746146232424216,0.7364185287898338,8.822285072822925,-0.6757060372868082,-0.6543080116484821,-0.021398025638326157,28.89437500635783,30.08317309159499,29.050315227741073,29.72602126502788,0.7451335546043049,1.0993508827944494,-0.3542173281901445,-0.31617344283934185,26.53776650153089,-0.6164996147155755,-78.31062474318504,-70.38228006692059,-7.928344676264459,28.702499389648438,30.324999809265137,29.513749599456787,30.324999809265137,7.23420859968541,36.24009212879631,14.988543496488626,41.57729070767386,-101.71916534023522,30.98562479019165,31.52375030517578,8.0,76.0,-68.0,27.525409416168213,,0.0,0.0,34.84247572600617,0.48342259676985866,0.6943251593558749,0.8058215821270501,-24.08075414254468,56.00534569436457,23.33851393101236,39.16563228383084,-76.66148606898764,-1.46602944766774,-1.7358669525160697,-2.2731129445896077,-2.1767601210512435,-0.09635282353836416,0.594029982283045,4.18068024800793,-3.5866502657248853,29.070112140394645,-2.0519959712339775,-2.0733419255230867,42.56142777887526,3.614895594931003,112335820.25386143
2015-08-21,27.607500076293945,27.975000381469727,26.412500381469727,26.440000534057617,23.937644958496094,513102000,-1.7224998474121094,0,938839210.6356039,2250296400,-0.13159409390328358,-173040753.50826484,-0.32088803873080307,-0.053321105750658744,17732544.40595322,28.54875863755947,28.957020915172976,1499.3070817052294,29.232250022888184,31.323332035421302,27.141168010355067,14.306678486232489,-0.16765661798411757,0.0,1.0,28.685916709899903,29.502166557312012,27.869666862487794,5.690944833081875,-0.8757528916929552,0.0,1.0,26.412500381469727,30.977500915527344,28.695000648498535,15.616315988277762,0.006024129106387424,0.8377766759108504,8.940748833645538,-0.8338839702032743,-0.6902232033594407,-0.14366076684383366,28.693541685740154,29.86442316495455,28.648728351789774,29.48261232199305,0.6896820297193686,1.127364598719476,-0.4376825690001074,-0.3327258046360302,26.750282203295733,-0.4497507095336921,-83.86577180009014,-73.99504000420254,-9.870731795887608,27.978750228881836,29.827500343322754,28.903125286102295,29.827500343322754,4.789600978675066,37.83925543700191,12.637576536163685,48.455395219648615,-193.641184844544,31.07437515258789,31.52375030517578,4.0,100.0,-96.0,,29.412500381469727,0.0,1.0,26.283007452601268,0.0,0.40034976794536875,0.6489140907756471,-28.411831866948624,36.619627915499585,0.767089528892748,21.819479911745503,-99.23291047110725,-1.6620073094087502,-8.353552220262864,-2.8283924134538942,-2.3070865795317737,-0.5213058339221206,9.63106883068041,5.270757964542427,4.360310866137984,28.843748063646217,-6.116288767262567,-6.311328412133399,33.841959185186774,2.2588888043622966,303635037.01565117
2015-08-24,23.717500686645508,27.200000762939453,23.0,25.780000686645508,23.34011459350586,648825200,-0.6599998474121094,0,1148935045.807288,1601471200,-0.07739455777406637,-209495579.14953148,-1.3553344718122047,-0.13184713951216667,1536458.0085444637,28.004990845106526,28.415757990777408,1499.3070817052294,28.986625099182127,31.454100966853357,26.519149231510898,17.0249269049321,-0.1497782723125452,0.0,1.0,28.249916776021326,29.399666722615557,27.10016682942708,8.139846610593567,-0.5741101126780388,0.0,1.0,23.0,30.977500915527344,26.988750457763672,27.52131677361927,0.3484801463619436,1.1739990846137107,9.012688285915159,-1.0009591593735117,-0.7523703945622549,-0.2485887648112568,28.443333466847736,29.609615546006424,28.207385634075273,29.208344793448784,0.6095737731332737,1.0874679439268666,-0.477894170793593,-0.3602933450003343,27.463576063707915,-0.10662593841552592,-92.16867776237251,-77.58657811852093,-14.582099643851578,26.206250190734863,28.12125015258789,27.163750171661377,28.12125015258789,2.394800489337533,40.35935115303989,8.99216021685639,57.91527595039915,-286.7913743426015,31.139999389648438,31.52375030517578,0.0,100.0,-100.0,,29.352500381469728,0.0,0.0,23.863933542082833,0.0,0.16114086558995275,0.4186052642970655,-32.79874300197533,48.78765418415538,39.728487300014585,21.27803025330657,-60.271512699985415,-2.2901690539191755,-10.431681397855142,-3.426962967097059,-2.531061857044831,-0.8959011100522281,18.759476455158957,7.968501662665734,10.790974792493223,28.141000068380777,-2.496217224209041,-2.5279011036481336,30.500973146787302,2.646573849738502,297358737.9189149
2015-08-25,27.77750015258789,27.77750015258789,25.875,25.934999465942383,23.480449676513672,414406400,0.154998779296875,1,760667053.8902348,2015877600,-0.14669289363392485,-170391569.82348236,0.7925047267146152,-0.07100891146722833,4028020.6315852725,27.783605794850047,38.1957468312684,1508.3214634455624,28.741125106811523,31.39048899832079,26.091761215302256,18.436048565693618,-0.029584790119293592,0.0,1.0,28.027833429972326,29.246583429972333,26.809083429972333,8.696712166818408,-0.3585985493456204,0.0,1.0,23.0,30.875,26.9375,27.399762433564785,0.37269834488157244,1.256349122746578,9.087064934881518,-1.1080870071342233,-0.8235137170766487,-0.2845732900575746,28.197916825612385,29.33721160888672,27.857787762054826,28.96587476918905,0.8126049289172803,1.0389134056136884,-0.22630847669640808,-0.3926045495092501,27.952978122218155,1.1888751983642578,-95.3010647961473,-80.87589531040551,-14.42516948574179,26.206250190734863,28.114999771118164,27.160624980926514,28.12125015258789,1.1974002446687666,41.957378359330356,11.556215841756792,50.46016685949021,-175.03314056670496,31.52375030517578,31.52375030517578,0.0,96.0,-96.0,,29.09840036621094,0.0,0.0,25.595902324105495,0.08721477880337028,0.029071592934456613,0.19685407548992606,-35.572231566740165,40.79735793422591,41.94354683737177,27.47970788875971,-58.05645316262823,-2.64142650716445,-10.197367660678442,-3.8254912581231397,-2.789947737260493,-1.035543520862647,19.087337870989902,10.192268904330568,8.895068966659334,27.819606512268162,0.6012365212122228,0.5994363065350505,31.285592657883154,3.4182613008009284,-44704797.93226665
2015-08-26,26.772499084472656,27.47249984741211,26.262500762939453,27.422500610351562,24.827163696289062,387098400,1.4875011444091797,1,1115774314.5319872,2402976000,-0.08544049475363946,-63791443.70599027,0.012894070133410268,-0.07279923809590585,26230038.16989717,27.666225133933523,40.486747032357954,1594.8311973654925,28.574875164031983,31.11480023270501,26.034950095358955,17.77733098809898,0.27314792316245906,0.0,0.0,27.897333526611327,29.09233341217041,26.702333641052245,8.567126205227966,0.30132512061387584,0.0,0.0,23.0,30.65999984741211,26.829999923706055,26.80676574592344,0.577349960632921,1.2844642486188929,8.708433050633287,-1.060730249476677,-0.8709570235566544,-0.18977322592002266,27.98895851771037,29.13471163236178,27.790820507946634,28.85155075742331,0.7971139311857267,1.0219334624348666,-0.2248195312491399,-0.41658165927195356,28.128587621613782,-0.20237569808960032,-96.21352820126849,-83.61621578592354,-12.597312415344945,26.206250190734863,27.386249542236328,26.796249866485596,28.12125015258789,0.5987001223343833,43.44126076517151,10.44202671344426,45.59506481418839,-112.48211376512955,31.52375030517578,31.52375030517578,4.0,92.0,-88.0,,28.854464351562502,0.0,0.0,39.75892767123221,0.8004061109205911,0.295873629907987,0.16202869614413215,-32.818393400267034,46.004787518145335,63.20115681146345,48.2910636496166,-36.79884318853655,-2.9437352068283964,-8.377880618967444,-3.676510349114452,-2.967260259631285,-0.709250089483167,18.417790465529887,11.837373216570432,6.580417248959455,27.801813997702084,5.735497108309384,5.577047934947377,38.81547402840286,5.03279647613077,24381104.254829645
2015-08-27,28.0575008392334,28.309999465942383,27.5049991607666,28.229999542236328,25.55824089050293,338464400,0.8074989318847656,1,1386966376.8617475,2741440400,-0.05027423317153666,-15634145.82213194,0.2473523120796078,-0.055459504218359275,36196658.113296784,27.651401033646255,42.91419342678884,1641.7935261008597,28.456750106811523,30.824244674260807,26.089255539362238,16.639247690357948,0.45211170329748773,0.0,0.0,27.814750099182127,29.04375,26.58575019836426,8.837037157878386,0.6689379481551871,0.0,0.0,23.0,30.65999984741211,26.829999923706055,26.91804165500466,0.682767577861409,1.2447677093160856,8.273436685162093,-0.9471234134467466,-0.8861903015346728,-0.060933111912073734,27.977083524068195,29.016442372248722,27.858386513221973,28.80550992666872,0.8621659175516747,0.9697607707255297,-0.10759485317385498,-0.42798161889904957,28.184727549650503,0.3532493591308601,-94.33264024061364,-85.68609090464255,-8.646549335971088,26.206250190734863,27.386249542236328,26.796249866485596,28.12125015258789,50.29935006116719,43.75352234270279,15.187600769637507,43.0168498308876,-33.98583674255711,31.648125171661377,31.52375030517578,0.0,88.0,-88.0,,28.6202857775,0.0,0.0,45.79141702882966,1.0,0.6292069632413203,0.318050728694588,-28.342379812392814,48.825161380148096,74.74097808354719,59.96189391079414,-25.25902191645281,-2.931588167302749,-0.5022466345522639,-3.2879939145596606,-3.0314069906169605,-0.2565869239427001,16.563250522607,12.782548677777747,3.7807018448292524,27.80762163698299,2.944658269348155,2.902135948921458,42.90311536351508,5.124371959900262,509201.25281250477
2015-08-28,28.042499542236328,28.327499389648438,27.885000228881836,28.322500228881836,25.641986846923828,212657600,0.09250068664550781,1,1594818952.9209206,2954098000,-0.001241612197340472,-10590557.273200843,0.04135611783562218,-0.07277920426077285,36893469.10654372,27.57592451787942,42.66583511686151,1647.1731587950533,28.356625080108643,30.563537617146128,26.149712543071157,15.565410416809941,0.49226864439480345,0.0,0.0,27.74691677093506,28.962666702270507,26.53116683959961,8.76313531605752,0.736719510777403,0.0,0.0,23.0,30.642499923706055,26.821249961853027,26.951373451938217,0.6964344497239866,1.1645408544611373,8.23717840517083,-0.8399428072128678,-0.8769408026703118,0.03699799545744398,27.936458587646484,28.902307730454666,27.92978862332349,28.769731430536357,0.8640351425113024,1.028801078466322,-0.16476593595501954,-0.42900590525624116,28.134830061680084,0.430875301361084,-92.81028470423634,-87.43393726077126,-5.376347443465079,26.18000030517578,27.21749973297119,26.698750019073486,28.12125015258789,75.1496750305836,44.021743128816766,14.856599905020529,41.74925813260075,-14.155587589350189,31.69687509536743,31.52375030517578,0.0,84.0,-84.0,,28.3954743464,0.0,0.0,46.4529133012905,1.0,0.9334687036401969,0.6195164322631681,-24.741536151853367,50.38514646835548,81.32162210601011,73.08791900034025,-18.678377893989886,-2.6563309164608206,-1.6921181745832448,-2.919536490081196,-3.0090328905098076,0.08949640042861162,11.971414594967234,12.620321861215645,-0.6489072662484112,27.816029499703703,0.32766804160628826,0.3271323796885106,43.37136320302106,4.662637986347285,-94104521.29032934
2015-08-31,28.00749969482422,28.63249969482422,28.0,28.190000534057617,25.52202033996582,224917200,-0.13249969482421875,0,1505030318.0995028,2729180800,0.013083481887005134,-13334971.999988977,0.05905504783139507,-0.054594133861157426,35841250.548157826,27.506077841649272,49.81057030331329,1647.1731587950533,28.285625076293947,30.416742540882304,26.15450761170559,15.068554849611132,0.477564694620247,0.0,0.0,27.65508340199788,28.88033326466878,26.42983353932699,8.860937751374713,0.7182889989857569,0.0,0.0,23.0,29.997499465942383,26.49874973297119,24.73871249819738,0.7416935948788469,1.1113367384974455,7.915091324496404,-0.7569671761926671,-0.8529460773747829,0.09597890118211583,27.886666933695476,28.789423135610726,27.969821224974893,28.72678840116756,0.936473521837164,1.007437182793172,-0.07096366095600803,-0.4230204675755216,28.07063749663372,0.7043746948242173,-93.79835687453804,-89.31241840306532,-4.485938471472721,26.0649995803833,26.988750457763672,26.526875019073486,28.12125015258789,87.57483751529179,43.87881467963064,16.304358566881323,39.93768359784476,0.1562792269284298,31.69687509536743,31.52375030517578,4.0,80.0,-76.0,23.0,,1.0,0.0,45.59463585030129,0.9620045942694971,0.9873348647564989,0.8500035105460054,-22.198832483283407,51.796584208304964,80.93567602826535,78.99942540594088,-19.064323971734655,-1.9216104170855353,-2.075553068152854,-2.6350567478051294,-2.934237661968872,0.2991809141637427,8.432919967817005,11.782841482535918,-3.349921514718913,27.827042742129425,-0.4678248521615469,-0.4689225775826422,42.70063633507455,4.348265738565807,-5904813.9432602525
2015-09-01,27.537500381469727,27.969999313354492,26.84000015258789,26.93000030517578,24.38127326965332,307383600,-1.260000228881836,0,1246610596.7704344,2421797200,0.0014025405196303486,-66759034.05063665,-0.3349924539131909,-0.0579007737093224,22102215.464188814,27.40457393122419,51.16059393747704,1647.1731587950533,28.19912509918213,30.40167931505879,25.99657088330547,15.621436538401975,0.21189703643657828,0.0,0.0,27.463500022888184,28.765999794006348,26.16100025177002,9.48531520041259,0.2952016078841972,0.0,0.0,23.0,29.997499465942383,26.49874973297119,24.814597762628225,0.5616292397453597,1.1352031027946736,7.9582942478175855,-0.7838442108746193,-0.8391257040747502,0.05528149320013087,27.71500031153361,28.644711641164925,27.80984877577503,28.59369298664965,0.9114576271831488,0.992049730098993,-0.08059210291584418,-0.4200021726145116,28.079475482580253,1.0908758163452141,-95.49003009494503,-91.3656643574885,-4.124365737456529,25.81624984741211,26.988750457763672,26.40250015258789,28.12125015258789,91.65984892932606,44.293713072483214,14.825659743074034,44.108513559916254,-78.29819384624398,31.69687509536743,31.52375030517578,0.0,76.0,-76.0,23.112649993896483,,0.0,0.0,38.34011705057577,0.6408515861630355,0.8676187268108441,0.9294740984025133,-22.386080011254325,50.764945579605,61.286550820836545,74.51461631837067,-38.713449179163455,-1.6827354655546287,-7.105896799608451,-2.7413185531529454,-2.8956538402056866,0.15433528705274124,7.650979131852454,10.956469012399227,-3.305489880546773,27.772725920920305,-4.469670823026672,-4.572640591525845,36.322387628532326,3.09107068372359,87701435.6099185
2015-09-02,27.5575008392334,28.084999084472656,27.282499313354492,28.084999084472656,25.426959991455078,247555200,1.154998779296875,1,1494165796.7704344,2669352400,0.02792085921423272,-16375464.356460884,0.0903622233013375,-0.0640422146080463,32719592.017045394,27.36287010900004,51.70305209754807,1717.8186458407115,28.160875034332275,30.343366735773564,25.978383332890985,15.500169641607437,0.4826171275222923,0.0,0.0,27.36016661326091,28.69691645304362,26.023416773478193,9.771503651113138,0.7711174707638528,0.0,0.0,23.0,29.997499465942383,26.49874973297119,24.848302680266134,0.7266880275192472,1.1371826704448937,7.833593990107694,-0.7038323643610198,-0.8120670361320041,0.10823467177098434,27.614583492279053,28.53855778620793,27.85217959249774,28.55601195685876,0.8471080929520619,0.979076344813573,-0.13196825186151107,-0.4107687356595823,28.100429624009458,0.9641249656677253,-93.81991357462351,-93.08891867209279,-0.7309949025307247,25.81624984741211,26.9375,26.376874923706055,28.12125015258789,95.82992446466304,44.530133861995886,14.450176358433925,40.706962285564956,-27.2036097242627,31.69687509536743,31.52375030517578,0.0,72.0,-72.0,23.223046987915037,,0.0,0.0,46.71027948463425,1.0,0.8676187268108441,0.9075241061260625,-19.544555085763353,52.37301737216345,79.29822661947647,73.84015115619279,-20.70177338052354,-1.3928312301635728,-4.114038215737599,-2.464743205123813,-2.8094717131893123,0.3447285080654994,5.389984004739381,9.843172010867258,-4.453188006127877,27.776810517082204,4.288892559258128,4.199467523025602,42.169108368135475,4.915496354992889,-10191533.105762899
2015-09-03,28.122499465942383,28.19499969482422,27.510000228881836,27.592500686645508,24.981081008911133,212935600,-0.49249839782714844,0,1332521578.2900217,2456416800,0.005601468258270572,-29017603.997018263,0.05428598247117675,-0.05831099864024133,28985554.443288006,27.322950717258646,47.038514964305755,1687.6949870045646,28.101375102996826,30.277710461003977,25.925039744989675,15.489173394757177,0.38308915386613723,0.0,0.0,27.31483332316081,28.65208307902018,25.977583567301433,9.791381408324332,0.6038203081616045,0.0,0.0,23.0,29.997499465942383,26.49874973297119,24.900914778352416,0.6563059717257179,1.0919643499946425,7.821823915497046,-0.6724117600603812,-0.7841359809176797,0.1117242208572985,27.48687521616618,28.417211679311897,27.812228991597397,28.48464075165778,0.8694878325017462,0.9713436050938761,-0.10185577259212986,-0.40018874161489554,28.144391873134186,0.651125431060791,-92.02964325071574,-93.99601549994007,1.9663722492243352,25.81624984741211,26.829999923706055,26.323124885559082,28.12125015258789,97.91496223233153,44.60061591126044,14.52567503861873,38.796072023312234,-27.270206408556035,31.69687509536743,31.52375030517578,4.0,68.0,-64.0,23.33123604205322,,0.0,0.0,43.969401369575245,0.880029912794321,0.8402938329857853,0.8585104288691578,-18.23513063564084,56.9646886413974,71.61794017067832,70.73423920366378,-28.38205982932168,-1.274750243916234,-5.261800217526154,-2.360611692184489,-2.719699708988348,0.35908801680385904,2.575325296380947,8.389602667969996,-5.814277371589048,27.774676309619625,-1.7535994797287957,-1.7691571835825481,39.67603162345679,3.922195107872909,-16998446.65423602
2015-09-04,27.24250030517578,27.612499237060547,27.127500534057617,27.3174991607666,24.732093811035156,199985200,-0.27500152587890625,0,1289225099.834467,2256431600,-0.006214248902276393,-32728837.01932969,-0.11701461468217553,-0.07497393732796051,26992395.657944,27.25342750411526,42.69817271838571,1670.8745218384963,28.023250102996826,30.194347231617755,25.852152974375898,15.494970216811147,0.3374667505827999,0.0,0.0,27.35583324432373,28.5853328704834,26.12633361816406,8.988939325507747,0.48441069735138337,0.0,0.0,23.0,29.997499465942383,26.49874973297119,24.97033513323305,0.6170060007550349,1.0312677852954713,7.894744731714609,-0.662069109068053,-0.7597226065477544,0.09765349747970131,27.367291768391926,28.291250082162712,27.736116709931117,28.39818581899917,0.8240990062466961,1.0259159707332992,-0.20181696448660313,-0.3902204215329089,28.092923248309518,0.1392502784729004,-87.60376714374105,-93.48880320898101,5.885036065239959,27.25374984741211,26.829999923706055,27.041874885559082,28.12125015258789,98.95748111616575,44.861730849591254,14.02371944865295,40.180750409345265,-54.7430750411169,31.679375171661377,31.52375030517578,0.0,64.0,-64.0,23.43726131510864,,0.0,0.0,42.47081153640606,0.8144356231456619,0.8981551786466607,0.8686892461477633,-17.694092719537434,50.20616996247207,67.88520041553805,72.93378906856428,-32.11479958446195,-1.2576252320233507,-4.990875042646265,-2.3313781848173925,-2.6420354041541567,0.31065721933676427,-0.11131275427030037,6.689419583521937,-6.800732337792238,27.7649860337013,-0.9966531450047333,-1.0016529808818397,38.283946061463794,3.8207700919739622,-2958788.291876346
2015-09-08,27.9375,28.139999389648438,27.579999923706055,28.077499389648438,25.42017364501953,219374400,0.7600002288818359,1,1459631953.1353753,2475806000,-0.008792963350920285,-4235489.700737532,0.1250827854745411,-0.06673214639813478,33095611.520773266,27.22726722220922,47.07210031062862,1670.8745218384963,27.93062505722046,29.918788651043744,25.942461463397176,14.23644182505909,0.5369371848685587,0.0,0.0,27.616416486104335,28.481915982564296,26.750916989644367,6.2680072694837525,0.7663680946262889,0.0,0.0,23.0,29.545000076293945,26.272500038146973,23.433059814756888,0.7757829381911224,1.0103910296541077,7.815180904924132,-0.5857941464815717,-0.7249369145345179,0.13914276805294623,27.36020835240682,28.204807721651516,27.788637122195322,28.374431268676894,0.8324637664493653,0.9763767356047115,-0.14391296915534624,-0.3752987139415798,27.703930593926913,-1.4906245231628432,-81.02324282822289,-91.9023785458783,10.879135717655416,27.447500228881836,26.821249961853027,27.13437509536743,28.12125015258789,99.47874055808288,44.36837852868383,16.998499274965027,37.795421366122724,-0.05983167966217822,31.62625026702881,31.52375030517578,0.0,60.0,-60.0,23.54116608270295,,0.0,0.0,47.76896090222987,1.0,0.8981551786466607,0.8788680634263689,-15.487636445656733,50.926406512126206,82.83034396065821,74.11116151562486,-17.169656039341792,-1.2004928869359617,-0.3018233135194833,-2.0645141428023672,-2.5265311518837987,0.4620170090814315,-1.7207882848810485,5.007378009841341,-6.7281662947223895,27.788375386294874,2.782100310168034,2.7441030375645603,42.131144153752366,4.740857381756264,33758279.39356688
2015-09-09,28.440000534057617,28.5049991607666,27.4424991607666,27.537500381469727,24.9312801361084,340043200,-0.5399990081787109,0,1180397259.6611106,2135762800,0.005510304123339006,-29862275.563191462,0.035542204077287885,-0.059408910286430784,26555748.828954894,27.20321902023699,45.58954515079493,1670.8745218384963,27.888875102996828,29.87323420472559,25.904516001268064,14.230470712069218,0.41146392776867224,0.0,0.0,27.746333122253418,28.52783260345459,26.964833641052245,5.633173059357429,0.3663897124648674,0.0,0.0,23.0,29.412500381469727,26.206250190734863,22.993040622067486,0.707602356575571,1.0156019266886969,7.726907749194504,-0.562435687597798,-0.6924366691471739,0.1300009815493759,27.451666673024494,28.125096174386833,27.75000070054523,28.312436388143027,0.849040743174303,0.9438452539303515,-0.09480451075604845,-0.36053960938163176,27.277778466161955,-2.10887441635132,-75.75186077969414,-89.62885994348115,13.876999163787005,27.736249923706055,26.49874973297119,27.117499828338623,28.12125015258789,99.73937027904144,43.42517365123462,18.322400078195272,34.91215660314209,-5.4993624845371105,30.94374942779541,31.31124973297119,16.0,56.00000000000001,-40.00000000000001,23.642992754945375,,0.0,0.0,44.624317126372034,0.8684526175820074,0.8942960802425562,0.8968688125119594,-14.690306722296178,44.11861007253515,80.5592654650172,77.09160328040448,-19.44073453498279,-0.9996106316061599,4.150907054628873,-1.986532278208811,-2.4185313771488017,0.43199909893999067,0.5881345652923424,4.123529320931541,-3.535394755639199,27.778106580832446,-1.9232446618013155,-1.9419796135754286,39.39761451105819,3.8130241930604356,149988432.7538519
2015-09-10,27.5674991607666,28.31999969482422,27.475000381469727,28.142499923706055,25.479019165039062,251571200,0.6049995422363281,1,1326278834.3224714,2387334000,-0.035700675597321874,-3853313.2199007235,-0.025611221100614423,-0.049671809308571055,32082774.111985337,27.184811731402863,51.577436270030496,1707.5836750602195,27.85550012588501,29.79879541475866,25.912204837011355,13.952686400111164,0.5738435891509296,0.0,0.0,27.83899974822998,28.583999252319337,27.094000244140624,5.352200228650272,0.7036915285246094,0.0,0.0,23.0,29.412500381469727,26.206250190734863,23.02058965909876,0.8019492581343767,0.9985416653552764,7.565905982364486,-0.48946330547230943,-0.6518419964122011,0.16237869093989166,27.64854160944621,28.105192331167366,27.810385196416128,28.299848501888437,0.8935724283586199,0.9330624885080945,-0.03949006014947454,-0.34176940358293584,26.777365561644945,-1.9205006599426255,-72.5078034127216,-87.20387807371537,14.696074660993773,27.736249923706055,26.49874973297119,27.117499828338623,28.12125015258789,99.86968513952071,42.549340550746074,17.19869357938255,32.771006039073484,10.644676807174282,30.40999984741211,30.77750015258789,12.0,52.0,-40.0,23.74278289374295,,0.0,0.0,48.699038641401565,1.0,0.9561508725273357,0.9162007104721842,-12.713376183560593,48.430511134374356,91.30049183014725,84.89670041860755,-8.699508169852749,-0.8503531343796666,9.164077479192477,-1.7295615750015332,-2.280737416719348,0.551175841717815,-0.19749221497597905,3.2593250137500376,-3.456817228726017,27.784782852931578,2.19700239257532,2.173216055463767,42.460183437059065,4.642869611845306,-3466257.109553516
2015-09-11,27.947500228881836,28.552499771118164,27.940000534057617,28.552499771118164,25.850215911865234,199662000,0.4099998474121094,1,1525940834.3224714,2586996000,0.011423934229107945,8391644.31637032,0.10698539482717827,-0.01910942119728667,34991591.372567095,27.26962782633647,60.18591245510587,1732.4609620146866,27.843750095367433,29.76710163180036,25.920398558934505,13.815319630762888,0.6842486051887288,0.0,0.0,27.872333145141603,28.598082542419434,27.14658374786377,5.207668791116879,0.9685960667192814,0.0,0.0,23.0,29.412500381469727,26.206250190734863,23.030304321459276,0.865886852367804,0.9599374225258035,6.894267104619562,-0.39400674127305635,-0.6002749453843722,0.20626820411131586,27.86666663487752,28.09375,27.92455666944721,28.318563410720266,1.0148071466203288,0.8891713112304473,0.12563583538988143,-0.31764755450938037,26.409189424422248,-0.42124948501587056,-69.59746552945492,-84.6246759431841,15.027210413729179,27.736249923706055,26.49874973297119,27.117499828338623,28.12125015258789,99.93484256976036,41.40730135944102,18.14718625647254,31.273788503932217,50.00258721616697,30.181874752044678,30.633749961853027,8.0,48.0,-40.0,23.840577229764577,,0.0,0.0,51.31360568231245,1.0,0.9561508725273357,0.9355326084324093,-10.271195791730218,59.539581504311116,98.5796728266214,90.14647670726195,-1.4203271733785927,-0.6845810441409839,10.09254042442939,-1.3913373201830617,-2.102857397412091,0.7115200772290293,-2.3739359545056717,2.132672820098896,-4.506608774604567,27.79222406396094,1.4568707418445959,1.446360339061492,44.535644168331714,4.761407379973132,-20459542.872394055
2015-09-14,29.145000457763672,29.22249984741211,28.71500015258789,28.827499389648438,26.09918975830078,233453600,0.27499961853027344,1,1395988190.7048583,2820449600,-0.03229947279857907,16364216.691820137,0.15706266773019997,0.0889189459128851,37240068.789926514,27.704068449400086,72.16697424202556,1732.4609620146866,27.835625076293944,29.740826362228603,25.930423790359285,13.688941999417956,0.7603069609172285,0.0,0.0,27.94666646321615,28.678915913899743,27.21441701253255,5.240334847430874,1.1014568707494303,1.0,0.0,23.0,29.412500381469727,26.206250190734863,23.037026701911202,0.9087717805816008,0.9309436879026176,5.813627089226606,-0.29279143802880014,-0.5387782439132578,0.24598680588445765,27.983749866485596,28.095480772165153,28.06347093409355,28.35626237212235,1.324042701483957,0.762229676420357,0.5618130250636001,-0.28843315368313305,26.146028331362327,0.39437446594238423,-62.71107904565416,-81.170533962197,18.45945491654284,28.03125,26.49874973297119,27.264999866485596,28.12125015258789,99.96742128488017,39.459035463981266,22.32756868878843,29.676575285783812,106.01193326239726,30.067500114440918,30.633749961853027,4.0,44.0,-40.0,23.93641567906577,,0.0,0.0,53.04228453079085,1.0,1.0,0.9707672483515571,-7.752542102479258,52.245973984647776,88.20013515253662,92.69343326976843,-11.799864847463382,-0.3134339500876031,5.123525382533897,-1.0325459476515837,-1.8887951074599898,0.8562491598084061,-3.0736544447309826,1.0914073671329203,-4.165061811863903,27.806157715203685,0.963136750668836,0.9585281564138182,45.92772007513284,4.755939329963553,45662465.27446997
2015-09-15,28.982500076293945,29.13249969482422,28.604999542236328,29.06999969482422,26.31874656677246,173364800,0.24250030517578125,1,1528271296.4272642,2993814400,-0.02468985952884295,20032331.008237015,-0.03042729347833472,0.03013808732767437,38698433.816267796,27.90145836461986,70.48660296681999,1747.034626775375,27.82462501525879,29.698391878553462,25.950858151964116,13.468406940018887,0.8323184714067545,0.0,0.0,28.01283308664957,28.73458258310954,27.29108359018962,5.152991803631125,1.2323639388457042,1.0,0.0,23.0,29.360000610351562,26.18000030517578,22.857453090073243,0.9544023761483077,0.8905993343711449,4.590452003777723,-0.1908102907661018,-0.46918465328382664,0.27837436251772485,28.053749879201252,28.102788485013523,28.2183215126675,28.409131803433603,1.1180111269383042,0.7974816473573644,0.3205294795809398,-0.2547872752193898,25.851965022355653,0.4978752136230469,-52.79795508205386,-76.42697007187577,23.62901498982191,28.175000190734863,26.49874973297119,27.336874961853027,28.12125015258789,99.98371064244009,37.754614972114936,21.400854247429447,29.310357250370366,110.56409045471679,30.067500114440918,30.633749961853027,0.0,40.0,-40.0,24.147859045799624,,0.0,0.0,54.57399312704381,1.0,1.0,0.9853836241757786,-5.2264338611800705,60.21568594188913,94.84796622445376,93.87592473453726,-5.152033775546236,-0.05466186299043585,2.975558505876431,-0.6716512566675479,-1.6453663373015015,0.9737150806339536,-5.5148471114638555,-0.22984352858643475,-5.285003582877421,27.83559284199207,0.8412117259912533,0.8376932582233376,47.15528116787655,4.77186381658386,-25558212.402308702
2015-09-16,29.0625,29.135000228881836,28.860000610351562,29.102500915527344,26.34816551208496,148694000,0.032501220703125,1,1641820135.6756985,3142508400,0.0027130284421807743,17860960.36580751,0.02381160045747253,0.030917910922250248,38864678.624040924,28.051549045400332,68.5302114955849,1748.987869244481,27.823500061035155,29.69416719844962,25.95283292362069,13.446670140786507,0.8418568779317829,0.0,0.0,28.191416486104327,28.827666028340655,27.555166943868006,4.513782005596879,1.2159804203714506,1.0,0.0,23.0,29.22249984741211,26.111249923706055,22.364187948180827,0.9807153178260547,0.8290393627870578,4.0073380077779674,-0.10614336529603108,-0.39657639568626757,0.2904330303902365,28.11874993642171,28.07096158541166,28.354349113107478,28.46049247840351,1.1509210478535403,0.7749340023214832,0.3759870455320571,-0.21883724063273868,25.417752083544073,0.36650047302246236,-40.93573201068489,-70.5509498981048,29.615217887419917,28.175000190734863,26.272500038146973,27.223750114440918,28.12125015258789,99.99185532122004,36.16849027876359,20.934227184414844,28.642911694052437,121.97403401807875,30.041874885559082,30.633749961853027,0.0,36.0,-36.0,24.350844677864124,,0.0,0.0,54.78685894889264,1.0,1.0,1.0,-3.1101365411055495,61.192068214116944,94.96331805853099,92.67047314517379,-5.0366819414690065,0.20078689350801326,2.7539965763689995,-0.3729498545275531,-1.3908830407467119,1.0179331862191587,-8.323669441098765,-1.848608711088901,-6.475060730009864,27.980127198874566,0.1118033059660295,0.11174085261549394,47.31980563712583,4.588231403530706,-17250393.88363743
2015-09-17,28.915000915527344,29.122499465942383,28.43000030517578,28.479999542236328,25.78458023071289,256450400,-0.6225013732910156,0,1422401764.2190332,2886058000,-0.013780093937810085,-7496423.426597886,-0.05974481192232974,0.008982402064968994,33379214.448834747,28.105109609337084,59.68592600317859,1748.987869244481,27.809875011444092,29.657100744559916,25.962649278328268,13.284674831193371,0.6813867462916668,0.0,0.0,28.277416547139484,28.902666028340654,27.65216706593832,4.422253215097315,0.6620017298596228,0.0,0.0,23.0,29.22249984741211,26.111249923706055,22.375144961462347,0.8806749178974136,0.8153853425850123,3.7524886776002093,-0.08825749773675895,-0.33491261609636586,0.2466551183596069,28.142916520436604,28.075096203730656,28.37367994835807,28.46193744609483,0.9987814903304851,0.8552277374676011,0.14355375286288408,-0.18665897594352204,24.956922843958434,-0.8798747062683105,-35.51724524535274,-64.27179456417558,28.75454931882284,28.175000190734863,26.206250190734863,27.190625190734863,28.12125015258789,99.99592766061002,35.1287292007326,19.716641541990228,30.588507427517982,87.84290305542055,29.98812484741211,30.633749961853027,12.0,32.0,-20.0,24.545710884646045,,0.0,0.0,49.958129554308584,0.7064020689059259,0.9021340229686419,0.967378007656214,-2.6087949017243095,51.590656149879045,68.83524028192738,86.21550818830404,-31.16475971807262,0.42826480304493586,1.0287300556392327,-0.31008956401479437,-1.1747243454003282,0.8646347813855338,-6.848324816767364,-2.8485519322245936,-3.9997728845427702,27.987375233495076,-2.138996147093619,-2.162204212836416,44.1686406706419,3.878147408584539,111572236.95053282
2015-09-18,28.052499771118164,28.575000762939453,27.967500686645508,28.362499237060547,25.678194046020508,297141200,-0.11750030517578125,0,1511664937.9751751,2588916800,0.01334887168206442,-11413246.03426931,-0.10324621045283819,-0.0013463356699210313,32153295.128558084,28.118040413469434,51.70337713013224,1748.987869244481,27.819874954223632,29.676768244182266,25.962981664264998,13.349400692951136,0.6461107877795721,0.0,0.0,28.330999883015956,28.948499425252283,27.71350034077962,4.3591793073742755,0.5255055687414091,0.0,0.0,23.0,29.22249984741211,26.111249923706055,22.36710214424384,0.8617917828139071,0.7945968159559056,3.7099379737629907,-0.08261181390534844,-0.28445245565816235,0.2018406417528139,28.262291431427002,28.05788465646597,28.371959838927683,28.45457165283303,0.9179659427613956,0.9117291979030043,0.006236744858391319,-0.15883127011610937,24.686830110729954,0.26512413024902415,-29.812410243570795,-57.850532686378884,28.03812244280809,28.332499504089355,26.206250190734863,27.26937484741211,28.12125015258789,99.99796383030501,34.593107013471645,18.689675428653256,32.96067755388996,48.727769865704346,29.67937469482422,30.324999809265137,8.0,28.000000000000004,-20.000000000000004,24.732782443156687,,0.0,0.0,49.07883561336218,0.6529389607485352,0.7864470098848203,0.8961936776178208,-2.4360262185912465,58.248776170598454,63.90343250746928,75.90066361597589,-36.09656749253072,0.4971619662116531,5.319342427223991,-0.29032879114566934,-0.9978452345493964,0.7075164434037271,-4.274828911277924,-3.13380732803526,-1.1410215832426638,28.000077469302244,-0.4125713028946043,-0.41342472642367234,43.57384223146159,4.054332066148163,99513591.57180774
2015-09-21,28.417499542236328,28.842500686645508,28.415000915527344,28.802499771118164,26.07655143737793,200888000,0.4400005340576172,1,1674958981.3868995,2789804800,0.1334790406999313,2844478.725735817,0.076077814897051,-0.00013042373665989336,35269763.34057901,28.14209841197845,51.392061351249865,1776.1207248541275,27.93799991607666,29.728122338402002,26.147877493751317,12.814964762708255,0.7414638921506083,0.0,0.0,28.464416631062825,29.076166280110677,27.852666982014973,4.298346647865305,0.7763247519484019,0.0,0.0,23.0,29.22249984741211,26.111249923706055,22.27253155595949,0.9325029993421984,0.7631372793188111,3.5821925147131646,-0.04214735446696238,-0.23599143541992235,0.19384408095295996,28.32208315531413,28.058461556067833,28.438196751572374,28.480344106039336,0.9440115919290339,0.9089577812792278,0.03505381064980617,-0.13180508821208642,24.479694547905964,-0.34549922943115163,-20.516190879455337,-51.127526914293604,30.611336034838267,28.332499504089355,26.206250190734863,27.26937484741211,28.12125015258789,99.99898191515251,33.679689368498266,20.26160521203126,31.56184277908694,81.37509182965643,29.674999713897705,30.324999809265137,4.0,24.0,-20.0,24.912371139326904,,0.0,0.0,52.45360714908795,0.8581328864871727,0.7391579720472111,0.8092463349668911,-1.3494272587561604,59.77161218168258,82.37145309162639,71.70337529367436,-17.6285469083736,0.4698238541098192,2.5547470537116457,-0.14798751837420712,-0.8278736913143586,0.6798861729401515,-5.382386573576965,-3.583523177143601,-1.7988633964333638,28.0655186520092,1.551346129196829,1.5394357777099632,45.801169475458536,4.600646376366832,-28976002.420963943
2015-09-22,28.344999313354492,28.545000076293945,28.1299991607666,28.350000381469727,25.666889190673828,201384800,-0.4524993896484375,0,1687091309.534707,2588420000,0.10619902717720549,-10579946.675722534,-0.06001918089608786,0.01951052433599032,32105923.402774375,28.241212532172703,52.91739241804774,1776.1207248541275,28.06649990081787,29.563512273662422,26.56948752797332,10.667609984392303,0.5946887566844762,0.0,0.0,28.50533332824707,29.102583122253417,27.908083534240724,4.190442448989067,0.3699598155276271,0.0,0.0,25.875,29.22249984741211,27.548749923706055,11.927029944031467,0.7393578773074788,0.7540736124220863,2.944901167163133,-0.04606093608158801,-0.1980053355522555,0.15194439947066748,28.385208129882812,28.03384619492751,28.42462807924889,28.47068901533048,1.0211099867951978,0.8605679476643646,0.1605420391308332,-0.10930916334275964,24.321618087920363,-0.7490007400512688,-13.03015018566233,-44.15844795940118,31.12829777373885,28.348750114440918,26.206250190734863,27.27750015258789,28.12125015258789,99.99949095757626,33.109434133546834,19.042268126468123,32.21284027879251,36.77990125906695,29.513749599456787,30.324999809265137,0.0,20.0,-20.0,25.084776287650314,,0.0,0.0,48.86678920577262,0.5193206436410774,0.6767974969589282,0.73413415963032,-1.4122398592026904,54.543880049703525,58.35323379913928,68.20937313274499,-41.64676620086072,0.3791988541098199,2.7453100515490463,-0.16178370694430963,-0.6946556944403488,0.5328719874960391,-6.210139485551242,-4.10884643882513,-2.101293046726112,28.068862636784086,-1.5710420735848163,-1.5835137353992224,43.510571759220376,3.9376002620479866,15391988.57278055
2015-09-23,28.407499313354492,28.68000030517578,28.325000762939453,28.579999923706055,25.87511444091797,143026800,0.22999954223632812,1,1749539219.3744895,2731446800,0.20618463852312485,-4369083.075258337,0.040954037621468195,0.015981368215999655,33266279.596244793,28.288632818434344,51.40006647483735,1790.5301410155437,28.198749923706053,29.345555663210476,27.05194418420163,8.133734598925104,0.6662225723446212,0.0,0.0,28.575333404541016,29.101833152770997,28.048833656311036,3.6849946124954918,0.5044316442512333,0.0,0.0,26.262500762939453,29.22249984741211,27.74250030517578,10.496915971385851,0.7829391478272972,0.7141662054035105,2.773758223941051,-0.030254679719984523,-0.16445520438580133,0.1342005246658168,28.490416526794434,28.006538464472843,28.44853143993461,28.478786119654593,1.0349728762694963,0.8856976689449284,0.1492752073245679,-0.0890349853642828,24.22260597720012,-0.12125053405761577,-2.119441562831123,-36.33751886496891,34.218077302137786,28.581250190734863,26.18000030517578,27.380625247955322,28.12125015258789,99.99974547878813,32.357658696039486,19.670318169403554,31.14725193064462,54.96358591348983,29.513749599456787,30.324999809265137,0.0,16.0,-16.0,25.250285230040785,,0.0,0.0,50.71168402636572,0.669116658450395,0.6821900628595482,0.6993818439552292,-0.958155446830973,55.57471937005101,69.33173583349341,70.01880757475303,-30.66826416650658,0.28578709995045415,4.621582508374914,-0.10623584724738075,-0.5769717250017552,0.4707358777543744,-8.888100002590777,-5.06469715157826,-3.823402851012517,28.100214647647473,0.8112858523510402,0.8080126202751003,44.674852724531,4.371756878241371,-34979700.849019855
2015-09-24,28.3125,28.875,28.092500686645508,28.75,26.029020309448242,200878000,0.1700000762939453,1,1886238888.2974765,2932324800,0.16713509461376572,1133539.553460732,-0.00730394138496813,0.011582087940560737,34461145.77598364,28.343541435806735,58.107142112204535,1790.5301410155437,28.265124893188478,29.377691110494773,27.152558675882183,7.872360171841368,0.7179084261543929,0.0,0.0,28.634666760762535,29.154916508992518,28.11441701253255,3.6337056238619923,0.6108441086515259,0.0,0.0,26.84000015258789,29.22249984741211,28.03125,8.429114337288386,0.801678947351567,0.7209995161986087,2.3236614592857556,-0.003964818311008145,-0.1323571271708427,0.12839230885983455,28.54645824432373,27.992115387549767,28.49491121840621,28.498876036717217,0.982845657691112,0.8773900597714742,0.10545559791963777,-0.06978247614513024,24.257070397100996,-0.7276245117187514,3.566456337174706,-28.208194213121168,31.774650550295874,28.59500026702881,26.111249923706055,27.35312509536743,28.12125015258789,99.99987273939406,31.902315624722405,18.23818649081106,31.0427920249185,55.726208494201835,29.513749599456787,30.324999809265137,68.0,12.0,56.0,25.409173814735638,,0.0,0.0,52.08769667183746,0.7808418410017939,0.6564263810310886,0.671804646949855,-0.20400185922100672,57.97488371599873,77.44630060734734,68.37709007999335,-22.553699392652653,0.23739748562083562,2.395158489788798,-0.013912191855917317,-0.46435981837258766,0.45044762651667036,-8.904977285187046,-5.832753178300018,-3.0722241068870284,28.122878010332883,0.5948218220705348,0.5930597411125227,45.535410319584926,4.4535973510172155,57897091.808500916
2015-09-25,29.110000610351562,29.172500610351562,28.5049991607666,28.677499771118164,25.9633846282959,224607600,-0.07250022888183594,0,1777720768.2939334,2707717200,0.08691205880357897,-1354695.0125479228,0.10550075288848045,0.027476042767036163,33894742.213945396,28.439753944067757,64.80499877097836,1790.5301410155437,28.28749990463257,29.41424959878666,27.160750210478476,7.966414126047017,0.6730641102052343,0.0,0.0,28.67833340962728,29.204083379109704,28.152583440144856,3.666530840358601,0.4992071911008035,0.0,0.0,26.84000015258789,29.22249984741211,28.03125,8.422447027331826,0.771248627029035,0.7156497095372438,1.6735272357311473,0.010894340526661495,-0.10370683363134187,0.11460117415800336,28.6414581934611,27.989230742821327,28.52300176497728,28.51210742445062,1.070817976610619,0.7828599527856329,0.28795802382498603,-0.052402295342155174,24.300211798249588,-0.14499998092651367,7.775203114509591,-20.376385084214085,28.151588198723676,28.570000648498535,26.111249923706055,27.340625286102295,28.12125015258789,99.99993636969702,30.966212952938513,19.888916702480458,29.096679581127603,82.81199051903371,29.513749599456787,30.324999809265137,64.0,8.0,56.0,25.561706856042697,,0.0,0.0,51.428286796319746,0.6695145553910378,0.7064910182810754,0.6817024873905707,0.2581490094784474,53.38417788485501,69.38202999679608,72.05335547921227,-30.617970003203915,0.3510443799635965,4.139807077099689,0.038209523990917024,-0.3638459498998868,0.4020554738908038,-7.961604927909748,-6.258523528221963,-1.7030813996877843,28.127661114154456,-0.25217470915420703,-0.2524932051307438,45.16840682189511,4.278713875114562,58216138.4304831
2015-09-28,28.462499618530273,28.642499923706055,28.110000610351562,28.110000610351562,25.449600219726562,208436000,-0.5674991607666016,0,1569284768.2939334,2499281200,-0.005684681629627431,-18059346.449833557,-0.11815652252685965,0.010101806481221822,29770001.353771903,28.46558309706484,57.98610355470424,1755.0973327001902,28.276874923706053,29.40610895956936,27.147640887842748,7.986979034352956,0.4261117234980814,0.0,0.0,28.614916801452637,29.143166732788085,28.086666870117188,3.6921297727388946,0.022085890456611277,0.0,0.0,26.84000015258789,29.22249984741211,28.03125,8.425611745472054,0.5330537756301256,0.7008346546601796,1.7993832622576844,-0.02285860871326051,-0.08753718864772561,0.0646785799344651,28.638749917348225,27.987211520855244,28.459463125804092,28.482321734517352,1.0025516401036663,0.9223134178068398,0.08023822229682642,-0.040819290464791,24.11464972555243,0.2756248474121108,8.51796466690822,-13.56350511210719,22.08146977901541,28.570000648498535,26.111249923706055,27.340625286102295,28.12125015258789,99.99996818484851,30.53435744771478,18.8092814586013,31.295514897684246,1.1044113120177872,29.513749599456787,30.324999809265137,60.0,4.0,56.0,25.708138575697475,,0.0,0.0,46.46925871393439,0.18154332053757327,0.5439665723101349,0.6356279905407664,-0.6801125705570524,51.47689702795636,37.50006697148515,61.44279919187619,-62.49993302851485,0.33550748825073384,-0.11548125945668436,-0.08025542624763789,-0.30712784516943703,0.22687241892179916,-7.719434141738522,-6.550705650925276,-1.1687284908132458,28.12687414082272,-1.9789004107608532,-1.9987428560642506,42.295668623001646,3.730294906398381,26279575.23017788
2015-09-29,28.207500457763672,28.377500534057617,26.96500015258789,27.264999389648438,24.684566497802734,293461600,-0.845001220703125,0,1400479072.4784863,2205819600,-0.022926410502591105,-50904498.418356225,-0.3393332078782813,-0.01667500865846169,20948393.212711427,28.447069124215677,58.91498150391219,1755.0973327001902,28.230624866485595,29.44301186078654,27.01823787218465,8.589161593374783,0.10176681151469688,0.0,0.0,28.474916839599608,29.091666793823244,27.858166885375976,4.331882391072901,-0.48088166984480674,0.0,1.0,26.84000015258789,29.22249984741211,28.03125,8.43941537281606,0.1783837529901146,0.7720012273411343,2.3529945966527253,-0.11645023488367201,-0.0933197978949149,-0.023130436988757108,28.531458218892414,28.018942246070274,28.275699474087837,28.39214970897151,0.8925551503096906,0.9940003037610191,-0.10144515345132854,-0.03934937189910665,23.584054697862285,0.5968745231628425,4.123068127160054,-8.556971763457751,12.680039890617806,28.068750381469727,26.111249923706055,27.09000015258789,28.12125015258789,49.999984092424256,31.155224302392792,16.42009702265558,37.61692649253484,-105.06623390048455,28.903125286102295,29.827500343322754,56.00000000000001,0.0,56.00000000000001,25.84871302656606,,0.0,0.0,40.24629569273366,0.0,0.2836859586428702,0.5113811830780269,-3.4077237321183262,45.49221519942737,13.289004545531354,40.057033837937524,-86.71099545446864,0.23953704272999587,-4.509238741933473,-0.4101494112891192,-0.32773215839337344,-0.08241725289574575,-4.399711508980346,-6.12050682253629,1.7207953135559446,28.008449532447,-3.00605194719189,-3.0521600639284774,38.01818690559018,3.1997096304741532,116110993.89878863
2015-09-30,27.542499542236328,27.885000228881836,27.1825008392334,27.575000762939453,24.965238571166992,265892000,0.3100013732910156,1,1431705023.7589223,2471711600,0.040960918298518494,-31857157.90900609,-0.0363281076849003,-0.017440500557339252,23971568.968893155,28.407205749380864,59.050675143121794,1775.0526818869218,28.26287488937378,29.3644036957055,27.16134608304206,7.794881523152282,0.187763895741835,0.0,0.0,28.326416842142738,28.98591677347819,27.666916910807295,4.656430320931199,-0.06968624521439837,0.0,1.0,26.96500015258789,29.22249984741211,28.09375,7.987509068559012,0.2702107166393484,0.7650510435718646,2.7341362104375224,-0.16372048504088,-0.10739993532410792,-0.05632054971677207,28.427083333333332,28.087980710543118,28.167899672372698,28.331620157413578,0.9113572101691169,1.0279776883525347,-0.11662047818341781,-0.04252276192460357,23.158236494358277,0.8071248054504387,2.558060593730832,-4.326382225781798,6.88444281951263,28.068750381469727,27.548749923706055,27.80875015258789,28.12125015258789,24.999992046212128,31.731743524593803,15.37414783848326,35.220753466172674,-109.98583167601788,27.163750171661377,28.12125015258789,52.0,0.0,52.0,25.9836644993999,,0.0,0.0,43.24889094520008,0.20649786391146877,0.12934706148301386,0.3189998641453397,-4.845816288126486,43.419195131776085,27.02107166393484,25.936714393650448,-72.97892833606515,0.06336053960463417,-4.344804971737298,-0.5778719470726739,-0.37776011612923355,-0.20011183094344032,-2.761802136067674,-5.448765885242568,2.686963749174894,27.96817407551453,1.1369938757772813,1.1305786815236196,39.58744523816557,4.04649215206204,41582076.55591422
2015-10-01,27.267499923706055,27.405000686645508,26.827499389648438,27.395000457763672,24.802265167236328,255716400,-0.18000030517578125,0,1678565261.730763,2215995200,0.040733558054883136,-33881711.07035553,-0.09428690451035494,-0.031817093367163055,22302338.5513073,28.312276293888594,51.736645581535704,1763.465736624815,28.22837495803833,29.39152498084049,27.06522493523617,8.240998814357472,0.14175966816947452,0.0,0.0,28.17958354949951,28.827583694458006,27.531583404541017,4.599075382503328,-0.10538805264163444,0.0,1.0,26.827499389648438,29.22249984741211,28.024999618530273,8.484372413657733,0.2369523839862384,0.7632960765437797,3.151881385655883,-0.21324881950808816,-0.12856971216090396,-0.0846791073471842,28.28750006357829,28.144134594843937,28.048992100894388,28.262240920402476,0.8045848820994324,1.0867901764901002,-0.2822052943906679,-0.04983172031316132,22.868754756717642,0.8741259574890137,1.2814770935769908,-0.8715058549875998,2.1529829485645906,28.0,27.74250030517578,27.87125015258789,28.114999771118164,12.499996023106064,32.545439633285206,14.328273614329143,36.05552586305551,-145.29210348839337,27.160624980926514,28.12125015258789,48.0,0.0,48.0,26.113217913320387,,0.0,0.0,41.93134708433179,0.1158862529540861,0.10746137228851814,0.17349813080480078,-6.422504230762523,47.12028880071426,23.695238398623843,21.335104869363345,-76.30476160137616,-0.1586321606355554,-5.761951340366793,-0.7545361321796111,-0.4531153193393091,-0.30142081284030203,-1.806247222008721,-4.720262152595799,2.9140149305870784,27.930161934205987,-0.6527662745079543,-0.6549061107229193,38.676265472203575,3.8311217188272515,36506596.93621588
2015-10-02,27.002500534057617,27.752500534057617,26.887500762939453,27.594999313354492,24.98333740234375,232079200,0.1999988555908203,1,1826129393.5879035,2448074400,0.10857805285544363,-22410670.287957154,0.07594141625759128,-0.037611468472349384,23996646.769260928,28.199034937345967,51.52136043894534,1776.3400247542254,28.22849988937378,29.391377198794327,27.06562257995323,8.239030157307768,0.227615041205441,0.0,0.0,28.090583546956378,28.764333661397295,27.41683343251546,4.7969819730848435,0.13221955515872172,0.0,0.0,26.827499389648438,29.22249984741211,28.024999618530273,8.484334864231435,0.3204591970820359,0.7734664460012182,3.4425188549395074,-0.2336685595192165,-0.14958948163256647,-0.08407907788665003,28.161874930063885,28.15076916034405,27.97914705665748,28.212815616176698,0.7495991102439183,1.1020842189607347,-0.3524851087168164,-0.05813404775814197,22.781732989581418,0.25149965286254883,0.9977706644507103,1.5189343165575167,-0.5211636521068064,28.0,28.024999618530273,28.012499809265137,27.386249542236328,6.249998011553032,32.65372220415155,16.34810637272419,33.23773648149631,-108.9542229795388,26.796249866485596,28.12125015258789,44.0,96.0,-52.0,26.237589190684055,,0.0,0.0,43.97365558911882,0.256342194639974,0.19290877050184277,0.14323906809112497,-7.191587318018018,50.20690897475088,32.72919079657995,27.815166953046212,-67.27080920342004,-0.4191467341254729,-5.179972699076661,-0.8282355178518068,-0.5281393590418086,-0.3000961588099982,-1.8343992468254946,-4.143089571441738,2.3086903246162436,27.917049187057632,0.7300560403317613,0.7274040308364427,39.68867992478992,4.1594172992252325,17483794.154775918
2015-10-05,27.469999313354492,27.842500686645508,27.267499923706055,27.69499969482422,25.073869705200195,208258800,0.10000038146972656,1,1927541797.7727866,2656333200,0.14015434314241398,-16234008.89761649,0.06488320391739799,-0.030803575801225624,24751347.257126074,28.118655953874466,51.92358295572282,1782.7772302086714,28.24737491607666,29.36173508955979,27.133014742593527,7.890008730325639,0.2521558853248081,0.0,0.0,27.98208351135254,28.670583724975586,27.29358329772949,4.92100749641261,0.2915150853638679,0.0,0.0,26.827499389648438,29.22249984741211,28.024999618530273,8.478665592393103,0.36221300182372757,0.7536198776950417,3.6771831864176163,-0.23902680334779802,-0.1674769459756128,-0.07154985737218522,28.096458276112873,28.13019224313589,27.9354320779139,28.1744588812617,0.8029778771949718,1.0824246255136554,-0.27944674831868355,-0.06595144011596768,22.80047273034215,0.11512432098388814,-0.7384352195473218,2.8846804239036286,-3.6231156434509506,28.0,28.024999618530273,28.012499809265137,27.386249542236328,3.124999005776516,32.58809598079206,16.31123448800166,31.476720552322064,-87.42073224764081,26.796249866485596,28.12125015258789,40.0,92.0,-52.0,26.356985616953178,,0.0,0.0,45.01497238062588,0.32795680634120805,0.23339508464508926,0.17792174247848344,-7.55777926868659,49.37824168338633,36.99359716817845,31.139342121127413,-63.00640283182155,-0.536668788685521,-2.7563197332497884,-0.8483811680471003,-0.592187720842867,-0.2561934472042333,-2.6479787050366537,-3.844067398160721,1.1960886931240675,27.899919452181884,0.3623858813481817,0.3617308457406043,40.194891978679024,4.19903270820172,6258586.7017632425
2015-10-06,27.657499313354492,27.934999465942383,27.4424991607666,27.827499389648438,25.193830490112305,192787200,0.13249969482421875,1,2036168080.5481806,2849120400,0.12733259748158426,-10265686.88852619,0.03416794649487787,-0.030063836798553813,25673688.670648094,28.052687148340762,52.478499474150055,1791.306475254533,28.23487491607666,29.362110982252766,27.107638849900553,7.984707348813287,0.31930336570486456,0.0,0.0,27.92141679128011,28.617666943868,27.225166638692222,4.9872122019633895,0.4325548430527505,0.0,0.0,26.827499389648438,29.22249984741211,28.024999618530273,8.482419224035528,0.41753645464174505,0.7275079204431156,3.7868431279566783,-0.22993112922925363,-0.179967782626341,-0.04996334660291263,28.051874955495197,28.11115374931922,27.918827048949982,28.148758178179236,0.7991161959627666,1.071205745360703,-0.2720895493979363,-0.0720734124613713,22.842035954426283,0.5676248550415046,-2.641706128256522,2.8266510277452515,-5.468357156001773,28.0,28.024999618530273,28.012499809265137,27.21749973297119,1.562499502888258,32.34982982482483,16.426333103968627,30.010086199106002,-65.6388139967019,26.698750019073486,28.12125015258789,36.0,88.0,-52.0,26.471606186171535,,0.0,0.0,46.4355505456097,0.5070121193356083,0.36377037343893,0.2633580761952874,-7.496535874760923,52.24182293947831,42.64390104241225,37.455563002390214,-57.35609895758775,-0.4892718988306406,-1.8862930341238717,-0.8168428879661732,-0.6371187542675283,-0.17972413369864493,-3.8128933331784896,-3.837832585164275,0.024939251985785393,27.897661314578656,0.4784246119669877,0.4772837985945966,40.86561884662554,4.280008311858051,6127151.742996693
2015-10-07,27.934999465942383,27.9424991607666,27.352500915527344,27.69499969482422,25.073869705200195,187062400,-0.13249969482421875,0,2066288169.375287,2662058000,0.20249786727354394,-12339976.034891868,-0.013010097159999949,-0.02672564288695883,24782997.395588513,27.977785032917776,53.792379437843046,1782.7772302086717,28.242749881744384,29.35245249557925,27.133047267909518,7.858318460357561,0.25319955991305093,0.0,0.0,27.834916750590008,28.554666773478186,27.115166727701826,5.171562245631098,0.40280163159680465,0.0,0.0,26.827499389648438,29.22249984741211,28.024999618530273,8.48005405915434,0.36221300182372757,0.7137569529227299,3.8819401119640378,-0.23075436727928533,-0.19012509955692986,-0.04062926772235548,27.959583282470703,28.092115255502556,27.884392071392174,28.11514643867146,0.8326766083249564,1.0698711720767822,-0.2371945637518258,-0.07757244679827152,22.850459720503945,0.10725049972534251,-7.012669549461941,1.6511925958967348,-8.663862145358676,28.0,28.024999618530273,28.012499809265137,26.988750457763672,0.781249751444129,32.22643645679633,15.494903271408129,29.173364299001552,-72.85575128103186,26.526875019073486,28.12125015258789,32.0,84.0,-52.0,26.581641932621157,,0.0,0.0,45.178543824845086,0.4040404924332487,0.41300313937002153,0.33672286581801364,-7.769221939820538,56.57180861185693,36.99359716817845,38.87703179292305,-63.00640283182155,-0.42968377506031885,-3.845152625969278,-0.8207475204962486,-0.6738445075132724,-0.14690301298297614,-4.9210429688664705,-4.054474661904714,-0.8665683069617565,27.883838938144454,-0.47614660939856446,-0.4772837985945966,40.194891978679024,4.07237720061195,12142154.015072823
2015-10-08,27.547500610351562,27.547500610351562,27.052499771118164,27.375,24.78415870666504,247918400,-0.31999969482421875,0,2141414638.825779,2414139600,0.18648029533724747,-21910524.078665685,-0.06938279534817586,-0.02430682752234009,21918443.74996653,27.893512478495115,54.822131032426256,1782.7772302086717,28.204374885559083,29.37661090721138,27.032138863906788,8.31244107631325,0.1462423649163848,0.0,0.0,27.71016674041748,28.401166915893555,27.019166564941408,4.987340436809388,0.25747709457051604,0.0,0.0,26.827499389648438,29.22249984741211,28.024999618530273,8.491592057904235,0.2286014637603829,0.7066312500010624,4.045018722754516,-0.2542967161388887,-0.20295942287332164,-0.051337293265567074,27.87833325068156,28.10923062838041,27.80602406040876,28.06032077654765,0.8348598775383557,1.0382098620239915,-0.2033499844856358,-0.08447860611545992,22.86087268838411,0.37562503814697124,-10.930965195126978,-0.42727054961843947,-10.503694645508538,27.734999656677246,28.024999618530273,27.87999963760376,26.988750457763672,0.3906248757220645,32.43394364793499,14.528752536176723,30.26574973500025,-105.5937942934739,26.40250015258789,28.12125015258789,28.000000000000004,80.0,-52.0,26.687276249212793,,0.0,0.0,42.20694429199252,0.16061264646756276,0.35722175274547313,0.3779984218514749,-8.798245306725882,61.94533119673719,23.34756184849234,34.32835335302768,-76.65243815150765,-0.36506611880134443,-3.4391547384493557,-0.9062502106227727,-0.7203256481351725,-0.18592456248760014,-3.5689122811111007,-3.9573621857459917,0.38844990463489104,27.820069128239858,-1.15544213161346,-1.1621692329237376,38.57502113038738,3.814004574569399,79844268.36715192
2015-10-09,27.5,28.06999969482422,27.372499465942383,28.030000686645508,25.377168655395508,211064400,0.6550006866455078,1,2328271543.796369,2625204000,0.18307329146970386,969168.9220611416,0.13920942882651877,-0.01979742652737811,26968574.413945414,27.83689164005075,54.880172256538124,1825.4336798862116,28.17824993133545,29.34154281044488,27.01495705222602,8.256672305371229,0.4362803437757496,0.0,0.0,27.614083417256673,28.30808347066243,26.920083363850914,5.026421068693248,0.7996521883159439,0.0,0.0,26.827499389648438,29.22249984741211,28.024999618530273,8.499464883730505,0.5020881282502568,0.7057181478891398,4.090752454050439,-0.21759284105558763,-0.20588610650977485,-0.01170673454581278,27.832499980926514,28.107115305387058,27.840482002906718,28.058074843962306,0.8308597671277752,1.0166327821089536,-0.18577301498117837,-0.08735649708192074,22.94067670992758,0.5717500686645494,-13.045782796323408,-2.8232424899775093,-10.222540306345898,27.602499961853027,28.024999618530273,27.81374979019165,26.9375,8.086250590322425,31.57781052482044,18.631337501266163,28.209360959674296,-39.303045086797646,26.376874923706055,28.12125015258789,24.0,76.0,-52.0,26.788685193140765,,0.0,0.0,49.52522875304589,0.7836009503171548,0.449418029739322,0.40654764061827225,-7.6843532840988775,65.87184175756006,51.27934631251546,37.20683510972875,-48.72065368748454,-0.30033101474537816,-1.9244200088480152,-0.7755088054532382,-0.7313622795987857,-0.044146525854452445,-3.7798570446065547,-3.921861157518104,0.14200411291154946,27.82670375446436,2.3926965722210314,2.364520153683891,41.89070091092872,4.659080210910751,12373585.571601808
2015-10-12,28.1825008392334,28.1875,27.860000610351562,27.899999618530273,25.259471893310547,121868800,-0.13000106811523438,0,2236171538.9880943,2503335200,0.19671906468959913,-1432580.091079289,0.08129135819647632,-0.009703816592194952,26403355.94152953,27.808857142225584,60.492099061226604,1816.9674536163068,28.13187494277954,29.26140025892955,27.002349626629528,8.0302171003353,0.39735718140448,0.0,0.0,27.583583386739093,28.25708344777425,26.910083325703944,4.883339859018754,0.7349043824174663,0.0,0.0,26.827499389648438,29.172500610351562,28.0,8.335744508579241,0.45735593628401505,0.6678962720650696,4.1086564839167465,-0.1967270088478834,-0.20405428697739658,0.007327278129513171,27.761666615804035,28.118942187382626,27.849638559156496,28.04636556800438,0.9339525083306114,1.000530617349609,-0.06657810901899752,-0.08813600390339622,23.00411953868177,0.5456248283386245,-15.144870956443675,-4.964124610377924,-10.180746346065751,27.50749969482422,28.024999618530273,27.766249656677246,26.829999923706055,35.827353993779546,30.56223218201755,19.204186478125948,27.27238649587232,-15.09373091007547,26.323124885559082,28.12125015258789,20.0,72.0,-52.0,26.886037779311618,,0.0,0.0,48.220105189045235,0.6733839611024691,0.5391991859623955,0.44861298948239686,-7.10967880074748,63.329215526923456,45.7355936284015,40.120833929803105,-54.2644063715985,-0.2925736595602615,-2.9565230659816577,-0.7014349448269043,-0.7253768126444095,0.02394186781750518,-7.2171516526373685,-4.580919256541957,-2.6362323960954113,27.827536604685825,-0.4637925969697587,-0.4648714518933783,41.23262234431535,4.212433235657535,-62484050.60261911
2015-10-13,27.704999923706055,28.112499237060547,27.670000076293945,27.947500228881836,25.302480697631836,132197200,0.0475006103515625,1,2269781402.2518435,2635532400,0.17530563898769314,-330861.8371011653,-0.04435148835348424,-0.015797068447548697,26628425.754168417,27.778834742144195,55.85201284567131,1816.9674536163068,28.075749969482423,29.12169957929094,27.029800359673906,7.450911273575492,0.4386921992236002,0.0,0.0,27.62100003560384,28.197499974568682,27.044500096639002,4.174359641010275,0.7831745254511697,0.0,0.0,26.827499389648438,29.172500610351562,28.0,8.352408121785091,0.4776120495568772,0.6453565609352229,4.148173378639941,-0.1743480088981535,-0.19811303136154798,0.023765022463394486,27.700833320617676,28.143172997694748,27.864694200652703,28.039042209550857,0.8940867473290599,1.0226020589542735,-0.12851531162521357,-0.08697458469611416,23.074422764521447,0.034250640869139204,-12.974514406024863,-6.689966277017445,-6.284548129007418,27.50749969482422,28.024999618530273,27.766249656677246,26.829999923706055,66.72183073603135,29.871497936723994,18.318828619947688,27.994610420132275,-19.234209266832295,27.041874885559082,28.12125015258789,16.0,68.0,-52.0,26.97949626203564,,0.0,0.0,48.751531418350815,0.7182626228624562,0.7250825114273599,0.5712332423763592,-6.48789031258091,60.77083796937073,47.76120495568772,48.25871496553489,-52.23879504431228,-0.2833971079658042,-2.5455480710055802,-0.621804438237073,-0.7046623377629422,0.0828578995258692,-9.641237695944923,-5.592982944422551,-4.048254751522372,27.835075475691617,0.17025308602518496,0.1701083197480635,41.473075242330836,4.265327119580167,-396573.80299937725
2015-10-14,27.822500228881836,27.8799991607666,27.389999389648438,27.552499771118164,24.944862365722656,177849600,-0.3950004577636719,0,2209893603.655497,2457682800,0.13338286675868544,-10319406.347956132,-0.07060045581722324,-0.020318248049852633,24114760.029586483,27.714661358738017,49.418615254375204,1816.9674536163068,27.99824991226196,28.954231190195134,27.04226863432879,6.828864524953729,0.2668625152850759,0.0,0.0,27.626999918619795,28.182249895731605,27.071749941507978,4.01961833530532,0.4329129666162734,0.0,0.0,26.827499389648438,29.172500610351562,28.0,8.375527856389771,0.3091684452310615,0.6365709887650405,4.266356095435769,-0.18633774050958962,-0.19575797319115631,0.009420232681566693,27.654374917348225,28.122980704674355,27.81666428841662,28.00300202892621,0.8791384842868365,1.0619112505326713,-0.18277276624583483,-0.08712404952882448,23.074404602034644,-0.733250522613524,-15.099020160499618,-8.510021527470402,-6.588998633029217,27.537500381469727,28.024999618530273,27.78125,26.821249961853027,83.36091536801567,29.5890536436383,17.240407893669317,29.303259481099598,-56.28666706614929,27.13437509536743,28.12125015258789,12.0,64.0,-52.0,27.069216405450696,,0.0,0.0,44.64792072695939,0.39363517583323077,0.5950939199327187,0.6197918724408247,-7.057855115636906,55.8831825871417,30.916844523106153,41.47121436906512,-69.08315547689385,-0.30847075967227866,-1.9832829140106731,-0.6654205871110128,-0.6968139876325564,0.0313934005215436,-9.69675641856294,-6.413737639250629,-3.283018779312311,27.83367394028622,-1.4133659702253665,-1.423449107560737,39.47354293982441,3.8316403645938593,51747801.29002346
2015-10-15,27.732500076293945,28.024999618530273,27.622499465942383,27.96500015258789,25.31831932067871,150694000,0.41250038146972656,1,2315660616.8576617,2608376800,0.21507661217582522,34984.913923168555,0.050414755252432455,-0.024252962166713205,26370865.029190153,27.639496533513583,47.98177195021276,1844.1700586053635,27.972499942779542,28.902581943547734,27.04241794201135,6.649974100783012,0.49596821023014237,0.0,0.0,27.693166542053223,28.23091640472412,27.155416679382324,3.8836285612503185,0.7527509808970706,0.0,0.0,26.827499389648438,29.172500610351562,28.0,8.383237914022887,0.4850746997045848,0.6201638746297473,4.250702073620344,-0.16070188452655287,-0.18874675545823563,0.028044870931682758,27.712708314259846,28.139423003563515,27.839485190596818,28.00018707512337,0.8490514544728354,1.072312489301645,-0.22326103482880955,-0.08512434546542966,23.039059516230527,-0.3974991798400893,-14.388688090572286,-10.21962805580629,-4.169060034765996,27.619999885559082,28.024999618530273,27.822499752044678,26.49874973297119,91.68045768400783,29.019049488858066,17.926123099874467,27.80903033740479,-10.93778620699329,27.117499828338623,28.12125015258789,8.0,60.0,-52.0,27.155347743129152,,0.0,0.0,49.43468505132058,0.9902420136952402,0.7007132707969758,0.6736299007190182,-6.208386496365932,57.73152096381733,62.67219990268847,47.116749793827445,-37.32780009731153,-0.20125766080968788,2.567396950704568,-0.5739314672984013,-0.6722374835657254,0.09830601626732416,-10.779463720447321,-7.286882855489968,-3.492580864957353,27.838950495438,1.4971432171179133,1.4860466453495924,41.56166162762203,4.4448063160224365,4195835.3846126795
2015-10-16,27.94499969482422,28.0,27.63249969482422,27.760000228881836,25.132722854614258,156930400,-0.2049999237060547,0,2267621064.174401,2451446400,0.18837673182069636,-4565830.077660233,-0.0017562818527357465,-0.015938659261418638,25220472.758436546,27.60058321939565,48.922746189680375,1844.1700586053635,27.942374992370606,28.858908577886048,27.025841406855164,6.560169532945516,0.4005084121460721,0.0,0.0,27.73174985249837,28.21974976857503,27.24374993642171,3.519431111792579,0.5289450627477432,0.0,0.0,26.827499389648438,29.172500610351562,28.0,8.392275965602082,0.3976547351023542,0.5948975176843507,4.15980642634033,-0.1551387219349003,-0.18202514875356857,0.026886426818668263,27.72812493642171,28.124711476839504,27.827256734948357,27.982395456883257,0.8951362555823597,1.0210851843248436,-0.12594892874248398,-0.08302214641034247,23.011277430558017,-0.5473745346069343,-14.40369485616952,-11.7379902376532,-2.6657046185163207,27.619999885559082,28.024999618530273,27.822499752044678,26.49874973297119,95.84022884200391,28.489759916562132,17.191838678956938,26.669925265783238,-19.91008869736847,27.117499828338623,28.12125015258789,4.0,56.00000000000001,-52.00000000000001,27.23803382730047,,0.0,0.0,47.247906986296805,0.7545707300670565,0.712815973198509,0.6695410546427345,-6.097435601910912,56.84203782503199,60.16130004786826,51.250114824554295,-39.83869995213174,-0.17372819676118922,0.6708955968226858,-0.5544154437169119,-0.6486730755959628,0.0942576318790509,-11.305164647409002,-8.090539213873775,-3.214625433535227,27.838100063685538,-0.7330589042999991,-0.7357589846312518,40.52393126198572,4.052576602429241,22656627.067323357
2015-10-19,27.700000762939453,27.9375,27.52750015258789,27.9325008392334,25.288894653320312,119036800,0.1725006103515625,1,2383755013.8241,2570483200,0.180302445929619,-980151.4016663604,-0.028846031965951997,0.006238996160890599,25960167.300403196,27.616617319969144,56.60701883474567,1855.629729285428,27.898875045776368,28.726233133148416,27.07151695840432,5.931121495146465,0.5203211849683108,0.0,0.0,27.751499875386553,28.22299969991048,27.28000005086263,3.398013272371705,0.6919417085993618,0.0,0.0,26.827499389648438,29.172500610351562,28.0,8.405361208491225,0.4712157246782317,0.5764077506571266,3.8033027823840224,-0.13525142367196707,-0.17267040373724826,0.03741898006528119,27.77291663487752,28.100865364074707,27.843448135607595,27.978699559279562,1.0136248522952973,0.9980989365261401,0.015525915769157184,-0.07958383134496376,23.021878182555955,-0.3038757324218757,-13.184922206006314,-12.909458690736512,-0.2754635152698022,27.619999885559082,28.024999618530273,27.822499752044678,26.49874973297119,97.92011442100195,28.154678290675246,16.38544546062487,26.620192622795624,-13.481796995624924,27.117499828338623,28.12125015258789,0.0,52.0,-52.0,27.317412468104934,,0.0,0.0,49.28103596983459,0.967843483232384,0.9042187423315601,0.7725826621090149,-5.4404792112067195,63.62414002595868,81.25007012308004,68.02785669121226,-18.74992987691997,-0.21480913162231374,1.9620382277358215,-0.4834085422212159,-0.6156201689210135,0.13221162669979758,-13.319494669500779,-9.136330304999177,-4.183164364501602,27.83944740018132,0.6213998880738147,0.6194771600780413,41.39714681356461,4.304611729812628,-16140007.059010714
2015-10-20,27.834999084472656,28.542499542236328,27.704999923706055,28.4424991607666,25.75062370300293,195871200,0.5099983215332031,1,2532850802.144972,2766354400,0.21544517124209359,13430439.260956597,0.16728923814082625,0.020783092291299637,29536430.80117738,27.67011426137964,55.51974966687908,1855.629729285428,27.90349998474121,28.741854603310887,27.06514536617153,6.008956718892791,0.8214625196107238,0.0,0.0,27.800999895731604,28.306999651590985,27.295000139872236,3.6401550861993455,1.1338928602302272,1.0,0.0,26.827499389648438,29.172500610351562,28.0,8.403968039799555,0.6886989042308143,0.6025169374444412,3.5351582964927912,-0.07744525352973852,-0.1536253736957463,0.07618012016600778,27.843541622161865,28.086057662963867,27.935609831785904,28.013055085315642,1.008411110775724,0.8613708049914781,0.14704030578424598,-0.07169905889522352,23.18601571651058,-0.20850028991699077,-8.505742809600841,-13.075355719640832,4.569612910039991,27.797499656677246,28.0,27.898749828338623,26.49874973297119,98.96005721050098,26.53728347550047,21.60954613178234,24.130340283668122,75.02618408889019,27.264999866485596,28.12125015258789,32.0,48.0,-16.0,27.39361596327722,,0.0,0.0,54.82461101228099,1.0,0.9074714044331467,0.8415020399877386,-3.2237392370143856,64.44531337477385,94.169074485572,78.52681488550677,-5.8309255144280066,-0.18944882224587545,3.0712080757398863,-0.27646129025868044,-0.5477883931885469,0.27132710292986645,-11.38458076184414,-9.58598039636817,-1.79860036547597,27.860940108466586,1.8258240623298283,1.8093560441010847,43.978809943534515,4.73163409559853,82004566.10621601
2015-10-21,28.5,28.895000457763672,28.424999237060547,28.440000534057617,25.748361587524414,167180800,-0.002498626708984375,0,2376342012.014461,2599173600,0.15869265598572227,11452130.4505186,0.15075786716502249,0.03828629026811231,29521744.243229415,27.77852032256957,64.14055481990476,1855.4667152697689,27.896500015258788,28.71422772213044,27.078772308387137,5.862582807336914,0.8323236538468768,0.0,0.0,27.89333324432373,28.38733329772949,27.399333190917968,3.5420654037917103,1.053306913597504,1.0,0.0,26.827499389648438,29.172500610351562,28.0,8.406076817595252,0.6876333923296157,0.5892653657703096,3.168358288076687,-0.03147227274517661,-0.12919475350563236,0.09772248076045575,27.905625025431316,28.061826926011307,28.013208401366168,28.044680674111344,1.1694094986091557,0.7708938701663572,0.3985156284427984,-0.06104034198333021,23.389625087918322,-0.06900062561035014,-4.357841637493684,-12.34500865768158,7.987167020187896,28.133749961853027,28.0,28.066874980926514,26.49874973297119,99.48002860525048,24.887404776909893,24.466111504781672,22.839287492411557,145.43916999716916,27.336874961853027,28.12125015258789,28.000000000000004,44.0,-15.999999999999996,27.466771318642614,,0.0,0.0,54.793012833470094,0.9974957193345353,0.9884464008556396,0.9333788492067822,-1.4230069952808055,60.83355776650671,77.33499412831067,84.25137957898757,-22.665005871689335,-0.013161962172564046,2.6900193083325,-0.11222189730343178,-0.46067509401152384,0.34845319670809205,-11.011133054308853,-9.871010927956307,-1.140122126352546,27.8894580989633,-0.00878483530881713,-0.008785221198071014,43.96616164220137,4.430839883578095,16161598.271946788
2015-10-22,28.582500457763672,28.875,28.524999618530273,28.875,26.142192840576172,166616400,0.4349994659423828,1,2542958412.014461,2765790000,0.1677217791446898,20170118.245764863,0.008402535349061725,0.03346208448893163,32070198.66152127,27.880515246598396,63.31134925383627,1883.846708766944,27.90275001525879,28.747925944768514,27.057574085749064,6.058011694528574,1.0751760969489508,1.0,0.0,28.03666655222575,28.516166559855144,27.557166544596356,3.4205208150276887,1.3741745927376492,1.0,0.0,26.827499389648438,29.172500610351562,28.0,8.40419392146203,0.8731341341211072,0.573838775787517,2.8498972690702846,0.03960591487055609,-0.09543461983039468,0.1350405347009508,27.992916742960613,28.053076890798714,28.14579172423291,28.106185809362355,1.173214905237279,0.7960370934062683,0.3771778118310106,-0.045830102930533495,23.491066304837023,-0.2077503204345703,1.426536075694971,-10.736973227457316,12.163509303152287,28.142499923706055,28.0,28.071249961853027,26.272500038146973,99.74001430262524,23.35537455679007,23.227439523816084,21.6829784697645,172.1920784241367,27.223750114440918,28.12125015258789,24.0,40.0,-16.0,27.537000459793394,,0.0,0.0,59.20162035644714,1.0,0.9991652397781783,0.9650276816889883,1.4741597465134824,63.71485525737283,98.91449387733553,90.13952083040607,-1.0855061226644693,0.13716162513284047,3.7642642469744256,0.14091529579713766,-0.34035701604979157,0.4812723118469292,-10.629139831700456,-10.022636708705138,-0.6065031229953188,28.023756237374855,1.5295339584169731,1.5179545128520378,46.16817297314832,4.792727717924166,24995222.26138389
2015-10-23,29.174999237060547,29.8075008392334,29.082500457763672,29.770000457763672,26.95248794555664,237467600,0.8950004577636719,1,2755860161.252706,3003257600,0.24899248601914797,47650617.16837567,0.22745245778349563,0.045074174050795744,39430670.02789495,28.06526044203902,63.9848165134317,1883.846708766944,27.957375049591064,29.088597477093938,26.82615262208819,8.09247953712607,1.3011799289437282,1.0,0.0,28.209583282470703,28.691833305358887,27.72733325958252,3.4190510229043487,2.1178508048041826,1.0,0.0,26.827499389648438,29.8075008392334,28.317500114440918,10.659088860449186,0.9874159854939166,0.6097049821321051,2.5399162042075067,0.1662386520563892,-0.04309996545303791,0.20933861750942712,28.165833473205566,28.10269231062669,28.395669990929953,28.229431338873564,1.1612379501529606,0.7228014543068806,0.43843649584608,-0.021900402158471444,23.65330298034608,-0.5823750495910645,7.450239231907961,-8.226405428751576,15.676644660659537,28.598750114440918,28.317500114440918,28.458125114440918,26.4037504196167,99.87000715131262,23.357092587886342,31.261524983355322,19.413900807603188,278.6454569047312,27.190625190734863,28.12125015258789,100.0,36.0,64.0,27.60442043529814,,0.0,0.0,66.45091525159529,1.0,0.9991652397781783,0.9955922934706655,6.6056531481713,71.8909175847446,98.63882515677638,91.62943772080753,-1.3611748432236188,0.4018823511460248,7.492329972212419,0.5888841686565217,-0.15450877910852892,0.7433929477650506,-7.077062300204109,-9.433521827004931,2.3564595268008217,28.291304006750984,3.099568684895826,3.052502156240422,50.69875588990842,5.415885404437233,96932327.12700337
2015-10-26,29.520000457763672,29.532499313354492,28.729999542236328,28.81999969482422,26.092395782470703,265335200,-0.9500007629394531,0,2550039516.5121174,2737922400,0.2460937954247385,4833580.082223095,-0.09489328321395066,0.035855514785879415,30963466.851586107,28.19098937100227,54.402136067865165,1883.846708766944,27.992875003814696,29.18400410548218,26.80174590214721,8.51023056049202,0.8472019489120091,0.0,0.0,28.314083226521813,28.84383328755697,27.78433316548665,3.741954537584618,0.9775048702342972,0.0,0.0,26.827499389648438,29.8075008392334,28.317500114440918,10.645571236176579,0.6686239382377771,0.6527345754716289,2.521914160391876,0.1877743408187058,0.0030748958013108382,0.18469944501739496,28.286250114440918,28.12028848207914,28.460951483836762,28.273177143018057,1.0574642573646043,0.7570690783811858,0.3003951789834185,0.0002817910747832438,23.91100042735295,0.03712568283081197,9.744062885488116,-5.702119063027912,15.446181948516028,28.598750114440918,28.317500114440918,28.458125114440918,26.4037504196167,99.93500357565631,22.675268884451736,27.770997407138044,21.030718739481927,161.7675842111397,27.26937484741211,28.12125015258789,96.0,32.0,64.0,27.736605259534258,,0.0,0.0,55.23246947540011,0.5372686349571921,0.8457562116523971,0.9480288970695846,7.369308843064698,59.421003210745724,64.1560522121774,87.23645708209644,-35.84394778782261,0.6442425222957837,5.278537697988014,0.664143049325024,0.00922158657818166,0.6549214627468424,-3.1411738949218164,-8.17505224058831,5.033878345666492,28.31290907660985,-3.191134525803152,-3.24316104220137,45.88975586074972,3.8989163337318757,85402280.84172052
2015-10-27,28.850000381469727,29.135000228881836,28.497499465942383,28.637500762939453,25.927173614501953,279537600,-0.18249893188476562,0,2393280205.8399534,2458384800,0.24998993629531113,-3144833.275470326,-0.0718373745857308,0.03165356639832721,29193331.04444408,28.288660431892396,52.307725599326645,1883.846708766944,28.061500072479248,29.23499861468889,26.888001530269605,8.363762016846191,0.7454202837677253,0.0,0.0,28.398749923706056,28.948000144958495,27.849499702453613,3.8681295671676774,0.7173425061977958,0.0,0.0,26.827499389648438,29.8075008392334,28.317500114440918,10.619537237453452,0.6073827157175051,0.6512111942184113,2.5174701143205738,0.18794883356397207,0.04004968335384309,0.14789915021012898,28.336875120798748,28.11394236637996,28.48811291139102,28.30016407782705,1.0399030135407876,0.8074364895754317,0.23246652396535594,0.019060057043189967,24.176135979287103,-0.1615004539489746,10.760670622410398,-2.828820087149022,13.58949070955942,28.667500495910645,28.317500114440918,28.49250030517578,26.4037504196167,99.96750178782816,21.617731137319897,25.864579918125795,22.09062942290989,102.58306082843818,27.26937484741211,28.12125015258789,92.0,28.000000000000004,64.0,27.860858994316207,,0.0,0.0,53.36850421797497,0.4603849734262069,0.6658845361277995,0.836935329186125,7.346310499269092,56.91935844439124,57.53177413123938,73.44221716673106,-42.46822586876062,0.757963113223802,2.1673209468859556,0.664126303462772,0.14020252995509974,0.5239237735076723,0.3890464388775742,-6.462232504695133,6.851278943572707,28.321681099067558,-0.6332371055421615,-0.6352505561461719,44.96592779345458,4.088094508825549,75146508.22186226
2015-10-28,29.232500076293945,29.825000762939453,29.014999389648438,29.8174991607666,26.99549674987793,342205600,1.1799983978271484,1,2729147322.0862975,2800590400,0.3205398992527011,54990437.15352229,0.1429078058684756,0.046817180770945176,43293795.43448084,28.535150010957075,63.07206895280359,1883.846708766944,28.173624992370605,29.550643903606833,26.796606081134378,9.775234188778498,1.0968960030186505,1.0,0.0,28.593249956766762,29.174500338236488,28.011999575297033,4.065647538132834,1.5531169036863695,1.0,0.0,26.827499389648438,29.825000762939453,28.326250076293945,10.63938834318529,0.9974973815726345,0.7048400747965702,2.1408208878110306,0.28007460367751236,0.08805466741857695,0.1920199362589354,28.49666674931844,28.170384627122147,28.69263387283342,28.412559269155906,1.1040838670590272,0.6701646615890601,0.4339192054699671,0.04291209242729837,24.501479208289318,-0.22612476348876953,16.725710440528164,0.6283353051954721,16.097375135332694,28.676250457763672,28.326250076293945,28.50125026702881,26.412500381469727,99.98375089391408,21.576756038825778,29.767031819128093,19.416756233193933,168.87286988402604,27.27750015258789,28.12125015258789,100.0,24.0,76.0,27.977657505011237,,0.0,0.0,62.241393860443075,0.8069292093617809,0.6015276059150598,0.7043894512317522,10.579778417506382,62.46626761984675,99.69412443605894,73.79398359315859,-0.30587556394105847,0.8651837461134981,6.872758309870325,0.9857422593449918,0.3093104758330782,0.6764317835119136,5.237231253977794,-4.122339752960547,9.359571006938342,28.494927756263777,4.120465705422927,4.037836690413421,50.939199132732035,5.402939253378321,122366482.15848517
2015-10-29,29.674999237060547,30.172500610351562,29.5674991607666,30.13249969482422,27.280677795410156,204909200,0.3150005340576172,1,2906960535.4383364,3005499600,0.3073392499221073,56355590.05063612,0.1328639889855427,0.046363935068018315,45458514.450160354,28.697609362843306,63.1979578093355,1903.7482007111469,28.310499954223634,29.88130511336249,26.739694795084777,11.096979295164365,1.079957269047753,1.0,0.0,28.80191663106283,29.403417142232264,28.20041611989339,4.176808917783753,1.6060531446386241,1.0,0.0,26.887500762939453,30.172500610351562,28.530000686645508,11.603468157481341,0.9878231606132779,0.6948562122754092,2.0335024493298866,0.37418942795137866,0.1452816195251373,0.22890780842624137,28.678750038146973,28.230096156780537,28.914151691601234,28.539962263649855,1.1318428358506607,0.6867298447618948,0.4451129910887659,0.07122332690135953,24.68493398232371,-0.7580001831054695,24.98718814843743,5.005100083485134,19.982088064952293,28.850000381469727,28.5,28.675000190734863,26.58625030517578,99.99187544695704,21.94462092537803,31.490239525161357,18.207572634386434,176.4742361524329,27.380625247955322,28.12125015258789,100.0,20.0,80.0,28.125444965645496,,0.0,0.0,64.19972723342724,0.8967486775440703,0.7213542867773525,0.6629221429400706,13.800777983569134,62.11570901977814,98.5624115730941,85.26277004679748,-1.4375884269059083,1.0514264162848974,7.818228636006361,1.3111069471453645,0.5096697700955355,0.801437177049829,3.9778948930535747,-2.502292823757723,6.480187716811297,28.677346835567665,1.0564284159420456,1.0508872027545912,52.53376372316556,5.0971318538395565,-55601512.14010966
2015-10-30,30.247499465942383,30.30500030517578,29.862499237060547,29.875,27.047557830810547,197461200,-0.25749969482421875,0,2720655989.416388,2808038400,0.2257621209400076,41041048.794884674,0.0479003230353117,0.043978861127935136,43771093.91570141,28.821877919856792,64.34828053281642,1887.4795676514914,28.424499988555908,30.098593373614275,26.75040660349754,11.779228382081511,0.9332195636127911,0.0,0.0,29.02358328501383,29.63258387247721,28.41458269755045,4.196591313229289,1.199027827323211,1.0,0.0,27.052499771118164,30.30500030517578,28.678750038146973,11.44259542073605,0.8677939324918912,0.6696206978593917,1.8875738725667572,0.42312056045402713,0.20084940771091528,0.22227115274311185,28.872291723887127,28.273365387549767,29.061974508277967,28.63885394782394,1.1083448907259856,0.6891091591959077,0.419235731530078,0.09933949539729485,24.754169729847447,-0.4594998359680176,32.37258653335247,10.067045498969442,22.305541034383026,29.005000114440918,28.56624984741211,28.785624980926514,26.65250015258789,99.99593772347852,22.43645090145353,31.41790974837924,17.356212855738377,151.8370614228042,27.35312509536743,28.12125015258789,100.0,16.0,84.0,28.330150530116104,,0.0,0.0,61.396462385105494,0.7681762080535034,0.8239513649864514,0.7156110858929545,15.40813115161004,61.895858356542405,85.24870771445397,94.501747907869,-14.75129228554603,1.1463821298935812,8.429363027584127,1.477435379309852,0.7032228919383988,0.7742124873714532,2.6715099419237824,-1.467532270621422,4.139042212545204,28.80340106952471,-0.8545580268219499,-0.8582303100891586,51.230274201655625,4.527650821157515,941218.1599860191
2015-11-02,30.200000762939453,30.34000015258789,29.90250015258789,30.295000076293945,27.427799224853516,128813200,0.4200000762939453,1,2822970429.061338,2936851600,0.230613724855705,42906835.22813933,0.012736596011127253,0.048056581439693095,45582024.58775722,28.927753943868257,69.0073774152414,1914.0148500754876,28.554500007629393,30.37886527313802,26.730134742120764,12.778127895926609,0.9770152396481044,0.0,0.0,29.26158326466878,29.873333867390954,28.64983266194662,4.181254289550437,1.3446389811686827,1.0,0.0,27.052499771118164,30.34000015258789,28.696249961853027,11.513072827720146,0.9863117654532934,0.6491586433322416,1.733899738074646,0.4901393106894716,0.25870738830662654,0.23143192238284505,29.066458384195965,28.335576937748836,29.25167074951119,28.76153143882172,1.130925397103889,0.6743794393992072,0.45654595770468187,0.12879672267588202,24.780950575093936,-0.7944997787475572,40.47794291224663,15.509677245841383,24.96826566640525,29.38249969482422,28.583749771118164,28.98312473297119,26.670000076293945,99.99796886173925,22.934326107390493,30.2172321405004,16.483952970905165,142.4670151211574,27.340625286102295,28.12125015258789,100.0,12.0,88.0,28.567132503123265,,0.0,0.0,64.14638947172804,0.8943023272668673,0.8530757376214803,0.799460463128428,17.640107624441587,62.02460164248463,98.47457407946206,94.09523112233671,-1.5254259205379368,1.307544023850383,8.331843057366962,1.7041488619340055,0.9034080859375202,0.8007407759964853,-0.974782377490475,-1.3689822919952326,0.39419991450475755,28.97672333983794,1.4058579959630002,1.3960674663644923,53.35635710383637,4.982348062112706,-53323974.189125985
2015-11-03,30.197500228881836,30.872499465942383,30.174999237060547,30.642499923706055,27.742414474487305,182076000,0.3474998474121094,1,2884967911.755744,3118927600,0.21920939749623006,45816056.226606175,0.15419016419900133,0.06411305429799484,47670533.65057506,29.118369775517614,75.2916712781543,1914.0148500754876,28.695250034332275,30.699073652349878,26.691426416314673,13.966239120552274,0.9858835557842681,0.0,0.0,29.494916598002117,30.09266726175944,28.897165934244793,4.053245322943641,1.4599180689239981,1.0,0.0,27.052499771118164,30.872499465942383,28.962499618530273,13.312306706698152,0.939790690939594,0.653992801887201,1.381000887956641,0.564782030916053,0.3199223168285118,0.24485971408754115,29.30666669209798,28.43298075749324,29.465644468618095,28.90086243770204,1.1977777283280298,0.6019448585860834,0.5958328697419464,0.15998620563792965,24.627169406441354,-0.762749195098877,47.41796089148,21.262544193505125,26.155416697974875,29.684999465942383,28.84999942779541,29.267499446868896,26.93624973297119,99.99898443086963,23.987423427215333,33.68077211183129,15.246214472567129,149.68176381100818,27.340625286102295,28.12125015258789,100.0,8.0,92.0,28.81533397404831,,0.0,0.0,66.28627594674089,0.9914263795245081,0.8846349716149594,0.853887358074297,20.16150880576022,59.43501603034679,93.12407804336212,92.28245327909273,-6.875921956637888,1.6041542502010557,10.383644348191437,1.9542047651120535,1.113567421772427,0.8406373433396266,-1.8692378001809271,-1.4690333936323716,-0.4002044065485555,29.158412214516137,1.1470534627396445,1.1405246828055216,55.115436508327306,5.0729079393689,42903574.42678341
2015-11-04,30.782499313354492,30.954999923706055,30.405000686645508,30.5,27.613401412963867,179544400,-0.1424999237060547,0,2767447578.58101,2939383200,0.181432334709177,35615896.293969676,0.04786443092118545,0.06393088827433434,46835580.12636682,29.28046965627753,75.679575969254,1905.11391278946,28.835500049591065,30.930244225948424,26.740755873233706,14.528925614293733,0.8973038734742792,0.0,0.0,29.698249944051106,30.30400040944417,29.092499478658038,4.07936808757585,1.161782451482432,1.0,0.0,27.052499771118164,30.954999923706055,29.00374984741211,13.533665606202083,0.8834080958576446,0.6435934454045356,1.3797118674641131,0.6054590168843603,0.37702965683968154,0.2284293600446788,29.520624955495197,28.557403857891376,29.624776088830696,29.019317071946336,1.2035252783697856,0.6199397507200224,0.5835855276497632,0.18962127760162348,24.50676993328384,-0.3930008888244636,53.74592342746388,27.075809454812784,26.670113972651095,29.72624969482422,28.891249656677246,29.308749675750732,26.977499961853027,99.99949221543481,25.050653402778483,32.56103157849859,14.332339002121241,133.62452508158805,27.09000015258789,28.12125015258789,100.0,4.0,96.0,29.144480452751363,,0.0,0.0,64.58400950471339,0.9027805580724787,0.9295030882879513,0.8890712658414636,21.659869551256012,61.790480712922395,86.72501957432316,92.77455723238245,-13.274980425676837,1.8001616365769308,9.191798384054273,2.0863999500169905,1.3081339274213397,0.7782660225956508,-2.665106554301182,-1.7082480257661337,-0.9568585285350484,29.284486181383528,-0.46504013726311744,-0.46612481300090103,54.394087469472694,4.663859206872061,21962483.446041435
2015-11-05,30.462499618530273,30.672500610351562,30.045000076293945,30.229999542236328,27.486108779907227,158210800,-0.2700004577636719,0,2702524072.910642,2781172400,0.1486433637787571,24425484.19152305,-0.12741514651892524,0.05495525508389224,45435023.12888627,29.42087029596476,75.28427599547211,1888.248941361752,28.97825002670288,31.04434698196606,26.9121530714397,14.259639235352815,0.8029261314055803,0.0,0.0,29.853999964396156,30.48750044504801,29.220499483744298,4.243990630450645,0.7967634511131547,0.0,0.0,27.372499465942383,30.954999923706055,29.16374969482422,12.362721884387321,0.7976272745761773,0.6419841542698437,1.4024158439937093,0.6088901344238593,0.4234017523565171,0.1854883820673422,29.669583320617676,28.65951919555664,29.71788738935464,29.10899725493078,1.1582329392741395,0.6580993483459032,0.5001335909282363,0.21463390618909928,24.461824652515247,-0.5382494926452637,58.69165874729906,32.76930051207846,25.9223582352206,29.72624969482422,28.891249656677246,29.308749675750732,28.414999961853027,99.99974610771741,25.218039110834585,30.32747027191871,17.284595570425537,98.5050044349604,27.80875015258789,28.12125015258789,96.0,0.0,96.0,29.470373957523208,,0.0,0.0,61.368259524705515,0.7039783656319003,0.8660617677429622,0.8933999425486242,21.93182279434237,62.23503204146633,78.84754398588312,86.23221386785615,-21.152456014116886,1.8365146805258377,6.284610826095735,2.091759221698093,1.4648589862766903,0.6269002354214026,-4.14414144627104,-2.1954267098671147,-1.9487147364039252,29.334076295708964,-0.8852474025038415,-0.8891889964694588,53.027317820529674,4.388582717320013,879084.4564937353
2015-11-06,30.27750015258789,30.452499389648438,30.155000686645508,30.264999389648438,27.51793098449707,132169200,0.034999847412109375,1,2668092714.657076,2913341600,0.09194357442136135,21596972.42595984,-0.012379979189221272,0.056131401710801575,45588046.67842741,29.529429131542994,70.71089044218664,1890.4351281240574,29.089999961853028,31.180481690772897,26.99951823293316,14.372511046140996,0.7810355650423503,0.0,0.0,29.927749888102216,30.51850020090739,29.33699957529704,3.94784315569296,0.7854416614227382,0.0,0.0,27.389999389648438,30.954999923706055,29.172499656677246,12.255072322903253,0.8064514920921284,0.6075356091431523,1.4375448381294824,0.6074314236352691,0.4602076866122675,0.14722373702300162,29.821666558583576,28.7699037698599,29.802058466322915,29.194627042687646,1.1834688670188869,0.6710030829769678,0.5124657840419191,0.2352433447087507,24.307112811630045,-0.21499996185302805,61.029053192546726,38.467632768418305,22.56142042412842,29.72624969482422,28.921250343322754,29.323750019073486,28.608750343322754,99.9998730538587,25.37346869688668,29.301247852419692,16.699718581764596,86.41494035643962,27.87125015258789,28.114999771118164,92.0,0.0,92.0,29.73760663143612,,0.0,0.0,61.63493284534467,0.6318734831160642,0.7462108022734809,0.8472585527681314,22.22755081735979,54.154218219826575,78.7692143366887,81.44725929896501,-21.2307856633113,1.8312500504886415,6.4170141396633875,2.0806274481502993,1.5880126786514122,0.49261476949888716,-6.414334398825254,-3.0392082476587428,-3.375126151166511,29.351603588541163,0.11577852445285863,0.11571155280680756,53.2044905911121,4.548327451723779,-12377657.1814394
2015-11-09,30.239999771118164,30.452499389648438,30.012500762939453,30.142499923706055,27.40654945373535,135485600,-0.12249946594238281,0,2612666520.4224887,2777856000,0.10149228848735745,16140702.987553678,-0.023138905808735063,0.042529391428690055,45039660.29225224,29.653919824158454,65.23055677763146,1890.4351281240574,29.202124977111815,31.265655169107823,27.138594785115806,14.132739953776463,0.7278558729699601,0.0,0.0,30.045249938964844,30.599750137329103,29.490749740600585,3.6911005865532407,0.5876915689372991,0.0,0.0,27.389999389648438,30.954999923706055,29.172499656677246,12.208017522189946,0.7720897957130941,0.5907819108997355,1.5022365362988357,0.5895942264620793,0.4860849945822299,0.10350923187984934,29.92729155222575,28.86788456256573,29.85443407515109,29.26483984868901,1.1554801331157087,0.7247241556784844,0.4307559774372244,0.25066774618198046,24.19369217888387,0.5678754806518569,64.90949480088992,44.48416878824937,20.425326012640546,29.984999656677246,29.00374984741211,29.494374752044678,28.891249656677246,99.99993652692936,25.185137040720914,27.802789712655578,17.50193378332915,72.1384727948171,28.012499809265137,27.386249542236328,88.0,12.0,76.0,29.956737424044707,,0.0,0.0,60.071930567110975,0.5123999186318908,0.6160839224599516,0.7427854974921316,22.038171589096322,47.13540220699427,67.8853842100224,75.16738084419808,-32.1146157899776,1.7977647276485662,4.389610125388934,2.0146846164561927,1.6733470662123684,0.3413375502438243,-8.08589820664224,-4.048546239455442,-4.0373519671867975,29.426563298539907,-0.4047562148118855,-0.4055775698519337,52.58438589407366,4.413286927792949,9104926.356618643
2015-11-10,29.225000381469727,29.517499923706055,29.014999389648438,29.1924991607666,26.54277801513672,236511600,-0.9500007629394531,0,2543242324.401157,2541344400,0.07170100507692384,-18263140.359815523,-0.20529282787431488,0.017097198925880245,37585527.389781125,29.68234978944362,57.92400924475734,1890.4351281240574,29.264374923706054,31.24625749070364,27.282492356708467,13.544677254610574,0.481866795708199,0.0,0.0,30.093749872843425,30.6347500483195,29.552749697367354,3.5954321263517333,-0.3329486319331932,0.0,1.0,27.389999389648438,30.954999923706055,29.172499656677246,12.182049141154675,0.5056099582309438,0.6444537732155238,1.9637005756534316,0.49311665526327886,0.48749132671843975,0.005625328544839103,29.87916644414266,28.925480695871208,29.752597934476555,29.259481279213276,1.0021088413076304,0.813653395129938,0.1884554461776925,0.2549174180436826,24.14778100345456,-0.4443752288818352,66.16642035869003,49.97758100137846,16.188839357311572,29.984999656677246,29.00374984741211,29.494374752044678,28.891249656677246,49.99996826346468,23.656218173736626,24.364335892674926,26.278784032406666,-0.34777995421683267,28.012499809265137,27.386249542236328,84.0,8.0,76.0,,30.954999923706055,0.0,1.0,49.57285508016972,0.0,0.38142446724931817,0.5812397306609169,18.559985450312052,44.53235931770195,28.280755457383282,58.311784668031464,-71.71924454261672,1.5238015791949096,-1.9398766816157864,1.6853226157963443,1.6757421761291635,0.009580439667180807,-4.8998400750975435,-4.218805006583862,-0.6810350685136815,29.421489078398977,-3.1516986492295174,-3.2024335258741488,47.77538586491499,3.519597441216213,113952943.29879051
2015-11-11,29.092500686645508,29.354999542236328,28.802499771118164,29.02750015258789,26.392759323120117,180872000,-0.16499900817871094,0,2509687196.279059,2360472400,0.07854314511278303,-19917506.109456137,-0.05727459589359092,0.01240597526569077,36563220.24016208,29.696924388591455,51.96662290501643,1879.7501943179834,29.33812494277954,31.16328818806596,27.51296169749312,12.442262406654676,0.4149049294648425,0.0,0.0,30.044666544596357,30.55991655985514,29.52941652933756,3.4298933855297484,-0.48706100134473207,0.0,1.0,27.52750015258789,30.954999923706055,29.241250038146973,11.6827499296669,0.4376367907125054,0.6352583730057878,2.4166593813864523,0.3987469375147654,0.4697424488777049,-0.07099551136293947,29.8964581489563,28.971634571368877,29.641044429570606,29.24229749205584,0.9783912013104837,0.8396252480644961,0.13876595324598762,0.24990810475334796,24.139417414712,-0.7006241798400872,63.65680246648482,54.27420481449484,9.382597651989983,29.87874984741211,29.00374984741211,29.44124984741211,28.891249656677246,24.99998413173234,22.561076726711967,22.871637356285127,27.025165978006516,-21.282468393248273,28.012499809265137,27.21749973297119,80.0,4.0,76.0,,30.9161999130249,0.0,0.0,48.003593712991076,0.0,0.17079997287729676,0.3894361208621889,15.23814094551334,40.43642301845983,21.566656680414578,39.24426544927343,-78.43334331958542,1.186051469690657,0.7199877167276197,1.3635964739880364,1.6133130357009382,-0.2497165617129018,-4.7554007012331905,-4.326124145513728,-0.4292765557194622,29.402111627928075,-0.5652102866220532,-0.566813644378783,46.940144182911034,3.890974583227589,6170428.839182109
2015-11-12,29.065000534057617,29.204999923706055,28.912500381469727,28.93000030517578,26.30410385131836,130102400,-0.09749984741210938,0,2395152561.319423,2230370000,0.02093911585666317,-18884285.829240866,-0.0044963396456099555,-0.004161795979245343,36126222.08044221,29.67712459312758,45.4400725505945,1873.4363417245645,29.386374950408936,31.112100138576377,27.660649762241494,11.74507023121902,0.36777308219109284,0.0,0.0,29.95049991607666,30.434499740600586,29.466500091552735,3.2319983030675674,-0.554235517445351,0.0,1.0,27.52750015258789,30.954999923706055,29.241250038146973,11.66356781638515,0.409190443834909,0.6009824899288418,2.8409796505553593,0.3124886587157931,0.4382916908453226,-0.12580303212952948,29.920833110809326,29.019134594843937,29.531653025817555,29.21916436710176,0.9500699307842718,0.925802075875965,0.024267854908306852,0.2378046796229779,24.100541404412198,0.431124210357666,59.343656745870234,57.27099039366348,2.0726663522067525,29.87874984741211,29.00374984741211,29.44124984741211,28.891249656677246,12.49999206586617,21.544159668760496,22.099700651712002,26.113044242223953,-32.08857179262405,28.012499809265137,26.988750457763672,76.0,0.0,76.0,,30.831651907348633,0.0,0.0,47.05567596803605,0.0,0.0,0.18407481337553833,12.239081889240683,33.732489976187225,17.599217036442575,22.48220972474682,-82.40078296355742,0.9195808354546067,1.0213864144697276,1.0694647348218767,1.504543375525126,-0.4350786407032494,-6.820328893688028,-4.824965095148588,-1.9953637985394401,29.353031200807045,-0.3358878542746857,-0.3364532238881779,46.44659008554692,4.009821645402802,-25053958.28085023
2015-11-13,28.799999237060547,28.892499923706055,28.0674991607666,28.084999084472656,25.535799026489258,183249600,-0.845001220703125,0,2219677145.6916633,2047120400,-0.012542042356393475,-38307407.23840065,-0.2605570190012492,-0.015994919964052383,30773780.529805362,29.650494781344598,46.87853149843646,1873.4363417245645,29.402624893188477,31.0719864670957,27.733263319281253,11.355187368281223,0.10535038385008111,0.0,0.0,29.783916536966963,30.30616633097331,29.261666742960614,3.506924909342567,-1.1265372164739014,0.0,1.0,27.52750015258789,30.954999923706055,29.241250038146973,11.657121714708511,0.16265469558379897,0.6271343553768756,3.5099138119130333,0.1739387570512143,0.385421104086501,-0.21148234703528668,29.776458104451496,29.04644225193904,29.309090880995264,29.13515212394405,0.9203190883982638,0.9513375428881964,-0.031018454489932568,0.21529698537973985,24.155585888633745,0.7298748016357415,52.74308764546271,58.63378425290971,-5.890696607447005,29.511249542236328,29.16374969482422,29.337499618530273,28.891249656677246,6.249996032933085,21.77097752608561,19.960395442109377,33.06907306877013,-97.56571146727123,27.87999963760376,26.988750457763672,72.0,0.0,72.0,,30.750485821899414,0.0,0.0,39.73276471182019,0.0,0.0,0.05693332429243229,7.094371319250533,31.182575691418982,0.6060578037125747,13.257310506856586,-99.39394219628743,0.5517792870016649,-5.810346692567504,0.5970065174578814,1.323036003911677,-0.7260294864537957,-6.0425425946960125,-5.068480595058073,-0.9740619996379394,29.167997129023423,-2.9208476038347975,-2.9643536150858907,42.169108368135475,3.2982498234338777,57874935.66898872
2015-11-16,27.844999313354492,28.559999465942383,27.75,28.545000076293945,25.954051971435547,152426800,0.46000099182128906,1,2366458734.645988,2199547200,-0.004485495604542711,-22818280.607179813,-0.17270563440033973,-0.02319979566509588,33270361.67510832,29.666894106629726,49.19357139683277,1904.1211415607802,29.433249855041502,31.013714226608037,27.852785483474968,10.739312711646237,0.2189908881441168,0.0,0.0,29.59449984232585,30.153999582926428,29.035000101725256,3.7811062432647926,-0.4378911998290902,0.0,1.0,27.704999923706055,30.954999923706055,29.329999923706055,11.041933921691358,0.25846158541165865,0.6454208664334262,3.8252564381565586,0.10010129205129914,0.3283571416794607,-0.22825584962816153,29.644166469573975,29.06624992077167,29.19153844950275,29.091437157451452,0.91236438821117,0.9450183228960609,-0.03265393468489086,0.18957223287192987,24.35403732459434,0.4417501449584975,48.0787788323688,58.707208468564026,-10.628429636195229,29.352499961853027,29.172499656677246,29.262499809265137,28.891249656677246,3.1249980164665425,22.34446097670024,18.180472280368853,33.61555751051182,-109.34926633517023,27.81374979019165,26.9375,68.0,8.0,60.0,,30.589506622231443,0.0,0.0,44.771495476198936,0.18975760756461765,0.06325253585487237,0.021084178618290827,4.297976632831772,40.78477962853933,24.804995170628853,14.336756670261343,-75.19500482937114,0.12205129511216128,-5.2683966966170885,0.34409194537045856,1.1272471922034333,-0.7831552468329748,-6.749698061786108,-5.404724088403681,-1.3449739733824275,29.08211378678592,1.6378885768794982,1.62461987030329,44.4976799539486,4.284412788008467,3957469.4683303237
2015-11-17,28.729999542236328,28.762500762939453,28.329999923706055,28.422500610351562,25.842662811279297,110467600,-0.12249946594238281,0,2303243430.711786,2089079600,-0.06089342947923543,-21491700.806716524,0.15318176309400236,-0.02246594157755825,32796295.39492726,29.628315531675824,44.028981520856526,1895.949699195835,29.43224992752075,31.015243626136773,27.84925622890473,10.756865020610178,0.18106338071592118,0.0,0.0,29.38866659800211,29.921666399637854,28.85566679636637,3.6272472577709625,-0.4063474176589283,0.0,1.0,27.75,30.954999923706055,29.352499961853027,10.889415289686045,0.2098285885679293,0.6241288637134235,4.287389192891802,0.03133863367646583,0.26895344007886174,-0.2376148064023959,29.52312485376994,29.086346112764797,29.073224935787184,29.04188630211072,0.9579399754399109,1.045412911556473,-0.08747293611656204,0.16163165511224792,24.50019727729661,0.8627501487731948,42.413096631083924,57.44800549118847,-15.034908860104544,29.21125030517578,29.172499656677246,29.191874980926514,28.891249656677246,1.5624990082332713,22.46627477852154,19.577430199642716,31.97594074914461,-91.42212585985578,27.766249656677246,26.829999923706055,64.0,4.0,60.0,,30.362346092452928,0.0,0.0,43.7231334695191,0.15027650100191456,0.11334470285551056,0.05886574623679434,1.7215584502013395,37.392907182975854,20.98285885679293,15.464637277044796,-79.01714114320707,-0.0517279737135965,-4.861922643174686,0.10790839599901675,0.92337943296255,-0.8154710369635332,-9.233963203021833,-6.170571911327311,-3.063391291694522,28.929532668485148,-0.4291450888595949,-0.4300685593619402,43.87757525691016,4.055723982637556,-24511222.0705404
2015-11-18,28.940000534057617,29.372499465942383,28.875,29.322500228881836,26.660978317260742,186698800,0.8999996185302734,1,2452415366.0650578,2275778400,0.02007127350654785,5582663.419965807,0.15388724401664589,-0.020964280503908028,38708120.3635883,29.563241387062714,43.460505021746506,1895.949699195835,29.476374912261964,30.99412924687908,27.958620577644847,10.29810713925844,0.44930843553843464,0.0,0.0,29.245666567484534,29.773416392008464,28.717916742960615,3.6090804995409433,0.5727936399283573,0.0,0.0,27.75,30.954999923706055,29.352499961853027,10.87311425928701,0.49063970867852574,0.6567158629011631,4.439276987155771,0.04890246197009063,0.22494324445710753,-0.1760407824870169,29.442083199818928,29.139230728149414,29.111574980878668,29.062672518908578,0.9058208116257798,0.986253252646356,-0.08043244102057623,0.13921174010660134,24.61518814485034,1.166125011444091,37.63549665316091,55.108431925173115,-17.472935272012208,29.10124969482422,29.172499656677246,29.136874675750732,28.891249656677246,0.7812495041166356,21.4660526494291,24.194402012681316,28.668255965555154,-28.787781934647903,27.766249656677246,26.829999923706055,60.0,0.0,60.0,,30.153358405056693,0.0,0.0,52.51974696657148,0.48155523168382525,0.27386311341678565,0.15015345070905622,2.2317387974477403,45.023745272214114,49.063970867852575,31.617274965091465,-50.936029132147425,-0.10177206712610598,-3.2101001649215957,0.1682655369642073,0.7723566537628814,-0.6040911167986741,-7.524569279078349,-6.441371384877519,-1.08319789420083,28.952780220175715,3.166503999308534,3.1174040723831897,48.433464431528385,5.046274753627763,77271268.52630195
2015-11-19,29.40999984741211,29.9375,29.190000534057617,29.69499969482422,26.99966812133789,173183200,0.3724994659423828,1,2513231987.184972,2448961600,-0.007829485799689586,14000947.147141103,0.1899145899962768,-0.010820404292410516,40908159.54874113,29.527390231133147,42.78637350420773,1920.034966307827,29.517374897003172,31.012059889683695,28.02268990432265,10.127492691311609,0.5594188068692988,0.0,0.0,29.174833234151208,29.714582951863612,28.635083516438804,3.7001049046654946,0.9818589464739398,0.0,0.0,27.75,30.954999923706055,29.352499961853027,10.858011374281967,0.6068641937985281,0.6657942232052851,4.509762472043885,0.09182106020158187,0.19831880760600243,-0.10649774740442056,29.36312484741211,29.221634571368877,29.201332629177983,29.1095115689764,0.9113249037222236,0.9378705083837183,-0.026545604661494693,0.12368584579121612,24.80255476914264,0.9826251029968276,33.51485614979296,52.0512989204227,-18.53644277062974,29.10124969482422,29.241250038146973,29.171249866485596,28.891249656677246,1.402720450881335,20.191102349794765,28.336015074463557,26.3578746626636,10.012070120034045,27.78125,26.821249961853027,56.00000000000001,8.0,48.00000000000001,,29.96108973265216,0.0,0.0,55.612294015121314,0.5980199440598971,0.40995055891521215,0.26571945839583616,3.6579153210727777,52.484279456423415,60.6864193798528,43.57774970149944,-39.3135806201472,-0.06676468007704628,-3.092111385301231,0.31543318747897026,0.6809719605060992,-0.36553877302712895,-6.734828959590465,-6.500062899820109,-0.23476605977035625,28.968100120360127,1.2703536977910268,1.2623523971619033,50.31909443569362,4.96290226550655,27984009.646122634
2015-11-20,29.799999237060547,29.979999542236328,29.712499618530273,29.825000762939453,27.11786460876465,137148400,0.13000106811523438,1,2491443260.863553,2586110000,-0.07153346485987669,14547874.481877433,0.055099836942566954,-0.007794458511593395,41508578.42981635,29.50930632356608,42.96077126004537,1928.4406439978027,29.520124912261963,31.016859951237592,28.023389873286334,10.140438385163613,0.6018469678127361,0.0,0.0,29.129666582743322,29.666416422526044,28.592916742960615,3.6852453374848464,1.147726490684754,1.0,0.0,27.75,30.954999923706055,29.352499961853027,10.856999871212514,0.6474261504942741,0.6277147856259676,4.565780214700514,0.13477080430437738,0.18560920694567745,-0.05083840264130007,29.3068749109904,29.2931730563824,29.297281572833597,29.16251076852922,0.9662729613190214,0.9368693211133949,0.02940364020562647,0.11406135728805179,24.903224586192383,0.7098746299743652,29.313947672510928,48.096238128380584,-18.782290455869656,28.864999771118164,29.241250038146973,29.05312490463257,28.891249656677246,5.361212493332928,19.068776516652033,27.906042443150618,25.513621078134264,32.714050924808035,27.822499752044678,26.49874973297119,52.0,4.0,48.0,27.75,,1.0,0.0,56.67293525268919,0.6379634840378803,0.5725128865938673,0.4187755196419551,5.129955458603117,52.43277362106175,64.74261504942741,58.16433509904427,-35.25738495057259,0.13909564298742083,-2.2131122526575306,0.4621371780162892,0.6372050040081372,-0.175067825991848,-7.751042356025555,-6.750258791061198,-1.0007835649643564,28.982167774083866,0.4377877401961827,0.43683223736996624,50.97717300230702,4.805098516972585,-7212662.967810333
2015-11-23,29.8174991607666,29.9325008392334,29.334999084472656,29.4375,26.76554298400879,129930000,-0.3875007629394531,0,2406092021.840751,2456180000,-0.040423298319801085,5277038.966077352,-0.09772099973664797,-0.02578811307842549,39820465.34211157,29.4265374424788,35.59533112900735,1903.3854151053642,29.550999927520753,31.013782557249193,28.088217297792312,9.90005504596246,0.4612041033253781,0.0,0.0,29.066249910990393,29.618750063578283,28.513749758402504,3.801661062433654,0.8359728384423839,0.0,0.0,27.75,30.954999923706055,29.352499961853027,10.845656429788857,0.5265210733760904,0.6246934825394451,4.659739418004815,0.13597329732074925,0.1756820250206918,-0.03970872769994255,29.240833282470703,29.357692278348484,29.318853638551506,29.182880341230756,0.890055708608246,1.003790890914989,-0.11373518230674307,0.10594974123481644,25.02931368911226,0.7139994621276848,24.791892471214773,43.499068363105565,-18.70717589189079,28.864999771118164,29.241250038146973,29.05312490463257,28.891249656677246,10.594188977781734,17.974823753837683,26.02405494992755,28.0538349302782,1.3877263633341963,27.822499752044678,26.49874973297119,48.0,0.0,48.0,27.794599990844727,,0.0,0.0,52.63559226036534,0.5192024647487686,0.5850619642821818,0.5225084699304204,5.140935021606544,50.24732811557243,52.652107337609046,59.360380588963096,-47.347892662390954,0.37763978733735826,-2.6215665042570535,0.4659351500977122,0.6029510332260521,-0.13701588312833995,-8.86353292402579,-7.1729136176541175,-1.6906193063716728,28.993874403271022,-1.2992481241474452,-1.3077621787877636,49.01560491418368,4.267490679234633,4232671.702276826
2015-11-24,29.332500457763672,29.837499618530273,29.280000686645508,29.719999313354492,27.02239990234375,171212800,0.2824993133544922,1,2505134078.18753,2627392800,0.03239626150746516,11432818.8905663,-0.0244212544604579,-0.03095137631997144,41463522.61387379,29.34427069149079,35.17213103765576,1903.3854151053642,29.605124855041502,31.007562377522635,28.20268733256037,9.474288856054661,0.5409552855195141,0.0,0.0,29.103333282470704,29.661333274841308,28.545333290100096,3.8346122552683415,1.0525681355871956,1.0,0.0,27.75,30.954999923706055,29.352499961853027,10.825828093612213,0.6146643869733739,0.6179740274739772,4.682878200212306,0.15790142599352208,0.17212590521525786,-0.01422447922173578,29.19541660944621,29.42644221966083,29.380568357751965,29.222666931758443,0.8569350367575955,1.0244754234292714,-0.16754038667167592,0.10089372355753855,25.02600767970975,0.5373750686645522,22.981758396147246,38.97961902195694,-15.997860625809697,28.864999771118164,29.329999923706055,29.09749984741211,28.891249656677246,19.484028494539544,17.042959482218468,24.372446321482897,26.899498969257717,1.6562179415184937,27.822499752044678,26.49874973297119,44.0,0.0,44.0,27.83830798187256,,0.0,0.0,55.14439314721578,0.7036576626313918,0.6202745371393467,0.5926164626717987,5.910454439398008,59.043050148644745,67.40800348772248,61.60090862491966,-32.59199651227751,0.5239265105303588,-1.8007602421441056,0.5403388621656529,0.5904285990139723,-0.05008973684831941,-7.624425439565169,-7.263215982036328,-0.36120945752884115,29.009981525271545,0.959657964686178,0.9550824969102312,50.445645035367924,4.701337521955452,53962821.83870722
2015-11-25,29.802499771118164,29.8075008392334,29.479999542236328,29.50749969482422,26.82918930053711,85553200,-0.21249961853027344,0,2433948613.9855556,2541839600,-0.09236430119803225,7202412.997050517,0.03253837698406839,-0.019526124641186183,40851812.56057391,29.28274381428813,36.43991515258235,1889.7761054159043,29.589624881744385,30.98918037296623,28.190069390522538,9.459771773486162,0.4706602605487015,0.0,0.0,29.15699996948242,29.692500114440918,28.621499824523926,3.6732184073737657,0.8272638939891998,0.0,0.0,27.75,30.954999923706055,29.352499961853027,10.831499001811988,0.5483618523122957,0.5889267544262865,4.716711617506703,0.15633060081457728,0.16896684433512177,-0.012636243520544488,29.142499923706055,29.467403778663048,29.40009625576308,29.243765654948504,0.9193843317275974,0.9948669739310553,-0.0754826422034579,0.09646545040576786,24.979942754117495,-0.3971257209777832,20.530853806138914,34.66708536198679,-14.136231555847878,28.864999771118164,29.352499961853027,29.108749866485596,28.891249656677246,32.46680593517739,16.177656944286337,23.431664360220765,25.86117220207716,-0.29796164153098204,27.898749828338623,26.49874973297119,40.0,72.0,-32.0,27.881141813079836,,0.0,0.0,52.87560034177186,0.6000700729639012,0.6076434001146871,0.6043266338454053,5.881885263140109,52.433689104420544,65.03238082332548,61.697497216219006,-34.96761917667452,0.5589927785536837,-2.106660796181772,0.534577532384663,0.5792583856881104,-0.0446808533034474,-10.906009405886486,-7.991774666806361,-2.9142347390801255,29.01978554197582,-0.7150054624489477,-0.7175738766964201,49.36995045534851,4.343720232690664,-51679873.21913862
2015-11-27,29.572500228881836,29.602500915527344,29.399999618530273,29.452499389648438,26.7791748046875,52185600,-0.05500030517578125,0,2408821922.7065573,2489654000,-0.16368357371642717,5763464.865217407,-0.055295750882349996,-0.02259153690498109,40754541.56318457,29.223333711171833,37.928273256699356,1886.253669981295,29.555624866485594,30.93364868211436,28.17760105085683,9.324951320459924,0.46258211372417296,0.0,0.0,29.2039166132609,29.730416933695473,28.67741629282633,3.605682945934031,0.7360708690379874,0.0,0.0,27.75,30.954999923706055,29.352499961853027,10.843959274027542,0.5312010702576795,0.5502842086833649,4.74481344542092,0.14893086328639882,0.16495964812537717,-0.01602878483897835,29.16416660944621,29.50634604233962,29.408158276360826,29.259227413074427,0.8952354276025576,0.9929746198003494,-0.09773919219779181,0.09208751577179565,24.90271861009077,-0.5281247138977037,18.89150002868414,30.905797849011403,-12.014297820327265,28.864999771118164,29.352499961853027,29.108749866485596,28.891249656677246,66.23340296758869,15.511228760559906,22.844485108416485,26.203098001464255,-11.188883017527736,28.066874980926514,26.49874973297119,36.0,68.0,-32.0,27.923118967662965,,0.0,0.0,52.27610157295522,0.6167085194338074,0.6401454183430333,0.6226877851990223,5.689658962487541,53.577976720148214,62.997216434891115,65.14586691531304,-37.002783565108885,0.4941398171817575,0.8906405287535797,0.5090047703031604,0.5652076626111204,-0.05620289230796005,-15.50275319345144,-9.493970372135378,-6.008782821316062,29.029267019988932,-0.18639432600054961,-0.18656825638889707,49.09153334294991,4.36736717517087,-41921625.26275998
2015-11-30,29.497499465942383,29.852500915527344,29.4375,29.575000762939453,26.89056396484375,156721200,0.12250137329101562,1,2355952467.425741,2646375200,-0.12146409413194795,7682764.487874338,0.0380653419972528,-0.018219804918839098,41406389.88239931,29.189667954560317,45.20873858788047,1886.253669981295,29.54062490463257,30.91092583176825,28.17032397749689,9.277399727050389,0.5125431785187285,0.0,0.0,29.331250063578285,29.816750399271648,28.84574972788493,3.3104646725999816,0.751030412793697,0.0,0.0,27.75,30.954999923706055,29.352499961853027,10.849465554817852,0.569423028512631,0.5367558793677628,4.730038283307928,0.15120831963612957,0.16220938242752764,-0.011001062791398064,29.209791660308838,29.53326914860652,29.43382635121908,29.28261803158295,0.9169733382699982,0.9623158567918411,-0.0453425185218429,0.08857413197833026,24.758123592673023,-0.6106245994567878,20.312090452251358,27.82061025122057,-7.508519798969214,29.15499973297119,29.352499961853027,29.25374984741211,28.891249656677246,83.11670148379434,14.406955415881956,24.804341219816354,24.829854156695617,8.018257405207624,28.071249961853027,26.272500038146973,32.0,64.0,-32.0,27.964256579154434,,0.0,0.0,53.539604997935236,0.8150354952333778,0.6772713625436954,0.6416867270004719,5.87433382483478,45.15292170528948,81.83861603439044,69.95607109753568,-18.161383965609556,0.4062061646405404,1.8861445438757536,0.5163756856475159,0.5554412672183996,-0.03906558157088369,-13.219978505097169,-10.239171998727738,-2.980806506369431,29.099666258788716,0.41592861668666714,0.4150660246333704,49.7116476951802,4.517268275511693,90207383.67466973
2015-12-01,29.6875,29.702499389648438,29.21500015258789,29.334999084472656,26.672348022460938,139409600,-0.24000167846679688,0,2285174782.4020705,2506965600,-0.17848234439527985,1805435.561837324,-0.06512970960514057,-0.00820815361389808,40275078.398671076,29.19945284891834,47.39973883886839,1870.9466865449006,29.492624855041505,30.820460924564173,28.164788785518837,9.004529614092224,0.44064562102703214,0.0,0.0,29.444500033060706,29.897750345865887,28.991249720255535,3.078675557718828,0.3792047732848201,0.0,0.0,27.75,30.954999923706055,29.352499961853027,10.867123355275677,0.49453950770765254,0.5318302151370412,4.578935567245221,0.13212404676023226,0.15619231529406857,-0.024068268533836312,29.243541558583576,29.516538326556866,29.41862215633501,29.28649810957478,0.9644284664592088,0.9378323750515833,0.026596091407625422,0.0840039176720319,24.57916759145872,-1.407625770568849,18.623863415524234,25.177362116158385,-6.553498700634151,29.427499771118164,29.352499961853027,29.389999866485596,28.891249656677246,91.55835074189717,13.79178840411032,23.26209600094108,26.12382085890529,-13.267047609147953,28.458125114440918,26.4037504196167,28.000000000000004,60.0,-31.999999999999996,28.00457143841607,,0.0,0.0,50.707120974699464,0.6478303294765005,0.693191448047895,0.6702027429782079,5.258593442006483,40.73866745390777,71.07620671900045,71.97067972942735,-28.923793280999554,0.3251031819511887,1.3999266333378428,0.4511432068999615,0.534581655154712,-0.0834384482547505,-12.251175390654655,-10.641572677113121,-1.609602713541534,29.112431800013628,-0.8115018504667115,-0.8148124492783015,48.4967349037696,4.211580319749675,23708514.505265385
2015-12-02,29.334999084472656,29.52750015258789,29.020000457763672,29.06999969482422,26.431398391723633,133546400,-0.2649993896484375,0,2177942558.273626,2373419200,-0.2384869424756791,-3508157.3026745925,-0.07030303513116246,-0.009138756416581758,39068679.36699433,29.212725753619356,48.53288421494081,1854.0453827960418,29.413999843597413,30.642698719778874,28.18530096741595,8.35451745913376,0.3600144610523799,0.0,0.0,29.514583333333338,29.975333531697594,29.05383313496908,3.1221867045223908,0.017543736185610143,0.0,0.0,27.75,30.954999923706055,29.352499961853027,10.896171689494626,0.41185638884442044,0.5293971631057589,4.409110446924622,0.09452674152357332,0.14385920053996953,-0.04933245901639621,29.32562494277954,29.52615371117225,29.3649879314872,29.270461189963626,0.9665554493507872,0.9391302084635731,0.027425240887214097,0.07698321280747299,24.443232878985427,-0.8689997673034675,16.827073242199578,22.86531507049601,-6.038241828296432,29.5,29.352499961853027,29.426249980926514,28.891249656677246,88.00606203552621,13.566722925333435,21.746244916145066,26.925324133718533,-34.18191671590934,28.458125114440918,26.4037504196167,24.0,56.00000000000001,-32.00000000000001,28.044080000492478,,0.0,0.0,47.706018945460514,0.47067142650095833,0.6445124170702786,0.671658409220623,3.8929873127260555,36.87751667966243,59.19282357791307,70.70254877710133,-40.80717642208693,0.219904652763816,3.5072125421436793,0.3229424398546376,0.49225381209469715,-0.16931137224005954,-11.686941327809254,-10.850646407252349,-0.8362949205569059,29.110803335465334,-0.9033557113308555,-0.9074607095614695,47.15528116787655,4.059571796481507,18598561.431260675
2015-12-03,29.137500762939453,29.197500228881836,28.55500030517578,28.799999237060547,26.1859073638916,166278000,-0.2700004577636719,0,2138475257.8327835,2207141200,-0.2131125054324825,-9420582.847439341,-0.15359442871731904,-0.019788619921703835,37524299.023432754,29.195254360841247,47.67378483749381,1854.0453827960418,29.32899980545044,30.478052016367727,28.179947594533154,7.8356044770660676,0.2698100384979056,0.0,0.0,29.480666669209796,29.95591691335042,29.00541642506917,3.224148554530389,-0.21611476326547885,0.0,1.0,27.75,30.672500610351562,29.21125030517578,9.964542363318,0.3592811010343081,0.5407074391657885,4.2488795880701495,0.04245443746784616,0.12357824792554487,-0.0811238104576987,29.346874872843426,29.5324036524846,29.278066593883096,29.23561215641525,0.8945688723246855,0.9648560470243543,-0.07028717469966883,0.06666961372107565,24.33851839487604,-0.9064991950988777,13.540077577154157,20.6458952290917,-7.105817651937542,29.267499923706055,29.352499961853027,29.30999994277954,28.891249656677246,61.385225433827685,14.102562865812976,19.971858687917983,30.63367688839877,-74.83141900395576,28.49250030517578,26.4037504196167,20.0,52.0,-32.0,28.082798391327355,,0.0,0.0,44.79688364418431,0.29894143746349455,0.4724810644803176,0.6033949765328305,1.8919381176942012,39.039837143141874,47.085177246609106,59.118069181174214,-52.914822753390894,0.03544876435223543,0.8933233844282709,0.14521480597262018,0.4228460108702818,-0.2776312048976616,-9.27374822552204,-10.535266770906286,1.2615185453842468,29.09848100939957,-0.9287941541043176,-0.9331343421874916,45.78851151893355,3.9602818496818486,53719586.46697527
2015-12-04,28.822500228881836,29.8125,28.77750015258789,29.75749969482422,27.056501388549805,231108000,0.9575004577636719,1,2345020915.0259767,2438249200,-0.11821178003368284,23537502.672601517,0.18753396191099675,0.012217878714885163,45207841.4420065,29.300828384356397,57.84543613757618,1854.0453827960418,29.305374813079833,30.397368745415033,28.213380880744634,7.452516402198079,0.7070180375350295,0.0,0.0,29.46483332316081,29.968833605448403,28.960833040873204,3.4210292436402825,0.7903434600622011,0.0,0.0,27.75,30.452499389648438,29.10124969482422,9.22185574109168,0.742830767146027,0.5901366799904205,3.616756213933195,0.07755503989573498,0.11437360631958289,-0.03681856642384791,29.45812479654948,29.530095980717586,29.351825532489425,29.27427049259369,1.030009582651442,0.8543293884990057,0.1756801941524362,0.060885032624719046,24.435690288551775,0.017125415802002664,12.600520101635976,18.788847721216708,-6.188327619580733,29.24375057220459,29.352499961853027,29.29812526702881,28.891249656677246,42.00338891802962,13.367649916344776,24.86344466607271,26.83511480065469,20.655326170533787,28.50125026702881,26.412500381469727,16.0,48.0,-32.0,28.120742414345536,,0.0,0.0,55.22460354645642,0.8881580019151288,0.552590288626527,0.5565279233923744,3.2195561150791705,48.90687624075365,90.02242631902166,65.43347571451461,-9.977573680978342,-0.04929392758537432,4.696979702012727,0.26492561075213195,0.39126193084665184,-0.1263363200945199,-3.8736938636815683,-9.202952189461342,5.329258325779774,29.102428377303998,3.324654455308229,3.2705830153526794,50.63547576247534,5.113488079488324,100761374.84751555
2015-12-07,29.7450008392334,29.96500015258789,29.452499389648438,29.56999969482422,26.88601303100586,128336800,-0.1875,0,2275531298.3113008,2309912400,-0.12996882174754837,16737409.433658445,0.16522699199557572,0.03635592345745055,44399199.91476874,29.40136654470127,64.80945869862978,1842.3631677968187,29.270624828338622,30.279312045723476,28.26193761095377,6.892146807937517,0.6483982652530101,0.0,0.0,29.447166633605953,29.975666999816895,28.918666267395018,3.5894819544899668,0.6162090597012345,0.0,0.0,27.75,30.452499389648438,29.10124969482422,9.232803896389626,0.6734505479614479,0.5823730882853237,3.1283155633847155,0.08921442880765795,0.10934177081719791,-0.02012734200953996,29.478749752044678,29.50846136533297,29.385390788233238,29.29617635942558,1.160064889464231,0.7857141618605213,0.3743507276037096,0.05700171579973317,24.534281619299556,0.4243748664855964,12.354372768662516,17.406901087599792,-5.052528318937275,29.260000228881836,29.352499961853027,29.30625009536743,28.891249656677246,31.217855812842576,12.41336073393107,25.166899750945664,25.170726096386836,64.08413071872305,28.675000190734863,26.58625030517578,12.0,44.0,-32.0,28.157927556903353,,0.0,0.0,53.10896924657332,0.7247860572856257,0.6372951655547495,0.554122172887198,3.661692963283621,47.17190310942484,75.15151865445192,70.75304074002757,-24.848481345548073,-0.09466905593871999,0.8440598994304136,0.3045258456704867,0.37391471381141883,-0.06938886814093215,-4.997124531814672,-8.361786657932008,3.364662126117336,29.10872463794815,-0.6300932602634313,-0.6320867260540375,49.686331782130196,4.458904804112425,-41914028.95183623
2015-12-08,29.3799991607666,29.649999618530273,29.21500015258789,29.5575008392334,26.87464714050293,137238000,-0.012498855590820312,0,2354404410.6871586,2172674400,-0.08545556840933706,14101305.522625383,-0.08756215675311871,0.019159929182656188,44341191.19101913,29.455104625702063,58.56751311478745,1842.3631677968187,29.24137487411499,30.17863364092822,28.30411610730176,6.41049725498994,0.6686439094046932,0.0,0.0,29.437749989827473,29.950000127156578,28.925499852498376,3.4802261552334284,0.616887083750049,0.0,0.0,27.75,29.979999542236328,28.864999771118164,7.626178836790487,0.8105386593132518,0.5676357260510296,2.4687442212608803,0.09633552931764555,0.10674052251728745,-0.010404993199641902,29.467291514078777,29.49624985914964,29.41186925761788,29.315533728300235,1.0538787206292504,0.8529698793733744,0.20090884125587594,0.05436115789061442,24.610428154046044,0.5836258888244643,12.543474820720574,16.24709180144127,-3.703616980720698,29.260000228881836,29.352499961853027,29.30625009536743,28.891249656677246,23.257470315843552,11.9409808936421,23.816659527904147,26.74951964835655,41.559536462336496,28.785624980926514,26.65250015258789,8.0,40.0,-32.0,28.194368996610013,,0.0,0.0,52.96331043010985,0.6876382029257314,0.7668607540421618,0.6522487360744795,3.975236322937724,50.31173458180046,70.35095233633602,78.50829910326988,-29.649047663663985,-0.13841168459724074,-0.46303706685939483,0.3286159829477928,0.36485496763869363,-0.03623898469090081,-5.382126319243692,-7.765854590194346,2.3837282709506535,29.112544126404455,-0.0422687038208136,-0.04227763955553243,49.62306130988898,4.461219724862794,13316409.199572831
2015-12-09,29.40999984741211,29.422500610351562,28.770000457763672,28.905000686645508,26.2813720703125,185445600,-0.6525001525878906,0,2245695033.187144,1987228800,-0.10014670969003982,-5199349.880142944,-0.11831111288824597,-0.0002828105962646571,40247364.62039994,29.440861360769073,49.50129164676956,1842.3631677968187,29.226999950408935,30.175566866324797,28.278433034493073,6.491031700313736,0.3302706649575008,0.0,0.0,29.379750061035157,29.90150032043457,28.857999801635742,3.5517678558565082,0.04504155404145674,0.0,0.0,27.75,29.979999542236328,28.864999771118164,7.629929674684681,0.5179376339634713,0.5896221915928994,2.3342828043585504,0.04876560410544073,0.09514553883491811,-0.04637993472947738,29.39062484105428,29.442788344163162,29.333889477468286,29.285123873362846,0.9658488596260232,0.9731430741136208,-0.0072942144875975945,0.04819582681562028,24.66316908858971,0.21050004959106516,11.279635020316276,15.219178603016534,-3.9395435827002583,29.260000228881836,29.352499961853027,29.30625009536743,28.891249656677246,11.628735157921776,12.206531370024399,21.561360110887996,29.56746273495547,-37.881344304449506,28.98312473297119,26.670000076293945,4.0,36.0,-32.0,28.23008160752254,,0.0,0.0,45.887751779661464,0.0918544455209289,0.5014262352440951,0.6351940516136688,2.0803677439630186,44.86961464540049,24.56144342867851,56.68797147315549,-75.4385565713215,-0.18674254136927004,-3.084660696596318,0.16652005405992815,0.32518798492294054,-0.1586679308630124,-3.1003271333066835,-6.832749098816814,3.7324219655101305,29.10161518003621,-2.2075619861669393,-2.232293285868847,46.32003948587262,3.803545648299121,64443575.32701853
2015-12-10,29.010000228881836,29.235000610351562,28.877500534057617,29.042499542236328,26.406391143798828,116850800,0.1374988555908203,1,2236705838.727257,2104079600,-0.09390183813595564,-2161321.1437122626,-0.012237819008695,-0.014722268382334073,40803214.85022868,29.403145453462432,47.991354337935576,1851.1271470785,29.22774991989136,30.17570824725089,28.27979159253183,6.486700686558038,0.40228980942071974,0.0,0.0,29.32508341471354,29.849833552042647,28.800333277384443,3.5788483866055385,0.23074435586093864,0.0,0.0,27.75,29.979999542236328,28.864999771118164,7.629733894495486,0.5795963262576102,0.566409980063004,2.292948990477359,0.02190855597655883,0.08049814226324625,-0.05858958628668742,29.357708136240642,29.381249867952786,29.28906025666337,29.26715170068681,0.9349650448520151,1.0769229332820438,-0.14195788843002866,0.04076496990115194,24.652245734090265,0.49224939346313334,9.483750819152508,14.173873135290796,-4.690122316138288,29.260000228881836,29.352499961853027,29.30625009536743,28.891249656677246,5.814367578960888,12.453113955236534,20.607344586292378,28.259204891898264,-34.266294130719906,29.267499446868896,26.93624973297119,0.0,32.0,-32.0,28.265079966216813,,0.0,0.0,47.48000963384366,0.22592744441577362,0.3351400309541444,0.5344756734134672,1.0003069766879265,45.76516926685148,34.210491092342494,43.04096228578569,-65.7895089076575,-0.16122044394997914,-1.3418274573712845,0.07485715111814144,0.2751218181619807,-0.20026466704383927,-4.856656595970319,-6.437530598247516,1.5808740022771968,29.10008155207965,0.475692275815609,0.47456443539481974,47.01607261167726,4.29199370963989,-29364941.38888073
2015-12-11,28.797500610351562,28.84749984741211,28.212499618530273,28.295000076293945,25.726734161376953,187544800,-0.7474994659423828,0,2097893404.945271,1916534800,-0.10027175807328981,-21879652.10036351,-0.17818110838715137,-0.03138519304874253,35976163.45830583,29.285282014307942,40.069890784356595,1851.1271470785,29.195999908447266,30.221117572443468,28.170882244451064,7.022315846080031,0.06053833437960381,0.0,0.0,29.22175006866455,29.78975009918213,28.653750038146974,3.8875154922816386,-0.3158010057905506,0.0,1.0,27.75,29.979999542236328,28.864999771118164,7.638031063259194,0.24439470321478118,0.5927689744273091,2.5445132052878963,-0.05901254802838096,0.05259600420492082,-0.11160855223330178,29.238958199818928,29.296442178579476,29.13612792122192,29.1951404692503,0.7699808001094587,1.104288421717441,-0.3343076216079822,0.02773534544725978,24.662101718560375,0.3114997863769524,4.614011508801571,12.429642141574154,-7.815630632772583,29.088749885559082,29.21125030517578,29.15000009536743,28.891249656677246,2.907183789480444,13.607036625458164,18.554674191081748,33.42504996813198,-127.03051773339509,29.308749675750732,26.977499961853027,0.0,28.000000000000004,-28.000000000000004,,29.979999542236328,0.0,1.0,40.50255901213648,0.0,0.10592729664556728,0.3141645209479357,-2.2385272664204736,42.7872581519632,4.707585313692093,21.159839944904373,-95.29241468630791,-0.28730872098137183,-4.794748553107242,-0.20213140639119637,0.17967117325134532,-0.3818025796425417,-2.4866901378676793,-5.6473625061715484,3.160672368303869,29.046272419293242,-2.573812439439993,-2.6075145352774776,43.232154646821776,3.5435906955889322,73341655.75897503
2015-12-14,28.045000076293945,28.170000076293945,27.447500228881836,28.1200008392334,25.567628860473633,257274800,-0.17499923706054688,0,2319559771.9165854,1659260000,0.03287169352464496,-25185829.47386941,-0.2025471253978169,-0.038872773453111735,34384967.36028475,29.103796484317794,37.93017513868625,1851.1271470785,29.1977499961853,30.21536692166563,28.180133070704972,6.970516054238981,-0.029545612875488743,0.0,1.0,29.05083338419596,29.649583307902013,28.452083460489906,4.122084318804991,-0.27731328899470375,0.0,1.0,27.447500228881836,29.979999542236328,28.713749885559082,8.673611198415509,0.2655481905978419,0.6182420617257891,2.7875882366357954,-0.13569981881738258,0.014936839600460137,-0.1506366584178427,29.12333329518636,29.215288382310135,28.979800677839073,29.115500496656455,0.7234112173203066,1.1645689837086772,-0.4411577663883707,0.010298276696588362,24.80109850271803,0.2547493934631362,-0.031433419962649534,10.35683138207561,-10.38826480203826,28.706250190734863,28.949999809265137,28.828125,28.891249656677246,1.453591894740222,15.493482651016253,16.722964234800504,39.036309465801935,-200.59486942910232,29.308749675750732,28.414999961853027,0.0,100.0,-100.0,,29.944649543762207,0.0,0.0,39.055526072343405,0.0,0.07530914813859098,0.17212549191276763,-5.320477695259203,48.598166680438105,26.71303399134022,21.877036799124948,-73.28696600865977,-0.6284116071813237,-4.702190527631169,-0.46607414093041605,0.050522110414993035,-0.5165962513454091,2.7221642371157264,-3.973457157514093,6.6956213946298195,28.9601733265556,-0.618481133022386,-0.6204016503683629,42.346290793909745,3.7983724801416656,110611363.87602508
2015-12-15,27.985000610351562,28.200000762939453,27.587499618530273,27.622499465942383,25.11528205871582,213292400,-0.4975013732910156,0,2130643494.385266,1445967600,-0.07608352006491578,-36746891.25082187,0.024409036908884088,-0.03538489549815873,30611380.633911464,28.93742898788199,29.41805934798853,1818.376852970296,29.151624965667725,30.35083324127524,27.95241669006021,8.227385451204443,-0.13755626559143513,0.0,1.0,28.889416758219397,29.500666872660315,28.27816664377848,4.23165423903554,-0.5363329693899577,0.0,1.0,27.447500228881836,29.979999542236328,28.713749885559082,8.687334981624701,0.06910139565990515,0.6176679699941282,3.3490096807287855,-0.2339227209366257,-0.03483507250695703,-0.19908764842966867,28.97083330154419,29.1136537698599,28.770985106778046,29.00490782771467,0.7496875526010739,1.1478122960032004,-0.39812474340212656,-0.012684420510892424,24.946789416144703,0.4233757972717278,-5.430122995912916,7.883809577840888,-13.313932573753803,28.706250190734863,28.949999809265137,28.828125,28.921250343322754,0.726795947370111,17.178133153331775,15.87923326245162,36.25098887107492,-199.30762290493527,29.323750019073486,28.608750343322754,0.0,96.0,-96.0,,29.844763571166993,0.0,0.0,35.20481581042189,0.0,0.0,0.06041214826138616,-9.224827035605406,37.52763407424231,6.9513105209126484,12.790643275314997,-93.04868947908736,-0.909029203302719,-6.213394318409656,-0.8064935848998238,-0.12088102864797035,-0.6856125562518535,4.479036040295395,-2.2829585179521956,6.761994558247591,28.815599801729864,-1.7692082448194535,-1.7850458116138501,39.827888480989216,3.5009179964546213,22293176.86198297
2015-12-16,27.767499923706055,27.997499465942383,27.200000762939453,27.834999084472656,25.308494567871094,224954000,0.21249961853027344,1,2263923086.2000365,1670921600,-0.01223441700270023,-24668386.902581733,-0.10458234938262342,-0.045179233095779585,32341949.558197204,28.791531363893654,27.79831087025562,1818.376852970296,29.12224988937378,30.416477529690567,27.828022249056993,8.888239371842142,0.002695366409403802,0.0,0.0,28.736583391825356,29.376833407084142,28.096333376566566,4.455992603775707,-0.2040876890789911,0.0,1.0,27.200000762939453,29.979999542236328,28.59000015258789,9.545961558111793,0.22841676272023712,0.6356510432950084,3.7080653009143787,-0.29126066361525105,-0.08612019072861583,-0.20514047288663523,28.825833161671955,29.024903737581692,28.626987257192603,28.918247920807854,0.6942151272766578,1.159976535336612,-0.46576140805995425,-0.036960300643888215,25.124383434636115,0.21274919509887624,-10.482429071199926,5.2146421724682135,-15.69707124366814,28.582500457763672,28.59000015258789,28.58625030517578,29.00374984741211,0.3633979736850555,19.11363279412842,14.435019203564462,37.37315448164782,-189.32601981691423,29.494374752044678,28.891249656677246,32.0,100.0,-68.0,,29.748873037475587,0.0,0.0,38.01598267381533,0.14041941405470004,0.04680647135156646,0.04070520649671922,-11.56960809306585,44.3743499469491,22.965586318409333,18.876643610220743,-77.03441368159066,-1.1549631118774428,-5.883352945326716,-1.0071864118907325,-0.2981421052965228,-0.7090443065942098,6.24596988622799,-0.5771728371161584,6.823142723344149,28.75049210515661,0.7692990230383723,0.766355007320163,40.90358306100865,4.059199181844356,46833419.97414002
2015-12-17,28.0049991607666,28.0625,27.2450008392334,27.2450008392334,24.772052764892578,179091200,-0.5899982452392578,0,2084831886.2000365,1491830400,-0.11464396019524442,-36239116.450469054,0.02510603721629435,-0.0394362482315907,28545883.554489806,28.68394205744409,26.46144625806936,1779.8340404061446,29.018374919891357,30.54436899175929,27.492380848023426,10.517433013258788,-0.08105536363166087,0.0,1.0,28.603250122070314,29.261000061035155,27.94550018310547,4.5991272751016625,-0.5324967000183282,0.0,1.0,27.200000762939453,29.979999542236328,28.59000015258789,9.580132543505242,0.016187084911356276,0.6538358550421678,4.29738099025207,-0.3799297304211251,-0.1448820986671177,-0.2350476317540074,28.65166664123535,28.94999995598426,28.414373962121953,28.794303692543078,0.7286738036713473,1.1194277491646294,-0.39075394549328213,-0.06494756008787987,25.30254569569549,0.05162477493286133,-17.41234156962991,1.8798797645497818,-19.29222133417969,28.582500457763672,28.59000015258789,28.58625030517578,29.00374984741211,0.18169898684252775,20.75449648983638,13.843420536166493,33.96317092953574,-168.04337420196111,29.494374752044678,28.891249656677246,28.000000000000004,96.0,-68.0,,29.595940701003418,0.0,0.0,33.65067441219051,0.0,0.04680647135156646,0.031204314234377712,-15.039229789645937,37.27360248868011,1.6274895561429745,10.514795465154995,-98.37251044385702,-1.3702793345731834,-7.124589434009962,-1.3194614270860674,-0.5024059696544317,-0.8170554574316357,5.522355542743042,0.6427328388556816,4.87962270388736,28.624700584232343,-2.1196273204419858,-2.142413990597314,37.91695221896585,3.453562513152825,-5482906.230908394
2015-12-18,27.227500915527344,27.3799991607666,26.452499389648438,26.50749969482422,24.101484298706055,385813200,-0.7375011444091797,0,1744775772.9436004,1106017200,-0.224764805178903,-71710339.31871173,-0.17729619998457757,-0.05481921551600715,18102218.009857938,28.3557710354865,18.389993677406878,1779.8340404061446,28.858999919891357,30.701929925842947,27.016069913939766,12.771960297081064,-0.13797871255912111,0.0,1.0,28.336333401997887,28.983333333333338,27.689333470662433,4.566574808086038,-0.9133183162777374,0.0,1.0,26.452499389648438,29.979999542236328,28.216249465942383,12.223223820575036,0.015591864719107442,0.6812022466497674,5.190127006199744,-0.503902113593167,-0.21668610165232757,-0.28721601194083934,28.438124974568684,28.85307686145489,28.121008690229996,28.624910803823163,0.6566813458183297,1.2102112283486819,-0.5535298825303522,-0.09905598018488682,25.577000922536715,-0.059000682830809836,-28.550937551747097,-2.6651547154957314,-25.885782836251366,28.051249504089355,28.216249465942383,28.13374948501587,28.703749656677246,0.09084949342126387,22.965460481645305,12.454924033624028,39.12679578378908,-193.3758591897232,29.44124984741211,28.891249656677246,24.0,100.0,-76.0,,29.45218430471958,0.0,0.0,29.145452743165933,0.0,0.04680647135156646,0.04680647135156646,-19.637146869091673,34.76956958548537,1.5658446470984957,8.71964017388361,-98.4341553529015,-1.5998676468344293,-8.814929573102958,-1.7603622140400361,-0.7539972185315527,-1.0063649955084835,13.189777070825162,3.1521416852495783,10.037635385575584,27.960848754608172,-2.7069228177345583,-2.7442348533261995,34.183646769826595,3.07824716865327,224788383.1061375
2015-12-21,26.81999969482422,26.842500686645508,26.392499923706055,26.832500457763672,24.396987915039062,190362400,0.3250007629394531,1,1926677442.5303423,1296379600,-0.1626559951385756,-52627730.096755005,-0.07062175326727235,-0.05521150434901656,20436196.16499363,28.18578539423118,18.15650079479026,1801.6560691790264,28.70937490463257,30.6947083563023,26.724041452962837,13.830558542390115,0.027315060024203367,0.0,0.0,28.03900012969971,28.679750061035158,27.39825019836426,4.570419261539563,-0.44147467906976856,0.0,1.0,26.392499923706055,29.96500015258789,28.178750038146973,12.443671242404426,0.12316319268517831,0.6580820982787359,5.800509796168136,-0.5693630126120652,-0.28722148384427515,-0.2821415287677901,28.274166742960613,28.772403790400578,27.92277665446595,28.492139667078014,0.6723326496006837,1.2515689240218801,-0.5792362744211964,-0.13349389967936362,25.620067337783823,1.0481247901916504,-39.392374821939335,-8.435804675791278,-30.956570146148056,27.90750026702881,28.18624973297119,28.046875,28.673749923706055,0.04542474671063194,25.064601285166557,11.834707921217454,37.84235530141637,-163.5951249689252,29.44124984741211,28.891249656677246,20.0,100.0,-80.0,,29.21220951151389,0.0,0.0,33.3784087838566,0.16231188172571098,0.054103960575236774,0.04923896775945664,-21.989707949330285,38.87710440103554,12.316319268517832,5.169884490586443,-87.68368073148217,-1.7350661502164932,-6.83159316464512,-1.9983160944207732,-1.0028609937093969,-0.9954551007113763,11.18418525428561,4.7585503990567855,6.425634855228825,27.713933686023285,1.2260709862534247,1.2186156128580539,35.828833531168215,3.911633311204966,-80511021.18175733
2015-12-22,26.850000381469727,26.93000030517578,26.612499237060547,26.8075008392334,24.374258041381836,131157600,-0.024999618530273438,0,1956627597.4678056,1165222000,-0.1294027403344325,-45577895.79255375,0.0372190552883351,-0.04753135503333817,20313997.714927174,28.068712076962548,22.8244973198142,1799.9774811352797,28.57787494659424,30.696783089881578,26.4589668033069,14.829011235069869,0.08224378131507197,0.0,0.0,27.76991678873698,28.39891688028971,27.140916697184245,4.530082652662791,-0.2650364144842851,0.0,1.0,26.392499923706055,29.96500015258789,28.178750038146973,12.500930302053783,0.11616539928318934,0.6240239952623857,6.340974347308506,-0.6161558459414032,-0.35300835626370075,-0.2631474896777024,28.02833350499471,28.72326924250676,27.751195759814788,28.36735160575619,0.709978607977602,1.2286552541954032,-0.5186766462178012,-0.1666476811755837,25.487840515418092,0.9921247482299798,-49.18352238804524,-15.153933276720332,-34.02958911132491,27.81375026702881,28.18624973297119,28.0,28.673749923706055,0.02271237335531597,26.790072478581312,12.407973825449135,36.4627097473224,-131.69601915247435,29.337499618530273,28.891249656677246,16.0,96.0,-80.0,,28.93023855273311,0.0,0.0,33.21403545118433,0.1560090180353975,0.10610696658703593,0.06900579950461312,-23.88701191450856,43.20043672294942,11.616539928318934,8.499567947978429,-88.38346007168107,-1.8491985994226816,-9.913463449027338,-2.1720598189940836,-1.2367007587663341,-0.9353590602277495,7.16325007518199,5.239490334281827,1.923759740900163,27.5150655458791,-0.0931691721001715,-0.09321260155066291,35.70228293149391,3.8581595710363956,-56373549.20247966
2015-12-23,26.8174991607666,27.212499618530273,26.799999237060547,27.15250015258789,24.68794059753418,130629600,0.3449993133544922,1,2049256232.6767352,1295851600,-0.13280084728401212,-32628607.493078656,0.07420787327268764,-0.03125976203405197,21995136.235598803,27.971468377325028,27.8875268967802,1823.1423035023238,28.449499988555907,30.587092149640966,26.311907827470847,15.027274025518391,0.1966213060704601,0.0,0.0,27.572166697184247,28.177166811625163,26.967166582743328,4.388484380538015,0.15316821056788552,0.0,0.0,26.392499923706055,29.96500015258789,28.178750038146973,12.55733925137141,0.21273622958443028,0.6028716338831198,6.696131639802922,-0.6182738659068647,-0.4060614581923336,-0.21221240771453115,27.82687520980835,28.66971155313345,27.659088743318343,28.277362609225207,0.7740699955112622,1.1673961126403982,-0.393326117129136,-0.19494899689947012,25.381454183424054,1.1080008506774917,-55.922393070170195,-22.42128259775619,-33.501110472414005,27.619999885559082,28.18624973297119,27.903124809265137,28.673749923706055,0.011356186677657984,27.681220790469485,15.129600103759019,34.693027034277705,-98.53783285694719,29.262499809265137,28.891249656677246,12.0,92.0,-80.0,,28.676464689830404,0.0,0.0,37.768580197427916,0.3306521565561857,0.2163243521057645,0.12551175975601248,-24.09500107614119,42.31339324573968,21.273622958443028,15.068827385093272,-78.72637704155697,-1.859647240358239,-8.17551426170449,-2.186462275322519,-1.4266530620775713,-0.7598092132449479,3.786297461811298,4.948851759787722,-1.162554297976424,27.47246780118885,1.2869506763180993,1.2787398373635739,37.44870437945986,4.2563837864691365,-11488003.01479727
2015-12-24,27.25,27.25,26.987499237060547,27.00749969482422,24.55610466003418,54281600,-0.14500045776367188,0,2003246279.8596802,1241570000,-0.12662049070212453,-29091785.972373784,0.05440404464631774,-0.04076904183867191,21705260.28296413,27.816922142531542,22.403278858880427,1813.4063135533113,28.324499988555907,30.492171675150544,26.15682830196127,15.305983777086643,0.19621776630743715,0.0,0.0,27.375166638692217,27.970666821797693,26.779666455586757,4.350659785674398,0.19129569200914173,0.0,0.0,26.392499923706055,29.96500015258789,28.178750038146973,12.612756554662047,0.17214828039651492,0.5688345467887531,7.085098640466303,-0.6244544153206988,-0.4497400496180066,-0.17471436570269216,27.614375114440918,28.615288440997784,27.55884427431925,28.183298689639948,0.7490290019491764,1.2518672864094922,-0.5028382844603158,-0.21943380429179754,25.232435735687833,0.580500698089601,-62.269806551562354,-29.852817937796626,-32.416988613765724,27.296250343322754,28.18624973297119,27.741250038146973,28.673749923706055,0.005678093338828992,28.41474091648417,15.102438367464313,33.57624232861022,-85.84188227277201,29.191874980926514,28.891249656677246,8.0,88.0,-80.0,,28.44806821321797,0.0,0.0,36.63768181426199,0.3126514871066912,0.2664375538994246,0.19628962419740845,-24.596664705758922,42.26091566332095,17.214828039651493,16.701663642137827,-82.7851719603485,-1.8713532616110413,-8.627255593356574,-2.2156895904816327,-1.5844603677583837,-0.631229222723249,-2.5167068266397528,3.455740042502227,-5.972446869141979,27.402835884580764,-0.5340224912947944,-0.5354534882382023,36.71469738408024,3.9598402799577457,-76028511.65040857
2015-12-28,26.897499084472656,26.922500610351562,26.545000076293945,26.704999923706055,24.281063079833984,106816800,-0.30249977111816406,0,1986975956.8002467,1134753200,-0.12205651495104922,-29551824.76940249,-0.13606233476628599,-0.062289708035947744,20508849.73342455,27.675532659683398,17.21113385186068,1813.4063135533113,28.18712501525879,30.39922640758855,25.97502362292903,15.69582844034121,0.16499612163080427,0.0,0.0,27.202416674296064,27.77216688791911,26.632666460673015,4.188967623317174,0.06347822370532402,0.0,0.0,26.392499923706055,29.96500015258789,28.178750038146973,12.674227069798363,0.08747375226839664,0.5582010539629051,7.536508308215063,-0.6463114723544052,-0.4890543341652864,-0.15725713818911885,27.431041717529297,28.514615352337177,27.427483604994144,28.07379507734855,0.6185752686569286,1.3008716817183037,-0.6822964130613751,-0.24197662963026242,25.017506015877906,0.8553745269775384,-68.55342399249284,-37.46637244585554,-31.087051546637298,27.296250343322754,28.18624973297119,27.741250038146973,28.673749923706055,0.002839046669414496,29.57090503644577,14.233093569259914,37.15087901264666,-98.24473135624002,29.136874675750732,28.891249656677246,4.0,84.0,-80.0,,28.242511384266777,0.0,0.0,34.32835062074007,0.21760554394508835,0.2869697292026549,0.2565772117359481,-25.70060547470801,36.85310164756,9.593247253300607,16.02723275046505,-90.4067527466994,-1.8028530569637518,-7.611142399854301,-2.3021877540022517,-1.7280058450071574,-0.5741819089950944,-5.300396864468014,1.704512661108179,-7.004909525576193,27.317406124856884,-1.1200584079841147,-1.1263782974517245,35.18341292107981,3.718147883420169,24567347.77974069
2015-12-29,26.739999771118164,27.357500076293945,26.71500015258789,27.184999465942383,24.717491149902344,123724800,0.4799995422363281,1,2044264629.0182633,1258478000,-0.09105276008057293,-16846157.321876243,0.1570874067806288,-0.044814739212108635,22732697.235126372,27.546955820696816,22.276525757010248,1813.4063135533113,28.067624950408934,30.224447338337377,25.91080256248049,15.368755936700792,0.29538753645025817,0.0,0.0,27.1197499593099,27.681500180562335,26.557999738057454,4.1427389418802365,0.5580769745733367,0.0,0.0,26.392499923706055,29.96500015258789,28.178750038146973,12.728188563135928,0.22183330761727457,0.5676309638254036,7.724206991121014,-0.6177800125602033,-0.5147994698442698,-0.10298054271593349,27.276250044504803,28.418076881995567,27.390178352832333,28.007958365392536,0.6748680778734419,1.2041593376596356,-0.5292912597861936,-0.25860236334273523,24.98415309459593,0.2273751258850112,-72.00087495348154,-44.86312266336316,-27.137752290118385,27.227499961853027,28.18624973297119,27.70687484741211,28.673749923706055,0.001419523334707248,29.591932044232312,18.45001116947663,34.16305122511863,-67.79522763942717,29.171249866485596,28.891249656677246,0.0,80.0,-80.0,,28.057510238210703,0.0,0.0,40.71407662093736,0.6309737370120758,0.3870769226879516,0.31349473526334376,-24.723820495761217,46.05602047157801,26.155094476684713,17.65438992321228,-73.84490552331529,-1.6250957432915207,-6.395799623212851,-2.2057302588808136,-1.8235507277818888,-0.3821795310989249,-6.6856700173714225,0.026476125412258522,-6.712146142783681,27.31109373104664,1.7974145051774748,1.7814520017761293,37.61321919351728,4.379315694558322,26255304.979516715
2015-12-30,27.145000457763672,27.174999237060547,26.795000076293945,26.829999923706055,24.394718170166016,100855200,-0.3549995422363281,0,1961987978.526618,1157622800,-0.09548738784514466,-19554356.251915827,-0.019309991888469283,-0.03774323056926744,21415663.925009586,27.40653799171678,23.178970921920637,1789.7256652602555,27.942374992370606,30.081119555734936,25.803630429006276,15.308251814302068,0.2399467220819626,0.0,0.0,27.032749938964844,27.571249961853027,26.49424991607666,3.9840565543943587,0.311745583434367,0.0,0.0,26.392499923706055,29.96500015258789,28.178750038146973,12.785241876745527,0.1224632531757553,0.5498678064077069,7.945386023769346,-0.6167051284832006,-0.5351806015720559,-0.08152452691114465,27.15416669845581,28.30288454202505,27.303997056043674,27.920702184526874,0.7388630773435365,1.2239633751594439,-0.48510029781590736,-0.27248020528840994,24.89679271544328,0.17762584686279226,-76.19324888664131,-52.16432486507887,-24.028924021562446,27.227499961853027,28.178750038146973,27.703125,28.673749923706055,0.000709761667353624,29.61145712289124,17.54191575586216,32.481572019082655,-72.20135722676218,29.05312490463257,28.891249656677246,36.0,76.0,-40.0,,27.891009206760238,0.0,0.0,37.78754834318147,0.4713555746967435,0.439978285217969,0.3713416457028586,-24.77260984713356,50.41818907160693,15.391377108735286,17.04657294624021,-84.60862289126472,-1.5152501779444094,-5.177593739663192,-2.2087737063610344,-1.900595323497718,-0.30817838286331645,-8.98225964087767,-1.775271027845727,-7.2069886130319425,27.291814961451973,-1.305865547950713,-1.3144669358652106,35.816175574643225,3.803961700651435,-5259425.404976279
2015-12-31,26.752500534057617,26.75749969482422,26.204999923706055,26.315000534057617,23.926456451416016,163649200,-0.5149993896484375,0,1863502649.4441135,993973600,-0.09208406794915693,-28800767.94685001,-0.17007212708403127,-0.049017109717505745,18274432.528956212,27.26253566524409,17.77264950405828,1789.7256652602555,27.804625034332275,29.98950263620371,25.61974743246084,15.715929268412118,0.15910573228478897,0.0,0.0,26.907583300272627,27.421583429972333,26.393583170572917,3.820485280775849,-0.07644223413057301,0.0,1.0,26.204999923706055,29.96500015258789,28.085000038146973,13.5229308945512,0.029255479695615583,0.5573810257669363,8.132354040039964,-0.6499175765602558,-0.5581279965696959,-0.09178957999055992,27.00375000635783,28.182788408719578,27.151843744968897,27.801761321529153,0.6644852621304981,1.2355742162794745,-0.5710889541489764,-0.2869334386574903,24.841345458935674,-0.18212556838989258,-81.28748279110195,-59.26156277857576,-22.025920012526193,26.792499542236328,28.085000038146973,27.43874979019165,28.579999923706055,0.000354880833676812,30.321686912692314,16.16849029989115,37.3294107555773,-99.99998907159339,29.05312490463257,28.891249656677246,32.0,100.0,-68.0,,27.74115827845482,0.0,0.0,33.97250630501303,0.417253911342217,0.5065277410170119,0.4445276496409776,-26.002652962909423,41.67760240349862,4.162747910217109,15.23640649854571,-95.8372520897829,-1.543853047314812,-6.418919812610463,-2.337684900765521,-1.9880132389512786,-0.3496716618142426,-7.365027548612016,-2.8932223319989854,-4.47180521661303,27.201473245088266,-1.9194908353070916,-1.9381522493386427,33.209196531623355,3.449648243702484,69665464.68388128
2016-01-04,25.65250015258789,26.342500686645508,25.5,26.337499618530273,23.94692039489746,270597600,0.02249908447265625,1,2130887724.9895468,1264571200,-0.0021561466988510923,-23816629.91722886,-0.17435481119476862,-0.04874380277519269,18505790.998913977,27.045983460702924,17.32743488256301,1789.7256652602555,27.681500053405763,29.905323006766476,25.45767710004505,16.067214197715472,0.19781757292225247,0.0,0.0,26.76183325449626,27.278333536783855,26.24533297220866,3.8599768362342615,0.08922226132520479,0.0,0.0,25.5,29.96500015258789,27.732500076293945,16.129906775187727,0.1875698969561878,0.5858929918547935,8.202437719113112,-0.6667374584682761,-0.5798498889494119,-0.08688756951886423,26.896666685740154,28.052692266610954,27.02656003320911,27.693297491677384,0.6762694601076997,1.2616571440872202,-0.5853876839795205,-0.300513901724007,24.96456738409343,0.1534990310668931,-83.87105954494014,-65.40824300004165,-18.462816544898487,26.428750038146973,27.732500076293945,27.08062505722046,28.227499961853027,0.000177440416838406,31.632897301334378,14.518352073477056,42.05984425804036,-115.35406661333418,29.09749984741211,28.891249656677246,28.000000000000004,100.0,-72.0,,27.556819275884965,0.0,0.0,34.28465406717309,0.44423618386296543,0.44428188996730844,0.46359597206742986,-26.892023868615645,51.15331726985687,31.018495625108613,16.85754021468701,-68.98150437489139,-1.691073496201458,-4.652004243846474,-2.4075769910342006,-2.071925989367863,-0.33565100166633766,-0.648664165957488,-2.444310698790686,1.795646532833198,27.15475956623732,0.08549908423347574,0.08546255458665719,33.32308917477269,3.7826223173707874,145061710.55436713
2016-01-05,26.4375,26.462499618530273,25.602500915527344,25.677499771118164,23.346826553344727,223164000,-0.6599998474121094,0,1946647143.2473364,1041407200,-0.11346187679969962,-41455426.493035585,0.04287196415926489,-0.03121386780682971,12913452.770867124,26.855655375839866,17.6884858112857,1744.8763559829906,27.47750005722046,29.650095983334538,25.304904131106383,15.81363604105002,0.08574895026113036,0.0,0.0,26.67524998982747,27.185000165303546,26.1654998143514,3.8218961447069093,-0.4786658903819653,0.0,1.0,25.5,29.96500015258789,27.732500076293945,16.249659333235414,0.039753586797815925,0.6133035629696071,8.331169249967909,-0.7249668414265997,-0.6088732794448495,-0.11609356198175025,26.716875076293945,27.905384577237644,26.81901230057973,27.54397914200633,0.7844008300925754,1.1814947368039987,-0.3970939067114233,-0.31691628241912223,25.240368865327007,-0.23249921798706197,-85.81698617397151,-70.56653315026745,-15.250453023704068,26.428750038146973,27.732500076293945,27.08062505722046,28.227499961853027,8.8720208419203e-05,32.5645190837969,14.461361089376481,37.817061013808924,-117.49071966655013,29.108749866485596,28.891249656677246,24.0,96.0,-72.0,,27.26886457726107,0.0,0.0,29.829657689819797,0.05914315772410337,0.3068777509764284,0.4192291273202497,-29.088741144692882,41.69633192179283,6.574063739334745,13.918435758220165,-93.42593626066525,-1.7593382386600283,-7.751030660381883,-2.63203380197518,-2.1839475518893265,-0.44808625008585334,2.033368597166002,-1.5487748395993484,3.5821434367653504,27.08200096867348,-2.5059320625400394,-2.5378651502296456,29.98210313637322,3.1800851213419463,34496071.07719013
2016-01-06,25.139999389648438,25.592500686645508,24.967500686645508,25.174999237060547,22.889938354492188,273829600,-0.5025005340576172,0,1854639127.4416723,767577600,-0.11510563247294713,-55190297.02842817,-0.1717536152919783,-0.045225485821177025,7554694.267613076,26.604308773535504,17.433184793110144,1744.8763559829906,27.257750034332275,29.42837294645294,25.087127122211612,15.926647719541585,0.02024122070173053,0.0,0.0,26.53083330790202,27.058083407084144,26.003583208719885,3.974621475798816,-0.7857599011784326,0.0,1.0,24.967500686645508,29.649999618530273,27.30875015258789,17.178596641274364,0.04431363539714001,0.622973115119912,8.500271772608949,-0.8024119351629118,-0.647581010588462,-0.1548309245744498,26.54437494277954,27.740865340599647,26.56608721388447,27.36849914904738,0.6883612007967138,1.2749928705071614,-0.5866316697104476,-0.3374416471937118,25.4708232898847,-0.7502503395080566,-89.78884052638789,-75.07823516563887,-14.710605360749014,26.162500381469727,27.4662504196167,26.814375400543213,27.96125030517578,4.43601042096015e-05,33.9552715575227,13.271118747622552,42.0656209999122,-157.37362368456633,29.108749866485596,28.891249656677246,20.0,100.0,-80.0,,27.02122353644452,0.0,0.0,26.957522155487368,0.0,0.16779311386235604,0.3063175849353644,-31.900898983525032,41.88170777607438,6.704316525038039,14.765625296493807,-93.29568347496196,-2.0260293287389395,-7.597729999670266,-2.931881396904592,-2.3335343208923796,-0.5983470760122125,6.17914723688584,-0.003190424302310646,6.182337661188151,26.83179027164816,-1.9569683128683124,-1.9763704844924845,27.43839456559458,3.073446747231735,95382316.3028009
2016-01-07,24.670000076293945,25.032499313354492,24.107500076293945,24.112499237060547,21.92388153076172,324377600,-1.0625,0,1533767726.5962522,443200000,-0.21350104099632675,-96541854.59579557,-0.20246477430837514,-0.05221708760158785,-6135522.631882716,26.246654441067943,17.009846619359223,1744.8763559829906,26.985499954223634,29.295450855166266,24.675549053281003,17.119941486065294,-0.12187484504339247,0.0,1.0,26.29424991607666,26.88224983215332,25.70625,4.472460085025272,-1.3552304340224348,0.0,1.0,24.107500076293945,29.422500610351562,26.765000343322754,19.695764551605947,0.0009405757787920797,0.667425719684581,8.872183737939741,-0.9387018298547503,-0.7058051744417198,-0.2328966554130305,26.344791571299236,27.53076912806584,26.188612140526942,27.127313970381692,0.6280191560921451,1.2909919580229308,-0.6629728019307857,-0.36664218328764997,25.718709564766225,-0.15299949645996236,-95.99959677249458,-79.53125779923046,-16.468338973264125,25.732500076293945,27.036250114440918,26.38437509536743,27.53125,2.218005210480075e-05,35.80338808885313,11.710502279388413,46.59262187112068,-208.79087264096665,29.25374984741211,28.891249656677246,16.0,100.0,-84.0,,26.692627880476678,0.0,0.0,22.10997532962817,0.0,0.019714385908034236,0.16479508358227296,-36.210771746275164,34.65878107586573,0.12640103319944115,4.468260432524084,-99.87359896680056,-2.3920807726242934,-9.035180553944562,-3.4603567123514303,-2.55889879918419,-0.9014579131672402,11.012120676139922,2.199871795786136,8.812248880353787,26.31918495423181,-4.220456930286121,-4.312106170816632,22.05991201030557,2.3892541383769768,115634748.15524608
2016-01-08,24.637500762939453,24.77750015258789,24.190000534057617,24.239999771118164,22.03980827331543,283192000,0.1275005340576172,1,1298777915.9936595,726392000,-0.24024531757007253,-77591999.47627553,-0.017892970530803857,-0.05528844529780915,-4638078.054037051,25.975211782596148,16.53989942015889,1754.102801780463,26.752249908447265,29.178957238983827,24.325542577910703,18.14208030233978,-0.017625282974198762,0.0,1.0,26.02899996439616,26.634499804178876,25.423500124613447,4.652501752744624,-0.9772920451308345,0.0,1.0,24.107500076293945,29.235000610351562,26.671250343322754,19.166614216019873,0.02584099093586362,0.6671832392688573,9.055733740597928,-1.0246132223539597,-0.7695667840241678,-0.2550464383297919,26.12874984741211,27.334807616013748,25.88882562215636,26.91343884451032,0.6168303375422232,1.3241757805346754,-0.7073454429924523,-0.39904168797116996,25.869045365113365,0.05525093078613352,-102.45360259393372,-83.99612402616062,-18.45747856777311,25.732500076293945,27.036250114440918,26.38437509536743,27.53125,1.1090026052400375e-05,37.519496296517104,10.854202276814464,43.18565765418946,-186.67574245671474,29.389999866485596,28.891249656677246,12.0,96.0,-84.0,,26.227304875723785,0.0,0.0,23.87892192236825,0.09508368961452779,0.031694563204842374,0.07306735432507762,-38.97369304563688,31.214668694428063,4.048884091454843,3.6265338832307825,-95.95111590854516,-2.6551100955289932,-9.661793133019021,-3.8070691310521827,-2.8085328655577886,-0.9985362654943941,12.756827948872104,4.31126302640333,8.445564922468774,25.830449199682278,0.5287736157256084,0.5273805167774537,22.70533262039396,3.219606080179659,38017067.35424173
2016-01-11,24.74250030517578,24.764999389648438,24.334999084472656,24.63249969482422,22.396677017211914,198957600,0.3924999237060547,1,1375122480.767173,925349600,-0.21413426745331962,-55351593.43384479,0.014318148452136978,-0.041601706123758124,-1416508.6003201273,25.746688642162123,25.271232848585313,1782.5056574888915,26.53174991607666,28.88632992069639,24.17716991145693,17.749149694743622,0.09669023402770863,0.0,0.0,25.778583272298174,26.40083306630452,25.15633347829183,4.827649273302142,-0.4209192100289154,0.0,1.0,24.107500076293945,28.84749984741211,26.477499961853027,17.865386889712866,0.11075941854031487,0.6529648771949988,8.932152689507618,-1.0489356787189088,-0.8254405629631161,-0.22349511575579273,25.947499752044678,27.16413453909067,25.695544710259107,26.744480388978015,0.7003334996357699,1.2471944562974784,-0.5468609566617085,-0.42891616921782283,25.866483655919577,0.6207502365112312,-106.87870811087068,-88.25448892820259,-18.624219182668085,25.732500076293945,27.036250114440918,26.38437509536743,27.53125,5.545013026200188e-06,39.113025346490794,10.218906076443831,40.65800214174167,-148.17392034798684,29.426249980926514,28.891249656677246,8.0,92.0,-84.0,,25.845740011826415,0.0,0.0,29.2088814396609,0.38157748116265877,0.15888705692572863,0.07009866867953515,-39.51792475950395,36.51870584198025,16.153834416316105,6.776373180323471,-83.8461655836839,-2.781897051194136,-8.113405115429542,-3.922064154782376,-3.031239123402706,-0.89082503137967,10.862694184508685,5.621549258024401,5.241144926484284,25.65004000890611,1.6192241229874726,1.6062545066546807,24.69220696637542,3.7392663757209235,-35370948.757023096
2016-01-12,25.137500762939453,25.172500610351562,24.709999084472656,24.989999771118164,22.721731185913086,196616800,0.3575000762939453,1,1416571226.1788292,1121966400,-0.16895198100261954,-37402719.94319963,0.09203384669501845,-0.029983448983594497,1437059.728981066,25.61709930626418,32.756807162243206,1808.375785021282,26.36649990081787,28.666153179983596,24.066846621652147,17.443750879458904,0.20071572480720265,0.0,0.0,25.601916567484533,26.232666460673016,24.971166674296065,4.927364648860341,0.014929131994693805,0.0,0.0,24.107500076293945,28.200000762939453,26.1537504196167,15.5215925588916,0.21563825210926857,0.6416684810282334,8.805611796776915,-1.027519526722486,-0.8658563557149901,-0.16166317100749583,25.7672913869222,27.017596098092888,25.586999335006652,26.614518861729138,0.7464745240498738,1.1218123301813154,-0.37533780613144163,-0.4526611843328265,25.654576374509702,0.6409997940063477,-107.51461825796049,-92.20046040647803,-15.314157851482463,25.641249656677246,27.036250114440918,26.338749885559082,27.53125,2.772506513100094e-06,39.591200766986276,14.191356632879714,38.18250217965201,-104.22153025710827,29.30999994277954,28.891249656677246,4.0,88.0,-84.0,,25.53285682343057,0.0,0.0,33.758454876812536,0.6261242811350362,0.36759515063740733,0.1860589235893262,-38.500269404042946,39.30367260839116,27.153836763822117,15.785518423864362,-72.84616323617789,-2.8558824370889084,-7.964277209528419,-3.8607480828820373,-3.1971409152985726,-0.6636071675834647,9.169336238299685,6.331106654079457,2.838229584220228,25.59248914914894,1.4513349466074077,1.440903886258349,26.501908541774434,3.970354184120552,7216154.969235748
2016-01-13,25.079999923706055,25.297500610351562,24.325000762939453,24.34749984741211,22.137548446655273,249758400,-0.6424999237060547,0,1178369301.697687,872208000,-0.2835170172794031,-54983724.65773486,-0.05061858340268928,-0.03625756603295338,-4984298.991094105,25.471628598020587,26.390034193599533,1808.375785021282,26.177874851226807,28.490104662895728,23.865645039557887,17.665527280649826,0.10419699750917703,0.0,0.0,25.358999951680502,26.02274983723958,24.695250066121417,5.2348269791695445,-0.26195877865680944,0.0,1.0,24.107500076293945,28.200000762939453,26.1537504196167,15.633433614851725,0.05864379495434715,0.674751617666621,8.848780588365248,-1.0502844211893319,-0.9027419688098585,-0.1475424523794734,25.54562473297119,26.809519180884728,25.396307106145954,26.446591527335286,0.6976357151618896,1.1087622807795692,-0.4111265656176796,-0.47500090654180804,25.617218607917856,0.5271250724792473,-111.75441520176766,-96.15170110815873,-15.602714093608924,25.432499885559082,27.036250114440918,26.234375,27.53125,1.386253256550047e-06,40.352419603001984,12.692550323367458,38.330997653252005,-108.95502241778863,29.29812526702881,28.891249656677246,0.0,84.0,-84.0,24.107500076293945,,1.0,0.0,30.023886314894355,0.4253852879721272,0.4776956834232739,0.3347259636621367,-38.83768732760366,28.491714060203414,7.384608342097356,16.89742650741187,-92.61539165790265,-2.807794223112218,-9.84911553260844,-3.971341335626386,-3.3519809993641356,-0.6193603362622504,9.694706350694329,7.003826593402432,2.6908797572918965,25.35912351767904,-2.5710281296145276,-2.604656710179354,23.24950888866617,3.148222846572967,70212032.33889723
2016-01-14,24.489999771118164,25.1200008392334,23.934999465942383,24.8799991607666,22.621713638305664,252680400,0.5324993133544922,1,1328697550.0757182,1124888400,-0.19730447784144683,-27907172.635467254,-0.13307117312238523,-0.051063212204030005,542023.6433196021,25.32434506079029,20.451283766030187,1808.375785021282,26.04074983596802,28.319061015069934,23.762438656866102,17.49804589693547,0.24526072517034936,0.0,0.0,25.130166625976564,25.874416732788085,24.38591651916504,5.923160939507703,0.3319332016748274,0.0,0.0,23.934999465942383,28.0625,25.99874973297119,15.850160076253367,0.2289520466506685,0.7257765932290604,8.829621984798813,-1.0136725337810653,-0.9249280818040999,-0.08874445197696534,25.39354133605957,26.629134544959435,25.316875114549134,26.3305476483302,0.6623975410837218,1.147284832611596,-0.48488729152787424,-0.4909427240301591,25.759414996564548,1.1442496299743645,-113.30289184144308,-99.70896878041886,-13.593923061024228,25.198749542236328,26.792499542236328,25.995624542236328,27.44499969482422,6.931266282750235e-07,41.35087877755368,11.147592342147014,37.67132311988088,-97.15031329531243,29.30625009536743,28.891249656677246,0.0,100.0,-100.0,,25.297500610351562,0.0,1.0,36.31233943290943,0.763399633279562,0.6049697341289082,0.4834201893965299,-37.023743816400646,37.838527941184,27.61138133813649,20.71660881468533,-72.38861866186352,-2.6683161903830133,-6.8339291074829704,-3.84979662147418,-3.4515441237861446,-0.3982524976880355,10.059664015650508,7.614994077852048,2.4446699377984604,25.313560267815124,2.1870800562345583,2.1635065553601507,25.945074316977234,4.012374165253316,47337309.112057626
2016-01-15,24.049999237060547,24.427499771118164,23.84000015258789,24.282499313354492,22.078447341918945,319335600,-0.5974998474121094,0,1490403062.4304755,805552800,-0.18599188739767009,-51178001.15515113,-0.07244043158763214,-0.06012353193502643,-7126906.36911113,25.175438930982956,16.915010109492258,1808.375785021282,25.86312484741211,28.107879219160864,23.618370475663355,17.35872509599989,0.14792906654944038,0.0,0.0,24.905916595458983,25.653666687011718,24.15816650390625,6.004598053532936,0.0831379433134262,0.0,0.0,23.84000015258789,28.0625,25.951250076293945,16.326332847728633,0.10479554215681049,0.7571988347240255,8.98557859166323,-1.0210999883541199,-0.944162463114104,-0.07693752524001585,25.151666323343914,26.42624987088717,25.157740375903806,26.178840364257926,0.6175564068460748,1.162752294972889,-0.5451958881268142,-0.5052582687615763,25.79742957108248,0.9668750762939453,-117.36498296658515,-103.43051582726831,-13.934467139316837,25.151249885559082,26.631250381469727,25.891250133514404,27.397500038146973,3.4656331413751173e-07,42.34675973260646,9.997440068023309,34.727043834442824,-112.98500569501506,29.30625009536743,28.891249656677246,0.0,100.0,-100.0,,25.297500610351562,0.0,0.0,32.75537136783187,0.5722069489686471,0.5869972900734451,0.5565542358752092,-36.67137521521181,38.85849780072807,12.579933770130188,15.858641150121352,-87.42006622986982,-2.5762574364157302,-10.676844618754433,-3.9004783028824748,-3.541330959605411,-0.35914734327706377,12.452616132929698,8.582518488867578,3.8700976440621204,25.21163392042161,-2.4015267989008215,-2.4308336122765173,22.92046960535947,3.197326518820205,107905319.30793044
2016-01-19,24.602500915527344,24.662500381469727,23.875,24.165000915527344,21.97161293029785,212350800,-0.11749839782714844,0,1434450729.9411385,593202000,-0.15514259560006716,-47431269.38688858,0.05006467210999262,-0.04682874572957796,-8154431.520263543,25.061032498708656,22.861525791115838,1799.6253983881995,25.709124851226807,27.976031757219744,23.44221794523387,17.63503751380913,0.15942052326513245,0.0,0.0,24.72333329518636,25.465583356221515,23.981083234151203,6.004449741246438,0.12389199478114252,0.0,0.0,23.84000015258789,27.3799991607666,25.609999656677246,13.769426336617549,0.09180815084653436,0.7602289893985956,9.105117430838224,-1.0246558436057853,-0.9602611392124403,-0.06439470439334505,24.929583072662354,26.243942187382626,25.00501122815358,26.029667071759366,0.6688148959505033,1.1139241639886233,-0.44510926803812,-0.5178612462466843,25.90330723985776,0.6058756828308098,-121.3612428047015,-107.37987767512719,-13.981365129574314,24.7162504196167,26.537500381469727,25.626875400543213,27.397500038146973,1.7328165706875586e-07,42.68191128298397,11.537438557906821,32.0320285196311,-97.02843519748905,29.30625009536743,28.891249656677246,0.0,96.0,-96.0,,25.239200592041016,0.0,0.0,32.08968446441402,0.5364252203597611,0.6240106008693233,0.6053258750238922,-36.60286593719976,42.82798535631116,9.239538592428191,16.476951233564964,-90.76046140757181,-2.478610184613398,-9.932907252168906,-3.9364923138701062,-3.62036323045835,-0.3161290834117563,10.502520883924333,8.96651896787893,1.5360019160454037,25.100030750641732,-0.4838809889825768,-0.4850554833417231,22.32568082137103,3.383428869862726,-37164774.81014609
2016-01-20,23.774999618530273,24.547500610351562,23.354999542236328,24.197500228881836,22.00115966796875,289337600,0.03249931335449219,1,1553946519.176824,882539600,-0.046592867951730205,-39312048.999099255,-0.13085724966181506,-0.06739622118975251,-7765303.733324599,24.897912944276463,17.869232888366867,1799.6253983881995,25.593624877929688,27.920645992296738,23.26660376356264,18.18438087973794,0.20001891249972636,0.0,0.0,24.535249964396158,25.310750261942548,23.759749666849775,6.3215194356832605,0.28223752035754507,0.0,0.0,23.354999542236328,27.357500076293945,25.356249809265137,15.638662179147273,0.2104935850667846,0.8034561972702594,9.31975244231057,-1.0131722425968306,-0.9708433598893185,-0.04232888270751212,24.753124713897705,26.057596059945915,24.88077876672716,25.89395100932399,0.6248631275599287,1.1576409196489776,-0.532777792089049,-0.5276736820623504,26.0551476486276,0.7438747406005852,-123.08495292594795,-111.07944571952275,-12.005507206425193,24.326250076293945,26.10124969482422,25.213749885559082,27.15499973297119,8.664082853437793e-08,43.4184122899318,10.24132710803825,33.332229386950175,-97.93872261318249,29.30625009536743,28.891249656677246,0.0,100.0,-100.0,,25.18323257446289,0.0,0.0,32.49831332235178,0.6626241181427038,0.5904187624903705,0.6004755511443797,-36.42638938000534,47.70719833704004,22.054993558953054,14.624821973837152,-77.94500644104694,-2.5091468923232156,-8.046742398637813,-3.9127757762112227,-3.6788457396089247,-0.23393003660229805,11.42903293979502,9.459021762262148,1.9700111775328715,25.034877175770376,0.13448918735032844,0.13439883164609867,22.490195635428446,3.545323569937409,89444585.18068653
2016-01-21,24.264999389648438,24.469999313354492,23.735000610351562,24.075000762939453,21.88978385925293,208646000,-0.12249946594238281,0,1538333980.4523885,673893600,-0.09439653651318862,-37347331.08080142,0.053280901486377326,-0.062211157377263474,-8821570.840639567,24.790266699788464,23.23849290567061,1790.514822993483,25.455749893188475,27.79952260424745,23.1119771821295,18.414485692964234,0.20544303981908613,0.0,0.0,24.420083300272626,25.2065834681193,23.633583132425944,6.441420843457143,0.2806214471142743,0.0,0.0,23.354999542236328,27.357500076293945,25.356249809265137,15.723365254812698,0.17988785125113,0.7966104478435264,9.37994818778361,-1.0024010340456577,-0.9771548947205864,-0.02524613932507136,24.56458314259847,25.895288394047665,24.75681291999059,25.759213954036248,0.6622688187004765,1.144924569005758,-0.4826557503052814,-0.5351600695445466,26.10188691002655,0.22174987792968892,-125.82262881360187,-114.39311594631246,-11.429512867289404,24.326250076293945,25.77750015258789,25.051875114440918,27.013750076293945,4.3320414267188966e-08,44.10230608209765,9.530656670116958,31.01922543683473,-85.44127512410469,29.15000009536743,28.891249656677246,4.0,96.0,-92.0,,25.0735385925293,0.0,0.0,31.723461692778585,0.6768933885401058,0.6253142423475233,0.6132478685690724,-36.501420346598664,46.820685463722775,21.160946022456542,17.48515939127927,-78.83905397754346,-2.4933602781856763,-8.590408688602293,-3.891427105789422,-3.721362012845024,-0.17006509294439764,9.328608690208888,9.432939147851496,-0.1043304576426074,24.983776549902963,-0.5062484338616446,-0.5075342125709703,21.870090938390028,3.4483794554475296,-24521877.09864527
2016-01-22,24.657499313354492,25.364999771118164,24.592500686645508,25.354999542236328,23.05360221862793,263202000,1.279998779296875,1,1794721525.1473606,937095600,-0.03813140609984583,16116321.746241078,0.257179857694347,-0.03169315846452217,5172125.027777992,24.73837727369366,30.12704405418806,1790.514822993483,25.383124828338623,27.643380770382294,23.122868886294953,17.80912285094419,0.4937782961701088,0.0,0.0,24.48875001271566,25.260000165303545,23.717499860127766,6.298811921289747,1.0615879145138694,1.0,0.0,23.354999542236328,27.357500076293945,25.356249809265137,15.76835224632817,0.499687628516681,0.8459493038770448,9.245524881659323,-0.8804305146494542,-0.9578100187063601,0.07737950405690586,24.537708123524983,25.78894219031701,24.84884163110532,25.729272145754774,0.7550858026554291,1.0153075022849771,-0.260221699629548,-0.5306094836631402,26.121882002051706,-0.20812559127807617,-121.14842252552556,-116.47031816093376,-4.678104364591803,24.359999656677246,25.77750015258789,25.06874990463257,26.903749465942383,50.000000021660206,42.73444720899238,16.470259106955154,27.42250542967795,-18.87618619276755,28.828125,28.891249656677246,0.0,92.0,-92.0,23.354999542236328,,1.0,0.0,46.16681010047587,1.0,0.7798391688942696,0.6651907245773879,-31.761951491827684,53.691342375325476,64.36041676257116,35.8587854479936,-35.63958323742884,-2.2767867312711836,-1.2559642946412621,-3.4219021418945257,-3.6614700386549246,0.2395678967603989,9.396575522930819,9.42566642286736,-0.029090899936541348,25.00561517111273,5.3167133488414065,5.180194181850384,28.349574331556582,4.808153918935119,69201034.99666458
2016-01-25,25.3799991607666,25.38249969482422,24.802499771118164,24.860000610351562,22.6035213470459,207178000,-0.4949989318847656,0,1628622526.656797,729917600,-0.09731143661071348,-836422.6046536416,0.031844454379049765,-0.016964639494963712,1127443.8776486376,24.65263652300696,30.779210992663522,1755.559076951003,25.268499851226807,27.386233395350974,23.15076630710264,16.761846224292967,0.40355272928252467,0.0,0.0,24.55,25.32050018310547,23.779499816894532,6.276987235075102,0.7011684209484009,0.0,0.0,23.354999542236328,27.357500076293945,25.356249809265137,15.839881898898295,0.3760152073207867,0.8193543658599458,9.12872436377907,-0.8143232645076282,-0.9291126678666137,0.11478940335898558,24.5114582379659,25.682692234332745,24.850558397143203,25.66488166165083,0.8251030046947473,0.9800415943365393,-0.15493858964179197,-0.5206590183175372,26.033159665755754,-1.1560006141662598,-117.78840578169661,-117.68250679102555,-0.10589899067106501,24.368749618530273,25.708749771118164,25.03874969482422,26.903749465942383,75.0000000108301,41.429979635466744,15.755110741240816,25.964755076412693,-19.894545171295245,28.828125,28.921250343322754,4.0,88.0,-84.0,23.395199546813966,,0.0,0.0,42.428831151336,0.8446188376506791,0.8405040753969281,0.7485524955462405,-29.034892598940555,54.42215722127812,48.431247986005616,44.650870257011114,-51.568752013994384,-1.9737499966340906,-1.2512358937642767,-3.1729087055344283,-3.5637577720308258,0.3908490664963975,7.470931407535468,9.034719419800982,-1.5637880122655146,25.00250237767595,-1.9522734798720687,-1.9715820558688701,25.843839630352903,3.6331435698525496,-9195808.132348597
2016-01-26,24.982500076293945,25.219999313354492,24.517499923706055,24.997499465942383,22.728546142578125,300308000,0.1374988555908203,1,1738699801.445563,1030225600,-0.0579056499449319,5181924.385263745,-0.05234103614572803,-0.023765568088177497,2788425.5876641506,24.59572241445637,30.185607200151154,1755.559076951003,25.167999839782716,27.131226394530334,23.2047732850351,15.600973992731609,0.45657649051557064,0.0,0.0,24.583416684468588,25.38116677602132,23.785666592915852,6.490148231158933,0.7595316414616946,0.0,0.0,23.354999542236328,27.357500076293945,25.356249809265137,15.90313318315792,0.410368445857754,0.8076688682387949,8.898555591415594,-0.7422812280302082,-0.8917463798993327,0.14946515186912446,24.585208257039387,25.57355763362004,24.87316471542,25.615445943450208,0.7904941262242698,1.003335812847126,-0.21284168662285607,-0.5054875150086052,25.90259204224475,-0.9280000686645522,-114.53739743376339,-118.46281558833698,3.925418154573592,24.368749618530273,25.708749771118164,25.03874969482422,26.667499542236328,87.50000000541506,40.559470427045255,14.733501761275141,26.91176493104151,-22.109155221646034,28.58625030517578,29.00374984741211,0.0,84.0,-84.0,23.474691552734377,,0.0,0.0,43.790269536419615,0.9012114192621812,0.9152767523042865,0.8452066655318281,-26.437778920615777,53.951550955941606,73.40778027354989,62.06648167404223,-26.592219726450118,-1.723566274081957,3.6702965552471807,-2.897787646051141,-3.4305637468348893,0.5327761007837482,8.97106864091834,9.021989264024455,-0.05092062310611567,25.002435693876958,0.5530927281376163,0.5515687869309893,26.539872756157546,3.9011063793208223,110811515.466025
2016-01-27,24.010000228881836,24.157499313354492,23.334999084472656,23.354999542236328,21.235130310058594,533478800,-1.6424999237060547,0,1231165845.7934356,496746800,-0.1513060655757904,-120735334.56960215,-0.17306345670243917,-0.0238591281889247,-32264635.99926062,24.41326205125705,28.354584102293316,1755.559076951003,25.00049982070923,26.98215409022558,23.01884555119288,15.852917211477848,0.08481650816050074,0.0,0.0,24.44924996693929,25.282999928792318,23.615500005086265,6.820249807093781,-0.15622217377435849,0.0,1.0,23.334999084472656,27.357500076293945,25.3462495803833,16.089682289028637,0.004972144893024914,0.893152019561888,8.78097516078504,-0.8084046266637017,-0.8750780292522066,0.06667340258850485,24.5114582379659,25.423942199120155,24.639600842622514,25.448005469286215,0.7593665628000261,0.9596372899116947,-0.2002707271116686,-0.49847618241517694,25.751415288036082,-0.3680001258850112,-116.52058386114061,-118.99238988382285,2.4718060226822445,24.358749389648438,25.35749912261963,24.858124256134033,26.657499313354492,88.25983107427291,40.863657109548775,12.643977402480491,33.182548078721645,-123.83749080613815,28.58625030517578,29.00374984741211,0.0,100.0,-100.0,,25.38249969482422,0.0,1.0,33.575900015116105,0.47661817503034315,0.7408161439810675,0.8321989905607609,-27.606856684341064,45.70442736842688,0.9768230428140254,40.93861710078985,-99.02317695718598,-1.5891987856696623,-3.6509910777157235,-3.1766915000053104,-3.3797892974689736,0.2030977974636632,16.73280660976028,10.564152733171621,6.16865387658866,24.90728791356237,-6.57065690087868,-6.796472414959753,18.225371874541985,2.1822612463885953,297921441.0963652
2016-01-28,23.447500228881836,23.6299991607666,23.09749984741211,23.522499084472656,21.387428283691406,222715200,0.16749954223632812,1,1363958297.0071557,719462000,-0.1335444765142754,-98158187.62407723,-0.09145349075958861,-0.015929750792582804,-30667346.56315473,24.353511880981003,29.197252660666436,1768.149757641291,24.817374801635744,26.627154912231564,23.007594691039923,14.584782839130394,0.14225606481640882,0.0,0.0,24.325249862670898,25.114999771118164,23.53549995422363,6.493252179573314,-0.008231004278643258,0.0,1.0,23.09749984741211,27.174999237060547,25.136249542236328,16.430018977590187,0.10423036190747054,0.8570867489411486,8.449510217578931,-0.8376363330310532,-0.8675896900079759,0.029953356976922696,24.41895818710327,25.309134483337402,24.46773903367638,25.305375366707434,0.8106367040277486,0.9667609531148802,-0.15612424908713163,-0.49520944303355335,25.65214771724252,0.17262496948242045,-115.49556819283625,-119.23602058953321,3.7404523966969663,24.239999771118164,25.227499961853027,24.733749866485596,26.53874969482422,67.02536808130446,41.32525026906204,12.054285823684593,33.71507658316735,-136.0000270659137,28.13374948501587,28.703749656677246,20.0,100.0,-80.0,,25.341549682617188,0.0,0.0,35.234980284898114,0.5095170198172658,0.6291155380365964,0.7617361447739835,-27.93620108879799,49.32833436875394,18.5995302162441,30.994711177536015,-81.4004697837559,-1.5584562189438742,-4.5062442874394755,-3.31011226228667,-3.365853890432513,0.05574162814584316,13.41873081278388,11.135068349094073,2.283662463689806,24.87119279922559,0.717189233651716,0.7146296623609327,19.0732715130709,3.2248810333908224,-149913555.79155892
2016-01-29,23.697500228881836,24.334999084472656,23.587499618530273,24.334999084472656,22.12618064880371,257666000,0.8125,1,1621624297.0071557,977128000,-0.06481832241565018,-54227928.677780494,0.1733371173694655,-0.0022704587997064212,-21767202.737102028,24.33119513053134,36.29598843079106,1768.149757641291,24.69262475967407,26.257699533266226,23.127549986081917,12.676455328864868,0.38574805458636524,0.0,0.0,24.26933314005534,25.01533285776774,23.523333422342937,6.147673802220507,0.5440120437435838,0.0,0.0,23.09749984741211,26.75749969482422,24.927499771118164,14.82223896015022,0.33811455974118426,0.8526280740470338,8.010461419052826,-0.7861781390677969,-0.8513073798199402,0.06512924075214332,24.36437479654948,25.213076738210823,24.44731750302965,25.23349564209745,0.8463071023699882,0.8916985861848254,-0.04539148381483726,-0.48775043340908464,25.668524831893585,-0.3451249122619622,-111.52643773399045,-118.58729334146713,7.060855607476682,24.239999771118164,25.227499961853027,24.733749866485596,26.53874969482422,59.29538412986585,40.41894187159029,17.372538048923992,31.315217977530175,-67.81367556917752,28.046875,28.673749923706055,16.0,96.0,-80.0,,25.251787689208985,0.0,0.0,42.71004001725158,0.7961561136171117,0.5940971028215732,0.6546762616130791,-25.603686371408102,52.77076145173147,54.15751946163516,24.577957573564436,-45.84248053836484,-1.6109269478741837,-2.6210511910548937,-3.115613271417707,-3.315805766629552,0.2001924952118448,11.656981076792553,11.23945089463377,0.41753018215878335,24.862783564133448,3.4541397879629843,3.395823468614445,23.186228761233085,4.135095462356869,23204143.644159824
2016-02-01,24.11750030517578,24.177499771118164,23.850000381469727,24.107500076293945,21.91933250427246,163774000,-0.22749900817871094,0,1715388212.210063,813354000,-0.028206009338507056,-51803713.5188776,0.010498586665550053,-0.002543284641605487,-23298265.977997463,24.305121110419012,31.211160199764464,1751.619972093385,24.58224973678589,25.97608689104141,23.18841258253037,11.340191961110268,0.32969686988093,0.0,0.0,24.255499839782715,24.975499534606932,23.535500144958498,5.936795362537185,0.39722234290328234,0.0,0.0,23.09749984741211,26.462499618530273,24.77999973297119,13.688738041264953,0.30014867684410584,0.8158651369426234,7.720068232779417,-0.7550506642325772,-0.8320560367024676,0.07700537246989048,24.344374815622967,25.109230555020847,24.395037898916463,25.15008856314904,0.8502099874230014,0.8979431563543099,-0.04773316893130852,-0.47854990513767254,25.642416061561466,0.29774942398071147,-106.1633223373081,-116.89863551175674,10.735313174448635,24.239999771118164,25.227499961853027,24.733749866485596,26.53874969482422,64.48895994584979,39.57736978822368,16.612394471617474,29.94500587895616,-67.60415885709504,28.0,28.673749923706055,12.0,92.0,-80.0,,25.16561617553711,0.0,0.0,41.273600504604254,0.6968820728595573,0.667518402097978,0.6302436809853825,-24.245545689377835,53.28805322010021,44.201325878674254,38.98612518551785,-55.798674121325746,-1.6783680410946111,-0.9857265535363525,-3.0021789479457697,-3.2530804028927958,0.2509014549470261,7.34043556588277,10.459647828883568,-3.119212263000798,24.857269375136262,-0.9348634343030238,-0.9392607096440742,22.034605752447444,3.5242636193672894,-67104764.34310925
2016-02-02,23.854999542236328,24.010000228881836,23.56999969482422,23.6200008392334,21.476078033447266,149428800,-0.4874992370605469,0,1599921239.2050822,663925200,-0.10350229543682106,-54809815.30116267,-0.06588433411059774,-0.013823154699149501,-26319998.8729195,24.24624551698331,26.118131435227966,1716.1989040725148,24.446374797821044,25.645515396384802,23.247234199257285,9.810375636314308,0.15543074782998156,0.0,0.0,24.20541648864746,24.890666198730468,23.52016677856445,5.661953475614815,0.07284502218676843,0.0,0.0,23.09749984741211,26.462499618530273,24.77999973297119,13.76482116038773,0.15527519386655586,0.7880286613953337,7.634612120062832,-0.7609473035518945,-0.817834290072353,0.05688698652045843,24.239374955495197,24.973365196814903,24.27580142819599,25.036748731747885,0.7962446789686995,0.9422695822562742,-0.14602490328757467,-0.47131597243278023,25.65525044007446,-0.1638754844665513,-103.127438983697,-114.68113396261778,11.553694978920774,24.239999771118164,25.227499961853027,24.733749866485596,26.53874969482422,56.955962727752485,39.07731354278442,15.787914685045928,31.044225351188455,-100.54291586011857,27.903124809265137,28.673749923706055,8.0,88.0,-80.0,,25.082891522412112,0.0,0.0,38.30093618631099,0.5127354859229097,0.6685912241331926,0.6434022430175813,-24.092219650581473,43.510070825287634,22.866565720476995,40.40847035359548,-77.133434279523,-1.7547062144559966,-5.064302106248062,-3.0393215656910524,-3.2103286354524476,0.17100706976139524,3.2579828912101103,9.019314841348878,-5.761331950138768,24.837865041022965,-2.022189092679616,-2.0429152267299244,19.56683526562688,3.0997424652676777,-25989749.63588217
2016-02-03,23.75,24.209999084472656,23.520000457763672,24.087499618530273,21.901142120361328,183857200,0.467498779296875,1,1718495964.8990543,847782400,-0.04481733525737143,-34700839.32029066,0.028146716797808353,-0.008197061827685386,-22681005.921565704,24.20164203891536,31.752950759237194,1716.1989040725148,24.366874790191652,25.432370782281073,23.30137879810223,8.745446441234332,0.3688990039683171,0.0,0.0,24.195999781290688,24.830999247233073,23.561000315348306,5.248797087801189,0.41456672912362674,0.0,0.0,23.09749984741211,25.592500686645508,24.34500026702881,10.239314071731949,0.39679336197030957,0.7782256579266987,7.231211859804026,-0.7196020636040039,-0.7981878447786832,0.07858578117467929,24.223124980926514,24.86105750157283,24.24683191901665,24.966433982620654,0.81892508300263,0.9348052211706486,-0.11588013816801856,-0.4613683296281127,25.722921938377002,-0.20187387466430806,-99.07831359333694,-111.70954338258832,12.631229789251378,24.239999771118164,25.227499961853027,24.733749866485596,26.53874969482422,63.315536605634065,38.227218219266256,16.635284331649622,29.050971676489045,-66.48480415187375,27.741250038146973,28.673749923706055,4.0,84.0,-80.0,,25.003475855412113,0.0,0.0,42.57247940129236,0.7511428376768933,0.6535867988197865,0.6632321416836525,-22.585525857705136,50.16405105811479,43.32603226382682,36.7979746209927,-56.67396773617318,-1.6149634417365561,-0.8030462280996585,-2.8822781183124713,-3.1447185320244526,0.26244041371198135,1.041124391959736,7.42367675147105,-6.3825523595113145,24.833547101644914,1.979249630340174,1.9599171603808863,21.933361410631246,3.841081439604853,30563664.209958315
2016-02-04,23.96500015258789,24.332500457763672,23.797500610351562,24.149999618530273,22.077123641967773,185886800,0.0625,1,1777562179.186704,1033669200,-0.015406923238535677,-28083872.98882057,0.05756211718901659,0.005419601765986175,-22198684.170284275,24.163851158109637,37.70986529368267,1716.1989040725148,24.315624809265138,25.317407924849526,23.31384169368075,8.239830343184702,0.41733480622786917,0.0,0.0,24.195999781290688,24.81099936167399,23.58100020090739,5.083481451002838,0.46260146817356657,0.0,0.0,23.09749984741211,25.38249969482422,24.239999771118164,9.397249157017102,0.46061262205779974,0.7539030768752398,6.983449230295169,-0.674022721039659,-0.7733548200308784,0.09933209899121942,24.221874872843426,24.762788259066067,24.231934642018743,24.905957363058402,0.8663934816320555,0.9052452811111222,-0.038851799479066695,-0.4486707403214448,25.70925859132186,-0.1181245803833022,-92.57534534078945,-108.53475702872875,15.959411687939294,24.239999771118164,25.227499961853027,24.733749866485596,26.53874969482422,81.65776830281703,37.200140792595555,16.953935754520646,27.572710012139634,-36.560431006662185,27.741250038146973,28.673749923706055,0.0,80.0,-80.0,,24.92723681509211,0.0,0.0,43.13924447000835,0.7903833969099546,0.6847539068365855,0.668977309929855,-21.21977486439476,49.047595514931906,46.061262205779975,37.41795339669461,-53.938737794220025,-1.362102951722985,-0.06207861133343121,-2.706271078900178,-3.057029041399598,0.35075796249941993,-0.6892497176214171,5.801091457652557,-6.490341175273974,24.82997109507457,0.2594706839223804,0.2591346399082539,22.24974273741296,3.7085348748453058,22020877.8888548
2016-02-05,24.1299991607666,24.229999542236328,23.422500610351562,23.5049991607666,21.48748016357422,185672400,-0.6450004577636719,0,1629828414.7619326,847996800,0.01974914695761703,-41180288.70385757,-0.10383381678222714,0.0031772171092293894,-27157640.066175427,24.13745398018971,39.25130803554109,1670.3625025724946,24.28524980545044,25.344990168004898,23.225509442895984,8.727440492019277,0.13186707223122102,0.0,0.0,24.057499758402507,24.67599932352702,23.439000193277998,5.141844092992155,0.053354093689069244,0.0,0.0,23.09749984741211,25.38249969482422,24.239999771118164,9.409002854478677,0.17833669171400954,0.7592626623761924,6.665487990838825,-0.6820842672733605,-0.7551007094793749,0.07301644220601444,24.16416645050049,24.621249785790077,24.120098414133796,24.802182681407157,0.8788547365958701,0.891189658434871,-0.012334921839000867,-0.4386840745497703,25.787115387032962,-0.21024904251098775,-92.19180213916019,-105.69068995733582,13.498887818175632,24.1587495803833,25.136249542236328,24.647499561309814,26.53874969482422,90.82888415140852,36.67839229494895,15.658781222103896,29.014006881640913,-90.40529318310855,27.70687484741211,28.673749923706055,0.0,76.0,-76.0,,24.854047336384912,0.0,0.0,38.87521230488178,0.49515876860602587,0.678895001064291,0.6724119022402211,-21.354772012576223,54.39230829915407,17.833669171400953,35.740321213669255,-82.16633082859904,-1.2781469232895795,-2.8618702823222777,-2.7500977475852633,-2.995642782636731,0.24554503505146785,-2.0851303166738147,4.223847102787283,-6.3089774194610975,24.72532533030441,-2.6708093911055997,-2.7071235531103355,18.98468512777971,3.012299640278286,21716410.474994004
2016-02-08,23.282499313354492,23.924999237060547,23.260000228881836,23.752500534057617,21.713735580444336,216085600,0.24750137329101562,1,1733810131.0593188,1064082400,0.09068960166774356,-27657178.496390335,-0.07193618939488079,-0.005537130141118711,-24882316.319826122,24.099806118400743,32.9274795253814,1670.3625025724946,24.260874843597414,25.345784021859917,23.17596566533491,8.943693788922182,0.2657065127082966,0.0,0.0,23.92058308919271,24.547582562764482,23.29358361562093,5.242342724120755,0.3659627621554561,0.0,0.0,23.09749984741211,25.38249969482422,24.239999771118164,9.418456103264282,0.2866523984180274,0.7498362969564443,6.202168386214288,-0.6608835541480786,-0.7362572784131156,0.07537372426503697,24.137291431427002,24.502884424649753,24.063544894122074,24.724428448270153,0.8599421721787702,0.9380987489892023,-0.07815657681043209,-0.42827811664661075,25.834878834122396,1.0941246986389146,-89.24165796593542,-102.88005223868826,13.638394272752848,23.716249465942383,24.927499771118164,24.321874618530273,26.53125,95.41444207570426,36.37285594026942,14.665201294022248,28.723535175689896,-93.11125006429965,27.703125,28.673749923706055,0.0,72.0,-72.0,,24.783785436826,0.0,0.0,41.273940668430185,0.6612371803315268,0.6489264486158355,0.6708584521722374,-20.74215069496555,55.10721927318953,28.66523984180274,30.8533904063279,-71.33476015819726,-1.2429484423469077,-1.3395647711807592,-2.6729983082554023,-2.9311138877604654,0.25811557950506314,-2.073246000019517,2.964428482225923,-5.03767448224544,24.68614571823382,1.0529733338775493,1.047468181140676,20.237562133573395,3.602777697375835,53065603.905275404
2016-02-09,23.572500228881836,23.985000610351562,23.482500076293945,23.747499465942383,21.709169387817383,177324800,-0.005001068115234375,0,1743513843.8057082,886757600,0.07714512515949457,-23832840.625951763,0.04002740008031846,0.006668916269033683,-24919651.90064419,24.086023642446467,39.44876706569913,1670.010809215388,24.21662483215332,25.309458543517337,23.123791120789306,9.025483269766141,0.2853628775665228,0.0,0.0,23.803249804178872,24.41024939219157,23.19625021616618,5.100140468266064,0.45407712020116986,0.0,0.0,23.09749984741211,25.38249969482422,24.239999771118164,9.435666048632134,0.2844637470179416,0.7251027206665616,5.8703905312974625,-0.6371408179121296,-0.7164339863129184,0.07929316840078882,24.00333309173584,24.404134383568397,24.014922520555967,24.652063338468096,0.9212338232741402,0.9174379480009796,0.0037958752731606094,-0.41727238551452545,25.7338003311018,0.6433757781982408,-86.99019290947784,-99.59889768850351,12.608704779025672,23.716249465942383,24.77999973297119,24.248124599456787,26.53125,97.70722103785212,35.956640003018755,14.531421824993194,27.313214471843022,-72.727238175242,27.43874979019165,28.579999923706055,4.0,68.0,-64.0,,24.716334013249444,0.0,0.0,41.238724769894574,0.6587989715767727,0.605064973504775,0.6442954743949673,-20.259463046471733,49.46820991065456,28.44637470179416,24.981761238332627,-71.55362529820584,-1.1605954562916487,-6.339972807399083,-2.5845334289641744,-2.8617977960012073,0.27726436703703294,-3.469689680514788,1.677604849677781,-5.1472945301925686,24.639686055192644,-0.021054912126261538,-0.021057128984081075,20.212246220523422,3.539362614602638,-780112.2768527865
2016-02-10,23.979999542236328,24.087499618530273,23.524999618530273,23.5674991607666,21.54461669921875,169374400,-0.18000030517578125,0,1599733521.9090068,717383200,0.03857623215991199,-24783498.206382204,0.024077335361323636,0.004582947260101276,-26203468.907680605,24.066623120257624,33.46763822386963,1657.352530993854,24.145499801635744,25.212599379480306,23.07840022379118,8.838910659221652,0.229172116234622,0.0,0.0,23.814333152770995,24.395332717895506,23.233333587646484,4.8794107430793785,0.28757816113726686,0.0,0.0,23.09749984741211,25.38249969482422,24.239999771118164,9.46346054620626,0.20568899113354114,0.7088424485999054,5.721929383381081,-0.6256370937195008,-0.698274607794235,0.07263751407473418,23.89562463760376,24.29759590442364,23.946088157511447,24.571725251230948,0.8873612916023983,0.8986977392615199,-0.011336447659121562,-0.40692899577313935,25.555002339473628,0.8519996643066392,-81.05152652115738,-95.77178194720585,14.720255426048467,23.797499656677246,24.77999973297119,24.28874969482422,26.53125,98.85361051892606,35.335843872025954,14.737663525991515,25.786880794853893,-70.56473039876568,27.08062505722046,28.227499961853027,0.0,64.0,-64.0,,24.65158064661595,0.0,0.0,39.918546108757596,0.5037480254121169,0.6079280591068051,0.6206398270758052,-20.22016104667709,45.48727444396257,20.568899113354114,25.89350455231701,-79.4311008866459,-1.089661643084355,-5.199120747594716,-2.546166731569485,-2.798671583114863,0.2525048515453783,-4.870039316245392,0.36807601649314636,-5.238115332738539,24.62825338135326,-0.7579758257661218,-0.7608630614804657,19.301066454561422,3.3572231142438014,12147996.157008499
2016-02-11,23.447500228881836,23.68000030517578,23.147499084472656,23.424999237060547,21.414356231689453,200298800,-0.1424999237060547,0,1608196487.7122047,517084400,0.09147981872020071,-25320507.565243933,-0.1043474491606328,-0.02124043180096871,-27414567.44315568,23.938777902565043,25.563701172929655,1657.352530993854,24.099374771118164,25.20655806411304,22.99219147812329,9.188481473152379,0.19545443002781182,0.0,0.0,23.81441650390625,24.395416259765625,23.233416748046874,4.8793952668466565,0.164873123509576,0.0,0.0,23.09749984741211,25.38249969482422,24.239999771118164,9.481573149153071,0.1433257818460465,0.6912083258102274,5.879884811293212,-0.6208619522263881,-0.6827920766806657,0.06193012445427759,23.764582951863606,24.210961268498348,23.865920631288233,24.48678258351462,0.8037990151069218,1.0546447903007587,-0.250845775193837,-0.3978162243268811,25.394650305427724,-0.7443752288818359,-75.8090551132908,-91.80318387823924,15.994128764948442,23.739999771118164,24.34500026702881,24.042500019073486,26.53125,99.42680525946304,35.23024914478259,13.94329011415384,28.21808522986235,-116.36345436971146,27.08062505722046,28.227499961853027,0.0,60.0,-60.0,,24.589417414647798,0.0,0.0,38.857989434819956,0.5171233925586213,0.5598901298491701,0.5909610541535835,-20.474502661978068,46.82457932515051,14.33257818460465,21.115950666584315,-85.66742181539536,-1.1211618086870985,-6.290630112920994,-2.535498284059477,-2.746036923303786,0.21053863924430916,-4.752682410795926,-0.6560756689646682,-4.096606741831258,24.620077813920258,-0.6046459267230131,-0.6064813123360047,18.57971741570679,3.3147017072519738,50707645.75999594
2016-02-12,23.547500610351562,23.625,23.252500534057617,23.497499465942383,21.48062515258789,161405600,0.07250022888183594,1,1659109042.3177543,678490000,0.07171436611090455,-20031586.064093363,0.005769750116764039,-0.023102910676846257,-26915018.10168564,23.842064269064405,31.156334382445223,1662.482026906274,24.030249786376952,25.106036790982607,22.954462781771298,8.953606509871001,0.25239042758754227,0.0,0.0,23.751666577657062,24.29516633351644,23.20816682179769,4.576518907272301,0.2661755051639384,0.0,0.0,23.09749984741211,25.38249969482422,24.239999771118164,9.50884767210162,0.17505454933981526,0.659337439823443,6.03498004708989,-0.6042619005790897,-0.6670860414603506,0.06282414088126087,23.77645794550578,24.146442046532265,23.809240452004254,24.413502352583343,0.788298005095058,1.063563841929426,-0.275265836834368,-0.38862948193108005,25.1298090807311,-0.5077507019042962,-75.98184879694108,-88.44968681819846,12.467838021257379,23.739999771118164,24.239999771118164,23.989999771118164,26.53125,99.71340262973152,35.13219689805661,13.39920743146168,27.116984170743265,-99.64653465735609,26.814375400543213,27.96125030517578,44.0,56.00000000000001,-12.000000000000007,,24.52974071195837,0.0,0.0,39.73525666419532,0.6030089900539632,0.541293469341567,0.5697038860991808,-20.459451202516078,44.99846749880954,18.84568759373868,17.915721630565827,-81.15431240626131,-1.093735324635226,0.6101474052626326,-2.4751135328813194,-2.691852245219293,0.21673871233797337,-6.138753736794747,-1.752611282530684,-4.386142454264063,24.54227934167638,0.3094993863100415,0.3090214229013899,18.946720913396597,3.4953460247537578,-2457599.373132944
2016-02-16,23.7549991607666,24.212499618530273,23.65250015258789,24.15999984741211,22.086265563964844,196231600,0.6625003814697266,1,1818547342.6355324,874721600,0.07317752130337175,1401999.067407798,0.14090468746430665,-0.009299644704700929,-21382365.146640602,23.745972497811604,38.972787003589026,1662.482026906274,24.024124813079833,25.095483142016747,22.95276648414292,8.919020670035954,0.5634125066573674,0.0,0.0,23.747999890645342,24.314749654134115,23.181250127156577,4.773031548749663,0.863476072959074,0.0,0.0,23.09749984741211,25.38249969482422,24.239999771118164,9.511271961790886,0.46498909013203693,0.6649037110998878,6.026269163377769,-0.5315209533241756,-0.6399730238331156,0.10845207050894001,23.829583009084065,24.148268993084248,23.863203435913153,24.39472438923733,0.8448871588833643,0.9731739042594733,-0.12828674537610896,-0.37391733169287156,24.94772756370305,0.310874271392823,-72.42858594078425,-85.03870314676371,12.610117205979464,23.739999771118164,24.239999771118164,23.989999771118164,26.53125,99.85670131486576,33.696975657321225,18.532134886857662,25.09295567562546,1.2168833322344346,26.38437509536743,27.53125,40.0,52.0,-12.0,,24.472451077376522,0.0,0.0,47.19161114878009,1.0,0.7067107942041946,0.6026314644649773,-18.34878514720584,49.138361907218886,85.85863879187308,39.67896819007215,-14.141361208126929,-0.9320220666773196,2.7101744616934482,-2.1788356566089204,-2.589248927497218,0.4104132708882977,-5.801779371431149,-2.562444900310777,-3.2393344711203715,24.54012034071579,2.819450565069559,2.780435696684469,22.300364908321058,4.150726235752593,50768483.04973
2016-02-17,24.167499542236328,24.552499771118164,24.037500381469727,24.530000686645508,22.424509048461914,179452800,0.37000083923339844,1,1982320420.3398967,1054174400,0.1230801534929151,10687097.28674714,0.10403146508491189,0.010492849708681291,-18634116.51161855,23.81467638829042,50.98633069171515,1687.9422814199615,24.04237480163574,25.13493568565838,22.949813917613103,9.088627001591421,0.7231573050713677,0.0,0.0,23.811999893188478,24.386249542236328,23.237750244140624,4.823195461311239,1.125164329353557,1.0,0.0,23.09749984741211,25.38249969482422,24.239999771118164,9.50405218396582,0.6269150699750751,0.6499132789547428,5.645494306429874,-0.4389572273784914,-0.5997698645421908,0.16081263716369942,23.84583314259847,24.159422874450684,23.965787628333516,24.404744855712007,1.0275258363376303,0.9013912921468887,0.12613454419074155,-0.3524772550962929,24.853046935502306,0.06512527465820384,-65.93720167289366,-81.35635737782556,15.419155704931896,23.84999942779541,24.239999771118164,24.044999599456787,26.53125,99.92835065743287,31.702301685446447,21.131068430109494,23.719645338454885,66.11594695711567,26.38437509536743,27.53125,36.0,48.0,-12.0,23.09749984741211,,1.0,0.0,50.84920157845405,1.0,0.8676696633513208,0.7052246422990275,-15.46303569338521,61.15809475578086,98.45367108918134,67.71933249159771,-1.5463289108186655,-0.7480441710528183,0.8013215923943696,-1.7986552613999243,-2.4311301942777592,0.632474932877835,-6.148945517470411,-3.279745023742704,-2.869200493727707,24.539454832625175,1.5314604369628393,1.5198519511578468,24.17334661115318,4.162108899746443,18143483.068725467
2016-02-18,24.709999084472656,24.72249984741211,24.022499084472656,24.065000534057617,21.999418258666992,156084000,-0.4650001525878906,0,1845190103.2735047,898090400,0.06744761667564145,-1208071.4422922097,0.03475668991136068,0.019507862613749097,-21592905.006722078,23.876519181051112,52.1663421284363,1655.944996607526,24.03574981689453,25.12607239701608,22.94542723677298,9.072507314543376,0.5134137904214671,0.0,0.0,23.845083236694336,24.420333099365234,23.269833374023438,4.824892888490039,0.6911493697210117,0.0,0.0,23.09749984741211,25.38249969482422,24.239999771118164,9.506671790226415,0.4234138955156853,0.6549220273532138,5.32890369839054,-0.3985274573724631,-0.5595213831082453,0.1609939257357822,23.842291514078777,24.13759598365197,23.98105115229107,24.379578609663533,1.0533648401275983,0.8206342962780168,0.23273054384958158,-0.3303233097194481,24.86060704850062,-0.4157489776611314,-59.89630701991786,-77.72535311995095,17.82904610003309,23.934999465942383,24.239999771118164,24.087499618530273,26.53125,99.96417532871644,29.53600040051225,21.365045523949007,21.960373036774968,43.68652576246686,26.38437509536743,27.53125,32.0,44.0,-12.0,23.12659984588623,,0.0,0.0,46.49110277354717,0.6526931277979146,0.8842310425993046,0.8195371667182734,-14.184356687328895,52.74683112484764,58.25403207250586,80.85544731785343,-41.74596792749414,-0.5564485942616173,-0.17629178513669258,-1.6346773820548954,-2.2718396318331866,0.6371622497782912,-7.332412070477616,-4.090278433089686,-3.24213363738793,24.537178533373346,-1.895638563275881,-1.9138361315099495,21.81946876748193,3.420520983460392,1353165.463802278
2016-02-19,24.0,24.190000534057617,23.950000762939453,24.010000228881836,21.949134826660156,141496800,-0.05500030517578125,0,1774441141.0152018,756593600,0.05554258176928342,-2147256.5478785345,-0.051308331319180875,0.003461759135988643,-21916294.452335544,23.86460456372812,44.1067049026828,1652.160351764538,24.03249979019165,25.12272250089443,22.94227707948887,9.072903112207497,0.4896812086700566,0.0,0.0,23.84074993133545,24.38649978637695,23.295000076293945,4.578294362495608,0.6550621552922962,0.0,0.0,23.09749984741211,25.38249969482422,24.239999771118164,9.50795742166066,0.39934373847034804,0.6134298017297088,5.249974492681183,-0.3666975769273755,-0.5209566218720714,0.1542590449446959,23.874791463216145,24.099903693565956,23.985504856381958,24.352202433309333,0.9939569055512604,0.9732823056699722,0.02067459988128817,-0.30841249388267145,24.67205476882089,0.05499982833862305,-55.142385534418494,-73.60875127497964,18.466365740561145,23.934999465942383,24.239999771118164,24.087499618530273,26.53125,99.98208766435822,27.65642613241679,20.795547488558913,22.180209465442775,5.573353026735615,26.338749885559082,27.53125,28.000000000000004,40.0,-11.999999999999996,23.190435845947263,,0.0,0.0,45.98903320233272,0.6126820541136734,0.7551250606371958,0.8356752555292738,-13.274604008373192,50.185502028718005,54.761950895787365,70.48988468582486,-45.238049104212635,-0.33946313858032084,1.651140456356966,-1.5058086755463262,-2.118633440575815,0.6128247650294887,-8.856483260235924,-5.043519398518934,-3.81296386171699,24.532505779890833,-0.22854894641678447,-0.2288105181436073,21.541051655083333,3.543621805009632,614297.5578001142
2016-02-22,24.077499389648438,24.225000381469727,23.979999542236328,24.219999313354492,22.1411075592041,137123200,0.20999908447265625,1,1905966299.2654295,893716800,0.026969457870750578,2273172.4532413897,0.005806719101041822,0.0031266257385237695,-20716971.412541382,23.86806705242006,50.266913810196435,1666.6106707135243,23.97574977874756,24.888401628656457,23.063097928838662,7.61312458072018,0.6338130934766167,0.0,0.0,23.88299992879232,24.372499974568683,23.39349988301595,4.09915041858914,0.8442281440726747,0.0,0.0,23.09749984741211,25.38249969482422,24.239999771118164,9.53046252358525,0.4912470638515256,0.5765869054800777,5.093838370195945,-0.32082868292355116,-0.48093103408236737,0.16010235115881621,23.885833104451496,24.094999826871433,24.021580926685424,24.342409609608975,0.9839237020390611,0.9678476543863769,0.016076047652684222,-0.28534244425520966,24.314852127195383,0.17424983978271413,-50.39223359449139,-69.29214856704142,18.899914972550036,23.934999465942383,24.239999771118164,24.087499618530273,26.53125,99.99104383217912,25.839979439925916,20.610209957988236,21.54874090199104,34.71726968965096,26.234375,27.53125,24.0,36.0,-12.0,23.251718406005857,,0.0,0.0,48.28541493331678,0.795685972123083,0.6870203846782235,0.775458829304908,-11.864678981588325,56.697456273653096,68.09521964168505,60.37040086999277,-31.904780358314945,-0.13674996880924084,0.5500765829687364,-1.3179824350540323,-1.9585032394714585,0.6405208044174262,-10.227779107876147,-6.080371340390377,-4.14740776748577,24.5140279401041,0.8746317470669895,0.8708290008661468,22.604088278577784,3.7961274236313898,7562583.726503432
2016-02-23,24.100000381469727,24.125,23.637500762939453,23.672500610351562,21.640609741210938,127770400,-0.5474987030029297,0,1796542366.9676087,765946400,0.04150847362746328,-8045013.366102455,-0.08441626670717574,0.0018029162673396273,-23605250.944555823,23.873412988864825,50.70579332770184,1628.9365498838272,23.91637477874756,24.741507459975406,23.091242097519714,6.900148445249074,0.35222124032640517,0.0,0.0,23.899583307902017,24.37133337656657,23.42783323923747,3.947768147979173,0.2593188505586314,0.0,0.0,23.09749984741211,25.219999313354492,24.1587495803833,8.874670536725603,0.27090737697036577,0.5771780699735738,4.845148005370212,-0.32491045814103003,-0.44972691889409994,0.1248164607530699,23.846041520436604,24.048557574932392,23.96787626263406,24.29278672077509,0.9761906065346062,0.9595564796875381,0.01663412684706811,-0.26622639188743064,24.0817314591583,-0.41137561798095845,-47.78772811902444,-64.93631914587993,17.14859102685549,23.934999465942383,24.239999771118164,24.087499618530273,26.37374973297119,99.99552191608956,24.7977707094432,19.20990306902041,24.079559478233918,-23.286852177588337,25.995624542236328,27.44499969482422,20.0,32.0,-12.0,23.31054966366211,,0.0,0.0,43.136058353563925,0.3567670113329714,0.5883783458565757,0.6768412637239983,-12.075993711369895,51.68465888193952,33.33341406762789,52.06352820170011,-66.66658593237212,-0.08699987074908222,-1.9772215971892868,-1.337477095055414,-1.8342980105882496,0.4968209155328356,-11.702349470821595,-7.204766966476621,-4.497582504344974,24.508329171769017,-2.260523197872466,-2.286464711592906,19.832594421500495,3.1403342967505594,4301470.595591217
2016-02-24,23.4950008392334,24.094999313354492,23.329999923706055,24.024999618530273,21.96285057067871,145022800,0.35249900817871094,1,1915025141.237081,910969200,0.045326103052971745,407187.56666926015,-0.08901650681919658,-0.006565885419589296,-21445766.654968537,23.86487291433903,49.88327277296529,1628.9365498838272,23.867749786376955,24.531059770780367,23.204439801973543,5.558211313091701,0.6185341965678016,0.0,0.0,23.90741659800212,24.40541655222575,23.40941664377848,4.16607082728671,0.6180552523458228,0.0,0.0,23.09749984741211,24.72249984741211,23.90999984741211,6.8083502405723415,0.5707690899188702,0.5959602019410601,4.689689055770007,-0.2962861678938502,-0.41903876869405005,0.12275260080019984,23.889374891916912,24.038653740516075,23.976664471233477,24.272950639127327,0.9431523700907938,0.9896640896917389,-0.046511719600945134,-0.2472940687299747,23.97539643817644,-0.11524925231933736,-43.68124093268966,-60.78406519160574,17.10282425891608,23.934999465942383,24.239999771118164,24.087499618530273,26.260000228881836,99.99776095804478,24.349309166295225,17.52579675753935,25.492485402595687,-11.165724531464413,25.891250133514404,27.397500038146973,16.0,28.000000000000004,-12.000000000000004,,24.72249984741211,0.0,1.0,47.05124306089295,0.6832715098300247,0.6119081644286929,0.6291022983211642,-11.121390322197811,56.26166248996264,55.71429263436811,52.38097544789369,-44.28570736563189,-0.13526464911068103,2.2122972828334806,-1.220643391480577,-1.7115670867667152,0.4909236952861382,-12.000328953528328,-8.163879363886963,-3.836449589641365,24.501465446995287,1.4890653673679477,1.4780876319658187,21.61698008384956,3.7688939828543866,29020206.30553782
2016-02-25,24.012500762939453,24.190000534057617,23.8125,24.190000534057617,22.113689422607422,110330800,0.16500091552734375,1,2025355941.237081,1021300000,0.22907113853515101,2949686.915839974,0.09879700321005587,-0.0036205364180864905,-20688027.49576275,23.855982967085943,48.220253607051234,1640.1238974940009,23.909499835968017,24.542898932232532,23.2761007397035,5.298304863004016,0.7214249276197734,0.0,0.0,23.94116668701172,24.420666694641113,23.461666679382326,4.005652806298087,0.7594722034271809,0.0,0.0,23.09749984741211,24.72249984741211,23.90999984741211,6.796461704127527,0.6723081148587741,0.5741142351527159,4.52958005105946,-0.25732078292428895,-0.38669517154009786,0.1293743886158089,23.925833225250244,24.039615264305702,24.009485403975653,24.26680618689994,0.9690074968311468,0.9930761910775057,-0.024068694246358824,-0.22749881414624035,23.74784036599993,-0.16200037002563406,-38.5411514182078,-56.643187003263186,18.10203558505539,23.987500190734863,24.239999771118164,24.113749980926514,26.166250228881836,99.99888047902239,23.708271714242947,17.86589599565101,24.35767994766026,54.19100233497671,25.626875400543213,27.397500038146973,12.0,24.0,-12.0,,24.69464984893799,0.0,0.0,48.82733905111713,0.8313879778692524,0.6238088330107493,0.6080317810986727,-9.817905014513514,55.14240621820101,66.19053616452358,51.74608095550653,-33.80946383547643,-0.17190418243408345,1.8419113363356794,-1.0603817450983706,-1.5813300184330465,0.520948273334676,-13.835138054938575,-9.298131102097287,-4.537006952841288,24.490490112279765,0.6867884210082664,0.6844407721231516,22.452231421045354,3.7929100501168307,-12653797.123673394
2016-02-26,24.299999237060547,24.5049991607666,24.145000457763672,24.227500915527344,22.147964477539062,115964400,0.03750038146972656,1,1962542377.6400206,1137264400,0.17813670615841606,3149547.2474211147,0.10050447835962617,0.01097505609204589,-20508254.48456396,23.89001370426393,54.93249190433014,1640.1238974940009,23.944749927520753,24.566437276852692,23.323062578188814,5.192681913269066,0.7274060975427863,0.0,0.0,24.028666750590006,24.490916506449384,23.566416994730634,3.847485677481667,0.7150722227723834,0.0,0.0,23.147499084472656,24.72249984741211,23.934999465942383,6.577645486826469,0.6857151161241726,0.5527026819377372,4.101591390765088,-0.2208684334101072,-0.35352982391409976,0.13266139050399256,23.965833346048992,24.04076913686899,24.04302625190668,24.26389468531679,1.0662228393223472,0.9341276210344649,0.1320952182878823,-0.2072169553414715,23.54841189766167,-0.3772507667541518,-32.98265242700068,-51.86549851771425,18.88284609071357,24.026249885559082,24.239999771118164,24.133124828338623,25.97249984741211,99.99944023951119,22.399837698067767,20.910176834827244,23.292803908312855,111.0799603389039,25.213749885559082,27.15499973297119,8.0,20.0,-12.0,,24.66735685043335,0.0,0.0,49.24404688739676,0.8661390798669647,0.7935995225220803,0.6764388399871742,-8.627494483368745,50.463830631275144,68.57151161241725,63.492113470436315,-31.428488387582743,-0.11369847129372701,2.0212715459720627,-0.9102760965401197,-1.4471192340544614,0.5368431375143418,-14.971526600550842,-10.432810201787998,-4.538716398762844,24.476696422208008,0.1550243102182991,0.15490427157787146,22.642062148152743,3.717296489618519,11665869.403915733
2016-02-29,24.21500015258789,24.5575008392334,24.162500381469727,24.172500610351562,22.097692489624023,140865200,-0.05500030517578125,0,1828809747.8120198,996399200,0.06387810055762352,1592807.785125604,0.00981458334012475,0.01681439700168914,-20828041.036865037,23.9410454638581,63.34789627055216,1640.1238974940009,23.936625003814697,24.541725240621876,23.33152476700752,5.05585258331737,0.6949062256044278,0.0,0.0,24.112583478291832,24.57708333333333,23.648083623250322,3.8527589170168013,0.5644963947883065,0.0,0.0,23.147499084472656,24.72249984741211,23.934999465942383,6.579878168657656,0.6507943043569877,0.5369324595203306,3.757860309257552,-0.1941793698627592,-0.32165973310383167,0.12748036324107248,24.016250133514404,24.044519131000225,24.062945383975126,24.257124753837886,1.0950473669836134,0.879460841283861,0.21558652569975234,-0.18749958235257638,23.37482053937108,-0.5116257667541504,-26.32455183788115,-46.74282806183613,20.41827622395498,24.026249885559082,24.239999771118164,24.133124828338623,25.64875030517578,99.9997201197556,21.069717893147423,20.535940125590944,22.148631728758144,104.91944526668635,25.051875114440918,27.013750076293945,4.0,16.0,-12.0,,24.640609711898804,0.0,0.0,48.61871405461812,0.8139898204519669,0.8371722927293944,0.7515268827540748,-7.79133674328141,51.1600350517345,65.07943043569877,66.61382607087988,-34.92056956430123,-0.05855864356545837,2.5671007579460183,-0.8005044778938063,-1.3177962828223304,0.5172918049285241,-14.482459132885477,-11.242739988007495,-3.2397191448779825,24.46407271351774,-0.2270160070060423,-0.2272740789936556,22.363645035754143,3.6119278538618502,37655397.83924502
2016-03-01,24.412500381469727,25.1924991607666,24.354999542236328,25.13249969482422,22.975290298461914,201628400,0.9599990844726562,1,2001548352.3992238,1198027600,0.0872092529134023,29017132.302062877,0.17185793910005934,0.026230864074527776,-12820467.367767869,24.045465488273575,63.91333306533428,1640.1238974940009,23.98787498474121,24.78526049479559,23.19048947468683,6.64823799991954,1.21773608602754,1.0,0.0,24.201083437601728,24.693333307902016,23.708833567301433,4.067998621379674,1.4460807543273646,1.0,0.0,23.147499084472656,25.1924991607666,24.16999912261963,8.525140628733386,0.9706604089467239,0.5852390686098015,3.3541652384540144,-0.09447514103026577,-0.2762228146891185,0.18174767365885275,24.158541838328045,24.0359614445613,24.22749220102883,24.321967342059096,1.0596004965696133,0.7853033996416534,0.2742970969279599,-0.1609716287619592,23.407116184992248,-0.4903755187988281,-18.519167336685697,-41.474157580035246,22.95499024334955,24.261249542236328,24.239999771118164,24.250624656677246,25.64875030517578,99.99986005987779,20.526365974981253,25.5498974554607,19.486712734603913,223.6520963435176,25.06874990463257,26.903749465942383,0.0,12.0,-12.0,23.329999923706055,,1.0,0.0,58.519908771199944,1.0,0.8933763001063103,0.8413827051192618,-3.9604103826469985,60.69878552245016,97.06604089467238,76.90566098092947,-2.9339591053276117,0.11336026472203997,7.289223109396076,-0.38843544069271624,-1.1319241143964076,0.7434886737036914,-10.835010257806859,-11.161194041967368,0.3261837841605093,24.504693824763876,3.971451278241145,3.894616852936572,27.223257580629067,4.587326953610141,86438787.27910809
2016-03-02,25.127500534057617,25.22249984741211,24.90999984741211,25.1875,23.025571823120117,132678400,0.05500030517578125,1,2104506920.3679738,1330706000,0.15456494802564533,25914306.614658806,0.0688932071626402,0.02943199777462182,-12530112.14728269,24.136221711674565,71.19173567234137,1643.7131670049378,24.066249942779542,25.000063025529467,23.132436860029618,7.760353897845987,1.100361077571628,1.0,0.0,24.274416732788087,24.746416664123537,23.802416801452637,3.8888673333016266,1.4672493644527522,1.0,0.0,23.147499084472656,25.22249984741211,24.184999465942383,8.622036120596361,0.9831326098586448,0.5579651617488214,2.7749510744772157,-0.010895163714085498,-0.22315728449411193,0.21226212078002643,24.29937521616618,24.048557574932392,24.375185708562856,24.386080872276942,1.1335438615444968,0.7879426113181955,0.3456012502263013,-0.13021777692957592,23.376379362549482,0.09374990463256694,-11.164625125270158,-36.059526258407715,24.89490113313756,24.276249885559082,24.15999984741211,24.218124866485596,25.579999923706055,99.9999300299389,20.07363541620156,24.941557535118818,18.743466038702614,225.04066957016116,25.03874969482422,26.903749465942383,100.0,8.0,92.0,23.367249908447267,,0.0,0.0,59.00728936494457,1.0,0.9379966068173221,0.8895150665510091,-0.705602200492827,62.26244653321759,98.31326098586449,86.81957743874521,-1.6867390141355163,0.38043383991017166,7.19225693145404,-0.044677797023430485,-0.9144748509218121,0.8697970538983817,-11.324770807171584,-11.193909395008212,-0.13086141216337133,24.532258070684616,0.2188413641445619,0.21860225521388443,27.501674693027667,4.1163121001349126,-17876059.330491304
2016-03-03,25.145000457763672,25.427499771118164,25.112499237060547,25.375,23.196971893310547,147822800,0.1875,1,2203055752.0601826,1478528800,0.15008728059950951,26171802.098278977,0.04341769379783678,0.039986650843083935,-11429694.281277733,24.287487133715594,79.87694451424342,1643.7131670049378,24.130624961853027,25.225113579383176,23.036136344322877,9.071365696167218,1.068473266060574,1.0,0.0,24.377916717529295,24.811416625976562,23.944416809082032,3.5564967545856847,1.650038630967781,1.0,0.0,23.147499084472656,25.427499771118164,24.28749942779541,9.448577027117425,0.9769737915318766,0.533668698979701,2.207663944774514,0.06966915086371017,-0.16459199742254754,0.23426114828625771,24.400625228881836,24.063076826242302,24.529003291860878,24.459334140997168,1.2216199368354272,0.6926971824187342,0.528922754416693,-0.0961690288781921,23.279911020585516,0.3993757247924812,-3.486587068999478,-30.31999309558338,26.833406026583905,24.37874984741211,24.262499809265137,24.320624828338623,25.579999923706055,99.99996501496945,20.00934565043116,26.537338874199378,17.99826904275938,210.04923244544054,25.03874969482422,26.667499542236328,100.0,4.0,96.0,23.44145990600586,,0.0,0.0,60.70246497698036,1.0,1.0,0.9437909689745442,2.530797856771752,68.77084389438363,97.5862165731554,97.65517281789742,-2.413783426844604,0.6206910750445189,5.028974173267783,0.2848366617917665,-0.6746125483790965,0.9594492101708629,-10.836964078470318,-11.122520331700635,0.2855562532303164,24.64454344857029,0.7444168734491274,0.7416597655049539,28.45081867337278,4.151954394938933,26859228.48772122
2016-03-04,25.592500686645508,25.9375,25.342500686645508,25.752500534057617,23.542076110839844,184220400,0.3775005340576172,1,2272719127.032534,1662749200,0.15344884188295072,32367730.28199739,0.11950372775461238,0.048110506388644524,-8689071.64544294,24.47168911862153,80.2436777732847,1643.7131670049378,24.210750007629393,25.51391777923015,22.907582236028635,10.765199518313963,1.0915395392775866,1.0,0.0,24.54066670735677,25.00966657002767,24.071666844685872,3.8222259261628153,1.7919340954596419,1.0,0.0,23.147499084472656,25.9375,24.542499542236328,11.523810351385839,0.9336919694496173,0.5398017604171802,1.5171806249966135,0.16210939262739643,-0.09925171941255875,0.26136111203995516,24.50250021616618,24.15528840285081,24.717233636814225,24.55512424418683,1.2322244384442549,0.62311736926606,0.6091070691781949,-0.058146940501754764,23.298739994155124,-0.14574947357177592,6.487892499049994,-23.9999790851899,30.487871584239894,24.633749961853027,24.517499923706055,24.57562494277954,25.238749504089355,99.99998250748473,20.727246529501645,30.965153017720574,16.651582377286513,211.33462880210786,24.858124256134033,26.657499313354492,100.0,0.0,100.0,23.560622297912598,,0.0,0.0,63.93603666249134,1.0,1.0,0.9793322022724408,6.322774874075371,66.49528879028061,92.9051021848742,96.26819324796469,-7.094897815125805,0.8509705880109024,4.983692675058327,0.6601855930978405,-0.407652920083709,1.0678385131815495,-8.484794978247852,-10.59497526101008,2.1101802827622276,24.840448155738212,1.4876868337245996,1.4767293151848104,30.361764590588013,4.359329453987243,59322174.705082774
2016-03-07,25.59749984741211,25.707500457763672,25.239999771118164,25.467500686645508,23.281539916992188,143315600,-0.2849998474121094,0,2268887515.5729556,1519433600,0.20067820473583864,21908779.651458494,-0.05423142781192776,0.03417221244034206,-10275128.272361847,24.585188596321416,72.6359295386255,1625.5223897184312,24.30887508392334,25.678546475469524,22.939203692377156,11.268899830350566,0.9229575100543742,0.0,0.0,24.673666763305665,25.164916610717775,24.182416915893555,3.9819768348552884,1.3079737098359796,1.0,0.0,23.147499084472656,25.9375,24.542499542236328,11.47729339961317,0.8315415200264704,0.5370716606694075,1.5337474027708433,0.20995165241931701,-0.037411045046183596,0.2473626974655006,24.619375228881836,24.230096156780537,24.832659336788268,24.62270768436895,1.1824083262191634,0.7379236048159263,0.444484721403237,-0.021264377157304955,23.30311301570458,-0.2988748550415039,15.748314850488804,-16.940418755243982,32.688733605732786,24.633749961853027,24.542499542236328,24.588124752044678,25.227499961853027,99.99999125374237,21.13071590480539,28.95546302656814,16.868909918127375,153.26164226583592,24.733749866485596,26.53874969482422,96.0,36.0,60.0,23.75077251407959,,0.0,0.0,59.92690107405205,0.8072528957052537,0.9357509652350843,0.9785836550783614,8.42150753201697,61.11931313610486,81.97509876883667,90.8221391756221,-18.024901231163334,1.0343087196350105,5.827966430347774,0.8526749174405341,-0.1555873525788604,1.0082622700193946,-8.601206356528076,-10.19622148011368,1.595015123585604,24.901898223787175,-1.1066880555354097,-1.1128574070077946,28.919066512878764,3.8045057449253292,-1918025.1496106386
2016-03-08,25.19499969482422,25.440000534057617,25.100000381469727,25.25749969482422,23.089567184448242,126247600,-0.21000099182128906,0,2259604041.3905907,1393186000,0.16990367737188727,14991508.099099088,-0.054872262411320295,0.022821946190611196,-11316146.059747618,24.6468366418031,65.54516547384206,1612.118588604662,24.38412504196167,25.788196514008114,22.980053569915228,11.516275196507827,0.8110150267456111,0.0,0.0,24.819083404541015,25.29558334350586,24.342583465576173,3.839786757617821,0.9600381389718795,0.0,0.0,23.147499084472656,25.9375,24.542499542236328,11.441874214170664,0.7562723720299378,0.5201145251200449,1.6174932827010762,0.2282900770976788,0.015729179382588887,0.2125608977150899,24.72333351771037,24.265576949486366,24.898019391870722,24.669729314773043,1.1049726240964153,0.8176796294277194,0.28729299466869584,0.011608525591185461,23.34869514230395,-0.16412572860717844,23.665020447060947,-9.45750082416058,33.12252127122153,24.875,24.542499542236328,24.708749771118164,25.227499961853027,99.99999562687118,21.14430276187576,27.57350247725946,17.881971767078973,108.34231736625077,24.733749866485596,26.53874969482422,92.0,32.0,60.0,23.925710712953222,,0.0,0.0,57.08637424786792,0.6706889635705283,0.8259806197585937,0.9205771949978927,9.38497939385197,62.01012388391707,73.92136969206653,82.9338568819258,-26.078630307933473,1.104110403621899,5.1957494962526285,0.9253854154004487,0.06060720101700143,0.8647782143834473,-9.494782422439506,-10.055933668578845,0.5611512461393389,24.964618910842226,-0.8245842197283526,-0.8280027206552187,27.85602023419247,3.662150061083608,-1217272.8233507872
2016-03-09,25.327499389648438,25.395000457763672,25.0674991607666,25.280000686645508,23.110130310058594,108806800,0.022500991821289062,1,2291997360.2176485,1501992800,0.1812485117718054,13199615.64449931,-0.011663689808677252,0.019506204782037056,-11219214.021878395,24.710084679252112,66.95171978177103,1613.554766675153,24.460750102996826,25.884615022165505,23.036885183828147,11.64203806647968,0.7876855004360244,0.0,0.0,24.962166786193848,25.394916915893553,24.529416656494142,3.467248123180175,0.8672256559139703,0.0,0.0,23.147499084472656,25.9375,24.542499542236328,11.406031719303346,0.764337241004017,0.5008532023077474,1.6124721159140594,0.24185114333458557,0.06095357217298823,0.18089757116159733,24.81166696548462,24.31067312680758,24.956785744913,24.714934601578413,1.1083400950314675,0.8406080681900284,0.26773202684143904,0.04051525508811798,23.39184085093165,-0.7882494926452637,29.573671691800346,-1.8891871452707858,31.46285883707113,25.041250228881836,24.542499542236328,24.791874885559082,25.227499961853027,99.99999781343558,21.07111822526454,26.36583687729679,17.5334280261988,91.46006564551035,24.733749866485596,26.53874969482422,88.0,28.000000000000004,60.0,24.086653855916964,,0.0,0.0,57.31981055955343,0.6819118748744943,0.7199512447167585,0.8272276099034789,10.241037717854805,67.70362154693058,74.78430319783538,76.89359055291287,-25.21569680216461,1.0994633450227624,4.376554101331246,0.9785627485299508,0.24419831051959132,0.7343644380103596,-11.076949236241441,-10.260136782111363,-0.8168124541300781,25.011465314833938,0.08908637867230951,0.08904672030971561,27.96992253253365,3.7853376679402118,-6428615.080542222
2016-03-10,25.352500915527344,25.559999465942383,25.037500381469727,25.292499542236328,23.121551513671875,134054400,0.012498855590820312,1,2288790115.793322,1636047200,0.230390464679233,11553317.207701417,0.026309280409430175,0.025050319905509277,-11152935.282107655,24.79804314305265,73.95993801978602,1613.554766675153,24.547000122070312,25.952851117608066,23.141149126532557,11.454360928395058,0.7651416908805666,0.0,0.0,25.08541673024495,25.532666714986167,24.638166745503746,3.565816661933073,0.7315067848590254,0.0,0.0,23.147499084472656,25.9375,24.542499542236328,11.365954705882134,0.7688171160898135,0.5030177905242383,1.583346137751082,0.2507168316489832,0.09890622406818722,0.15181060758079595,24.946666876475017,24.375,25.00843402142428,24.757717189775295,1.1101159132863134,0.7431880795735512,0.3669278337127623,0.065519131163672,23.441068803242196,-0.5220005035400384,35.710441292701375,5.743378823584998,29.967062469116378,25.050000190734863,24.542499542236328,24.796249866485596,25.227499961853027,99.99999890671779,21.2961608977098,26.730664611960105,16.306359107040404,84.81065490621553,24.733749866485596,26.53874969482422,84.0,24.0,60.0,24.234721547443606,,0.0,0.0,57.458244278046145,0.6885673490503158,0.6803893958317793,0.7421070867690439,10.990182616287772,60.75493155148268,75.26364568010234,74.65643952333475,-24.73635431989765,1.070029606538661,6.843378984543648,1.0126815397686457,0.3978949563694022,0.6147865833992435,-10.891550508573028,-10.386419527403698,-0.5051309811693301,25.049097690636234,0.049441674253691836,0.04942945588508607,28.03319300477487,3.7951636889216225,31311760.04616496
2016-03-11,25.559999465942383,25.56999969482422,25.375,25.565000534057617,23.37066650390625,109632800,0.27250099182128906,1,2392801655.7909746,1745680000,0.2705390650453452,14170707.140336215,0.030904238602327,0.026842999869886787,-9971753.221146993,24.884814988060246,73.68080965675117,1630.9391803248477,24.654000186920165,26.027356927432873,23.280643446407456,11.141045916283586,0.831669230675401,0.0,0.0,25.20650005340576,25.6372501373291,24.775749969482423,3.4177698848368165,0.9161351257167231,0.0,0.0,23.252500534057617,25.9375,24.59500026702881,10.89072542218472,0.8612664655366541,0.4804660267306035,1.55909307673282,0.2765436827340544,0.13443371580136065,0.14210996693269373,25.075000286102295,24.431826958289513,25.094059638752483,24.81751595601843,1.143016621713117,0.7358842689594913,0.4071323527536257,0.08886550443429225,23.41285788095149,-0.4639996528625474,42.542091534014645,13.395228087128976,29.146863446885668,25.146249771118164,24.542499542236328,24.844374656677246,25.227499961853027,99.9999994533589,21.52321051255371,25.840565482791284,15.678768486862385,95.10006379383182,24.733749866485596,26.53874969482422,80.0,20.0,60.0,24.370943823648116,,0.0,0.0,60.468744568904576,0.8333030908931962,0.7345941049393351,0.7116449151626244,12.459274755558367,61.256695744699826,85.71430661387292,78.5874184972702,-14.285693386127084,1.0220074597527002,6.409993506678578,1.1143084715817038,0.5411776594118626,0.5731308121698412,-12.0071631924099,-10.710568260404939,-1.296594932004961,25.129561512930536,1.0773984254353275,1.0716358423031647,29.41262061024288,4.056384848392092,-3473515.9719853103
2016-03-14,25.477500915527344,25.727500915527344,25.44499969482422,25.6299991607666,23.430084228515625,100304400,0.06499862670898438,1,2423868443.39495,1845984400,0.2693712443742506,13077698.72784085,0.03203712217387928,0.03516109907567643,-9716730.803127356,24.994729705410265,79.82137817390114,1635.08581849236,24.760625171661378,26.088649720791715,23.43260062253104,10.72690644863253,0.8273184933495912,0.0,0.0,25.336833318074547,25.756333478291833,24.91733315785726,3.311385878029413,0.8494228018175317,0.0,0.0,23.329999923706055,25.9375,24.633749961853027,10.530832958443385,0.8820706307819361,0.4606695461278557,1.2546205746091668,0.29881197579761576,0.16730936780061167,0.13150260799700408,25.195000171661377,24.488750017606296,25.176511872908502,24.877699897110887,1.2286157455033442,0.6982892003137188,0.5303265451896254,0.11041701659123838,23.296563920750817,-0.5331242561340339,47.677295505675524,20.75039062516911,26.926904880506413,25.423749923706055,24.542499542236328,24.98312473297119,25.227499961853027,99.99999972667945,22.023311914683894,27.0515966890509,15.043987105407538,95.41896110701282,24.733749866485596,26.53874969482422,76.0,16.0,60.0,24.496268317756265,,0.0,0.0,61.17451096404026,0.8364489514287186,0.7861064637907433,0.7336966548539526,13.888453390466365,61.9064312447335,88.20706307819361,83.06167179072295,-11.792936921806389,1.0299854222465967,5.952867279525602,1.2011238057916986,0.6731668886878298,0.5279569171038688,-13.371569500024144,-11.242768508328782,-2.1288009916953623,25.219146564135073,0.2542484856293825,0.253925820964751,29.74165023835773,3.9636994342147993,-475896.9542951733
2016-03-15,25.989999771118164,26.295000076293945,25.962499618530273,26.145000457763672,23.90088653564453,160270800,0.5150012969970703,1,2439534577.144362,2006255200,0.22153645234607636,23000837.46254331,0.11254785408830652,0.04955855342621237,-6496298.786995791,25.17919640447823,80.12860797008338,1635.08581849236,24.859875202178955,26.286548170798635,23.433202233559275,11.477716255748808,0.9503923757762396,0.0,0.0,25.4609167098999,25.829916954040527,25.091916465759276,2.8985621244120274,1.426942134492283,1.0,0.0,23.329999923706055,26.295000076293945,24.8125,11.926850511011455,0.9494099120368167,0.48110268306780457,1.1275365273522513,0.3539361040175777,0.20463471504400488,0.1493013889735728,25.354791800181072,24.59028852902926,25.325510116732374,24.971574012714797,1.3100314456312387,0.6208526478691939,0.6891787977620448,0.13371158644015144,23.179542143337674,-0.6873745918273926,52.671963376220255,27.843344903112488,24.828618473107767,25.666250228881836,24.7212495803833,25.19374990463257,25.136249542236328,99.99999986333972,23.36700231483055,32.477034177243766,13.643659346329434,136.56808727556364,24.647499561309814,26.53874969482422,100.0,12.0,88.0,24.611566852335763,,0.0,0.0,66.3072137916265,1.0,0.889917347440638,0.8035393053902388,16.684326342693005,62.586772238528546,93.95771947954162,89.29302972386938,-6.0422805204583785,1.1646764699150545,7.91455771241931,1.4173560058223151,0.8220047121147269,0.5953512937075882,-10.84424151606286,-11.163063109875598,0.31882159381273745,25.345194076388655,2.0093691527911295,1.9894477516948061,32.34863893656945,4.410056554571302,67932637.0469858
2016-03-16,26.15250015258789,26.577499389648438,26.147499084472656,26.49250030517578,24.21855354309082,153214000,0.3474998474121094,1,2532176295.815074,2159469200,0.19801396669582824,27320980.913808398,0.06560256170028896,0.04718752188980045,-4459892.564421459,25.33792833135884,80.68535523157799,1656.818159761571,24.95800018310547,26.541733499686934,23.374266866524003,12.691187634925363,0.9844566020062568,0.0,0.0,25.59083334604899,25.971583620707197,25.21008307139079,2.9756770286418783,1.684066065265755,1.0,0.0,23.329999923706055,26.577499389648438,24.953749656677246,13.011857689386009,0.9738262976286616,0.47624230794950073,1.0649474366854808,0.42081184923683423,0.24787014188257078,0.17294170735426345,25.548125108083088,24.695673135610726,25.505047068800593,25.08423521956376,1.2603759313820526,0.5943617760775772,0.6660141553044754,0.1596373687686639,23.145116670027566,0.17449951171875,58.07329682437783,34.68333200237664,23.38996482200119,25.807499885559082,24.862499237060547,25.334999561309814,24.927499771118164,99.99999993166986,24.97193273549698,34.487052396980125,12.80860262278027,145.3701124059427,24.321874618530273,26.53125,100.0,8.0,92.0,24.77991017473158,,0.0,0.0,69.26019865572786,1.0,0.9454829838095726,0.8738355983469847,20.020670180881183,65.71206022438687,96.50568872370289,92.89015709381272,-3.494311276297115,1.3139778249404017,9.597681812988387,1.6775948939780059,0.9931227484873828,0.6844721454906231,-9.148380724097986,-10.760126632720075,1.6117459086220887,25.535165054721908,1.329125421028321,1.3203700437436794,34.10771834106039,4.450764393768086,30366531.638207495
2016-03-17,26.3799991607666,26.61750030517578,26.239999771118164,26.450000762939453,24.179704666137695,137682800,-0.042499542236328125,0,2547677515.164404,2021786400,0.2546671858553821,22582061.3584335,0.01816473284380525,0.04130611149581324,-4680764.732258052,25.47544992266915,81.00025689769191,1654.160274981064,25.07725019454956,26.731654144175373,23.422846244923747,13.194460611039332,0.9148776871272511,0.0,0.0,25.70391674041748,26.090917015075682,25.316916465759277,3.011216372714696,1.4639321615222531,1.0,0.0,23.329999923706055,26.61750030517578,24.973750114440918,13.109493090212307,0.949049574813602,0.46636813056031234,1.0135713897772904,0.4650215226149861,0.2913004180290539,0.1737211045859322,25.657916863759358,24.799615493187538,25.650424560206574,25.185403037591588,1.222178860238534,0.6384222262274131,0.5837566340111209,0.18549452958981957,23.131046457136613,0.11024980545044016,63.126040005070664,40.9764595030456,22.149580502025067,25.827500343322754,24.88249969482422,25.355000019073486,24.857500076293945,99.99999996583493,26.511457993775867,33.18736215436678,12.111798121322217,133.61593647290098,24.248124599456787,26.53125,100.0,4.0,96.0,24.995620880521603,,0.0,0.0,68.46981533170776,0.9617089885105645,0.9872363295035212,0.9408788869179108,22.546837085833996,67.53631693799963,93.17720784351505,94.54687201558652,-6.8227921564849465,1.449830773297478,5.242220567445427,1.8463930155133816,1.1637768018925825,0.6826162136207992,-8.59131197232248,-10.326363700640556,1.7350517283180764,25.657439315179705,-0.16042103141176156,-0.16054984372817493,33.89258135609487,4.141541719062495,12813089.889309734
2016-03-18,26.584999084472656,26.625,26.297500610351562,26.479999542236328,24.207130432128906,176820800,0.029998779296875,1,2567923385.545991,2198607200,0.28401776567504927,20113825.186413985,0.006019550649779919,0.04103503773221718,-4480220.006311242,25.644710180901285,81.46216830789237,1654.160274981064,25.200750160217286,26.88650818291844,23.51499213751613,13.378633667519521,0.8794285314950636,0.0,0.0,25.782916704813637,26.14316698710124,25.422666422526042,2.794488198616723,1.4674979752912254,1.0,0.0,23.329999923706055,26.625,24.977499961853027,13.0750079078818,0.9559937922894493,0.45248125646912485,0.9358262605748906,0.4967524055461645,0.332390815532476,0.1643615900136885,25.76562515894572,24.91163473862868,25.778051480518844,25.28129907497268,1.2308605046419168,0.6416732277241436,0.5891872769177732,0.21000413852203487,23.118349392035256,0.17424983978271413,66.35482549044465,46.59940512970736,19.755420360737297,25.831250190734863,24.886249542236328,25.358749866485596,24.861249923706055,99.99999998291747,27.950806103842233,31.692925429154133,11.525977608200868,126.70321900753805,24.28874969482422,26.53125,100.0,0.0,100.0,25.22268399997319,,0.0,0.0,68.74098018949,0.9573496011735942,0.9730195298947194,0.9685796144026044,24.722278061125344,67.81343488736893,93.61231592408922,94.43173749710239,-6.38768407591078,1.5740514250362594,5.131511830218673,1.9649006329659953,1.3240015681072652,0.64089906485873,-5.873131489354682,-9.435717258383383,3.5625857690287006,25.73524153643671,0.11341693168835931,0.11335266327598958,34.0444382136273,4.1165240876386235,59119457.645282
2016-03-21,26.482500076293945,26.912500381469727,26.28499984741211,26.477500915527344,24.204843521118164,142010800,-0.002498626708984375,0,2513043127.115821,2056596400,0.2169166220324207,17189731.30580567,0.0607567901502518,0.033099241378659494,-4493620.00570619,25.78841564174523,81.00390836977121,1654.0041900446797,25.313625240325926,27.023730801329595,23.603519679322257,13.51134454087897,0.8402935180557899,0.0,0.0,25.891583379109697,26.267833646138506,25.51533311208089,2.9063519331334633,1.2786274027717623,1.0,0.0,23.329999923706055,26.912500381469727,25.12125015258789,14.152459095651624,0.8785765777085411,0.4699831842279741,0.9359485868173961,0.5157524671873013,0.3690631458634411,0.1466893213238602,25.857500235239666,25.029038649338943,25.88565908590477,25.36990661871747,1.2423222234811269,0.7071934851358478,0.5351287383452791,0.232061171277208,23.270891504131214,0.4388752937316909,70.88878538277908,51.84649012256492,19.042295260214154,25.975000381469727,25.082500457763672,25.5287504196167,25.005000114440918,99.99999999145874,29.651865308284442,32.97461173909209,10.480036932159702,126.03715444812423,24.042500019073486,26.53125,100.0,0.0,100.0,25.447054559977477,,0.0,0.0,68.68799308388243,0.9529970572373305,0.9573518823071628,0.9725359139018012,26.52995049111967,62.734448513925145,78.27718602097178,88.35556992952536,-21.72281397902822,1.700521974002612,4.344831194196429,2.0329300968210435,1.465787273850021,0.5671428229710225,-5.5982959740461595,-8.668233001515938,3.069937027469779,25.89548111425307,-0.009435901632093291,-0.009436346841296128,34.031789912294165,4.057980085815721,3627407.5391355753
2016-03-22,26.3125,26.822500228881836,26.302499771118164,26.68000030517578,24.389963150024414,129777600,0.2024993896484375,1,2571692720.1202593,2186374000,0.27677302585303126,18488324.660696153,-0.014524907305469384,0.027140804630937383,-3501083.5547064785,25.88871090403064,81.04941230521582,1666.6539805225866,25.46400022506714,27.09763073377433,23.830369716359947,12.830902405498898,0.872177207032865,0.0,0.0,26.025166702270507,26.419416999816896,25.630916404724122,3.0297619381780296,1.3304795290968998,1.0,0.0,23.329999923706055,26.912500381469727,25.12125015258789,14.068883231618123,0.9351011733187383,0.4749849115815438,0.9359485868173961,0.5409148318389221,0.40343348305853727,0.13748134878038482,25.934791882832844,25.151442527770996,26.00786542733108,25.466950595492158,1.1467479103689306,0.7365850663059144,0.4101628440630163,0.2526163610585935,23.430413035021676,0.0035004615783691406,75.36912564607476,56.93487389526209,18.43425175081267,25.975000381469727,25.12125015258789,25.54812526702881,25.005000114440918,99.99999999572937,31.231420283837924,30.504232161417953,9.69489746136541,118.50967429491064,23.989999771118164,26.53125,96.0,24.0,72.0,25.710834807846084,,0.0,0.0,70.66175868950941,1.0,0.9701155528036413,0.9668289883351746,28.654314137915105,62.1099992309149,87.59999593098958,86.49649929201685,-12.400004069010416,1.7057278857511626,3.6015911149736626,2.123987439370413,1.5974273069540994,0.5265601324163136,-5.999345449749581,-8.134455491162667,2.1351100414130864,26.207685301286233,0.7647979705278196,0.7618882172549135,35.056862321405504,4.229371825827776,5772160.360670984
2016-03-23,26.6200008392334,26.767499923706055,26.475000381469727,26.532499313354492,24.2551212310791,102814000,-0.14750099182128906,0,2509300630.784474,2083560000,0.21543719550881485,13680682.998723274,0.016714059114782458,0.025233402153576362,-4069493.1049182117,25.971762322845,75.15087788713497,1657.4398458772325,25.58937520980835,27.14503153528481,24.033718884331886,12.158611241748357,0.8031273964888375,0.0,0.0,26.159583346048986,26.550333468119305,25.76883322397868,2.9874338356335386,0.9771795915631166,0.0,0.0,23.8125,26.912500381469727,25.362500190734863,12.114404341851627,0.8774190253695795,0.45673637464702227,0.9475397560978086,0.5426982027245124,0.43128642699173236,0.11141177573278005,26.023541768391926,25.24269250723032,26.08857833287314,25.54588013014863,1.1423910282589425,0.778049453149124,0.36434157510981846,0.26955379454229456,23.51166997174367,-0.33187551498413015,78.99280873119872,61.74402583287291,17.248782898325814,26.143750190734863,25.12125015258789,25.632500171661377,25.005000114440918,99.99999999786468,32.698149903994725,29.17996703350797,9.27401767790416,106.94868332674311,23.989999771118164,26.53125,92.0,20.0,72.0,25.92713461109834,,0.0,0.0,67.3323701505061,0.7547481212546243,0.9025817261639846,0.9433497204249296,29.637350618113835,58.785155845858256,79.7332763671875,81.87015277304961,-20.2667236328125,1.676411881166345,4.181794828683137,2.124405970589493,1.7028230396811783,0.4215829309083148,-7.8051449097888455,-8.068593374887904,0.2634484650990583,26.297243780273206,-0.5528522868595065,-0.5543861711367892,34.31019736950092,3.9478511182303855,-12695649.729764402
2016-03-24,26.36750030517578,26.5625,26.22249984741211,26.417499542236328,24.14999771118164,104532000,-0.11499977111816406,0,2524672742.2633414,1979028000,0.18139402448909878,10008991.702545105,-0.07440316144753675,0.011382910067708566,-4522565.9923439855,26.025909096362852,68.32640200338857,1657.4398458772325,25.700750160217286,27.1553831620586,24.24611715837597,11.319770767570605,0.7463677714969207,0.0,0.0,26.270000012715656,26.642500241597492,25.89749978383382,2.8359362672366406,0.6979858240133616,0.0,0.0,24.145000457763672,26.912500381469727,25.5287504196167,10.768167880134193,0.8211379032052417,0.44506275244110916,0.9833497317486357,0.5287370648080767,0.45077655455500126,0.07796051025307543,26.120208422342937,25.315288617060734,26.13918159585209,25.610444531044013,1.0664110977909846,0.8901656867117068,0.17624541107927783,0.281856351656065,23.506916033000238,-0.42074947357177805,81.2771685935578,66.04792328393324,15.22924530962456,26.178750038146973,25.12125015258789,25.65000009536743,25.005000114440918,99.99999999893234,33.03044598862295,27.67593938295229,12.62384936531538,78.08068881115443,24.044999599456787,26.53125,88.0,16.0,72.0,26.10450044976519,,0.0,0.0,64.77000688339714,0.565997424865571,0.7735818487067315,0.8820930425581192,29.817532520111182,55.8636532220609,73.59995524088542,80.31107584635417,-26.400044759114582,1.600705993876737,4.592694690400481,2.0645368500619408,1.7751658017573309,0.2893710483046099,-9.120761463676414,-8.279026992645607,-0.8417344710308079,26.32201273914056,-0.4334298467701503,-0.4343718769425742,33.72805688684559,3.87159050787551,6011718.727807373
2016-03-28,26.5,26.547500610351562,26.264999389648438,26.297500610351562,24.04029655456543,77645600,-0.11999893188476562,0,2464893095.379902,1901382400,0.18507252420947845,7248080.164245554,0.00500274753212114,0.015613922592283487,-4875263.606690682,26.086090430116222,70.70681773231209,1649.9110859788732,25.804250144958495,27.112010725199124,24.496489564717866,10.136009168211638,0.6885859204068949,0.0,0.0,26.35666669209798,26.73791707356771,25.97541631062826,2.893009088922687,0.4224052163327206,0.0,0.0,24.162500381469727,26.912500381469727,25.537500381469727,10.657159129025423,0.7763637195933949,0.4288065992673108,1.0130677491455866,0.5022007933578685,0.46106140231557474,0.04113939104229375,26.205000082651775,25.4011540046105,26.16353836731355,25.66133757395568,1.1027912342810746,0.855560141527372,0.24723109275370259,0.2889988874620131,23.551538427576514,-0.5117506027221665,81.37407012226234,69.7920093524429,11.582060769819435,26.4375,25.12125015258789,25.779375076293945,25.005000114440918,99.99999999946617,33.33900663863488,26.455777501541494,12.067295906403059,66.13375665241792,24.087499618530273,26.53125,84.0,12.0,72.0,26.22249984741211,,0.0,0.0,62.113752567201026,0.3703304566397391,0.5636920009199778,0.7466185252635648,29.27607584110478,50.28904162217931,67.20001220703125,73.5110812717014,-32.79998779296875,1.5138235821443438,4.024920474956958,1.9570328004552824,1.8115392014969214,0.145493598958361,-11.803695005530507,-8.983960595222587,-2.8197344103079196,26.31913967049126,-0.4542403102644532,-0.4552751164220048,33.12061014633216,3.8093463237294145,-17685866.96203944
2016-03-29,26.22249984741211,26.947500228881836,26.219999313354492,26.920000076293945,24.609363555908203,124760400,0.6224994659423828,1,2580221397.182639,2026142800,0.2784820986931407,17307394.76517591,0.10350339209745905,0.026926469342910587,-1922006.4313609758,26.188016574594435,77.70763078931904,1649.9110859788732,25.941625118255615,27.10404005071078,24.77921018580045,8.96177419229723,0.9208372289109713,0.0,0.0,26.466166687011718,26.891917037963868,26.04041633605957,3.217317838182325,1.0329806402593358,1.0,0.0,24.354999542236328,26.947500228881836,25.651249885559082,9.993593981978853,0.9893924222548718,0.45867603089331405,0.8731568245636682,0.525345258383922,0.47391817352924426,0.05142708485467773,26.340625127156574,25.513077075664814,26.27991709177207,25.754571833388148,1.117034382456409,0.7576008701507225,0.35943351230568654,0.29667484073843564,23.807372926731027,-0.37662458419799805,85.70378864980275,73.46221216061873,12.241576489184013,26.547499656677246,25.138750076293945,25.843124866485596,25.022500038146973,99.99999999973309,34.29042166950882,29.56370763825376,10.752596868644961,93.78195733071304,24.087499618530273,26.53125,100.0,8.0,92.0,,26.912500381469727,0.0,1.0,69.17584206745433,0.8886282117437682,0.6083186977496925,0.6485308491254673,30.803230902368533,58.084240189531876,98.56020132016496,79.78672292269388,-1.4397986798350293,1.4228455711813552,6.434716075964849,2.039813598076851,1.8571940808129073,0.18261951726394354,-10.904189834955769,-9.368006443169223,-1.5361833917865457,26.428514138754657,2.367143080119738,2.339560676984398,36.27176545762423,4.504494721408662,45936525.14306334
2016-03-30,27.162500381469727,27.604999542236328,27.149999618530273,27.389999389648438,25.039020538330078,182404400,0.4699993133544922,1,2590243465.7164116,2208547200,0.21974300467783187,27082044.477699086,0.19799747300905715,0.041902266687034465,1262612.5326015353,26.362349166254873,84.41869315969794,1649.9110859788732,26.054500102996826,27.315002479952664,24.79399772604099,9.675889938190393,1.0297488172441587,1.0,0.0,26.590916633605957,27.028916931152345,26.15291633605957,3.2943602778464394,1.4121943073084904,1.0,0.0,24.90999984741211,27.604999542236328,26.25749969482422,10.343701411159433,0.9202225688556473,0.4813083743982209,0.7224585470624014,0.5749843684196954,0.4941314125073345,0.08085295591236086,26.49270836512248,25.635000155522274,26.45069898375305,25.875714615333354,1.2256290574252664,0.6882859750251389,0.5373430824001275,0.30740857817607287,24.009716358008003,-0.4245009422302246,88.7454323053203,76.8702272140568,11.87520509126351,26.91249942779541,25.46749973297119,26.1899995803833,25.35124969482422,99.99999999986655,35.967307129387265,36.171545401607254,9.68289450588975,156.96315035019092,24.087499618530273,26.53125,100.0,4.0,96.0,26.219999313354492,,1.0,0.0,73.23277557531021,1.0,0.7529862227945022,0.6416656404880575,33.46506777497284,60.18088760172799,91.62608674334693,85.79543342351438,-8.373913256653065,1.4786763920503496,7.138661519523781,2.2221004403834814,1.930175352727022,0.2919250876564594,-6.52173620549498,-8.798752395634375,2.2770161901393955,26.599338617122047,1.7459112630849427,1.7308453380623146,38.6509495591536,4.650856367579937,82521728.94205761
2016-03-31,27.43000030517578,27.475000381469727,27.219999313354492,27.247499465942383,24.908754348754883,103553600,-0.1424999237060547,0,2509024986.287267,2104993600,0.1526545711980422,21105126.680958174,-0.0073874437497350376,0.03949535781852267,723861.8780445898,26.496070416824452,78.3226373567369,1641.3272156206058,26.157500076293946,27.453934388009294,24.861065764578598,9.912524575620914,0.9203835781722826,0.0,0.0,26.68174997965495,27.102250353495275,26.261249605814612,3.1519699731911635,1.1727098493642005,1.0,0.0,25.037500381469727,27.604999542236328,26.321249961853027,9.815537238948451,0.8607594184423402,0.4586776437699222,0.5598006878021397,0.5959553653495782,0.5144962030757833,0.0814591622737949,26.62750005722046,25.772500111506535,26.57328367332064,25.97732830797106,1.2519489065742666,0.7230196852008326,0.528929221373434,0.317925429903899,24.00674942220069,-0.012499618530274148,90.72107373843373,79.93634207331935,10.784731665114379,26.91249942779541,25.46749973297119,26.1899995803833,25.35124969482422,99.99999999993327,37.524415056417254,34.78425080366998,9.311524494150621,137.18252030135213,24.087499618530273,26.37374973297119,96.0,0.0,96.0,26.219999313354492,,0.0,0.0,70.21532163280506,0.7635971002427959,0.8840751039955211,0.7484600081799053,34.71543731468773,60.81369263271869,83.96860315336968,91.38496373896054,-16.031396846630322,1.5197719125186708,6.3109651117421315,2.29413648041208,2.002967578264034,0.2911689021480459,-7.812329287112261,-8.601467773929953,0.7891384868176914,26.65940604867209,-0.5202626027071444,-0.521620681016266,37.92960052029899,4.184242533882227,-31208769.173734903
2016-04-01,27.19499969482422,27.5,27.049999237060547,27.497499465942383,25.137292861938477,103496000,0.25,1,2611370787.024774,2208489600,0.1567088390834079,21786394.29796415,-0.031523110371522715,0.03503626146324769,1673453.6023178957,26.60562965922425,78.33827232525603,1656.3866453645367,26.263625049591063,27.631963561705366,24.89528653747676,10.420027772484577,0.9508659244139762,0.0,0.0,26.773083241780597,27.200833638509113,26.34533284505208,3.195376437339071,1.346774462048666,1.0,0.0,25.037500381469727,27.604999542236328,26.321249961853027,9.77587502075072,0.9581304337167347,0.45780995568687527,0.5248923768897068,0.62553713940747,0.5367043903421206,0.08883274906534944,26.74020830790202,25.90605779794546,26.71547071833937,26.0899335789319,1.1771747333900209,0.7414203631601012,0.4357543702299197,0.329093404904865,24.065081382965534,0.22887525558471822,91.69603270754551,82.75203176410832,8.944000943437189,26.91249942779541,25.708749771118164,26.310624599456787,25.35124969482422,99.99999999996663,38.307966005622674,32.42113106964429,11.245418484767033,129.66365178276527,24.087499618530273,26.260000228881836,92.0,0.0,92.0,26.247699317932128,,0.0,0.0,72.3665215481754,0.9281609704994206,0.8972526902474053,0.8447713390124764,36.435865701055235,63.323164887312,95.02314426444332,90.20594472038664,-4.97685573555669,1.5827056772568646,5.173069361247959,2.3976187502163775,2.081897812654503,0.3157209375618746,-8.799593020135422,-8.641092823171046,-0.15850019696437556,26.770766177469888,0.9175153863659524,0.9133317846005351,39.19512582742581,4.424071699176757,3804101.0883525014
2016-04-04,27.604999542236328,28.047500610351562,27.5674991607666,27.780000686645508,25.395544052124023,149424800,0.282501220703125,1,2594249745.8221946,2357914400,0.12507175626254619,24704436.31301503,0.17105654488291563,0.04496622022817886,3208600.0419279374,26.756573115097694,79.03287480477258,1656.3866453645367,26.36500005722046,27.861286151355635,24.868713963085284,11.350548764557237,0.972837592680727,0.0,0.0,26.906166585286456,27.349167188008625,26.463165982564288,3.2929299037672797,1.4862673955627588,1.0,0.0,25.037500381469727,28.047500610351562,26.542500495910645,11.416651706236204,0.9111296002108856,0.4670290745591057,0.5092634526887178,0.664120824558406,0.5621876771853778,0.10193314737302828,26.84750000635783,26.04413472689115,26.879244559617238,26.21512373505883,1.2277076154320956,0.7022576333303552,0.5254499821017404,0.3416759201496415,24.17877470466411,0.08500070571899343,92.9251781878839,85.20051985356443,7.7246583343194715,27.133749961853027,26.096250534057617,26.615000247955322,25.572500228881836,99.99999999998332,39.65851833312296,37.93075267768182,10.32238364103855,164.49913975356992,24.113749980926514,26.166250228881836,100.0,0.0,100.0,26.274845322418212,,0.0,0.0,74.5990774926829,1.0,0.8972526902474053,0.8928601614967774,38.598191482460024,64.37066723886922,87.17027355117044,88.7206736563278,-12.829726448829565,1.7344630185295564,4.859867383744789,2.533349951998293,2.172188240523261,0.36116171147503184,-6.61493289552602,-8.235860837642042,1.6209279421160216,26.929761776098918,1.027370583470777,1.0221290016366513,40.6251756038019,4.540773707471033,55872567.68448597
2016-04-05,27.377500534057617,27.6825008392334,27.354999542236328,27.452499389648438,25.09615707397461,106314800,-0.3275012969970703,0,2551236538.0460668,2251599600,0.11143442410644623,16201197.569729436,-0.08894895119253377,0.030573591279547403,1955243.8853630486,26.856010994095698,72.416424437718,1636.8593321436163,26.464249992370604,27.97252709309275,24.955972891648457,11.398600762590808,0.8276086989601149,0.0,0.0,26.99999987284342,27.41300055185954,26.586999193827314,3.059264303415858,1.0478193375892209,1.0,0.0,25.037500381469727,28.047500610351562,26.542500495910645,11.373835380747956,0.8023251908774247,0.4628262815441131,0.5988512371348761,0.6606564194369078,0.5818814256356838,0.07877499380122399,26.931041558583576,26.168173129741962,26.96743761039127,26.30678119095436,1.1577276729759918,0.8017480604470634,0.3559796125289284,0.3513716042071939,24.25535647633249,0.015749549865724077,94.09385562377841,87.2810454066426,6.812810217135805,27.133749961853027,26.105000495910645,26.619375228881836,25.572500228881836,99.99999999999166,40.17032778630477,35.50554023105897,12.859272525427773,120.85100757770299,24.133124828338623,25.97249984741211,96.0,0.0,96.0,26.345751533935545,,0.0,0.0,67.76400337661377,0.45255136275075164,0.7935707777500571,0.8626920527482893,38.2828339146218,60.12883621882836,68.68417142834197,83.62586308131858,-31.315828571658027,1.8159851523006658,3.79016483097286,2.5113540673842523,2.2400214058954595,0.27133266148879276,-7.511568217949974,-8.091002313703628,0.5794340957536539,26.97179959944734,-1.1789103272215051,-1.1859145786732306,38.96733088593529,4.006219851275986,-10162171.30762516
2016-04-06,27.5575008392334,27.7450008392334,27.299999237060547,27.739999771118164,25.358983993530273,105616400,0.28750038146972656,1,2654479037.332421,2357216000,0.15712432888336966,18224562.958262265,0.0015799516990660477,0.026000547708031486,3061327.337309471,26.940175403674424,71.7533603924858,1654.0015848661872,26.5883749961853,28.08755143334805,25.089198559022552,11.276931646840692,0.8840858041740433,0.0,0.0,27.099333190917967,27.504833984375,26.693832397460938,2.9926994188398006,1.2899695765553199,1.0,0.0,25.037500381469727,28.047500610351562,26.542500495910645,11.320737838674564,0.8978402605146546,0.46104381360698693,0.600086475300643,0.6733477972004245,0.6001746999486319,0.07317309725179255,27.036041577657063,26.305384635925293,27.086293327426176,26.412945530225752,1.1197462518604566,0.8374302706888832,0.2823159811715734,0.36018262214896885,24.207726998879256,-0.11087408065795756,95.38202099734852,89.10206899177037,6.279952005578153,27.133749961853027,26.201250076293945,26.667500019073486,25.572500228881836,99.99999999999582,40.72347154614274,34.06235060585429,11.994509747516952,119.45004448578052,24.133124828338623,25.64875030517578,92.0,0.0,92.0,26.413821496992185,,0.0,0.0,70.33370754718617,0.6583693279146191,0.70364023022179,0.7981545660730842,38.82001537691831,65.52093699992325,83.17370062945069,79.67604853632103,-16.826299370549307,1.750058774387135,4.7583091037146765,2.5493097558160502,2.3018790758795777,0.2474306799364725,-8.21388559920216,-8.115578970803334,-0.09830662839882542,27.03881477003434,1.0472648679053842,1.0418190378992165,40.422686920169525,4.410144284422895,8352853.34709087
2016-04-07,27.487499237060547,27.604999542236328,27.030000686645508,27.135000228881836,24.805912017822266,127207600,-0.6049995422363281,0,2573729755.08075,2230008400,0.11128902464158218,4626691.140084524,-0.09266326974739475,0.018084261808660056,286974.76326546306,27.003352461170703,64.2546864941435,1654.0015848661872,26.68112497329712,28.070553243830847,25.291696702763392,10.415065121311704,0.6633316613783765,0.0,0.0,27.165833218892413,27.599583943684898,26.732082494099938,3.1933548387599555,0.46445770779364853,0.0,0.0,25.037500381469727,28.047500610351562,26.542500495910645,11.28138424408375,0.6968437501386154,0.4859393406935538,0.8621628451522393,0.6273556334213595,0.6056108866431775,0.021744746778181945,27.09083318710327,26.382403887235203,27.093786696880894,26.466431063459535,1.038794930408783,0.8523539748244594,0.1864409555843235,0.36261180762920525,24.298715974609784,-0.0011246681213386012,93.80988235764049,90.4945927433351,3.315289614305385,27.133749961853027,26.478750228881836,26.80625009536743,25.572500228881836,99.99999999999791,40.31691324451078,30.5341933336103,14.691044053141372,70.88869046162425,24.250624656677246,25.64875030517578,88.0,0.0,88.0,26.47916866152656,,0.0,0.0,59.571909184399516,0.0,0.37030689688845664,0.622505968286768,35.594746334307594,54.55140973507154,50.0684140159497,67.30876202458079,-49.9315859840503,1.6574411616605857,2.4832378080248176,2.370382436215619,2.315579747946786,0.054802688268833055,-7.298031987003661,-7.952069574043399,0.6540375870397384,27.041831514625976,-2.1809644817165075,-2.2050990685419602,37.360117994168654,3.6497285950040173,33442486.75973864
2016-04-08,27.227500915527344,27.4424991607666,27.042499542236328,27.165000915527344,24.83332633972168,94326800,0.030000686645507812,1,2537178822.8708463,2324335200,0.09968202519642919,4370002.22994009,-0.03180461604258887,0.015382535616348003,391263.2742366787,27.07280777406632,56.834373402454766,1655.8302630618825,26.77475004196167,28.022395573739278,25.527104510184063,9.319568099215,0.6563949309423068,0.0,0.0,27.247416559855147,27.687167231241865,26.807665888468428,3.2278338786409817,0.4062927589537139,0.0,0.0,25.375,28.047500610351562,26.71125030517578,9.981421324804868,0.6697850352565018,0.47734536847722575,1.0455800917455322,0.5865657520912926,0.6018018597328005,-0.015236107641507957,27.13124990463257,26.458461614755485,27.10474273051881,26.51817697842752,1.0316690619833677,0.8792845658981187,0.15238449608524907,0.36017973278873866,24.409326481700475,-0.24225072860717844,93.48965029820306,91.84076831843964,1.6488819797634164,27.133749961853027,26.542500495910645,26.838125228881836,25.572500228881836,99.99999999999895,39.939394821566815,28.7287787048448,13.82239736725744,57.18760228609037,24.218124866485596,25.579999923706055,84.0,20.0,64.0,26.541901939479562,,0.0,0.0,59.89957500892076,0.021804894827765334,0.2267247409141279,0.43355728934145826,33.19026810847968,50.78428331450258,51.71003729111808,61.650717312172816,-48.28996270888192,1.5576323228723865,1.8178433463416224,2.2119384472336185,2.2948514878041526,-0.08291304057053406,-8.645084784996463,-8.090672616234013,-0.5544121687624504,27.0471591332756,0.11056084906009289,0.1104997755647652,37.51198450689295,3.969474715460933,-9985348.82006672
2016-04-11,27.24250030517578,27.65250015258789,27.207500457763672,27.2549991607666,24.915607452392578,117630000,0.08999824523925781,1,2444660176.874995,2441965200,0.020745004969190746,5258072.423876349,0.07093247229815589,0.016109370055484008,780974.0502610735,27.139217942619048,56.295732518424195,1655.8302630618825,26.859249973297118,27.99127801545401,25.727221931140225,8.429334722915426,0.6747965477584146,0.0,0.0,27.347583198547362,27.803583717346193,26.891582679748534,3.3348505825044965,0.3984825302122005,0.0,0.0,25.44499969482422,28.047500610351562,26.74625015258789,9.689402787176462,0.6954846605983319,0.47836075533555783,1.161085445726092,0.5551027050615609,0.5924620287985527,-0.0373593237369918,27.191458225250244,26.53076927478497,27.127859104403086,26.572756399341525,1.052892156506971,0.8820394388277218,0.17085271767924926,0.35457600586952165,24.45365492068016,-0.4417504310607896,93.9087820265813,92.7524342491928,1.156347777388504,27.538750648498535,26.542500495910645,27.04062557220459,25.572500228881836,99.99999999999947,39.92687033363418,29.76209648467476,12.82696137506104,67.76944184260681,24.320624828338623,25.579999923706055,80.0,16.0,64.0,26.602125886314443,,0.0,0.0,60.92277186023231,0.08989469260739974,0.037233195811721395,0.21142161120476874,31.553570641131813,49.267724723485465,56.63469837820688,52.80438322842488,-43.36530162179312,1.3842647496391756,2.7230749688494535,2.0889918107077383,2.25367955238487,-0.16468774167713152,-8.096117463619223,-8.091761585711055,-0.004355877908167827,27.060154724492833,0.33130219843950925,0.33075460183913385,37.96756473468208,4.091299627927903,29205165.688312232
2016-04-12,27.334999084472656,27.625,27.165000915527344,27.610000610351562,25.240137100219727,108929200,0.35500144958496094,1,2546485573.541275,2550894400,0.048881975111757084,10031208.349341175,-0.014780148726193694,0.01609113852543227,2199797.2053832086,27.204757691602087,55.835972887612925,1677.3977611999776,26.958250045776367,27.984309119422758,25.932190972129977,7.612208299159582,0.8175989479138934,0.0,0.0,27.424666595458984,27.853916931152344,26.995416259765626,3.1303960192131193,0.7158810366370605,0.0,0.0,25.962499618530273,28.047500610351562,27.005000114440918,7.7341852244892015,0.7901679655232033,0.47652458824926763,1.1725477806177744,0.5524454168420618,0.5844587064072545,-0.03201328956519267,27.290833314259846,26.60221158541166,27.20203472070285,26.64958930386079,1.04416315057468,0.8713516120308797,0.17281153854380027,0.3490791523159856,24.500850611132833,-0.6607494354248047,92.70414076389298,93.19229074458978,-0.4881499806968037,27.538750648498535,26.542500495910645,27.04062557220459,25.572500228881836,99.99999999999974,39.759229927638906,27.73260017321224,12.582299366547876,72.50921006374419,24.57562494277954,25.238749504089355,76.0,12.0,64.0,26.65994087527593,,0.0,0.0,64.7441671674708,0.3441937880086299,0.1519644584812647,0.1386407984023714,31.305561610427983,49.679728538648924,76.06020850880407,61.46831472604301,-23.939791491195937,1.2561692125657018,4.514057305872807,2.072997863280496,2.217543214563995,-0.1445453512834991,-8.159941829211698,-8.105397634411183,-0.0545441948005152,27.084591105345268,1.302518659020846,1.294108832390295,39.764618008748,4.4151749136072596,11086685.896990761
2016-04-13,27.700000762939453,28.084999084472656,27.700000762939453,28.010000228881836,25.60580062866211,133029200,0.39999961853027344,1,2627685779.999536,2683923600,0.07583100939080308,16199839.907062072,0.14398076463775047,0.025181617491358554,4127056.4620685186,27.302223871681658,62.91515663113975,1677.3977611999776,27.051500034332275,28.103629157682285,25.999370910982265,7.778711879302113,0.9555050199055741,0.0,0.0,27.47966664632162,27.901916821797688,27.05741647084554,3.0731826620072646,1.1279850351302845,1.0,0.0,26.147499084472656,28.084999084472656,27.116249084472656,7.162264560342427,0.9612909132434476,0.4763719768364503,1.1632009566756962,0.5759766230845642,0.5827622897427165,-0.006785666658152278,27.433541615804035,26.700000029343826,27.326337106576542,26.750360483491978,1.083675924440243,0.8068735199707934,0.2768024044694496,0.34619162772231665,24.56305448739478,-0.13149995803832937,90.97445685718897,93.22044442445146,-2.245987567262489,27.557499885559082,26.56124973297119,27.059374809265137,25.616249084472656,99.99999999999987,40.29057752796918,32.60383759551374,11.695427691068199,124.75319894715018,24.588124752044678,25.227499961853027,100.0,8.0,92.0,26.715443264678953,,0.0,0.0,68.48393265570567,0.5930607342964016,0.3423830716374768,0.17719357531015437,32.28624443537253,53.318204506506525,95.9786131477188,76.22450667824324,-4.021386852281199,1.2072280042311725,6.512024256237406,2.1531546217480226,2.2046654960008008,-0.051510874252778116,-6.509187724115528,-7.786155652352052,1.276967928236524,27.121346438522185,1.4487490390721058,1.438354939520936,41.789456569112545,4.622351261480027,39188338.927368835
2016-04-14,27.905000686645508,28.09749984741211,27.832500457763672,28.024999618530273,25.619518280029297,101895600,0.0149993896484375,1,2673826879.3431187,2785819200,0.05829548231752613,14103915.892890539,0.01885509914369074,0.03184292181930338,4181621.6814677548,27.402329368602548,69.14618166187567,1678.2960097687055,27.128125,28.228367836556657,26.027882163443344,8.111455078864878,0.9075803035160632,0.0,0.0,27.54675000508626,27.970000012715655,27.123499997456868,3.072957844763859,1.0649729531284229,1.0,0.0,26.219999313354492,28.09749984741211,27.1587495803833,6.920863620532629,0.9613847093160874,0.455234718117649,1.1330892992465493,0.5890454496785971,0.5840189217298926,0.005026527948704507,27.5256249109904,26.80644233410175,27.433823646877116,26.84477819719852,1.1428033677698397,0.7718171931965538,0.37098617457328587,0.34454696980003807,24.592998603301236,0.2618743896484368,89.70187558930783,92.99887141131394,-3.29699582200611,27.56375026702881,26.567500114440918,27.065625190734863,25.622499465942383,99.99999999999994,40.80090343394454,31.4708632585601,11.220266160637662,121.13098628992435,24.708749771118164,25.227499961853027,100.0,4.0,96.0,26.797616613866577,,0.0,0.0,68.618360031351,0.602006356844013,0.5130869597163479,0.3358114966116965,33.10266793760558,56.54773657315874,96.13847093160875,89.39243086271053,-3.861529068391255,1.2201471328735352,4.104753117030646,2.194264543188027,2.2025853054382463,-0.008320762250219271,-7.218688519225626,-7.672662225726768,0.45397370650114155,27.17413080934877,0.05355012326266895,0.05353579030082933,41.86538499787875,4.375860950919879,-4756153.15535447
2016-04-15,28.02750015258789,28.075000762939453,27.4325008392334,27.462499618530273,25.105297088623047,187756000,-0.5625,0,2503603802.220915,2598063200,-0.017772048283433674,-2998464.948950965,-0.07228940338665325,0.02632205389653378,413102.4508673623,27.4755733508672,64.61367526449953,1678.2960097687055,27.17874994277954,28.242081283893,26.11541860166608,7.824725885864014,0.6334248624015949,0.0,0.0,27.5775000890096,28.020000012715656,27.135000165303545,3.2091373204810822,0.37005594315568796,0.0,0.0,26.219999313354492,28.09749984741211,27.1587495803833,6.907972360798016,0.6617842619147032,0.4739612386764896,1.193664932552846,0.5476999953043666,0.5767551364447874,-0.029055141140420737,27.53166659673055,26.890384600712704,27.438235334823755,26.89053533951939,1.072017538584339,0.7846649463400233,0.28735259224431564,0.33885980414792094,24.675752955124178,0.06874952316284322,85.94867224171989,92.22370408396239,-6.275031842242498,27.56375026702881,26.567500114440918,27.065625190734863,25.622499465942383,49.99999999999997,39.86389394317505,28.452581805165693,16.115031631901214,70.66774647268848,24.791874885559082,25.227499961853027,96.0,0.0,96.0,26.90160727255022,,0.0,0.0,58.53500649900909,0.0,0.39835569704680457,0.4179419094668764,30.56234515242097,46.74360867685824,66.17842619147032,86.0985034235993,-33.82157380852968,1.221551805384017,0.2646959857517781,2.0367760938527883,2.169423463121155,-0.1326473692683665,-2.086866573966745,-6.555503095374764,4.468636521408019,27.175611138931906,-2.0071365126016705,-2.0275531526297907,39.01795305684339,3.738570511021898,95408538.75863358
2016-04-18,27.22249984741211,27.237499237060547,26.735000610351562,26.8700008392334,24.56365394592285,243286000,-0.592498779296875,0,2391039216.919496,2354777200,-0.06946411342054261,-23162492.53053219,-0.1585245911731777,0.007605769377202583,-4835751.805747969,27.458847199169103,54.03974871544501,1678.2960097687055,27.198250007629394,28.223221864908314,26.173278150350473,7.537042692021768,0.3398740579729544,0.0,0.0,27.492416763305663,27.93716640472412,27.04766712188721,3.2354350310305686,-0.19973740966622544,0.0,1.0,26.219999313354492,28.09749984741211,27.1587495803833,6.90301961902313,0.3462057741598271,0.49931501562671177,1.6242129689158924,0.4618003777703379,0.5537641847098975,-0.09196380693955963,27.500208377838135,26.951057727520283,27.350814643194468,26.88901426542413,1.0021505000110709,0.9297742972741654,0.07237620273690548,0.32562574493029484,24.851645497987956,0.299249458312989,79.79982112968122,90.6354780290627,-10.835656899381476,27.416250228881836,26.736249923706055,27.076250076293945,25.622499465942383,24.999999999999986,37.16052448160097,25.47349214683751,24.466344728918905,-39.69087508311414,24.796249866485596,25.227499961853027,92.0,0.0,92.0,,28.09749984741211,0.0,1.0,50.17178120632518,0.0,0.20066878561467072,0.3707038141259411,25.397672859308422,44.563567655849845,9.908279227596866,57.408392116891974,-90.09172077240314,1.055559102226706,-1.3854431933500295,1.71743141348307,2.079025053193538,-0.3615936397104682,4.847435559890274,-4.274915364321757,9.12235092421203,27.159113197150866,-2.1574830679181423,-2.181096995966092,36.0186642582756,3.4224605545760305,106585788.79863992
2016-04-19,26.969999313354492,27.0,26.5575008392334,26.727500915527344,24.43338394165039,129539600,-0.1424999237060547,0,2361033102.338704,2225237600,-0.059989600690212516,-22490619.757157996,-0.07088053106465189,-0.01159980234234806,-5522740.363260775,27.416775444711977,45.64814324637209,1669.3954870341092,27.210750007629393,28.205922052556094,26.215577962702692,7.314550643754199,0.2572032421099394,0.0,0.0,27.418916829427083,27.875166257222492,26.96266740163167,3.327990165576096,-0.25771702031567056,0.0,1.0,26.219999313354492,28.09749984741211,27.1587495803833,6.899848528729273,0.2703070347873878,0.4936334301407007,2.0418462692062356,0.3778699099734517,0.5185853297626084,-0.1407154197891567,27.436041831970215,26.995769280653732,27.254920223553373,26.87705031357992,0.8719382942154509,1.034149901489035,-0.16221160727358408,0.3062657610157001,25.031125522430116,0.5692506790161147,72.98252860198741,88.14664554068924,-15.164116938701824,27.327500343322754,26.771249771118164,27.04937505722046,25.622499465942383,12.499999999999993,34.74261859971175,23.838535667236343,25.4705898811104,-72.86414517739786,24.844374656677246,25.227499961853027,88.0,0.0,88.0,,28.075000762939453,0.0,0.0,48.38138846571133,0.0,0.0,0.19967482755382515,20.71222191816776,44.152536124833894,11.03897310265134,29.04189284057284,-88.96102689734866,0.8733384749468627,-2.800249351286422,1.4059203132961686,1.9444041052140644,-0.5384837919178957,3.5972708153979753,-2.7004781283778105,6.297748943775786,27.140751764438882,-0.5303309239126919,-0.5317421700849145,35.29731521942099,3.653113338750927,-47332356.11370754
2016-04-20,26.65999984741211,27.022499084472656,26.514999389648438,26.782499313354492,24.483661651611328,122444000,0.05499839782714844,1,2367668039.694948,2347681600,-0.08075049312212153,-18315642.102771517,-0.004145239534096089,-0.011368216326945279,-5270781.75909382,27.379547672701793,51.778174444878054,1672.8306782783982,27.21587495803833,28.20106682799833,26.230683088078333,7.239832424854796,0.2800552065551276,0.0,0.0,27.33675009409587,27.79924933115641,26.874250857035314,3.3837177826082394,-0.0991910216587124,0.0,1.0,26.219999313354492,28.09749984741211,27.1587495803833,6.898549236254074,0.29960044740138425,0.4950200566090525,2.35665522201381,0.3121935477373263,0.477306973357552,-0.16511342562022568,27.352916717529297,27.040096209599422,27.182240083522775,26.87004653578545,0.8604655542941497,1.011091424202414,-0.15062586990826432,0.2835034215551589,25.212242044228073,0.2366244316101067,65.78793322859016,85.03309563746143,-19.245162408871266,27.306249618530273,27.02999973297119,27.168124675750732,25.622499465942383,6.2499999999999964,32.58917161627135,22.08758480668137,24.21488745637269,-74.36295041179623,24.98312473297119,25.227499961853027,84.0,0.0,84.0,,28.014300765991212,0.0,0.0,49.13582187038153,0.02877574006977,0.009591913356589704,0.07008689965708688,17.230341684489677,47.444526458156325,16.903623780562768,12.616958703603652,-83.09637621943723,0.598514826157512,-3.5907175976800376,1.161864559190651,1.7878961960093818,-0.6260316368187309,2.1659682990090428,-1.72718884290044,3.893157141909483,27.115213152225827,0.20577456156851692,0.20556313570834206,35.57572267662774,3.880363593745045,-3343823.2600314617
2016-04-21,26.732500076293945,26.732500076293945,26.3799991607666,26.49250030517578,24.21855354309082,126210000,-0.28999900817871094,0,2322018224.4232125,2221471600,-0.07344402332282933,-20927803.919837743,-0.059350534887198075,-0.013355889506636376,-6637374.711977234,27.323739803902782,45.65946905867741,1672.8306782783982,27.213875007629394,28.204753781627566,26.22299623363122,7.282158632097636,0.13599245367680923,0.0,0.0,27.264583396911622,27.70483283996582,26.824333953857423,3.2294602609190664,-0.3768700380170489,0.0,1.0,26.219999313354492,28.09749984741211,27.1587495803833,6.899056211330658,0.1451403005635185,0.4857680662069363,2.7730354809220934,0.23404612313651185,0.428654803313344,-0.19460868017683214,27.272916793823242,27.053461588346043,27.07612627146939,26.84208014833288,0.8573492183852005,1.049351707283959,-0.1920024888987586,0.2567811659059012,25.293225382171588,0.5261247634887702,60.363085205463896,81.35236618271263,-20.989280977248733,27.238749504089355,27.122499465942383,27.18062448501587,25.622499465942383,3.1249999999999982,30.88576540645882,20.783719857067247,24.765388155346102,-112.73978659582227,25.19374990463257,25.136249542236328,80.0,0.0,80.0,,27.924342683410647,0.0,0.0,45.3703622403764,0.0,0.009591913356589704,0.00639460890439321,13.086727813613802,40.865022056726154,6.55028235411704,11.49762641244371,-93.44971764588296,0.2789338336271392,-3.4969460188191275,0.8719373530037242,1.6047044274082505,-0.7327670744045263,1.2228823696403677,-1.1371746003922785,2.3600569700326464,27.085813666327304,-1.0827929267755443,-1.0886977930552266,34.10771834106039,3.619384315953564,12442226.280550495
2016-04-22,26.252500534057617,26.6200008392334,26.155000686645508,26.420000076293945,24.152284622192383,134732400,-0.07250022888183594,0,2340851381.6264253,2086739200,-0.07124300040838524,-19333564.765260793,-0.058240069648253394,-0.029734219116005597,-7006087.733597572,27.2173738477461,37.9050007407428,1672.8306782783982,27.214000034332276,28.20447738752011,26.22352268114444,7.279175071200717,0.0991831840057447,0.0,0.0,27.182750129699706,27.629499626159667,26.736000633239748,3.28700734346849,-0.35366638289442803,0.0,1.0,26.155000686645508,28.09749984741211,27.12625026702881,7.137867121025978,0.13642188115224527,0.48369127484503177,3.16741229741912,0.1643688220924595,0.3757976070691671,-0.21142878497670758,27.16291681925456,27.050673118004433,26.975183779903936,26.810814957811477,0.7574769225974904,1.1367618514454123,-0.37928492884792187,0.2275678675397787,25.367110158496207,-0.07899980545044016,53.64852442273103,76.87900422672926,-23.230479803998236,27.12625026702881,27.12625026702881,27.12625026702881,25.622499465942383,1.5624999999999991,29.77579147671152,19.36171849696229,26.381538335031042,-135.3158522212964,25.334999561309814,24.927499771118164,76.0,100.0,-24.0,,27.800795201599122,0.0,0.0,44.45319134559706,0.0,0.009591913356589704,0.009591913356589704,9.451596823001887,38.752326311705126,13.642188115224528,12.365364749968109,-86.35781188477547,-0.016301480461567763,-4.758470460401922,0.6130691004771929,1.406377362022039,-0.7933082615448461,0.9608250307461614,-0.7175746741645905,1.678399704910752,27.047867263679215,-0.2736632180680654,-0.2740383604267649,33.740714843370576,3.732851587232453,22477407.24453278
2016-04-25,26.25,26.412500381469727,26.127500534057617,26.270000457763672,24.01515769958496,112126400,-0.14999961853027344,0,2340851381.6264253,1974612800,-0.047440437049305645,-18974329.402676802,-0.0298659094075739,-0.025514001845651314,-7642685.658601524,27.143694459059496,37.88815149424232,1663.333177790779,27.21262502670288,28.208250772590866,26.216999280814896,7.317381141371028,0.026617018075152675,0.0,0.0,27.0725835164388,27.50333302815755,26.64183400472005,3.1821825313213514,-0.43161226750172127,0.0,1.0,26.127500534057617,28.09749984741211,27.112500190734863,7.2392843815008465,0.07233501186526174,0.4645721015841614,3.568524271265857,0.0959394135616023,0.31982596836765415,-0.22388655480605185,27.09083350499471,27.043750029343826,26.866694038036204,26.770754624474602,0.7936041274237677,1.129416661488661,-0.3358125340648932,0.1964305724766197,25.3882583239909,-0.04762411117553711,45.78424563607438,71.66568254586053,-25.881436909786153,27.112500190734863,27.112500190734863,27.112500190734863,25.622499465942383,0.7812499999999996,28.802159532143385,18.504086150884426,25.629415367878668,-153.27336777904358,25.355000019073486,24.857500076293945,72.0,100.0,-28.0,,27.636215750103762,0.0,0.0,42.537247136641874,0.0,0.0,0.006394608904393212,5.840306885788168,38.00737072030288,7.2335011865261745,9.141990551955908,-92.76649881347383,-0.18297050139483417,-3.187764008925562,0.3583739603436195,1.1967766816863552,-0.8384027213427356,-0.5906158174063233,-0.6921829028129372,0.10156708540661386,26.98262519198489,-0.5677502577483562,-0.5693680859125916,32.981401590132855,3.677683785692082,-3448262.6396954954
2016-04-26,25.977500915527344,26.325000762939453,25.977500915527344,26.087499618530273,23.84832000732422,224064800,-0.18250083923339844,0,2258638945.4312444,1750548000,-0.1184907594092895,-22105427.2083892,-0.01841675904448901,-0.02694233832733382,-9199290.657844242,27.00371812145149,30.289046393369546,1663.333177790779,27.171000003814697,28.275715179892224,26.06628482773717,8.131575399671922,0.009601927832850653,0.0,0.0,26.93891684214274,27.358416430155437,26.519417254130047,3.1144502985839226,-0.5148010247708559,0.0,1.0,25.977500915527344,28.09749984741211,27.037500381469727,7.802432489003447,0.051886206803480016,0.45286487616695614,4.0183192413838285,0.026674830944028116,0.26119574088292896,-0.23452090993890085,27.001041730244953,27.028653878432053,26.746817973496828,26.7201431425528,0.7762270095848338,1.1539627984536207,-0.3777357888687869,0.16364927410879546,25.27531742824313,0.0839991569519043,36.798226739097814,65.64610142162819,-28.847874682530374,27.037500381469727,27.037500381469727,27.037500381469727,25.622499465942383,0.3906249999999998,28.212637892570463,17.511658965121164,26.569919249898412,-157.334582651926,25.358749866485596,24.861249923706055,68.0,100.0,-32.0,,27.455169924178225,0.0,0.0,40.26345704691479,0.0,0.0,0.0031973044521966423,2.1039780798644667,39.693929851355776,5.188620680348001,8.68810332736623,-94.811379319652,-0.3343895463382509,-3.966505653166304,0.09983041932716101,0.9773874292145164,-0.8775570098873554,4.617923680989156,0.3698384139474815,4.248085267041675,26.811831712521236,-0.6947119758403453,-0.6971363342170189,32.05756386764587,3.6208330841458576,120616061.05726689
2016-04-27,24.0,24.677499771118164,23.920000076293945,24.454999923706055,22.355941772460938,458408400,-1.6324996948242188,0,2447751397.8570404,1292139600,-0.04765634387045493,-125854876.62217051,-0.30611761873769083,-0.0421890775409264,-37885503.75023639,26.459657166706613,26.449623732424726,1663.333177790779,27.024250030517578,28.63669926768325,25.411800793351905,11.933350493314625,-0.29669178030301674,0.0,1.0,26.580833498636885,27.037583223978675,26.12408377329508,3.4366847477918294,-1.827131749603141,0.0,1.0,23.920000076293945,28.09749984741211,26.008749961853027,15.458337479858475,0.12806699622365497,0.6243283427738933,5.2299836066052,-0.15812417475023466,0.17733175775629623,-0.3354559325065309,26.76770846048991,26.95086537874662,26.394230581221326,26.55235475597156,0.7593571668939204,1.1549648688842666,-0.3956077019903462,0.11889789233858379,25.27698924072857,0.5857505798339844,20.27690081232638,57.93221533529691,-37.65531452297053,25.9975004196167,26.008749961853027,26.003125190734863,25.675000190734863,0.1953124999999999,30.144499170575642,12.873726905983556,44.67366529348104,-294.021411227454,25.5287504196167,25.005000114440918,64.0,100.0,-36.0,,27.248296262967102,0.0,0.0,26.577648329565136,0.0,0.0,0.0,-7.458825985818805,36.89554429382541,12.806699622365496,8.409607163079885,-87.1933003776345,-0.8009629417868211,-10.273341857559577,-0.5955184623114186,0.6628062509093294,-1.258324713220748,18.765172822643866,4.048905295686759,14.716267526957107,25.834816553880678,-6.257785217808431,-6.462156690906573,23.79368515693838,2.1386354399631458,296337493.26851577
2016-04-28,24.40250015258789,24.469999313354492,23.5625,23.707500457763672,21.672603607177734,328970800,-0.7474994659423828,0,2223906664.3761635,963168800,-0.08867249536391911,-143004965.29195166,-0.07793056354883306,-0.0454837880770867,-47940932.009398386,26.100201083862544,24.326085406713332,1612.4911959481378,26.847250080108644,29.007082040295895,24.687418119921393,16.089781662871232,-0.22685044027053963,0.0,1.0,26.17366682688395,26.694666544596355,25.652667109171553,3.9810984158877045,-1.8667636327603911,0.0,1.0,23.5625,28.09749984741211,25.829999923706055,16.891859813873932,0.031973641156000515,0.6526454398319531,6.629902382313343,-0.36073732265139924,0.06971794167475713,-0.4304552643261564,26.442500114440918,26.83653846153846,25.980887485304763,26.341624807956162,0.7305011734978228,1.1510481544887123,-0.4205469809908895,0.06239839798170094,25.482761554154074,1.162750148773192,2.911402280254918,48.70585200624524,-45.79444972599032,25.399999618530273,25.829999923706055,25.614999771118164,25.713749885559082,0.09765624999999994,32.179876425710276,11.500377167020574,44.1104361867998,-253.52190773191415,25.54812526702881,25.005000114440918,60.0,100.0,-40.0,,26.715768873099396,0.0,0.0,22.762421773698776,0.0,0.0,0.0,-16.930297330047598,33.97200603035725,3.1973641156000516,7.064228139437844,-96.80263588439995,-1.271242338068344,-14.134371844688632,-1.3694573712948905,0.25635352646848547,-1.625810897763376,22.221053296186987,7.683334895786805,14.537718400400182,24.931299057139512,-3.056632460741804,-3.104321778699415,20.009767192082894,2.3440553940695246,25406648.203981638
2016-04-29,23.497499465942383,23.68000030517578,23.127500534057617,23.434999465942383,21.423492431640625,274126000,-0.27250099182128906,0,2254915459.3870206,689042800,-0.1052720741527694,-133247056.94795896,-0.12344895715328072,-0.059368175895046456,-51091816.98004656,25.770330199234273,18.549406939806317,1593.9567472835986,26.644125080108644,29.241038831423182,24.047211328794106,19.493331032688197,-0.11787296796857918,0.0,1.0,25.749416796366376,26.261416498819983,25.23741709391276,3.976786787076761,-1.7601744877319367,0.0,1.0,23.127500534057617,28.09749984741211,25.612500190734863,18.653265207289092,0.06187102099964271,0.6453808882193632,7.928490642658654,-0.5371068216633965,-0.051647010992873596,-0.4854598106705229,26.06125005086263,26.71740385202261,25.589212405402858,26.126319227066254,0.6659952589196215,1.2663407677334133,-0.6003455088137918,-0.0016472969558125699,25.666124593752183,1.3808745384216294,-13.979643028022142,38.28591154427821,-52.265554572300346,25.074999809265137,25.612500190734863,25.34375,25.612500190734863,0.04882812499999997,34.33605972207963,10.713723442063552,46.223351738145766,-224.88296722329784,25.632500171661377,25.005000114440918,56.00000000000001,100.0,-43.99999999999999,,26.148180475941505,0.0,0.0,21.548044769008143,0.0,0.0,0.0,-24.57602713697561,34.90090691234679,6.187102099964271,7.397055279309935,-93.81289790003574,-1.8071468353271491,-16.333454928793795,-2.0558074675401135,-0.20607867233323435,-1.849728795206879,22.299485120199915,10.606564940669427,11.692920179530487,24.297831342097947,-1.1494294487382373,-1.156086449877769,18.630339586614888,2.715027843402318,7500575.439020783
2016-05-02,23.49250030517578,23.520000457763672,23.100000381469727,23.40999984741211,21.400634765625,192640400,-0.024999618530273438,0,2346648441.629608,496402400,-0.07220266428544558,-114899754.02875331,-0.02043964150435598,-0.05977242537920091,-51297318.86284021,25.534770737972377,13.923463184842532,1592.2563712842837,26.425625038146972,29.321633063665104,23.52961701262884,21.91817995856348,-0.020652077646664987,0.0,1.0,25.389000129699706,25.892749977111816,24.885250282287597,3.968252745982144,-1.464268865245541,0.0,1.0,23.100000381469727,28.09749984741211,25.598750114440918,18.911565795428466,0.062030915271728986,0.6228428070268215,9.066640436942018,-0.6711614491861688,-0.17554989863153264,-0.4956115505546362,25.676666736602783,26.601730786837063,25.25394893494274,25.92511038412891,0.6661849647198198,1.282904627428409,-0.6167196627085892,-0.06823231157420831,25.81123372551206,1.0368745803833015,-29.781662305310252,26.867668110134023,-56.649330415444275,25.06124973297119,25.598750114440918,25.329999923706055,25.598750114440918,0.024414062499999986,36.354619190931665,10.17116285303015,44.214109111232595,-183.30442749079137,25.65000009536743,25.005000114440918,52.0,100.0,-48.0,,25.544044487564726,0.0,0.0,21.43506262725994,0.0,0.0,0.0,-30.33258069780363,36.60021392223869,6.203091527172899,5.195852580912402,-93.7969084728271,-2.332198316910688,-16.467439193350437,-2.5888470260749483,-0.6826323430815772,-1.906214682993371,19.18565523133426,12.322382998802393,6.863272232531866,23.924896694958356,-0.10667642031144675,-0.10673336010253998,18.503788986940584,3.046861604086729,-44371751.69275212
2016-05-03,23.549999237060547,23.934999465942383,23.420000076293945,23.795000076293945,21.752595901489258,227325200,0.38500022888183594,1,2450379750.485642,723727600,-0.028408243678168913,-85982610.02027297,0.08325603220384321,-0.06410990626733713,-47558734.72780939,25.279086607962558,15.91601898473533,1592.2563712842837,26.242750072479247,29.31296713692667,23.172533008031824,23.398592418613607,0.10137183384689336,0.0,0.0,25.084500058492026,25.595499928792314,24.57350018819173,4.074228062020315,-0.7617419858054897,0.0,1.0,23.100000381469727,28.09749984741211,25.598750114440918,19.043352743671697,0.13906948856334936,0.6130584881771667,9.923544458727973,-0.7378291710190084,-0.28800575310902776,-0.4498234179099806,25.371041774749756,26.505480766296387,25.029495264381385,25.767324435400393,0.652574477697778,1.2784010781654598,-0.6258266004676818,-0.13081761526155813,25.78182025522616,0.6272507667541518,-44.009247376442964,14.667981376241451,-58.677228752684414,24.916250228881836,25.598750114440918,25.257500171661377,25.598750114440918,0.012207031249999993,37.18196603063956,14.566894178455298,41.39233624143674,-133.6844686389531,25.779375076293945,25.005000114440918,48.0,96.0,-48.0,,25.055235666345727,0.0,0.0,27.72041823901607,0.1332114531531481,0.04440381771771574,0.014801272572571987,-32.942734784566525,37.78046809137104,13.906948856334937,8.765714161157364,-86.09305114366506,-2.7548529400545014,-13.35457293829761,-2.8634295068887443,-1.1187917758430106,-1.7446377310457337,17.783571997359022,13.41462079851372,4.368951198845302,23.888727636233323,1.644597314785523,1.6312202794620756,20.45269911853891,3.5952111747171713,38568559.241366625
2016-05-04,23.799999237060547,23.975000381469727,23.454999923706055,23.547500610351562,21.526342391967773,164102000,-0.2474994659423828,0,2344660574.7823076,559625600,-0.08585200643139905,-79501545.35453068,0.011882984686701034,-0.06460791444283641,-49265612.526920654,25.093986701968113,11.808544019853656,1575.6947995140517,26.033125114440917,29.235465653999288,22.830784574882546,24.60204470635752,0.11190503111949754,0.0,0.0,24.77308349609375,25.28533344268799,24.260833549499512,4.135536431506481,-0.6962742933314474,0.0,1.0,23.100000381469727,28.09749984741211,25.598750114440918,19.19669438061512,0.08954482775466399,0.6037526851358173,10.629816948731039,-0.8013969541139971,-0.3906839933100217,-0.41071296080397546,25.09416675567627,26.375769248375526,24.801496086838334,25.60289304095233,0.6515791190273424,1.2673932252057902,-0.6158141061784478,-0.18973547414647332,25.75255285498563,0.6943758010864265,-58.44813034244417,1.466735204251665,-59.914865546695836,24.860000610351562,25.598750114440918,25.22937536239624,25.598750114440918,0.0061035156249999965,37.85224737170517,14.128742435270178,38.75413088318662,-114.64014508419989,25.843124866485596,25.022500038146973,44.0,92.0,-48.0,,24.664188609370527,0.0,0.0,26.265670981702016,0.13020527392550818,0.08780557569288512,0.0440697978035337,-35.520033060611006,35.60063018590102,8.994978785300804,9.701673056269541,-91.0050212146992,-2.7937352741465844,-12.365091645366048,-3.1301031208939825,-1.521054044853205,-1.6090490760407774,14.18016093382642,13.56772882557626,0.6124321082501591,23.7851693823463,-1.0401322342879826,-1.0455794144525132,19.19983176793707,3.2332951185307905,-33454501.431387544
2016-05-05,23.5,23.517499923706055,23.170000076293945,23.309999465942383,21.438961029052734,143562000,-0.2375011444091797,0,2316773977.3839874,416063600,-0.07088230323624392,-73015058.77440782,-0.08986317505747643,-0.0658631838478952,-50713585.28028718,24.83924732483174,12.112611147944307,1559.8022712870998,25.841875076293945,29.210693196773512,22.47305695581438,26.072551705583884,0.12421901097006414,0.0,0.0,24.45283349355062,24.96458333333333,23.9410836537679,4.185607691784981,-0.6165944166132736,0.0,1.0,23.100000381469727,28.09749984741211,25.598750114440918,19.33876489685085,0.04202083179873968,0.5811274700279973,11.19122431797838,-0.8610140041941214,-0.4847499954868417,-0.3762640087072797,24.809374968210857,26.218846174386833,24.572035068238957,25.43304907243308,0.6507346342777193,1.322200007952323,-0.6714653736746038,-0.2452007636988108,25.746004304133976,0.9406242370605469,-72.64986973984001,-12.566419702700673,-60.08345003713934,24.756250381469727,25.598750114440918,25.177500247955322,25.598750114440918,0.0030517578124999983,38.72813186023753,13.458129553874207,40.49808891595259,-110.21160968588615,26.1899995803833,25.35124969482422,40.0,88.0,-48.0,,24.351350963790367,0.0,0.0,24.91448300507436,0.12107925155898579,0.12816532621254706,0.08679157320771606,-38.047552229248836,36.519918324781536,5.07550797721415,9.325811872949958,-94.92449202278586,-2.8374999102424177,-12.786460883065814,-3.385414001058079,-1.8939260360941799,-1.491487964963899,10.357902087052524,12.925763477871515,-2.5678613908189902,23.64176499749902,-1.0086044728873422,-1.0137253498279541,17.997576933051484,3.1503904351050984,-19203319.370220542
2016-05-06,23.342500686645508,23.362499237060547,22.962499618530273,23.18000030517578,21.319400787353516,174799600,-0.12999916076660156,0,2332069723.7998376,241264000,-0.055351451571547,-65830593.42125495,-0.04147615883573516,-0.05750258153807788,-51688437.35334443,24.553087070159457,12.552110555779791,1559.8022712870998,25.642625045776366,29.143641511370348,22.141608580182385,27.30622515708967,0.14829860630450115,0.0,0.0,24.12983341217041,24.635083198547363,23.624583625793456,4.187760253016251,-0.4399638877689522,0.0,1.0,22.962499618530273,28.09749984741211,25.52999973297119,20.025251781808624,0.042356509630160105,0.5630146848782249,11.70272152721425,-0.9082806972332165,-0.5694561358361167,-0.3388245613970998,24.509166717529297,26.062403898972732,24.357875873921543,25.26615657115476,0.6759426311373896,1.28007191083057,-0.6041292796931804,-0.29662770941588756,25.695270242282746,0.8498752593994148,-85.80257230479643,-27.187177251686318,-58.615395053110106,24.643750190734863,25.52999973297119,25.086874961853027,25.52999973297119,0.0015258789062499991,39.71781813479995,12.766661052149045,41.08263441097718,-101.43340569769673,26.1899995803833,25.35124969482422,36.0,100.0,-64.0,,24.101080847326237,0.0,0.0,24.181211426800843,0.09913622855744664,0.11680691801397991,0.11092593997313745,-40.31287086628229,41.458610714302026,5.357160474281561,6.475882412265499,-94.64283952571844,-2.7887280239778427,-13.450944088636291,-3.5948510596588314,-2.2341110408071105,-1.360740018851721,8.445617800309007,12.029734342359014,-3.5841165420500065,23.501551560626705,-0.557696970163124,-0.5592579059487068,17.339508021629957,3.2078736308161737,31361112.819303274
2016-05-09,23.25,23.4424991607666,23.147499084472656,23.197500228881836,21.335491180419922,131745600,0.017499923706054688,1,2244984659.848717,373009600,-0.053680641464268763,-56096860.36841733,0.029668861868684043,-0.0503204820428396,-51588974.97550773,24.391067144100212,17.08875939916807,1560.979856290753,25.439750099182127,29.01302035669672,21.866479841667534,28.092023259532507,0.18624681192461778,0.0,0.0,23.829083315531413,24.335333124796552,23.322833506266278,4.249007841062619,-0.12378599960992923,0.0,1.0,22.962499618530273,28.09749984741211,25.52999973297119,20.184947607040066,0.0457644790412667,0.536213224019797,12.174596183124706,-0.9335662241080023,-0.6422781534904938,-0.2912880706175085,24.234583377838135,25.897019312931942,24.179356543915432,25.112922768023434,0.7142857474844257,1.2464211208077538,-0.532135373323328,-0.34261773253128525,25.570880560083967,0.9802499771118178,-96.99264323224199,-42.05282947072408,-54.93981376151791,23.81999969482422,25.52999973297119,24.674999713897705,25.52999973297119,0.0007629394531249996,40.41734611703241,13.329359391654574,39.471903469159614,-86.34183267796313,26.310624599456787,25.35124969482422,32.0,96.0,-64.0,,23.873364601567044,0.0,0.0,24.50333390834875,0.11076488027492237,0.11032678679711798,0.11843301034121506,-42.04113818356167,44.06070955151029,5.788193134577558,5.406953862024419,-94.21180686542245,-2.6945591365589827,-12.43748245102486,-3.7174734009723576,-2.53078351284016,-1.1866898881321974,5.04264748988081,10.632316971863375,-5.589669481982565,23.41234577600656,0.07549578721164352,0.07546730347733899,17.428094406921147,3.3646047873679237,-22691850.266010582
2016-05-10,23.332500457763672,23.392499923706055,23.02750015258789,23.354999542236328,21.4803466796875,134747200,0.1574993133544922,1,2352043780.009666,507756800,-0.0519132858370866,-45051224.39058051,-0.02302433473777045,-0.05166898884310205,-50674109.525909945,24.23392575302874,12.340587021037067,1560.979856290753,25.227000045776368,28.7645768312374,21.689423260315337,28.045956943289497,0.23541203243506795,0.0,0.0,23.54191659291585,24.049916394551595,23.033916791280113,4.315704710198542,0.31602645308358424,0.0,0.0,22.962499618530273,28.09749984741211,25.52999973297119,20.355175881254116,0.0764362037412261,0.5190918787296337,12.523380702594014,-0.930173842968987,-0.6998572913861925,-0.23031655158279452,23.979166666666668,25.726826961223896,24.052532389810956,24.982706232779943,0.6996283684870478,1.2597643732283412,-0.5601360047412934,-0.381328442786376,25.483989587938048,1.043000411987304,-107.5641799724798,-56.25739400236921,-51.306785970110596,23.716249465942383,25.52999973297119,24.623124599456787,25.52999973297119,0.0003814697265624998,41.18052011136963,12.667579593378115,39.144450052195296,-77.79740421679921,26.615000247955322,25.572500228881836,28.000000000000004,92.0,-64.0,,23.69119160495969,0.0,0.0,27.489224813473626,0.2529386422594028,0.15427991703059032,0.12713787394722947,-42.65165706716368,47.13884357351598,10.411137295693642,7.185496968184249,-89.58886270430635,-2.6894561430987167,-11.60106179109277,-3.7232709471182144,-2.769280999695771,-0.9539899474224436,2.3575440752776,8.97736239254622,-6.619818317268621,23.398486349760862,0.6789495066300333,0.676655024197137,18.225371874541985,3.5712538723961913,4360389.354548126
2016-05-11,23.3700008392334,23.392499923706055,23.114999771118164,23.127500534057617,21.27111053466797,114876400,-0.22749900817871094,0,2247517231.210436,392880400,-0.1019940955474259,-42348801.915231995,0.010568383712204204,-0.04667478037171618,-51793110.49252861,24.08910363200231,12.46473974871384,1545.7744880161413,24.982875061035156,28.390018016128433,21.575732105941878,27.27582751600331,0.22772282357510537,0.0,0.0,23.427999941507977,23.887999788920084,22.968000094095864,3.926923754145285,0.17337010094577113,0.0,0.0,22.962499618530273,28.09749984741211,25.52999973297119,20.554080410427627,0.0321326013968403,0.49493270611545936,12.876039230229901,-0.9350637918120057,-0.7468985914713552,-0.18816520034065054,23.717291673024494,25.56048085139348,23.910219796618136,24.845283588430142,0.7292193850072762,1.2336271867851945,-0.5044078017779182,-0.4145947242381032,25.346869920555626,1.104624557495118,-114.97351630946216,-69.35571829011555,-45.61779801934661,23.46875,25.52999973297119,24.499374866485596,25.52999973297119,0.0001907348632812499,41.88918167753991,12.172758120354157,37.61538806424731,-72.79722011284251,26.619375228881836,25.572500228881836,24.0,88.0,-64.0,,23.54545320767381,0.0,0.0,25.896043843983506,0.19380294859372207,0.18583549037601546,0.150147398067908,-43.61778355855444,41.99471381068683,4.511301721332677,6.903544050534621,-95.48869827866733,-2.6826620775110612,-11.96231392823345,-3.763546463391719,-2.96813409243496,-0.7954123709567589,-0.7705331489610511,7.027783284244767,-7.798316433205818,23.357033023016612,-0.9740912551391423,-0.9788665598605029,17.073748865756343,3.2813332769285637,-8905553.989388376
2016-05-12,23.18000030517578,23.19499969482422,22.36750030517578,22.584999084472656,20.772153854370117,305258800,-0.5425014495849609,0,2102726021.1571453,87621600,-0.1452916070642026,-59956593.28427967,-0.1280858521826399,-0.05166376483845807,-58953561.80263441,23.844580257736887,11.873601424071438,1545.7744880161413,24.710875034332275,27.968442306618226,21.453307762046325,26.36545462481616,0.17370191124743575,0.0,0.0,23.30824991861979,23.760249773661297,22.85625006357829,3.8784538231711956,-0.30005648904547494,0.0,1.0,22.36750030517578,28.075000762939453,25.221250534057617,23.097119992043606,0.038107536023237736,0.5281893744687572,13.323081114947023,-0.9715154195982194,-0.7918219570967281,-0.17969346250149132,23.425416628519695,25.362211594214806,23.706339687057294,24.677855106655514,0.6781090767074823,1.233664683314572,-0.5555556066070896,-0.44618397596165466,25.328838590108607,-0.2558751106262207,-122.09792881121697,-81.36886115491498,-40.72906765630199,23.171250343322754,25.232500076293945,24.20187520980835,25.232500076293945,9.536743164062495e-05,43.194771768175144,10.815977003841565,43.49124203457595,-86.85094327473554,26.667500019073486,25.572500228881836,20.0,100.0,-80.0,,23.428862489845102,0.0,0.0,22.541109775232442,0.05241386963898265,0.1663851534973689,0.16883352030132495,-45.49844196611453,35.557566439850056,5.376978373166033,6.766472463397446,-94.62302162683396,-2.688948844460878,-13.425972535787784,-3.936790354750911,-3.1618653448981506,-0.7749250098527605,5.325082404489456,6.687243108293705,-1.362160703804249,23.253655484577166,-2.345698571214261,-2.3736480185621467,14.327551611345314,2.856154435745328,196156609.61925155
2016-05-13,22.5,22.917499542236328,22.5,22.6299991607666,20.81354331970215,177571200,0.04500007629394531,1,2035737490.7939491,265192800,-0.11933730896926306,-50249834.59401009,-0.017046014426999153,-0.0507480580541313,-58599755.38813245,23.68787167085449,11.695875645007249,1548.8544071090662,24.469250011444093,27.588534422409328,21.349965600478857,25.495545711506228,0.2051806426801026,0.0,0.0,23.235083198547365,23.673583030700684,22.796583366394042,3.7744631977968153,-0.18994785563474836,0.0,1.0,22.36750030517578,27.237499237060547,24.802499771118164,19.902526352900484,0.05390121420195654,0.5171203912455143,13.683936229580858,-0.9854132367679753,-0.8305402130309776,-0.15487302373699774,23.273333231608074,25.18894232236422,23.54074883685873,24.526162073626704,0.7027588495114561,1.2393948899565366,-0.5366360404450805,-0.4742814392927246,25.31094585501481,-0.7617495536804206,-127.85372897659728,-92.26575745172464,-35.58797152487264,23.171250343322754,25.232500076293945,24.20187520980835,25.232500076293945,4.768371582031247e-05,44.407105423765,10.19835343330476,41.00776632240175,-83.95916320594358,26.80625009536743,25.572500228881836,16.0,96.0,-80.0,,23.392499923706055,0.0,0.0,23.427289115925632,0.10580968532218657,0.11734216785163014,0.15652093724167157,-46.77006182249642,36.803017742189084,6.632945678524438,5.507075257674379,-93.36705432147556,-2.6709487690645126,-7.462689710214818,-4.017804472667995,-3.33305317045212,-0.6847513022158753,4.374570410496389,6.2247085687342425,-1.8501381582378533,23.19561030169257,0.19924763390795075,0.19904939908501618,14.555346552835813,3.224685912050294,-31480616.929831922
2016-05-16,23.09749984741211,23.59749984741211,22.912500381469727,23.469999313354492,21.58612060546875,245039200,0.8400001525878906,1,2189557265.32456,510232000,-0.05136844843061992,-13666577.45343513,0.1527025853197895,-0.03852524774239712,-49504175.49315549,23.481015578946163,19.639462767099005,1548.8544071090662,24.299249935150147,27.24226108307863,21.356238787221663,24.223061664724582,0.35911527681786987,0.0,0.0,23.233416493733724,23.698416264851886,22.76841672261556,4.002853142529241,0.7543902538402006,0.0,0.0,22.36750030517578,27.022499084472656,24.69499969482422,19.15696489282648,0.2368419543055692,0.5621584207855137,13.601283349991245,-0.9180635003068645,-0.848044870486155,-0.0700186298207095,23.253541469573975,25.046826876126804,23.529864294781156,24.44792779508802,0.7540756341052325,1.1069354979819732,-0.35285986387674073,-0.4917392959584688,25.367745599756294,-0.8642504692077644,-129.80011111256945,-101.79807564462757,-28.00203546794188,23.171250343322754,25.232500076293945,24.20187520980835,25.232500076293945,2.3841857910156236e-05,43.661155716138,17.693002288837896,35.892772903294556,-50.33170910290931,26.838125228881836,25.572500228881836,12.0,92.0,-80.0,22.36750030517578,,1.0,0.0,37.745048191162496,1.0,0.38607451832038947,0.22326727988979625,-43.32581137409936,46.34957251130758,47.727240825527105,19.912388292405854,-52.272759174472895,-2.5810441690332766,-1.0017974895004311,-3.7551792037414233,-3.417478377109981,-0.3377008266314423,6.38803807984903,6.257374470957201,0.1306636088918296,23.197249111563412,3.7118876877564766,3.644655804617347,18.80751235719731,4.119531575893017,84942957.5081253
2016-05-17,23.637500762939453,23.674999237060547,23.252500534057617,23.372499465942383,21.49644660949707,187667600,-0.09749984741210938,0,2108493124.172202,322564400,-0.06344559243941272,-14328146.726401081,0.04699612908652466,-0.013302837183524584,-50283790.444136135,23.33554186524694,28.395737566713564,1542.4201049030673,24.1314998626709,26.877632960548535,21.385366764793265,22.75973821358396,0.3618056063424029,0.0,0.0,23.205083147684732,23.66083285013835,22.749333445231123,3.928016112272234,0.6836713412607079,0.0,0.0,22.36750030517578,27.022499084472656,24.69499969482422,19.290134495525944,0.21589676139902317,0.5481924490072553,13.176843466511867,-0.8626121162598785,-0.8509583196408997,-0.011653796618978807,23.248333136240642,24.89749996478741,23.505654321113653,24.36826643737353,0.8606638646068079,1.0893527471574556,-0.22868888255064768,-0.5011385108167099,25.37540450136766,-0.7215000152587905,-132.40654691296908,-110.01567748579703,-22.39086942717205,23.021249771118164,25.232500076293945,24.126874923706055,25.232500076293945,1.1920928955078118e-05,42.78012911904868,17.729024044093592,33.903984895124935,-40.92811117367209,27.04062557220459,25.572500228881836,8.0,88.0,-80.0,22.39210029602051,,0.0,0.0,36.88299034882765,0.9471453951349432,0.6843183601523762,0.39591168210813205,-40.82899560705122,45.90516257703097,47.80022044515406,34.053468983068534,-52.19977955484594,-2.4151839144089635,-0.26669512022319436,-3.539899395292614,-3.441962580746508,-0.09793681454610592,5.5050566327534725,6.1069109033164555,-0.601854270562983,23.201995967070143,-0.41542330747590395,-0.41628858731206364,18.313958259833196,3.5980400087397832,-3261009.527500987
2016-05-18,23.540000915527344,23.802499771118164,23.47249984741211,23.639999389648438,21.74247169494629,168249600,0.2674999237060547,1,2111041933.244248,490814000,-0.06373866231639509,-5851732.170690325,0.0340788100339798,-0.005302167641895095,-48358161.7697551,23.282874476891394,36.65766826052114,1560.0732130349331,23.974374866485597,26.441204584776965,21.50754514819423,20.57888668237864,0.4322256671472317,0.0,0.0,23.202999750773113,23.639749399820964,22.76625010172526,3.7645964206270386,1.000286193506988,1.0,0.0,22.36750030517578,26.732500076293945,24.550000190734863,18.206938847945146,0.2915232877885548,0.5363732346241079,12.518249214912743,-0.7879979369387051,-0.8383662431004609,0.050368306161755805,23.267499764760334,24.74480761014498,23.52632279319593,24.314320730134636,0.9208786940039376,1.0318676788890706,-0.11098898488513298,-0.5017514690095799,25.34823170095933,-0.1793747901916518,-129.8431531949815,-116.37048675859053,-13.47266643639098,23.085000038146973,25.232500076293945,24.15875005722046,25.232500076293945,50.00000596046448,41.64590543660807,18.411617730912685,31.962852829760685,-23.92652336197983,27.04062557220459,25.572500228881836,4.0,84.0,-80.0,22.44341625366211,,0.0,0.0,40.872937437471144,1.0,0.9823817983783142,0.6842582256170266,-37.49169380617136,49.80649347721418,79.16012591466706,58.229195728449405,-20.839874085332934,-2.2293162738575667,0.9824841680285348,-3.240879914700137,-3.401746047537234,0.16086613283709683,3.9469950367131594,5.6749277299957965,-1.727932693282637,23.205254453618277,1.1445071336758206,1.1380071985798157,19.66806995225121,3.8387840089983136,2095775.7499582171
2016-05-19,23.65999984741211,23.65999984741211,23.392499923706055,23.549999237060547,21.659700393676758,121768400,-0.09000015258789062,0,2132663775.1745565,369045600,-0.04708222605020768,-6581366.800646464,-0.024439301250303063,0.0017699506368890228,-48821747.84688429,23.280708764498335,38.90487163190135,1554.133837787618,23.827249813079835,26.010479879669518,21.64401974649015,18.32548937637957,0.4365044984809211,0.0,0.0,23.22316640218099,23.651916058858237,22.794416745503746,3.692430646640675,0.8811464683289397,0.0,0.0,22.36750030517578,26.6200008392334,24.49375057220459,17.847215131488785,0.2780714364205989,0.5094859035323026,11.731232623085797,-0.7277390002190032,-0.8162407945241694,0.08850179430516625,23.24708302815755,24.57326911045955,23.529965323021255,24.257704323240258,0.9758152543986176,0.9381954501856096,0.037619804213008035,-0.4961456479480838,25.322095060301994,-0.2797492027282722,-125.1299638014359,-120.7401969248838,-4.389766876552102,23.085000038146973,25.232500076293945,24.15875005722046,25.232500076293945,75.00000298023224,40.70895067581851,17.731492007985782,31.886891908311927,-25.729527060073565,27.059374809265137,25.616249084472656,0.0,80.0,-80.0,22.524961264709475,,0.0,0.0,39.95771711249427,0.9529156178896634,0.9666870043415351,0.8777957209574087,-35.03112684085907,48.09124655727597,73.56136085610584,66.84056907197565,-26.43863914389417,-1.9700589516583626,-1.0296315967549983,-3.0000324454519296,-3.3214033271201733,0.3213708816682437,0.65427860190478,4.670797904377594,-4.016519302472814,23.210585827996233,-0.380711315192761,-0.3814378653456796,19.21248006927021,3.578573566897166,-30244798.58623141
2016-05-20,23.65999984741211,23.857500076293945,23.6299991607666,23.80500030517578,21.89423370361328,128104000,0.2550010681152344,1,2201643347.7960396,497149600,-0.03467066212121648,-974506.2820064016,0.03862595108497692,0.0059889215361270875,-47434628.61596615,23.301274774050132,45.29305989597335,1554.133837787618,23.696499824523926,25.527821617184298,21.865178031863554,15.456475059368092,0.5296235432480264,0.0,0.0,23.282749748229982,23.694249534606932,22.871249961853028,3.534804014360335,1.1345696574279585,1.0,0.0,22.36750030517578,26.412500381469727,24.390000343322754,17.070031887611112,0.3553770019497865,0.4892873971024122,10.87437653520106,-0.6518922950736439,-0.7833710946340644,0.13147879956042052,23.26854133605957,24.4109614445613,23.572278397198875,24.22417069227252,1.0042963030514898,0.868749670311789,0.1355466327397008,-0.4836716783432611,25.137618859803194,-0.38650035858154297,-119.02654629463653,-123.18840837626097,4.1618620816244345,23.112500190734863,25.221250534057617,24.16687536239624,25.232500076293945,87.50000149011612,39.32584847897,19.764789461322827,30.492460834412928,6.531513457862414,27.065625190734863,25.622499465942383,0.0,76.0,-76.0,22.601613575093996,,0.0,0.0,43.79768380112893,1.0,0.9843052059632207,0.97779133622769,-31.785611638599065,51.55870740187594,89.42456807306183,80.71535161461158,-10.575431926938169,-1.643536915498622,1.093533021126756,-2.691081991432618,-3.1953390599826625,0.5042570685500447,-1.768502737228561,3.382937776056363,-5.151440513284924,23.237473616990275,1.0828071183711208,1.076986740045438,20.50332128944701,3.8353598008840493,5350845.475771725
2016-05-23,23.967500686645508,24.297500610351562,23.917499542236328,24.107500076293945,22.172447204589844,152074400,0.30249977111816406,1,2201643347.7960396,649224000,-0.0343291112189115,5736490.500127673,0.09089338013340888,0.0065344463882389195,-45502157.681154594,23.313267292218175,43.56997459189674,1554.133837787618,23.58837480545044,25.008296834580282,22.168452776320596,12.03916794472631,0.682800625736343,0.0,0.0,23.367249806722008,23.787249692281087,22.94724992116292,3.594773788383623,1.381250561040698,1.0,0.0,22.36750030517578,26.325000762939453,24.346250534057617,16.777334133461512,0.43967140109982794,0.4896086879097491,10.098480044926212,-0.560908230439523,-0.7388785217951561,0.17797029135563314,23.334999720255535,24.28192300062913,23.65462019398273,24.215528424422253,0.9831170822944137,0.8669016691808421,0.11621541311357164,-0.4637985242721599,24.965648166762442,-0.4083745002746575,-112.12655666505391,-123.69533911988032,11.568782454826405,23.332500457763672,24.802499771118164,24.067500114440918,25.232500076293945,93.75000074505806,37.01676524901218,24.644612789353317,28.353804121527222,75.54633843453252,27.065625190734863,25.622499465942383,0.0,72.0,-72.0,22.702084495189993,,0.0,0.0,48.04274714671788,1.0,0.9843052059632207,0.9784324720893256,-27.703874349957523,55.79445696988511,90.15541429977586,84.38044774298118,-9.844585700224139,-1.3727060374091629,3.4212811180745386,-2.316316293448407,-3.0195345066758117,0.7032182132274047,-2.5952387296735493,2.18730247491038,-4.7825412045839295,23.29560315010595,1.27074046309672,1.2627343100840793,22.034605752447444,3.9833029261566892,32966047.010175794
2016-05-24,24.30500030517578,24.522499084472656,24.209999084472656,24.475000381469727,22.51045036315918,140560800,0.36750030517578125,1,2299474831.3604927,789784800,0.010281979707422525,12296439.985216856,0.05752604215104579,0.00979466477854926,-43359416.34620597,23.354685820364562,50.24696670049106,1577.8254133497226,23.507749843597413,24.455522520484166,22.55997716671066,8.063491258776427,1.010275597440486,1.0,0.0,23.48166643778483,23.896416346232094,23.066916529337565,3.532542373397162,1.6975095394279027,1.0,0.0,22.36750030517578,24.677499771118164,23.522500038146973,9.826544357972807,0.9123379062921877,0.4821477199366453,9.352166886801898,-0.45391603886954,-0.6818860252100329,0.22796998634049292,23.44291639328003,24.18980759840745,23.78083253051919,24.23474856938873,1.0075846246200149,0.8187624053825464,0.18882221923746845,-0.4359755997685697,24.804665600425146,-0.3102496147155769,-105.0616296938165,-122.59401838480858,17.53238869099208,23.44499969482422,24.69499969482422,24.06999969482422,25.232500076293945,96.87500037252903,34.40541995653775,26.41414107536633,26.657171148070507,170.60715335521252,27.076250076293945,25.622499465942383,4.0,68.0,-64.0,22.86162610670615,,0.0,0.0,52.71543427797597,1.0,1.0,0.9895368039754805,-22.70341502514454,61.52717768282321,97.79588260284642,92.45862165856136,-2.2041173971535795,-1.099375287224266,5.586712938932918,-1.872996691382588,-2.790226943617167,0.9172302522345792,-3.7812020360967717,0.9936015727089499,-4.774803608805722,23.392563910342968,1.5244231214880832,1.5129205435529425,23.89492949875458,4.143115339335367,10978458.33462292
2016-05-25,24.667499542236328,24.934999465942383,24.52750015258789,24.905000686645508,22.90593147277832,152675200,0.43000030517578125,1,2429671124.1387672,942460000,-0.004932062876704743,19918431.786296368,0.09742089398070397,0.023172098281276428,-40677071.848982684,23.44983854021934,56.759369675271074,1577.8254133497226,23.530249881744385,24.582511009513137,22.477988753975634,8.943901004511929,1.1532365249565895,1.0,0.0,23.63941644032796,24.06716626485189,23.211666615804038,3.6189541785320882,1.9793509824651694,1.0,0.0,22.36750030517578,24.934999465942383,23.651249885559082,10.911482766524124,0.9883159536114832,0.47993285639024635,8.655909841238786,-0.3306153967551708,-0.6116318995190605,0.2810165027638897,23.58520809809367,24.119711435758152,23.953781477615546,24.284396874370717,1.0988968937108874,0.6820332795648177,0.41686361414606965,-0.3996980255937599,24.670372969722855,-0.17525033950805735,-93.91158370896943,-119.46220226233663,25.5506185533672,23.71749973297119,24.69499969482422,24.206249713897705,25.232500076293945,98.43750018626451,32.68794768155241,30.63146934590418,24.880029475809565,224.8943204920728,27.04937505722046,25.622499465942383,0.0,64.0,-64.0,23.06093086403813,,0.0,0.0,57.52842109430092,1.0,1.0,0.9947684019877402,-16.796199547715993,61.95964490382027,98.83159536114832,95.59429742125685,-1.1684046388516829,-0.8045591017779188,7.360708873440442,-1.3614313687324717,-2.504467828640228,1.1430364599077563,-4.1077770713508635,-0.026674156103012825,-4.08110291524785,23.628682169707297,1.7568960101072673,1.7416410093163748,26.071634571843404,4.309161163281537,28012588.53927356
2016-05-26,24.920000076293945,25.1825008392334,24.65999984741211,25.102500915527344,23.08757781982422,225324800,0.19750022888183594,1,2585997139.0981927,1167784800,0.10164746628730825,23430327.18436173,0.044058828629462705,0.029281740243076282,-38890213.85477207,23.615145207574294,65.1598778595901,1577.8254133497226,23.59999990463257,24.855350185449844,22.344649623815293,10.638561744831668,1.0984389512051556,1.0,0.0,23.865999857584637,24.263249842325845,23.468749872843425,3.3290034954472145,2.0563261238993285,1.0,0.0,22.36750030517578,25.1825008392334,23.77500057220459,11.927968412851756,0.9715808495457936,0.4841896699333506,7.8740938509934635,-0.21448962872905852,-0.5322034453610601,0.3177138166320016,23.730833212534588,24.055096112764797,24.130507544986592,24.34499717371565,1.1495942588721588,0.6258213323455718,0.523772926526587,-0.35684823791666825,24.66039131941851,-0.47249937057495117,-79.78898213301994,-114.12167483527247,34.33269270225253,24.047500610351562,24.550000190734863,24.298750400543213,25.232500076293945,99.21875009313226,31.50971817090223,31.89346296723205,23.00405381050583,213.12681783998278,27.168124675750732,25.622499465942383,0.0,60.0,-60.0,23.323300468304726,,0.0,0.0,59.564263463088004,1.0,1.0,1.0,-11.27448050951679,68.04828169528733,97.15808495457937,97.92852097285804,-2.8419150454206363,-0.45728698057287076,7.482343855887251,-0.8810419126301425,-2.179782645438211,1.2987407328080687,-0.8645065753385568,-0.19424063995012164,-0.6702659353884352,24.139287529768193,0.7930143482699714,0.789886514717919,27.071400723096637,4.1856069225063735,96584590.50466827
2016-05-27,24.860000610351562,25.11750030517578,24.8125,25.087499618530273,23.07378387451172,145364800,-0.015001296997070312,0,2702764959.094691,1022420000,0.13043689599732594,19771614.65263581,0.00917946103681835,0.02781821161222873,-38977084.10507333,23.718766448256424,65.50898669237984,1576.8825022145002,23.682624912261964,25.09176749228022,22.27348233224371,11.900222929162336,0.9984856487162959,0.0,0.0,24.098333231608073,24.48433329264323,23.71233317057292,3.2035415671725187,1.7813034074003757,1.0,0.0,22.36750030517578,25.1825008392334,23.77500057220459,11.886353579835303,0.9662517930090095,0.4662707334575937,7.014516345994044,-0.12226026005048851,-0.45021480829894583,0.3279545482484573,23.894166469573975,24.001057624816895,24.277737094762543,24.39999735481303,1.1443460465390194,0.6487842582981824,0.49556178824083696,-0.31073827067601917,24.60471738864042,-1.097625827789308,-65.48837337337748,-106.97592619758449,41.487552824207,24.217500686645508,24.49375057220459,24.35562562942505,25.232500076293945,99.60937504656613,30.415647911012776,30.45014025605606,21.9630168635951,175.0304161188743,27.18062448501587,25.622499465942383,0.0,56.00000000000001,-56.00000000000001,23.620772527653315,,0.0,0.0,59.33162694514046,0.9937164586272439,0.9979054862090809,0.9993018287363604,-6.89797370322462,71.3147325039969,96.62517930090095,97.5382865388762,-3.3748206990990406,-0.14053686927346476,8.474755331153734,-0.501066693871473,-1.8440394551248636,1.3429727612533906,-2.0767076484857556,-0.5707340416572485,-1.505973606828507,24.459886245015518,-0.05976016910645976,-0.05977803261272285,26.995462639138545,3.9600058009423798,-24008707.015842795
2016-05-31,24.899999618530273,25.100000381469727,24.704999923706055,24.96500015258789,22.96112060546875,169228800,-0.12249946594238281,0,2756318314.7534738,853191200,0.1201361861917229,13985607.184820648,-0.014588254842101044,0.028420788747633687,-39803409.48373954,23.82801678003088,64.28475434861673,1576.8825022145002,23.76037492752075,25.26886255343381,22.25188730160769,12.697506924992453,0.8992824350607461,0.0,0.0,24.25799992879232,24.615000089009605,23.900999768575033,2.9433602214958787,1.4901959474825728,1.0,0.0,22.36750030517578,25.1825008392334,23.77500057220459,11.847458395099261,0.9227351170935671,0.45914370588820147,6.261515583778155,-0.05837954101794551,-0.3718477548427458,0.3134682138248003,24.092499891916912,23.945096089289738,24.38346987288952,24.441849413907466,1.1456012713508748,0.6454092908033404,0.5001919805475343,-0.2647071772006712,24.622767470134743,-1.130375766754149,-54.17970973435475,-98.28405539996066,44.10434566560591,24.287500381469727,24.390000343322754,24.33875036239624,25.232500076293945,99.80468752328306,29.13635890014106,28.642332839070562,22.274834646463937,136.43638301189839,27.12625026702881,25.622499465942383,0.0,52.0,-52.0,23.870649057506128,,0.0,0.0,57.36146284800897,0.9405020805723094,0.9780728463998507,0.9919927775363107,-3.7731139527189548,70.97815561541248,92.27351170935671,95.35225865494567,-7.726488290643288,0.09177197849049534,10.537972834152123,-0.23885075155044294,-1.5230017144099797,1.2841509628595367,-1.8901719348319463,-0.8346216202921881,-1.0555503145397582,24.5783083457254,-0.4882888602094959,-0.48948488522415623,26.37535794210013,3.768821563800252,35281299.76656133
2016-06-01,24.7549991607666,24.885000228881836,24.582500457763672,24.614999771118164,22.63921546936035,116693200,-0.35000038146972656,0,2664699175.8618174,736498000,0.06495682304763953,6152996.942000114,-0.04374443299090067,0.024541301840269054,-41439406.450104035,23.898586351426594,64.04711836839179,1554.7751729962065,23.801374912261963,25.355288637991595,22.24746118653233,13.057344220304593,0.7617985945372121,0.0,0.0,24.384083302815757,24.729083569844562,24.039083035786945,2.8297169325120346,0.8346612892376812,0.0,0.0,22.36750030517578,25.1825008392334,23.77500057220459,11.827050094519493,0.7984010797691669,0.4514793047818032,5.327546176117923,-0.035585509061053955,-0.30459530568640747,0.2690097966253535,24.25791660944621,23.881442216726448,24.41908985723239,24.454675366293444,1.0994330883273422,0.6714557347958697,0.4279773535314725,-0.2229220426913284,24.628199034795937,-0.3313755989074707,-44.08671340633178,-88.75556209011069,44.668848683778904,24.287500381469727,24.346250534057617,24.316875457763672,25.232500076293945,99.90234376164153,27.647234020642934,26.97239409635787,22.843360210779288,94.56234565852667,27.112500190734863,25.622499465942383,0.0,48.0,-48.0,24.080545342582493,,0.0,0.0,52.04398497157014,0.7968763397380519,0.910364959645868,0.9621144307516,-2.5307599539913275,65.27351690242668,79.84010797691668,89.57959966239144,-20.15989202308332,0.2581766296835504,8.771545223001766,-0.14551617851407853,-1.2475046072307996,1.101988428716721,-4.260639444001084,-1.5198251850339672,-2.740814258967117,24.58351162751026,-1.4019642672962074,-1.4118846152951114,24.603620581084208,3.440256222755451,-24788267.018150866
2016-06-02,24.399999618530273,24.459999084472656,24.157499313354492,24.43000030517578,22.469066619873047,160766400,-0.1849994659423828,0,2793579298.8300953,575731600,0.13619784606061736,1025183.3586458853,-0.07996866814753248,0.02797824355706244,-42647681.82763935,24.08779073386972,67.55158331446268,1554.7751729962065,23.845499897003172,25.418078465656066,22.27292132835028,13.189730351180689,0.6858414008125855,0.0,0.0,24.455166625976563,24.79741687774658,24.11291637420654,2.7990015934422434,0.4632340361027827,0.0,0.0,22.36750030517578,25.1825008392334,23.77500057220459,11.805164690262576,0.7326819213874384,0.4520814200799901,3.852339815446083,-0.03207919630321143,-0.2500920838097683,0.21801288750655684,24.33791669209798,23.81769224313589,24.420768387685218,24.45284758398843,1.1714059351003463,0.6635965764583234,0.5078093586420229,-0.1868115512797932,24.472900961766832,-0.4730004310607896,-35.54696752764402,-78.80189583746716,43.254928309823136,24.40625,23.77500057220459,24.090625286102295,25.232500076293945,99.95117188082077,26.030558814203896,25.08827610257807,27.736810317685688,52.36964544045311,27.037500381469727,25.622499465942383,84.0,44.0,40.0,,25.1825008392334,0.0,1.0,49.43537045506041,0.7197083266927421,0.8190289156677008,0.9024889072378066,-2.227520695251524,66.48533488209138,71.94779874616309,81.3538061441455,-28.052201253836916,0.2812133003683641,4.090332423976877,-0.13118797797691542,-1.0242412813800228,0.8930533034031074,-3.949592227596651,-2.005778593546504,-1.943813634050147,24.572320515572894,-0.7515720806930526,-0.7544106150199514,23.66713455726408,3.4322787843747093,47285407.19569594
2016-06-03,24.447500228881836,24.5674991607666,24.362499237060547,24.479999542236328,22.515043258666992,114019600,0.049999237060546875,1,2810265482.069612,689751200,0.15107488945953157,1693141.8802605774,0.02809274728123151,0.031202440821936062,-42414325.58782216,24.219379360410628,74.27294485259344,1557.9572266793584,23.903999900817873,25.479588733739718,22.328411067896027,13.182637545676497,0.6827886912444966,0.0,0.0,24.548749923706055,24.884750175476075,24.212749671936034,2.7374123147961518,0.3976929613779223,0.0,0.0,22.36750030517578,25.1825008392334,23.77500057220459,11.776274036720116,0.7504436363340699,0.42737327044259654,1.6531848892157759,-0.024977967154161007,-0.20506926047864682,0.1800912933244858,24.43020836512248,23.818653766925518,24.429880873000776,24.454858840154937,1.1894696021486295,0.5878941260311306,0.601575476117499,-0.15530683400840326,24.134949345762493,-0.264000511169435,-26.068800294980587,-68.47325739306093,42.40445709808034,24.550000190734863,23.77500057220459,24.162500381469727,25.232500076293945,99.97558594041038,24.286490277480006,25.98015852808244,26.832340645089936,57.68556128047476,26.003125190734863,25.675000190734863,80.0,40.0,40.0,,25.16200080871582,0.0,0.0,50.162436317185886,0.5854806254243761,0.7006884306183897,0.810027435310653,-1.7772360930878126,64.99129523913614,69.05281254043662,73.61357308783879,-30.947187459563377,0.2866910597857313,4.738475137876277,-0.10213907721743674,-0.8398208405475056,0.7376817633300689,-6.0223473280718265,-2.8090923404515684,-3.213254987620258,24.563410084720534,0.20466326826018566,0.2044541183134463,23.920235756612705,3.6107542815733282,-17937724.400554404
2016-06-06,24.497499465942383,25.47249984741211,24.387500762939453,24.657499313354492,22.678300857543945,93170000,0.17749977111816406,1,2763465594.823017,782921200,0.1354501109367685,3813786.4223775445,0.541510974104612,0.058974468592280525,-41738767.827024564,24.352587212500875,72.54161050337326,1569.2536750583854,23.977874851226808,25.5492969228794,22.406452779574217,13.107267273706627,0.7162450414779253,0.0,0.0,24.656249936421712,25.07800000508626,24.234499867757158,3.4210398560370705,0.5014811816590088,0.0,0.0,22.36750030517578,25.47249984741211,23.920000076293945,12.949435934175224,0.7375199181283533,0.4931358518456025,1.341151997817387,-0.0049701509834712,-0.1650494385796117,0.1600792875961405,24.515000025431316,23.855192184448242,24.464899094593655,24.469869245577126,1.1687684995004748,0.6051243228484732,0.5636441766520016,-0.12653456493081092,24.18524575229992,-0.4278756141662612,-16.68118795063136,-57.86821642479177,41.18702847416041,24.8149995803833,23.920000076293945,24.367499828338623,25.232500076293945,99.98779297020519,24.083589946066013,34.98139630919595,22.6268069255481,84.42341266847144,25.614999771118164,25.713749885559082,100.0,36.0,64.0,24.157499313354492,,1.0,0.0,52.75937481003656,0.6999776591564864,0.6683888704245344,0.7293687389035418,-0.6764561987505342,51.90136000251084,63.288252876703616,68.09628805443442,-36.711747123296384,0.34016902026008466,4.304145304469005,-0.02031130993627824,-0.6759189344252602,0.6556076244889819,-8.801486550154614,-4.007571182392177,-4.793915367762437,24.57177201335049,0.7250807779302315,0.7224647054053346,24.81875756604972,3.792198384449584,-15878252.409065366
2016-06-07,24.8125,24.967500686645508,24.739999771118164,24.75749969482422,22.770275115966797,89638000,0.10000038146972656,1,2687617940.7434034,872559200,0.14084049453973443,4549507.5326355165,-0.01935224142205579,0.05423529927023906,-41375234.0363401,24.461081065113,66.70895525431729,1575.6179038122566,24.055874824523926,25.619459620129952,22.4922900289179,12.999608677810533,0.7243641893525679,0.0,0.0,24.72766660054525,25.134166653951006,24.321166547139484,3.2878157083919732,0.5366950680928879,0.0,0.0,22.36750030517578,25.47249984741211,23.920000076293945,12.907448034568732,0.7697261648956886,0.4748224039901438,1.3070640422914699,0.018739366771590937,-0.12829167750937118,0.14703104428096211,24.61562506357829,23.906057577866775,24.509914571552205,24.491175204780614,1.1603152133685664,0.6806132210984618,0.47970199227010457,-0.09978666145702417,24.170597643904713,-0.25087451934814453,-9.213662991506355,-47.21844234675731,38.00477935525095,24.8149995803833,23.920000076293945,24.367499828338623,25.232500076293945,99.9938964851026,23.895182495467306,33.37199744073795,21.585809100849435,75.21561410627773,25.34375,25.612500190734863,96.0,32.0,64.0,24.183799324035643,,0.0,0.0,54.20711751206232,0.7267674859594301,0.6707419235134305,0.679939741518785,0.6481177328223297,48.29666479375252,65.62499140317593,65.98868560677205,-34.37500859682408,0.38703668818754267,5.127390644936551,0.07651477160611331,-0.5254321932189855,0.6019469648250988,-11.263039710851707,-5.458664888084083,-5.804374822767624,24.584395416614996,0.4055576771954561,0.4047375088039207,25.32496961993882,3.804128457411313,-3064531.3281423748
2016-06-08,24.7549991607666,24.889999389648438,24.670000076293945,24.735000610351562,22.74958038330078,83392400,-0.02249908447265625,0,2653503426.694003,789166800,0.09751419908949224,3631541.7919765087,-0.01945627954093548,0.050411364300602265,-41451019.26001396,24.54760538103157,60.894221758278746,1574.1860160711083,24.124874877929688,25.680429607889764,22.569320147969613,12.89585739060685,0.696111946648619,0.0,0.0,24.763916651407875,25.16116663614909,24.366666666666667,3.2082968969177763,0.46360472980866996,0.0,0.0,22.36750030517578,25.47249984741211,23.920000076293945,12.870531175591276,0.7624800818716467,0.4493400949265786,1.353218382926968,0.03530684697193465,-0.09557197261311003,0.13087881958504466,24.6931250890096,23.957019145672138,24.54454319290595,24.509236345934017,1.1334770584463936,0.7214596830756476,0.412017375370746,-0.07552967945909186,24.081800918467376,-0.017374801635742898,-2.7849748665184473,-37.09326358648497,34.30828871996653,24.8149995803833,23.920000076293945,24.367499828338623,25.232500076293945,99.9969482425513,23.547164637096085,32.23844144155285,21.93337363692132,63.987686166224314,25.329999923706055,25.598750114440918,92.0,28.000000000000004,64.0,24.209573334503173,,0.0,0.0,53.80757130640633,0.7063892817356205,0.711044808950512,0.6833918676294924,1.6546373045813916,44.96163754094339,64.5433046100068,64.48551629662877,-35.45669538999321,0.45477919859044746,3.906743512931511,0.14405527154578976,-0.39153470026603043,0.5355899718118202,-13.619387532014429,-7.090809416870153,-6.528578115144276,24.58822207456133,-0.09087785418557814,-0.09091917314258957,25.211076976789503,3.713300204343362,-2531220.838220954
2016-06-09,24.625,24.997499465942383,24.614999771118164,24.912500381469727,22.912832260131836,106405600,0.17749977111816406,1,2712618120.5565743,895572400,0.150861171835878,5810888.628221424,0.00943613232341112,0.05283103812729613,-40687446.62287455,24.630002910515344,66.90349488480604,1574.1860160711083,24.214124870300292,25.73498250458136,22.693267236019224,12.561739418024295,0.7295992390831397,0.0,0.0,24.769166628519695,25.163916651407877,24.37441660563151,3.187430799013328,0.6815500248756585,0.0,0.0,22.36750030517578,25.47249984741211,23.920000076293945,12.823092136791402,0.8196458780992116,0.44265605491634263,1.3402972615434543,0.062044235172834306,-0.06404873105592117,0.1260929662287555,24.76020844777425,23.999999926640438,24.601151991146534,24.5391077559737,1.1351016016268334,0.6847647491178513,0.45033685250898203,-0.05242295663603914,24.01184575393517,0.2608755111694343,2.5766746385054717,-27.94152394520437,30.518198583709843,24.8149995803833,23.920000076293945,24.367499828338623,25.232500076293945,99.99847412127565,23.408759664270736,31.991252529506447,20.621830889501215,66.06461853104717,25.257500171661377,25.598750114440918,88.0,24.0,64.0,24.23483186476135,,0.0,0.0,56.52977264199636,0.8075365179923497,0.7468977618957998,0.7095614981199141,3.2592639623194772,46.21705754803126,69.60655320232588,66.59161640516953,-30.393446797674123,0.6057498707490829,3.3392110448124663,0.25283818706786726,-0.26266012279925094,0.5154983098671182,-14.052892729050296,-8.483226079306181,-5.569666649744114,24.5897104257838,0.7176056872377101,0.7150431496000031,26.109598786226517,3.889629904452505,27069577.72318141
2016-06-10,24.63249969482422,24.837499618530273,24.6200008392334,24.707500457763672,22.724292755126953,126851600,-0.2049999237060547,0,2687831154.168192,768720800,0.20144324955547438,1265823.3496196545,-0.013287985839191644,0.04912289977556981,-41731282.766328596,24.695319553444385,60.20056821795459,1574.1860160711083,24.320249938964842,25.65660002476048,22.983899853169206,10.989608159039475,0.6448911190693972,0.0,0.0,24.743166605631508,25.107416407267255,24.37891680399577,2.9442456371193746,0.451041637212052,0.0,0.0,22.5,25.47249984741211,23.986249923706055,12.222324420480975,0.7426410668062929,0.4276404036483411,1.404727090356119,0.06593200426339507,-0.03805258399205792,0.103984588255453,24.77958345413208,24.044615305387058,24.617513293703016,24.55158128943962,1.0970471985954187,0.7451479297941094,0.3518992688013093,-0.032617318374372886,23.942697351311676,0.5847507476806655,6.4517212442478264,-19.948180098801558,26.399901343049386,24.8149995803833,23.920000076293945,24.367499828338623,25.232500076293945,99.99923706063782,23.280240760932912,30.489804072335865,19.65398456511874,49.253367935983654,25.22937536239624,25.598750114440918,84.0,20.0,64.0,24.259585224414366,,0.0,0.0,52.66924121043156,0.4015525332494833,0.6384927776591508,0.6988117828351542,3.6468830257333886,46.9998091968802,50.80390742676028,61.65125507969765,-49.19609257323972,0.7072868571561912,0.9499492243929585,0.268544838257544,-0.15641913058789197,0.42496396884543597,-12.998985751967174,-9.386378013838382,-3.6126077381287924,24.596149355706313,-0.8228797614330818,-0.8262841055777237,25.071868420590192,3.586206478501964,38226640.631321594
2016-06-13,24.672500610351562,24.780000686645508,24.274999618530273,24.334999084472656,22.381685256958008,152082000,-0.3725013732910156,0,2571887053.0978127,616638800,0.18622276307216548,-7007973.393589473,-0.06682677995207506,0.03785717405517809,-44024139.29990171,24.724160885911918,52.22670219092977,1574.1860160711083,24.405499935150146,25.494267712606053,23.31673215769424,8.922314890897221,0.4676235593405292,0.0,0.0,24.68891658782959,25.07316646575928,24.3046667098999,3.11273179252511,0.03946959558736014,0.0,0.0,22.912500381469727,25.47249984741211,24.192500114440918,10.489436695600448,0.5556636717809946,0.4353764700950304,1.6251098255713414,0.03851140606026604,-0.02273978598159313,0.06125119204185917,24.732083320617676,24.08403836763822,24.574049569206036,24.53553816314577,1.0092635305304276,0.8282107704564144,0.18105276007401316,-0.018793823005879434,23.979844639841104,0.6970009803771973,8.332610826472148,-13.002366703154122,21.334977529626272,24.8149995803833,23.920000076293945,24.367499828338623,25.232500076293945,99.99961853031891,22.2379169617338,28.042708501870457,23.55964677507033,10.098156557799918,25.177500247955322,25.598750114440918,80.0,16.0,64.0,,25.47249984741211,0.0,1.0,46.46038603177768,0.0,0.4030296837472774,0.596140074434076,2.2136816051683574,41.01572937424026,13.498075971913396,44.63617886699984,-86.5019240280866,0.6780368356143747,-2.2887034188218123,0.15696173364606725,-0.09374295774110014,0.2507046913871674,-10.473675811821407,-9.603837573434987,-0.8698382383864196,24.569138664489504,-1.5076449110171586,-1.5191254131936116,23.186228761233085,3.3047601397429958,51012739.00512466
2016-06-14,24.329999923706055,24.6200008392334,24.1875,24.364999771118164,22.409282684326172,127727600,0.030000686645507812,1,2548999109.8515778,744366400,0.13014933224111536,-5459417.808279154,-0.04190313085421572,0.030755090269087983,-43866674.09144694,24.725576557261363,45.138467842846495,1576.1267049211863,24.45024995803833,25.451599439994354,23.448900476082308,8.190914069791067,0.4574323508144029,0.0,0.0,24.63566659291585,25.023666508992513,24.247666676839195,3.149903937961481,0.1512024737858281,0.0,0.0,23.252500534057617,25.47249984741211,24.362500190734863,9.079658969394867,0.5011259374578472,0.43508890700886715,1.80486147808158,0.018982372145657678,-0.01439535435614297,0.033377726501800646,24.670624891916912,24.129615270174465,24.5418880618079,24.52290568966224,0.9626367973720555,0.9105791675955179,0.052057629776537606,-0.0093026302517056,24.0896834271764,0.6372496604919426,9.463731913022555,-7.052317223225864,16.51604913624842,24.8149995803833,23.920000076293945,24.367499828338623,25.232500076293945,99.99980926515946,21.05109074869051,26.109933067733554,23.330233853175116,-9.440274469490664,25.086874961853027,25.52999973297119,76.0,12.0,64.0,,25.448549842834474,0.0,0.0,47.002261890609894,0.041352329619434525,0.14763495428963894,0.39638580523202244,1.1765147685399397,39.93461894796197,15.779496083047231,26.693826493906958,-84.22050391695277,0.6394339449265409,-2.9379588388063467,0.07740670043705218,-0.059513026105469685,0.13691972654252188,-9.851998769496912,-9.653469812647373,-0.19852895684953964,24.553035967006167,0.12328205372587053,0.123206123800923,23.338095273957382,3.5542142471081704,10259389.189668745
2016-06-15,24.454999923706055,24.602500915527344,24.25749969482422,24.28499984741211,22.335695266723633,117780800,-0.07999992370605469,0,2449994996.8750186,626585600,0.12686380018069784,-6025565.980530431,0.007689065247647014,0.02434567393101249,-44253395.006798945,24.698113551376675,37.670265250489734,1570.9516580371624,24.495874977111818,25.371960880845887,23.61978907337775,7.152925988989216,0.37964928507529183,0.0,0.0,24.604416592915854,24.99666665395101,24.212166531880698,3.1884524435185635,0.09284041325475278,0.0,0.0,23.392499923706055,25.47249984741211,24.432499885559082,8.491225259965368,0.4290865175205567,0.42608013837829295,2.0037666466926494,-0.00291623662604934,-0.012099530810124244,0.009183294184074904,24.6037499109904,24.171442178579476,24.5023667980547,24.50528303468075,0.9285104009217975,0.9897254726236869,-0.061215071701889445,-0.0037462453520713673,24.184283272558243,0.4691251754760728,11.278242196535015,-1.849516142761526,13.127758339296541,24.829999923706055,23.920000076293945,24.375,25.232500076293945,99.99990463257973,19.949037836578885,24.650432261212906,22.026113500331178,-21.813141023656733,24.674999713897705,25.52999973297119,72.0,8.0,64.0,,25.398107849121097,0.0,0.0,45.67473399504506,0.0,0.013784109873144509,0.18814958263668702,-0.06524829941893644,38.12514244298769,9.695854165488173,12.991142073482925,-90.30414583451183,0.5655737540301153,-3.198803321656723,-0.011900440496533658,-0.049990508983682486,0.038090068487148826,-9.866719327454533,-9.696119715608805,-0.17059961184572714,24.541611658908565,-0.3283395216809537,-0.3288797387098974,22.933127561884458,3.506886636279326,9168452.266286269
2016-06-16,24.112499237060547,24.4375,24.017499923706055,24.387500762939453,22.429975509643555,125307200,0.10250091552734375,1,2545467609.922189,751892800,0.16400008995233453,-3329899.023002088,-0.06787332223934998,0.01635052029752587,-43724504.62990498,24.630896486861182,26.736797880174905,1570.9516580371624,24.533250045776366,25.31924197799141,23.747258113561323,6.407564678536018,0.40728321954516133,0.0,0.0,24.597583325703937,25.001583417256676,24.193583234151205,3.284876292140162,0.23999688718255555,0.0,0.0,23.392499923706055,25.47249984741211,24.432499885559082,8.47828934130212,0.4783658056393332,0.42547213216985824,2.138031678293172,-0.011863321614512756,-0.012052288971001949,0.0001889673564891923,24.555624961853027,24.211153763991135,24.484695100344663,24.496558421959175,0.8623096142952504,1.0614377029517597,-0.19912808865650922,-0.00023958345548580513,24.328934708459887,0.08174972534179759,13.116360947750913,2.5043906619864185,10.611970285764494,24.744999885559082,23.920000076293945,24.332499980926514,25.232500076293945,99.99995231628986,18.743649157903388,22.967286637354334,24.423900426107668,-52.47309833748811,24.623124599456787,25.52999973297119,68.0,4.0,64.0,,25.349683535156252,0.0,0.0,47.71246078925313,0.14920866712906578,0.06352033224949977,0.07497979880409449,-0.5986115854601712,43.294867556662226,25.429612277295732,16.968320841943704,-74.57038772270427,0.44361057842478857,-2.3132360749798493,-0.048428523754905306,-0.04967811193792705,0.0012495881830217465,-9.315231796627591,-9.619942131812564,0.30471033518497315,24.540525802335377,0.42207500997066827,0.42118677187734654,23.451997572298566,3.6713646203695234,23208994.985223144
2016-06-17,24.155000686645508,24.162500381469727,23.825000762939453,23.832500457763672,21.919519424438477,244032800,-0.5550003051757812,0,2312280283.0819488,507860000,0.06481542577489618,-22202524.658701845,-0.032327756694195166,0.013385719031024904,-49278098.65290218,24.508788020817494,17.301547440252577,1570.9516580371624,24.547375106811522,25.269759225243035,23.82499098838001,5.885632295007077,0.005197698282714395,0.0,0.0,24.54458344777425,24.96183350880941,24.127333386739096,3.3999359730262086,-0.35330483624612596,0.0,1.0,23.6299991607666,25.47249984741211,24.551249504089355,7.505896979324042,0.10990568332744997,0.4391749189528724,2.4578069375526823,-0.06301148010537005,-0.022244127197875573,-0.04076735290749448,24.490416685740154,24.238269145672138,24.38435746302451,24.44736894312988,0.7731446071849901,1.0562965065152072,-0.2831518993302171,-0.002693035419773397,24.27088564545674,-0.11737480163574077,11.999671455135285,5.691152818182712,6.308518636952574,24.411250114440918,23.920000076293945,24.16562509536743,25.232500076293945,49.99997615814493,18.084024754551358,20.908212864907956,25.302330714160338,-138.66650361565962,24.499374866485596,25.52999973297119,64.0,0.0,64.0,,25.26975251846924,0.0,0.0,39.14955630351022,0.0,0.04973622237635492,0.04234688816633314,-3.730005116562534,37.39805308465951,0.45521693425519005,11.860227792346356,-99.54478306574481,0.2792577014249922,-3.178953161204707,-0.25774340073956026,-0.09129116969825371,-0.16645223104130655,-1.839782475053197,-8.063910200460692,6.224127725407494,24.485630132587925,-2.275757202719142,-2.302052264013099,20.64252984564632,3.0810176877716557,138945921.41584712
2016-06-20,24.0,24.142499923706055,23.75749969482422,23.774999618530273,21.86663818359375,137647600,-0.05750083923339844,0,2187146039.2704244,370212400,-0.005213464673842983,-20161428.638667744,-0.012237084951313643,0.013553659737509717,-49610201.97258908,24.422407034195636,17.668134469243455,1567.1614120706379,24.545875072479248,25.274516633130904,23.81723351182759,5.936977667327955,-0.02898125469232545,0.0,1.0,24.449833424886066,24.797083600362143,24.102583249409996,2.8405115850206792,-0.47168245549568316,0.0,1.0,23.75749969482422,25.47249984741211,24.614999771118164,6.986917954743211,0.010204036238508643,0.43375744994576876,2.7401717936635923,-0.1069537056412635,-0.03918604288655316,-0.06776766275471033,24.43583329518636,24.284038396982048,24.29061010233309,24.397563807974354,0.7794487653229186,1.0568083712970444,-0.2773596059741258,-0.009488590067221947,24.248365029892746,-0.06587553024291992,9.486100348652014,7.76890430042253,1.717196048229484,24.3774995803833,23.986249923706055,24.181874752044678,25.232500076293945,24.999988079072466,17.629611055770813,19.612193390053896,24.82072341390126,-154.54944598789038,24.20187520980835,25.232500076293945,60.0,0.0,60.0,,25.154172378026857,0.0,0.0,38.38100776292779,0.0,0.04973622237635492,0.054330925667403274,-6.522287166238197,30.43691305020118,1.0204036238508642,8.96841094513392,-98.97959637614913,0.14493412130019223,-2.68113253566656,-0.43837862863301796,-0.16070866148520657,-0.2776699671478114,-2.1043460404817447,-6.8719973684649025,4.767651327983158,24.384819913840804,-0.24127069392194667,-0.24156222066746835,20.351454776722733,3.3297276690702553,-33431690.117155552
2016-06-21,23.735000610351562,24.087499618530273,23.670000076293945,23.977500915527344,22.052881240844727,142185600,0.2025012969970703,1,2254408292.040309,512398000,0.01904283986453186,-13167971.91681426,-0.020921124542847346,0.015183896055227812,-48399149.653922975,24.36511323787049,25.124524120266216,1567.1614120706379,24.53937511444092,25.285649082292505,23.793101146589333,6.082257305830245,0.12354696591445571,0.0,0.0,24.358833440144856,24.72508347829183,23.992583401997884,3.0071229728380184,-0.02059042307114714,0.0,1.0,23.670000076293945,25.47249984741211,24.571249961853027,7.345336882916101,0.17059688115391167,0.43213165917482466,2.8714613738927297,-0.12400857995433512,-0.056150550300109556,-0.06785802965422556,24.393958409627277,24.335865387549767,24.24243945820913,24.366448038163465,0.7998339783569878,1.04318907298774,-0.24335509463075222,-0.017265271855666488,24.172088437140864,0.11812419891357351,7.621168374387512,8.925142438300972,-1.3039740639134596,24.333749771118164,24.192500114440918,24.26312494277954,25.232500076293945,12.499994039536233,17.415846386722176,18.288315243775465,24.55997977506635,-142.6903019100476,24.20187520980835,25.232500076293945,56.00000000000001,0.0,56.00000000000001,,25.014505109706594,0.0,0.0,42.65083099905074,0.23526797909247518,0.07842265969749139,0.05929836815006715,-7.703271151250816,35.453858339727084,17.059688115391168,6.178436224499065,-82.94031188460883,0.034014886968275704,-2.052690506966731,-0.5089317070756851,-0.2303532706033023,-0.27857843647238284,-2.0386977234982946,-5.905337439471581,3.8666397159732866,24.341869827261988,0.8517404847369292,0.8481336416277241,21.376536841025917,3.636683575807954,14474289.465055853
2016-06-22,24.0625,24.22249984741211,23.837499618530273,23.887500762939453,21.970109939575195,116876400,-0.09000015258789062,0,2167890075.31411,395521600,-0.047898286923294855,-12789532.190686988,0.049822924524196566,0.024454724103208456,-48837848.160117656,24.341392401355943,32.24989378305017,1561.2790323049937,24.510000133514403,25.308519068703358,23.711481198325448,6.515862348748656,0.11021627469131562,0.0,0.0,24.28058344523112,24.663333574930828,23.897833315531415,3.152725967751665,-0.013497778041340072,0.0,1.0,23.670000076293945,25.47249984741211,24.571249961853027,7.354140192979713,0.12066613828781973,0.42741851614552573,2.9902843155912353,-0.14313695713022767,-0.07354783166613318,-0.06958912546409449,24.329791863759358,24.351923135610726,24.18783350509072,24.330970462220947,0.8818829685293201,0.9756196194989167,-0.0937366509695966,-0.02605348910900887,24.140108682935036,0.24749956130981587,5.638240279341084,9.265316398393816,-3.627076119052732,24.25374984741211,24.362500190734863,24.308125019073486,25.232500076293945,6.2499970197681165,16.791503904443623,19.342308152389272,23.017000007404977,-113.84125686588379,24.20187520980835,25.232500076293945,52.0,0.0,52.0,,24.853164505697077,0.0,0.0,41.281675604852396,0.1598272863885091,0.13169842182699443,0.08661910130028032,-9.083090551616477,35.11219286737071,12.066613828781973,10.048901856007992,-87.93338617121803,-0.05524992101332771,-3.122776323055632,-0.5882911959984437,-0.3019408556823306,-0.2863503403161131,-3.3890157506529817,-5.402073101707861,2.0130573510548797,24.29025204437971,-0.3753525144466141,-0.3760587297489515,20.920946958044915,3.4794447450684203,-7667702.755480558
2016-06-23,23.985000610351562,24.072500228881836,23.8125,24.024999618530273,22.096572875976562,128960800,0.1374988555908203,1,2249730019.0150967,524482400,-0.06607086919108311,-8429318.67543504,-0.01764095821749278,0.021188030853299577,-48095536.832028136,24.30648350753006,25.621647252284887,1561.2790323049937,24.466000080108643,25.269572406392147,23.66242775382514,6.5688900813568205,0.22560001934238955,0.0,0.0,24.193416786193847,24.563916969299317,23.82291660308838,3.0628181738835423,0.2727164852498429,0.0,0.0,23.670000076293945,25.47249984741211,24.571249961853027,7.367365998595059,0.19694845343370415,0.41067668741915675,3.0674187780844173,-0.1455238173533253,-0.08794302880357162,-0.057580788549753695,24.268750190734863,24.377019295325645,24.16278213792757,24.308305955280897,0.8446479866795465,1.018741738268341,-0.17409375158879448,-0.03399517331363179,24.116096069491082,0.2690005302429199,3.8725677913217127,8.978743792513137,-5.106176001191425,24.225000381469727,24.432499885559082,24.328750133514404,25.232500076293945,3.1249985098840583,16.27871813471505,18.4971565397007,22.431416946397356,-104.47716421612631,24.126874923706055,25.232500076293945,48.0,4.0,44.0,,24.7111847741687,0.0,0.0,44.227364857051064,0.32213526006202375,0.239076841847669,0.14973264112405169,-9.435933283162514,37.54459991038293,19.694845343370414,16.27371576251451,-80.30515465662958,-0.12986018797930754,-2.9586997286607306,-0.5986588190104245,-0.36128444834794937,-0.23737437066247513,-3.7455414909908593,-5.070766779564461,1.3252252885736016,24.25660783823285,0.5756100521162377,0.5739597473075619,21.61698008384956,3.6700077020107713,19644429.73859462
2016-06-24,23.227500915527344,23.665000915527344,23.162500381469727,23.350000381469727,21.47574806213379,301245600,-0.6749992370605469,0,2173294329.340579,223236800,-0.14742667359307024,-36273780.31720813,-0.08819942565757881,-0.023791283415428337,-56559243.52907266,24.144012678505735,18.318377458051145,1561.2790323049937,24.37837505340576,25.263293301112686,23.493456805698838,7.259862445863038,-0.08105631486346199,0.0,1.0,24.060500144958496,24.45950050354004,23.661499786376954,3.3166422657689147,-0.39034978065510595,0.0,1.0,23.162500381469727,25.47249984741211,24.317500114440918,9.475608857776049,0.08116884993456389,0.4558589423832958,3.4632931229813084,-0.19958156644059954,-0.11027073633097721,-0.08931083010962233,24.15333350499471,24.36586548731877,24.03773879078021,24.23732035722081,0.7106398326813812,1.1842557350779737,-0.47361590239659246,-0.04636572735749916,24.22298817605057,0.5341253280639648,-0.41050069064133415,8.007286957278307,-8.41778764791964,23.891250610351562,24.317500114440918,24.10437536239624,25.232500076293945,1.5624992549420291,17.243952659078595,15.999650758771613,29.57820673636194,-190.7551230849198,24.15875005722046,25.232500076293945,44.0,100.0,-56.0,,24.586242610423728,0.0,0.0,34.95633380144696,0.0,0.16065418215017727,0.1771431486082803,-12.83349311805566,36.36020544385466,10.21798874923602,13.993149307129462,-89.78201125076399,-0.2532499145059006,-5.599353930487535,-0.8234473262682275,-0.45371702393200497,-0.3697303023362225,5.211967809277055,-3.0142198617961578,8.226187671073212,24.09704044405562,-2.809570230086189,-2.849793852638438,18.200065616683858,2.9370672971397767,189084569.28215644
2016-06-27,23.25,23.262500762939453,22.875,23.010000228881836,21.163043975830078,181958400,-0.3400001525878906,0,2118119812.0903058,41278400,-0.20615347290098113,-39929795.09541389,-0.07347166533008555,-0.02765695655171618,-59208746.00247495,24.019775839149105,17.600726484236347,1538.5451950226081,24.27450008392334,25.281395644689407,23.26760452315727,8.295911819275085,-0.12792006654565238,0.0,1.0,23.91908353169759,24.306333859761555,23.531833203633624,3.2380030576905736,-0.6737669886048401,0.0,1.0,22.875,25.47249984741211,24.173749923706055,10.7005286964999,0.05197314217990686,0.4577730862919388,4.003144544589353,-0.26678258924885867,-0.14157310691455352,-0.12520948233430515,23.994791825612385,24.345096294696514,23.879625165872767,24.146407755121626,0.6101765443985405,1.1610597476397169,-0.5508832032411763,-0.06381483781510806,24.37952248156786,0.43300037384033274,-4.954461022748356,6.405265519970428,-11.359726542718784,23.738750457763672,24.173749923706055,23.956250190734863,25.232500076293945,0.7812496274710146,18.62227897577024,14.813400760663361,31.872771315589578,-208.42677881708713,24.15875005722046,25.232500076293945,40.0,100.0,-60.0,,24.386918698370167,0.0,0.0,31.387294226508004,0.0,0.10737842002067426,0.1690364813395069,-16.941986080416267,31.907132896635353,6.360436412260593,12.091090168289,-93.6395635877394,-0.42284542532528135,-7.636729045483517,-1.1048541545160984,-0.5839444500488237,-0.5209097044672747,5.730555886148955,-1.2652647122071354,6.99582059835609,23.908929758269725,-1.45610341341883,-1.4668086457605423,16.478950426576034,2.96027745042975,-24399344.811008394
2016-06-28,23.225000381469727,23.415000915527344,23.03499984741211,23.397499084472656,21.519437789916992,161779600,0.3874988555908203,1,2264997142.2554417,203058000,-0.173702488953603,-25269908.673506103,0.036701269438795356,-0.023645703053163974,-56484304.05400189,23.936203536127152,24.273277020500217,1564.4549949537568,24.196125030517578,25.219714868268706,23.17253519276645,8.460774908875834,0.10988966645099855,0.0,0.0,23.808250172932944,24.19025052388509,23.426249821980797,3.208974604832022,-0.03763182080393164,0.0,1.0,22.875,25.47249984741211,24.173749923706055,10.735189391425237,0.20115461604096815,0.45249584632729567,4.302749273345818,-0.28548111619681293,-0.1703547087710054,-0.11512640742580754,23.885625044504803,24.32942317082332,23.805451922580446,24.09093303877726,0.6553833411068902,1.1146001710701092,-0.459216829963219,-0.08071060447071726,24.50529802002016,0.13887405395507812,-7.998182999442609,4.263440498195136,-12.261623497637745,23.65625,24.173749923706055,23.914999961853027,25.221250534057617,0.3906248137355073,19.394511764507083,16.269268728747754,29.841215690656863,-143.79102149433177,24.16687536239624,25.232500076293945,36.0,96.0,-60.0,,24.14501170663094,0.0,0.0,39.02797570633715,0.30389531825638594,0.10129843941879497,0.1231103471965489,-17.849955922427014,40.85731118287335,24.6171597617184,13.731861641071665,-75.3828402382816,-0.5540365050820739,-5.302039255368637,-1.1850147760458123,-0.7041585152482215,-0.4808562607975908,5.085976568286922,0.004983543891675879,5.080993024395246,23.867026372495665,1.6840454225829804,1.670022592565923,18.4405088595075,3.6170139304971016,69104.5916313827
2016-06-29,23.49250030517578,23.637500762939453,23.407499313354492,23.600000381469727,21.7056827545166,146124000,0.2025012969970703,1,2363471827.4205093,349182000,-0.10539972275297421,-17432736.07409096,0.046826908849193015,-0.020974933301322413,-55219626.17473072,23.866979693585417,25.418210906928735,1577.9950816283163,24.145375061035157,25.18143279500339,23.109317327066925,8.58183176984631,0.23680294944733596,0.0,0.0,23.724916839599608,24.09541721343994,23.35441646575928,3.123301770414835,0.33142195399819413,0.0,0.0,22.875,25.47249984741211,24.173749923706055,10.757753154987643,0.2791146964616937,0.43124642954124576,4.461826452838125,-0.28072366357568157,-0.19242849973194062,-0.08829516384374095,23.82437515258789,24.30990395179162,23.773843993178797,24.05456765675448,0.7169101965260322,1.0964507576348832,-0.37954056110885104,-0.09474729102423327,24.56905355155387,0.2196247100830071,-9.6748600226108,1.7310826125993901,-11.40594263521019,23.548749923706055,24.173749923706055,23.861249923706055,24.802499771118164,0.19531240686775364,19.412635052919576,19.257039900042095,28.67480222348757,-91.0321799388324,24.067500114440918,25.232500076293945,32.0,92.0,-60.0,,23.941809833569987,0.0,0.0,42.6238228834482,0.5279840545335585,0.2772931242633145,0.16198999456759466,-17.385740276660925,45.309940221309944,36.94270177808662,22.640099317355197,-63.05729822191338,-0.6634408614214706,-3.0203358563999605,-1.1670285144237662,-0.7967325150833304,-0.3702959993404358,3.758846441540996,0.75575612342154,3.003090318119456,23.854739737333833,0.8654826580651864,0.8617588275542598,19.465590923810684,3.688652867464235,163150.42583984137
2016-06-30,23.610000610351562,23.9424991607666,23.575000762939453,23.899999618530273,21.981597900390625,143345600,0.2999992370605469,1,2473662875.3592663,492527600,-0.11262556224372021,-8798977.97265135,0.06056793403408347,-0.01569951045323133,-53397441.00774437,23.814361511755294,31.719956554264712,1598.0542898029692,24.11887502670288,25.15156381645196,23.0861862369538,8.563324687455392,0.3940264432299158,0.0,0.0,23.677416801452637,24.04266700744629,23.312166595458983,3.085220056363963,0.8046990986248809,0.0,0.0,22.875,25.47249984741211,24.173749923706055,10.769572977745948,0.39461007843811086,0.4248716263698361,4.473975484851234,-0.24986562151639546,-0.2039159240888316,-0.04594969742756386,23.785625139872234,24.287788537832405,23.793252550925178,24.043118172441574,0.7595877046328171,1.0309281302048956,-0.2713404255720785,-0.1036860663621923,24.61138758771413,0.16612482070922852,-12.059661251291848,-0.9421765770036247,-11.117484674288223,23.548749923706055,24.173749923706055,23.861249923706055,24.69499969482422,2.293267375799039,18.57142286835033,23.11643832059088,26.938462605578582,-48.0589652838773,24.06999969482422,25.232500076293945,28.000000000000004,88.0,-60.0,22.875,,1.0,0.0,47.55812614857471,0.9905462134131837,0.6074751954010423,0.328688919694384,-15.345079642808177,47.14504736270264,53.80573485961218,38.45519879980572,-46.19426514038782,-0.728940890817082,-1.9084759160929423,-1.0392396681841107,-0.8452339457034865,-0.1940057224806242,2.5292188502865334,1.1104486687945387,1.4187701814919946,23.8559586610614,1.2711831873363,1.2631714780852565,20.984217430286133,3.8757275043420236,9513832.951554582
2016-07-01,23.872499465942383,24.11750030517578,23.832500457763672,23.97249984741211,22.04828453063965,104106000,0.07250022888183594,1,2471836063.162936,596633600,-0.11956027508154957,-6463737.001133669,0.05920056153686041,-0.006697557489735941,-53081637.286052234,23.77670328887826,37.28687096890998,1602.901959410733,24.09350004196167,25.11432007142308,23.072680012500257,8.473820969834463,0.44073382620960166,0.0,0.0,23.680833435058595,24.04083366394043,23.320833206176758,3.040435463296394,0.9050919818293378,0.0,0.0,22.875,25.47249984741211,24.173749923706055,10.78091536260094,0.42252162151445327,0.41088444847406347,4.422168398656188,-0.21705812732534113,-0.20654436473613352,-0.01051376258920761,23.759583473205566,24.251923120938816,23.820829058077013,24.037887185402354,0.8536586799096617,0.992298134537147,-0.13863945462748528,-0.10804197974006266,24.556079615995426,0.2940007209777846,-12.947741215678215,-3.434825639706984,-9.512915575971231,23.548749923706055,24.173749923706055,23.861249923706055,24.69499969482422,10.245714413498462,17.34119436220117,24.959498199222654,25.641715800479986,-20.563711857144135,24.206249713897705,25.232500076293945,24.0,84.0,-60.0,22.89634998321533,,0.0,0.0,48.70618238853161,1.0,0.8395100893155805,0.5747594696599791,-13.36261794658416,50.66358195800444,62.893943815766605,51.2141268178218,-37.106056184233395,-0.6539336092331816,-1.2868025611015232,-0.9029833847342267,-0.8567838335096346,-0.04619955122459207,-0.5073290247798018,0.7868931300796707,-1.2942221548594723,23.857094318808333,0.30334824284108386,0.3028890704188658,21.351220927975945,3.761422982608998,-23912430.471530274
2016-07-05,23.84749984741211,23.850000381469727,23.614999771118164,23.747499465942383,21.841341018676758,110820800,-0.22500038146972656,0,2485982786.9341197,485812800,-0.09742158003399436,-9102449.183083184,-0.05142330656947862,-0.007377570040826148,-54121775.8795862,23.738414953255205,37.63904179606251,1602.901959410733,24.048000049591064,25.04505409999231,23.050945999189818,8.292199337534525,0.3493057705709385,0.0,0.0,23.665416781107588,24.010417048136393,23.320416514078776,2.915649195785361,0.6189603207291783,0.0,0.0,22.875,24.997499465942383,23.93624973297119,8.826095565391833,0.41107170104987323,0.40554601125605166,4.408055755903922,-0.206829401596881,-0.20660137210828305,-0.00022802948859795835,23.706250031789143,24.199807680570164,23.809547582363994,24.016376983960875,0.8079757737863744,0.9895973056704208,-0.1816215318840464,-0.11073526053313547,24.501799220920503,-0.21549959182739187,-14.195792409312489,-5.858932393451429,-8.33686001586106,23.548749923706055,24.173749923706055,23.861249923706055,24.550000190734863,25.100684380365742,16.709821571250533,23.435538402671447,27.79078801621222,-50.74506530523954,24.298750400543213,25.232500076293945,20.0,80.0,-60.0,22.945195996093748,,0.0,0.0,45.38547643419707,0.8082610198028706,0.9329357444053511,0.7933070097073247,-12.730760163054747,47.799570158286045,50.506454618927954,55.735377764768906,-49.493545381072046,-0.5352277867934312,-2.624300469401319,-0.8612015115144561,-0.8576673691105989,-0.003534142403857188,-2.629543194468605,0.10360586517001547,-2.7331490596386208,23.856544859379706,-0.9385770482923439,-0.9430094387380628,20.212246220523422,3.451443329767546,6266253.640103236
2016-07-06,23.649999618530273,23.915000915527344,23.592500686645508,23.88249969482422,21.965511322021484,123796400,0.13500022888183594,1,2584827055.069887,609609200,-0.03566123020834935,-5414593.251964542,0.005535995884759053,-0.007531360709603858,-53418015.79070965,23.706798067918786,43.31599004192118,1602.901959410733,24.004250049591064,24.948316071429552,23.060184027752577,7.865823926080713,0.43551809304091504,0.0,0.0,23.65391680399577,23.989417139689127,23.31841646830241,2.8367423329795782,0.8406597050880016,0.0,0.0,22.875,24.997499465942383,23.93624973297119,8.842181953435125,0.4746760651724792,0.39724143301863013,4.356567694224079,-0.18568916344758435,-0.20241893037614334,0.016729766928558987,23.71041663487752,24.15346152965839,23.820770984280948,24.006460147728532,0.7911229451184996,0.9751961713592305,-0.18407322624073097,-0.11089895626077413,24.45339987992231,-0.22925043106079102,-15.760561069288409,-8.236576987743595,-7.523984081544814,23.49625015258789,24.173749923706055,23.835000038146973,24.49375057220459,62.550342190182874,15.946796487122963,23.251854786807368,26.23463851961584,-36.78725352919235,24.35562562942505,25.232500076293945,16.0,76.0,-60.0,22.99208816845703,,0.0,0.0,47.689927984899455,0.9413210366551954,0.9165273521526883,0.8963243952912068,-11.507016984475458,57.795878434356624,64.47998046875,59.29345963448151,-35.52001953125,-0.4380071415620712,0.20979434008259562,-0.7734966434239331,-0.8408332239732659,0.06733658054933278,-3.6023417984735433,-0.6375836675586963,-2.9647581309148467,23.856740491800064,0.5684818693245886,0.5668721090612561,20.89563104499492,3.6815498834732807,21480381.26612267
2016-07-07,23.924999237060547,24.125,23.905000686645508,23.985000610351562,22.05978012084961,100558400,0.10250091552734375,1,2557402195.4009,710167600,-0.03314300935396947,-3168604.4925460583,0.05715556324102968,0.0013992739675661174,-52986430.81444359,23.687229492644274,48.606718255486896,1609.7814284964495,23.966750049591063,24.849309104477374,23.084190994704752,7.364862178310822,0.5103395691537325,0.0,0.0,23.65616683959961,23.975167083740235,23.337166595458985,2.6969732358044545,1.0154130393188547,1.0,0.0,22.875,24.997499465942383,23.93624973297119,8.856017030054513,0.5229686170303586,0.38176732023434523,4.292500820393576,-0.15883347176777107,-0.1937018386544689,0.03486836688669784,23.727916717529297,24.11576923957238,23.846037080599505,24.004870552367276,0.8796587431063106,0.9030087284093657,-0.0233499853030551,-0.10831610953966936,24.399686211058036,0.010750865936280718,-16.30560891074517,-10.47859662130658,-5.82701228943859,23.5,24.173749923706055,23.836874961853027,24.390000343322754,81.27517109509144,14.933961753387072,25.999588913059146,25.096661846496744,7.336981025378175,24.33875036239624,25.232500076293945,12.0,72.0,-60.0,23.03710465392578,,0.0,0.0,49.43451071667029,1.0,0.9165273521526883,0.9219968162369093,-9.980726323929298,59.69047643744857,82.37482271210143,65.78708593325979,-17.625177287898563,-0.35061003741096286,0.8832849429684699,-0.6616718528903188,-0.8050009497566765,0.14332909686635764,-5.693325692418811,-1.6487320725307195,-4.044593619888092,23.857717861844833,0.4291883883057679,0.42827000174376906,21.41450105540903,3.721500984336057,-6906363.097171664
2016-07-08,24.122499465942383,24.22249984741211,24.012500762939453,24.170000076293945,22.229930877685547,115648400,0.1849994659423828,1,2615226395.4009,825816000,-0.03348134392870934,340466.4688306735,0.018612361388154038,0.005037853830591061,-52094419.48683674,23.682316245779614,57.56323404800968,1609.7814284964495,23.929625034332275,24.706008183911916,23.153241884752635,6.488886879470522,0.6548043914218238,0.0,0.0,23.672666867574055,23.986666997273765,23.35866673787435,2.6528496468626677,1.2919315339065462,1.0,0.0,22.875,24.837499618530273,23.856249809265137,8.201129836822094,0.6598727786065904,0.3673405119169654,4.117726644267476,-0.1212248274788621,-0.17920643641934758,0.057981608940485485,23.743958314259846,24.098653866694523,23.895877541475574,24.017102368954436,0.9670957367076818,0.8636150303065583,0.1034807064011235,-0.10229465758801566,24.33797961465878,-0.042124271392822266,-17.308178763535707,-12.356116407183732,-4.952062356351975,23.548749923706055,24.173749923706055,23.861249923706055,24.346250534057617,90.63758554754571,14.242241943742993,26.6581425918466,23.99871606251555,45.15748360562314,24.316875457763672,25.232500076293945,8.0,68.0,-60.0,23.102378374690232,,0.0,0.0,52.51280530929006,1.0,0.9804403455517315,0.9378316832857028,-7.769086093664418,59.05649565710255,96.10391264837688,80.98623860974276,-3.896087351623122,-0.2962496869704303,0.8028324613343796,-0.5047437680723826,-0.7449495134198177,0.2402057453474351,-6.452005155237946,-2.6093866890721653,-3.8426184661657805,23.860703440441014,0.7713131592022471,0.7683537470700497,22.350987079229157,3.8377612916858226,20778497.139366597
2016-07-11,24.1875,24.412500381469727,24.1825008392334,24.2450008392334,22.298913955688477,95179600,0.07500076293945312,1,2571774941.8324924,920995600,-0.04033702231451106,1311620.2041794304,0.043496702857365496,0.009018838674068141,-51799072.25498988,23.696546714672493,63.71112871088587,1614.7766637021543,23.90650005340576,24.613257494659475,23.199742612152047,5.912680147029955,0.7394745113876497,0.0,0.0,23.761416880289712,24.04816691080729,23.474666849772134,2.4135768667519057,1.343215183047807,1.0,0.0,22.875,24.780000686645508,23.827500343322754,7.968546974211385,0.7191602863124507,0.35485649124284696,3.9327490278596566,-0.08439491906954544,-0.16024413294938716,0.07584921387984173,23.773749987284344,24.091538502619816,23.9495888180537,24.033983737123247,1.0102940719982916,0.8161764843378639,0.19411758766042764,-0.09341244047325882,24.324500337145434,0.11849956512451243,-15.081914458780401,-13.481389011187295,-1.6005254475931068,23.723750114440918,24.173749923706055,23.948750019073486,23.920000076293945,95.31879277377286,14.068622682497624,29.03072853553693,22.89722121406508,88.38802511616394,24.090625286102295,25.232500076293945,4.0,64.0,-60.0,23.191988092507984,,0.0,0.0,53.74228133861675,1.0,1.0,0.9656558992348067,-5.582710197046219,56.039847268913164,89.10572353314072,89.19481963120633,-10.894276466859283,-0.24803643507116035,1.496598911044696,-0.3511482740132998,-0.6661892655385142,0.3150409915252144,-8.26339623578218,-3.7401885984141687,-4.523207637368011,23.90271889387671,0.31030518288253095,0.30982473000680244,22.730648533443954,3.786835048555794,-3464138.7206997126
2016-07-12,24.292499542236328,24.424999237060547,24.280000686645508,24.354999542236328,22.400081634521484,96670000,0.10999870300292969,1,2575107863.9198103,1017665600,0.001141422519968841,2643327.9777671136,0.008249535783055349,0.011102457268775475,-51360483.91713815,23.713621629876833,62.88076618386469,1614.7766637021543,23.907500076293946,24.616732164510204,23.19826798807769,5.9331346728260685,0.815481683201798,0.0,0.0,23.89183349609375,24.154333305358886,23.629333686828613,2.197401964215553,1.382221681301795,1.0,0.0,22.875,24.6200008392334,23.7475004196167,7.298968247055224,0.8481368655882774,0.3373706819012771,3.8026794659907286,-0.045802986952956815,-0.1373559037501011,0.09155291679714428,23.801249980926514,24.086730810312126,24.011959698697183,24.05776268565014,1.0416451252279992,0.7861184223429502,0.2555267028850491,-0.08191367661326428,23.929370275301405,-0.5574996948242195,-11.082834354505975,-13.824128050638778,2.7412936961328036,23.91624927520752,24.173749923706055,24.044999599456787,23.920000076293945,97.65939638688644,13.938158259236257,28.249063007726527,22.086876508108787,108.99179918000675,24.162500381469727,25.232500076293945,0.0,60.0,-60.0,23.31403932140416,,0.0,0.0,55.559587903925085,1.0,1.0,0.9934801151839107,-3.21849985069817,52.75103410984159,95.48388843358609,93.56450820503456,-4.516111566413912,-0.1312423369463751,1.3735689030002256,-0.19038755827563786,-0.571028924085939,0.3806413658103011,-9.589271571608647,-4.910005193053065,-4.679266378555582,24.0230057567634,0.4536964289352685,0.4526703291020784,23.287473103049283,3.8154043648684066,9318577.566245526
2016-07-13,24.352500915527344,24.417499542236328,24.209999084472656,24.217500686645508,22.273618698120117,103568800,-0.1374988555908203,0,2479027547.979007,914096800,-0.025011346137497333,231339.48452687613,-0.007763706156762644,0.006989126505849819,-51945193.0833288,23.727942202925213,57.10712964596548,1614.7766637021543,23.900125122070314,24.59305475535728,23.20719548878335,5.798543980400228,0.7290099523307282,0.0,0.0,23.991750144958495,24.236999893188475,23.746500396728514,2.044450669485786,0.96024622515681,0.0,0.0,22.875,24.602500915527344,23.738750457763672,7.227999463199887,0.7771345731736939,0.3243836594875166,3.6433466502722385,-0.026013741017543168,-0.11508747120358952,0.08907373018604635,23.873541673024494,24.06980778620793,24.04358138915077,24.069595130168313,0.9925289735857629,0.8084313368663052,0.18409763671945767,-0.07009862110700713,23.687029356820645,-0.890124893188478,-9.029510832362911,-13.75242258505568,4.722911752692768,24.0,23.93624973297119,23.968124866485596,23.920000076293945,98.82969819344322,13.587684802115177,27.060144117214545,22.577138147969713,94.38422870652764,24.367499828338623,25.232500076293945,8.0,56.00000000000001,-48.00000000000001,23.447354511282924,,0.0,0.0,52.76885752994782,0.8845483837313918,0.9615161279104636,0.9871720426368212,-1.957531495694195,49.98696788611106,86.61299015807622,90.40086737493432,-13.38700984192379,-0.017698523577521996,3.7152046723914354,-0.10807718566457358,-0.47843857640166587,0.3703613907370923,-10.138194723927292,-5.955643099227911,-4.182551624699381,24.05170084631516,-0.5645611093211933,-0.5661607791355383,22.591439977244644,3.5875486569215695,18183518.111934394
2016-07-14,24.34749984741211,24.747499465942383,24.329999923706055,24.697500228881836,22.715091705322266,155676000,0.4799995422363281,1,2597416411.3898525,1069772800,0.05199154943164433,10873206.520620553,0.06034170730659193,0.0125593169004273,-48859638.97499802,23.78114827406176,64.49089788584752,1614.7766637021543,23.9207501411438,24.679687300855477,23.16181298143212,6.345429430378127,1.0117354433093817,1.0,0.0,24.096083450317384,24.3600830078125,23.832083892822265,2.1912237981699016,1.6390488383215918,1.0,0.0,22.875,24.747499465942383,23.81124973297119,7.827929537718282,0.9732981301357095,0.34494517146845244,3.516739999657786,0.028077668609025608,-0.08645444324106649,0.1145321118500921,24.014166673024494,24.067500114440918,24.144184287570933,24.116106618961908,0.9994953511486054,0.699293953529193,0.30020139761941245,-0.054553415278002615,23.673499671712474,-0.5232510566711426,-5.458502288014329,-13.018960478024844,7.5604581900105154,24.170000076293945,23.93624973297119,24.05312490463257,23.920000076293945,99.41484909672161,14.08618298803549,30.712797359554205,20.234616313716455,163.35903315452387,24.367499828338623,25.232500076293945,4.0,52.0,-48.0,23.564671878376238,,0.0,0.0,60.27111061832267,1.0,0.9615161279104636,0.9743440852736424,1.5473488136722011,58.58240503514138,97.32981301357096,93.14223053507776,-2.6701869864290453,0.09271311479456301,7.333767854038841,0.11642703796536054,-0.3594654535282606,0.4758924914936211,-7.093050088661585,-6.183124497114646,-0.9099255915469389,24.16951958684631,1.9820358361794854,1.9626492532220485,25.021246249682093,4.1126832407505205,67718402.85824072
2016-07-15,24.729999542236328,24.825000762939453,24.625,24.69499969482422,22.712793350219727,120548000,-0.0025005340576171875,0,2561251321.6112947,949224800,0.005575847353906212,9276829.24916367,0.030900785933485893,0.021066474871217634,-48871844.03125004,23.911648899263596,77.80515761188623,1614.6131733081625,23.936125087738038,24.743194664754576,23.1290555107215,6.743527401015983,0.9701419980985299,0.0,0.0,24.187000147501628,24.434249941507975,23.939750353495278,2.044484991925616,1.5273002437962564,1.0,0.0,22.875,24.825000762939453,23.850000381469727,8.146685212379662,0.9333328116655353,0.3304507306155525,3.0915456962762295,0.06993753191175145,-0.05517604821050291,0.12511358012225438,24.122291723887127,24.065961617689865,24.22892511945605,24.1589875875443,1.2347116603999277,0.6237623894359757,0.610949270963952,-0.03708174973456588,23.621291232112267,-0.33612470626831126,-3.271844982152894,-11.94386089652203,8.672015914369137,24.20875072479248,23.93624973297119,24.072500228881836,23.920000076293945,99.7074245483608,14.72538404094345,31.037998114340603,19.415935623715836,175.47201627176509,24.367499828338623,25.232500076293945,0.0,48.0,-48.0,23.730267740635497,,0.0,0.0,60.21744918740384,0.9981421627187035,0.9608968488166981,0.9613097015458751,4.342217675747186,56.114746853682455,93.33328116655353,92.4253614460669,-6.66671883344647,0.2199851877549115,5.545467084610877,0.2894886702446476,-0.229674628773679,0.5191632990183266,-6.867275927225435,-6.319954783136804,-0.547321144088631,24.24477090919736,-0.010124644334219557,-0.010125156910900657,25.008588293157107,3.8472444224003333,3906506.2406665236
2016-07-18,24.674999237060547,25.032499313354492,24.649999618530273,24.957500457763672,22.954219818115234,145975600,0.2625007629394531,1,2649982416.100175,1095200400,0.1235794791508158,13425668.837932352,0.030460734077740283,0.028490217686062337,-47320165.27668113,24.08469212624927,87.60648335006552,1614.6131733081625,23.992375087738036,24.91172212159259,23.073028053883483,7.663660062770615,1.02489720121201,1.0,0.0,24.27758344014486,24.534583218892415,24.0205836613973,2.1171775962066186,1.8227968929239327,1.0,0.0,22.875,25.032499313354492,23.953749656677246,8.992437411738956,0.9652380628227354,0.33565562703641916,2.3220609161470187,0.12287694399980964,-0.019565449768440404,0.14244239376825005,24.235416730244953,24.06769238985502,24.34101363304184,24.21813668904203,1.3351189754446962,0.49107156237781047,0.8440474130668857,-0.01686815924831517,23.718880490912586,-0.09237546920776296,0.707101814890531,-10.287983760499475,10.995085575390007,24.3125,23.953749656677246,24.133124828338623,23.920000076293945,99.8537122741804,15.770983689581499,32.82332807062793,17.922449910555546,176.04111544023192,24.367499828338623,25.232500076293945,100.0,44.0,56.0,23.90542502420413,,0.0,0.0,63.855568460690705,1.0,0.9993807209062342,0.9739312325444653,7.894935642090204,61.575630844266804,96.24536292151461,95.63615236721301,-3.754637078485388,0.33237468495088507,5.752118874370141,0.5073757142324155,-0.08226456017246012,0.5896402744048755,-5.011743582829481,-6.05831254307534,1.0465689602458594,24.364789993421073,1.0629713147737752,1.0573614935379005,26.337393727717018,4.049657566888111,42094591.8247965
2016-07-19,24.889999389648438,25.0,24.834999084472656,24.967500686645508,22.96341896057129,95119600,0.010000228881835938,1,2707631658.1124744,1190320000,0.19347874917980223,11643604.3998204,0.013226855871482625,0.02681347385982571,-47282051.773577794,24.21176669845363,87.17560525312419,1615.2601331796461,24.0520001411438,25.057834097862724,23.046166184424877,8.363827962883846,0.9550952666621597,0.0,0.0,24.397250111897783,24.647249921162924,24.14725030263265,2.049409733625842,1.6405020196294262,1.0,0.0,22.875,25.032499313354492,23.953749656677246,8.970145105162516,0.9698731645907576,0.31859015588551165,1.6584298354973697,0.16375112336421793,0.017097864858091266,0.14665325850612668,24.32437515258789,24.077692398658165,24.437396256673175,24.273645133308957,1.3680552745908352,0.5132575210241886,0.8547977535666466,0.0044265549551959545,23.665267050984195,-0.07950029373169087,5.916063398629858,-7.879469930730778,13.795533329360637,24.46875,23.953749656677246,24.211249828338623,23.920000076293945,99.9268561370902,16.741897649031117,31.690883282475387,17.30410356406499,153.53654926373392,24.367499828338623,25.232500076293945,96.0,40.0,56.0,24.108298396251197,,0.0,0.0,63.99067096196204,1.0,0.9993807209062342,0.9865527635430555,10.81892014176421,60.81093168840816,96.00008451021634,95.19290953276148,-3.9999154897836537,0.44493344250847144,4.4665317370447735,0.6746045864348333,0.06910926914899858,0.6054953172858347,-6.707049799766172,-6.188059994413507,-0.5189898053526649,24.5499490418392,0.04006903214830437,0.04006100665536749,26.388015898625117,3.882510632584733,-21496014.56827189
2016-07-20,25.0,25.114999771118164,24.934999465942383,24.989999771118164,22.98411750793457,105104000,0.02249908447265625,1,2666758127.8280683,1295424000,0.15542412344218093,10318052.88190521,0.018410380707993914,0.024783721849740065,-47187338.898464955,24.323881921033,86.91071012358744,1615.2601331796461,24.10262508392334,25.187202901973297,23.01804726587338,8.999665507583078,0.9090876064523895,0.0,0.0,24.51891670227051,24.75466651916504,24.283166885375977,1.923003530353361,1.4991165105727493,1.0,0.0,22.875,25.114999771118164,23.994999885559082,9.293592558149458,0.944196422869453,0.3047311708145386,1.1468323341593927,0.19570374215905773,0.05281904031828456,0.14288470184077318,24.40916681289673,24.102884732759914,24.522412181972403,24.326708439813345,1.3064103579850952,0.5358973004643174,0.7705130575207778,0.025696204435115454,23.553040636248433,-0.3551256179809563,10.836630371502833,-4.8636655660365555,15.700295937539389,24.56375026702881,23.994999885559082,24.279375076293945,23.920000076293945,99.9634280685451,17.89674553587037,32.94510997500312,16.630042332757387,140.23737040160418,24.367499828338623,25.232500076293945,100.0,36.0,64.0,24.27465456132979,,0.0,0.0,64.3138633433254,1.0,1.0,0.9995871472708228,13.331828064858845,60.386340119641815,91.88311165551775,94.70951969574956,-8.116888344482247,0.5786173483904662,4.244446470675007,0.804480978769684,0.2161836110731357,0.5882973676965484,-7.374520984704365,-6.425352192471679,-0.9491687922326859,24.68072804319032,0.09011348294341026,0.09007290511995336,26.501908541774434,3.846732813754574,13649894.363525778
2016-07-21,24.957500457763672,25.25,24.782499313354492,24.857500076293945,22.86224365234375,130808000,-0.13249969482421875,0,2577920974.412185,1164616000,0.15374273830206245,6368042.45869498,-0.0031271888373893665,0.02023407021606343,-47880897.131330475,24.422352456099045,78.52361801793737,1615.2601331796461,24.151125049591066,25.278782627427727,23.023467471754405,9.33834407731457,0.8132045758332128,0.0,0.0,24.614749972025557,24.875249926249186,24.35425001780192,2.116616699496755,0.965931184118361,0.0,0.0,22.875,25.25,24.0625,9.833910408410619,0.8347368742290296,0.32100812239763554,1.024637430722859,0.20793782690227047,0.08384279763508176,0.12409502926718871,24.501666863759358,24.121827052189754,24.57396416571418,24.36602633881191,1.2187495231628418,0.5899996757507324,0.6287498474121094,0.04489874490430846,23.61368734530101,-0.2686253547668471,14.472678339002098,-1.3324592213101323,15.80513756031223,24.7162504196167,24.0625,24.38937520980835,23.920000076293945,99.98171403427256,18.334026433312683,29.70826951584878,18.201077642131846,115.1415477374212,24.367499828338623,25.232500076293945,100.0,32.0,68.0,24.442723603287465,,0.0,0.0,60.85014614459831,0.817009383031119,0.9390031276770393,0.9794612828610911,14.585202722556334,52.23243836861023,76.31975346573734,88.06764987715714,-23.68024653426267,0.6533085037680237,4.674178904366232,0.8533924408144161,0.3436253770213918,0.5097670637930243,-6.144136154096453,-6.369108984796634,0.22497283070018081,24.714201171482625,-0.5302108684985041,-0.5316214746580172,25.83118167382792,3.6711656651695534,38547548.10105857
2016-07-22,24.815000534057617,24.825000762939453,24.577499389648438,24.665000915527344,22.68520164489746,113254800,-0.19249916076660156,0,2544746278.060403,1051361200,0.11127282421013332,2343828.685625796,-0.06883843221740767,0.011088427805044284,-48757954.51384582,24.470021263191594,71.6015998729742,1602.7513845483481,24.18312511444092,25.33079569108613,23.035454537795708,9.491499309656067,0.7099364621226978,0.0,0.0,24.67016665140788,24.934416834513346,24.405916468302408,2.142265083486081,0.4902256720888033,0.0,0.0,22.875,25.25,24.0625,9.820897790342952,0.7536845960115132,0.31690737882242276,0.981759378434788,0.1997972157777994,0.1070336812636253,0.09276353451417411,24.56687529881795,24.136442477886494,24.58796981953159,24.38817260375379,1.0951186685706729,0.7315394233840415,0.3635792451866313,0.06023139930892341,23.622714956930142,-0.1981245040893569,16.570746943221348,2.184503156690062,14.386243786531285,24.729999542236328,24.0625,24.396249771118164,23.920000076293945,99.99085701713628,17.957939310797705,27.937816831486302,21.47955590357643,69.20639938709876,24.375,25.232500076293945,96.0,28.000000000000004,68.0,,25.25,0.0,1.0,56.12120950062884,0.567176332456222,0.7947285718291134,0.9112438998353842,14.381296449869579,53.146404552231694,64.70592296724882,77.63626269616795,-35.294077032751176,0.641609887515795,3.27646281043482,0.819238157052599,0.43874793302763326,0.3804902240249657,-6.254677274340834,-6.346222642705474,0.09154536836464011,24.710515902287796,-0.7744107821614166,-0.7774249137161515,24.85673143562468,3.5295881969442036,7724088.510142833
2016-07-25,24.5625,24.709999084472656,24.229999542236328,24.334999084472656,22.381685256958008,161531600,-0.3300018310546875,0,2453884512.3593326,889829600,0.11171887736785943,-5606107.379919797,-0.06871736573694505,0.009853137864510966,-50919143.31557159,24.514450976390194,69.2929744301172,1602.7513845483481,24.232375049591063,25.31553676626357,23.149213332918556,8.939789966570245,0.5473724436997535,0.0,0.0,24.684666506449382,24.973916689554848,24.395416323343913,2.3435616035557545,-0.10443768474508912,0.0,1.0,22.875,25.25,24.0625,9.800937774937912,0.6147364566200658,0.3332165951638133,0.9811391729025847,0.1648174203593591,0.11859042908277206,0.046226991276587026,24.596041838328045,24.134423182560848,24.549051244907137,24.384233824547778,1.090467380287536,0.7322406978834106,0.35822668240412536,0.0695150640257542,23.763290761122217,-0.06237497329711772,17.1274711773542,5.31898154911897,11.808489628235229,24.729999542236328,24.0625,24.396249771118164,23.920000076293945,96.48595172779702,16.86278869783851,25.168740872560658,26.526161504700063,28.810698709901033,24.332499980926514,25.232500076293945,92.0,24.0,68.0,,25.25,0.0,0.0,49.07955547796201,0.08359196923598565,0.48925922824110857,0.7409969759157539,12.083811405800592,43.15174706330298,44.79630198605995,61.940659473015366,-55.20369801394005,0.5808892979341387,1.4592389627459077,0.6759179785810463,0.4861819421383159,0.1897360364427304,-3.1613111275760524,-5.7092403396795905,2.547929212103538,24.706999138937462,-1.3379356124286312,-1.346966614060019,23.186228761233085,3.307097153473194,62899719.03189239
2016-07-26,24.204999923706055,24.49250030517578,24.104999542236328,24.167499542236328,22.227630615234375,224959200,-0.16749954223632812,0,2301492653.3542037,664870400,0.07178214941161921,-10188172.471624196,-0.029498357542916766,0.0073506840482484076,-52467553.60689941,24.531731434047526,58.469137728350034,1602.7513845483481,24.29025001525879,25.21860500322991,23.361895027287666,7.6438487655577285,0.4338881814537746,0.0,0.0,24.674833170572917,24.988333574930827,24.361332766215007,2.5410538923666497,-0.30914349915381234,0.0,1.0,23.03499984741211,25.25,24.142499923706055,9.11888577184862,0.5112865087169701,0.3386450119413773,1.1958766935582748,0.1221715496923288,0.11930665320468342,0.002864896487645374,24.59583346048991,24.147307762732872,24.49035098295778,24.36817943326545,1.0645543326333262,0.8039451212699542,0.260609211363372,0.07285718042689936,23.906657168146996,-0.045249176025389914,17.6971046223414,8.288605488530559,9.40849913381084,24.677499771118164,24.0625,24.369999885559082,23.920000076293945,56.138249583490854,16.20077295343034,23.171997301607565,26.980892781411992,-4.704615437951647,24.16562509536743,25.232500076293945,88.0,20.0,68.0,,25.20919998168945,0.0,0.0,45.92947872585414,0.0,0.21692276723073556,0.5003035224336525,9.171254772055105,39.44519385778894,19.51665350193642,43.006292818415055,-80.48334649806358,0.4734629126156058,-0.010345610466380278,0.5013569028696094,0.48921693428457463,0.0121399685850348,2.92075716325116,-3.983240839093441,6.903998002344601,24.697952094459414,-0.6883071647337924,-0.6906869248251013,22.33832912270417,3.3425741748398536,100685238.55599055
2016-07-27,26.0674991607666,26.087499618530273,25.6875,25.737499237060547,23.671607971191406,369379200,1.5699996948242188,1,2024456932.3499837,1034249600,-0.08708365581077016,74113742.3492384,0.17204524460598983,0.015557089860031277,-28471474.48167146,24.794977638492842,64.34220310236874,1602.7513845483481,24.407250022888185,25.44000952716154,23.37449051861483,8.46272729049665,1.1440266144577,1.0,0.0,24.83041648864746,25.163166809082032,24.49766616821289,2.680183158318788,1.863008076488761,1.0,0.0,23.407499313354492,26.087499618530273,24.747499465942383,10.980345195229201,0.8694028576064771,0.4967805183766341,1.1950486033990622,0.21260941528457167,0.1379672056206611,0.07464220966391058,24.720208326975506,24.22278851729173,24.682219945127436,24.469610529842864,1.0072524808549088,0.7760239141133368,0.231228566741572,0.0846269492093088,24.03711388993136,-0.05225048065185689,24.26050716814788,11.590717650326361,12.669789517821517,25.0962495803833,24.481249809265137,24.78874969482422,24.293749809265137,53.3028876149375,17.668821679622233,40.987710959935534,18.956238425378558,218.63725327732186,24.181874752044678,25.232500076293945,100.0,16.0,84.0,24.104999542236328,,1.0,0.0,67.18772650267036,1.0,0.36119732307866154,0.35579310618350196,14.571542495443811,54.21888614305527,83.13250243359435,49.148485973863565,-16.867497566405643,0.6133894191068769,6.1559016133832385,0.8688712679969941,0.5651478010270585,0.3037234669699356,14.13247867922102,-0.36009693543054855,14.492575614651567,24.82766829515969,6.496326573133504,6.294030629546965,30.28582650662992,5.052669865945369,204589729.01330954
2016-07-28,25.707500457763672,26.112499237060547,25.704999923706055,26.084999084472656,23.991214752197266,159479200,0.3474998474121094,1,2162411176.6464167,1193728800,-0.07244047397306894,71443064.53726225,0.005429715686805536,0.014615472309934955,-26318235.071930956,24.92174028623615,65.27213931594147,1624.3912438229472,24.53149995803833,25.730448661754668,23.332551254321995,9.774768813706169,1.1478588790408637,1.0,0.0,24.96799977620443,25.299750073750815,24.63624947865804,2.6574038811275487,2.183494056417604,1.0,0.0,23.575000762939453,26.112499237060547,24.84375,10.343837427232499,0.9891624949262616,0.4878523978744199,1.1950486033990622,0.30876317911439344,0.17212640031940757,0.13663677879498587,24.864374955495197,24.30384613917424,24.898032120411315,24.589268941296922,0.9966831748779124,0.7989221425437701,0.19776103233414222,0.10414730331650088,24.169608490332127,-0.3139992713928237,30.58990483884731,15.353134297104162,15.236770541743148,25.108749389648438,24.493749618530273,24.801249504089355,24.493749618530273,64.50208804225697,19.063223047196658,38.76923230296037,17.749621444622036,199.23255075885555,24.26312494277954,25.232500076293945,100.0,12.0,88.0,24.104999542236328,,0.0,0.0,69.99923245768176,1.0,0.6666666666666663,0.41492891899202117,19.81072980953709,56.88042106426345,98.6301291771654,67.09309503756539,-1.3698708228346008,0.7594629343818191,7.103262470755423,1.2556826307098343,0.7032547669636138,0.5524278637462205,12.169498266980627,2.145822105051687,10.02367616192894,24.97265027543326,1.3501694325908975,1.3411358665707418,32.04490591112088,4.583905096574906,-94886577.29693186
2016-07-29,26.047500610351562,26.137500762939453,25.920000076293945,26.052499771118164,23.96133041381836,110934800,-0.03249931335449219,0,2186637578.8668265,1082794000,-0.10463467289360896,60721868.91377937,0.023527571989404004,0.013189105819366276,-26456448.79451698,25.0100173522431,65.65520967324123,1622.3674139630214,24.639124965667726,25.971069024399977,23.307180906935475,10.81161819332617,1.0305683809257324,1.0,0.0,25.100166447957356,25.43366673787435,24.766666158040366,2.657355206057868,1.92778485049869,1.0,0.0,23.592500686645508,26.137500762939453,24.86500072479248,10.32910089071816,0.9666007900694964,0.4608172267515287,1.1955124120559726,0.3779861180398001,0.21329834386348606,0.16468777417631403,25.01729154586792,24.3871153317965,25.07564252821237,24.69765641017257,1.0062448584179013,0.827643686375403,0.17860117204249837,0.12751013297569366,24.25701288129557,0.05837526321410991,36.73815050335495,19.356584151377987,17.381566351976964,25.12125015258789,24.506250381469727,24.81375026702881,24.506250381469727,76.41012896171466,20.391162310349284,37.80654892927333,17.123124831344736,177.08785800714347,24.308125019073486,25.232500076293945,100.0,8.0,92.0,24.185299530029297,,0.0,0.0,69.40031307953657,0.9751173449957975,0.9917057816652655,0.6731899238035312,23.393833750825937,58.262480122201296,95.81791189321481,92.5268478346582,-4.182088106785184,0.9867277033188735,7.577161277771936,1.5304533829538323,0.8686944901616576,0.6617588927921747,8.195250930103997,3.355707870062149,4.839543060041848,25.09095508682501,-0.12459004981847377,-0.12466772774706314,31.880391097063445,4.19244847048688,-51253475.13372913
2016-08-01,26.102500915527344,26.537500381469727,26.102500915527344,26.512500762939453,24.384408950805664,152671600,0.46000099182128906,1,2321760965.3206882,1235465600,-0.053757910222735926,62080042.98651706,0.0829844542267163,0.018527314279627775,-23760773.21482466,25.1371806924579,66.71942412654872,1622.3674139630214,24.766125011444093,26.290129110843473,23.24212091204471,12.307166330583886,1.072956382526667,1.0,0.0,25.250583203633628,25.58933347066243,24.911832936604817,2.683108459689439,2.362607475374353,1.0,0.0,23.592500686645508,26.537500381469727,25.065000534057617,11.891241336556988,0.9915111643053105,0.463235565111532,1.1955124120559726,0.4646083160549672,0.2635603383017823,0.2010479777531849,25.168541590372723,24.482788452735313,25.296697641247306,24.83208932519234,1.0170364533127545,0.7721868209230293,0.24484963238972524,0.15584791402639933,24.318646264596513,-0.07112531661987376,43.116085393115746,23.489919928543085,19.62616546457266,25.321249961853027,24.706250190734863,25.013750076293945,24.706250190734863,85.51836977434237,22.12700619100446,41.296774657932,15.785159264563708,182.93634265433784,24.328750133514404,25.232500076293945,100.0,4.0,96.0,24.302431604003907,,0.0,0.0,72.93069333341587,1.0,0.9917057816652655,0.8833594099990658,27.664993088450373,64.29855110501698,98.9722668075974,97.80676929265921,-1.0277331924025999,1.3040073675267827,7.348924049953497,1.8709996970879879,1.0691555315469237,0.8018441655410642,6.971371766846617,4.078840649419043,2.8925311174275743,25.26638894406751,1.7656693056811612,1.750262456835694,34.20896268287657,4.553074451905683,31307535.21628569
2016-08-02,26.512500762939453,26.517499923706055,26.0,26.1200008392334,24.023412704467773,135266400,-0.3924999237060547,0,2249227256.772448,1100199200,-0.08407124805679123,45626886.605587095,-0.02343318493431758,0.017408065795516705,-25763302.216321472,25.244512435506998,65.47007964563983,1598.3493444531923,24.884750080108642,26.442112343150892,23.32738781706639,12.516599588332705,0.8965842721499296,0.0,0.0,25.37841657002767,25.75241673787435,25.00441640218099,2.9473877285817722,1.4914223748553777,1.0,0.0,23.592500686645508,26.537500381469727,25.065000534057617,11.834556044741124,0.8582344361630747,0.4686620009709843,1.2502129210032606,0.49586949362243615,0.3100221693659131,0.18584732425652306,25.287291685740154,24.58932693188007,25.423359671706706,24.92749017808427,1.0113294156831245,0.7847431188537012,0.22658629682942333,0.18276136517987296,24.445457056267994,0.07275037765503001,47.713157318617746,27.587311811555853,20.125845507061893,25.321249961853027,24.706250190734863,25.013750076293945,24.706250190734863,91.64960035710578,23.42659236736674,37.89434606596092,16.11651280219718,141.37698636320494,24.10437536239624,25.232500076293945,96.0,0.0,96.0,24.48123710620117,,0.0,0.0,65.94001912227804,0.7410977871647271,0.9054050440535079,0.962938869128013,28.557547437297124,62.30565326769737,82.83661261272563,92.54226377117926,-17.163387387274362,1.641448565090407,5.770403571650349,1.9892475739831772,1.2531739400341744,0.7360736339490028,5.063031792150572,4.2756788779653485,0.7873529141852238,25.321798285102908,-1.4804334272937036,-1.491501212924895,32.222088336895126,3.8478647413902465,1566277.8226875812
2016-08-03,26.202499389648438,26.459999084472656,26.1924991607666,26.447500228881836,24.324623107910156,120810400,0.3274993896484375,1,2358747995.6574154,1221009600,-0.08036527513649594,44760950.27095802,0.014945749997755688,0.014165497416314118,-24248549.88125437,25.35505190372981,65.06202301004447,1618.3898658136334,25.013000106811525,26.639997764919375,23.386002448703675,13.009216416744726,0.9408427126252265,0.0,0.0,25.513749885559083,25.896500015258788,25.130999755859374,3.0003439824919287,1.7197910214365508,1.0,0.0,23.905000686645508,26.537500381469727,25.221250534057617,10.524525980821222,0.9658119038855576,0.45579562539781165,1.2519288231502317,0.5408362422455752,0.35618498394184556,0.1846512583037297,25.411458333333332,24.72153847034161,25.58091975742596,25.040083515180385,1.0291601765913527,0.8448679435911477,0.18429223300020503,0.20977350560506405,24.494474891901227,-0.045499420166017046,53.81373146254936,31.95853993639444,21.855191526154922,25.321249961853027,24.786250114440918,25.053750038146973,24.706250190734863,95.50377073671226,24.63335095970314,35.80701165911858,15.228766866912146,134.22124974604287,23.956250190734863,25.232500076293945,92.0,0.0,92.0,24.645738168222657,,0.0,0.0,68.64102873334241,0.8411306801408801,0.860742822435202,0.9192845493846585,30.23386479300959,66.40288967644173,96.30009777853749,92.70299239962016,-3.699902221462507,1.6734264037188353,5.970148227142119,2.159881942557008,1.434515540538741,0.7253664020182669,2.740625047110861,3.968668111794451,-1.22804306468359,25.41423818705819,1.2538261069138912,1.2460307994842434,33.87992339956989,4.2953537091560605,-3476846.848468125
2016-08-04,26.395000457763672,26.5,26.31999969482422,26.467500686645508,24.474889755249023,109634800,0.020000457763671875,1,2428793354.7808843,1330644400,-0.045570097518980286,38679778.258939534,0.013750338415666698,0.012940465450755603,-24165640.488387283,25.44635110449444,65.00942427675926,1619.6137447389094,25.137125110626222,26.809623573287237,23.464626647965208,13.306998754237007,0.8977210161086197,0.0,0.0,25.660333251953126,26.01433334350586,25.306333160400392,2.7591231031716226,1.6400667033049905,1.0,0.0,24.012500762939453,26.537500381469727,25.27500057220459,10.044902141426187,0.9722773443962088,0.4282160933756086,1.2527474715062121,0.5714987029856395,0.39924772775060435,0.1722509752350352,25.536458333333332,24.839615455040565,25.717316823459736,25.145818120474097,1.0031201953648168,0.8502341931872858,0.152886002177531,0.23536138468234616,24.514924561647078,-0.14712533950805806,59.142967486023636,36.68878666337247,22.454180822651168,25.321249961853027,24.97249984741211,25.14687490463257,24.706250190734863,97.75188536835613,25.81141863637284,35.393385987982455,14.765069779587689,118.42099098508085,23.914999961853027,25.221250534057617,88.0,0.0,88.0,24.79707914528242,,0.0,0.0,68.80373282888206,0.8471564866797492,0.8097949846617851,0.8586476170501651,31.561078320625523,70.55616067422541,97.12231569686615,92.08634202937641,-2.877684303133853,1.7094852840199195,6.007809987974938,2.27273855337527,1.6021601431060468,0.6705784102692232,0.23493850473994238,3.2219221903835495,-2.986983685643607,25.520066376103845,0.07562324450547386,0.0755946645377481,33.981167741386066,4.12746344096638,-3990372.9685910046
2016-08-05,26.5674991607666,26.912500381469727,26.545000076293945,26.8700008392334,24.847087860107422,162213600,0.4025001525878906,1,2553488598.211306,1492858000,-0.021520536702989996,42481381.18649547,0.07221395891899397,0.015922838653702295,-21698803.91304059,25.585035647748086,65.46178513533093,1619.6137447389094,25.272125148773192,27.043524753085382,23.500725544461,14.018604243879196,0.9510206749991454,0.0,0.0,25.868999926249188,26.2349999109904,25.502999941507976,2.829641546133623,1.867487643055491,1.0,0.0,24.104999542236328,26.912500381469727,25.508749961853027,11.109080944740754,0.9848621444231045,0.4298944535204696,1.2527474715062121,0.6211174669857407,0.44362167559763166,0.177495791388109,25.6931250890096,24.965384703416092,25.894652825886453,25.273535358900713,1.02201649940842,0.8219389972756379,0.20007750213278208,0.26157450328000525,24.546962608775164,-0.4146250724792466,66.37412534654771,42.160637126616194,24.21348821993152,25.508749961853027,25.24375057220459,25.37625026702881,24.893750190734863,98.87594268417806,27.453269565517335,39.69041966261761,13.657875261745689,127.86505642197491,23.861249923706055,24.802499771118164,100.0,0.0,100.0,24.936312844177404,,0.0,0.0,71.95707295306035,0.9639416080162978,0.8840762582789754,0.8515380217919875,33.73823519425952,70.53217800291547,98.48621444231046,97.30287597257136,-1.513785557689551,1.769044079500084,7.523013546754885,2.45758046179716,1.7732442068442698,0.6843362549528904,1.0973156488054712,2.797000882067934,-1.6996852332624628,25.72787704273134,1.5207335114606257,1.5092862682133834,36.0186642582756,4.461635306393575,57873474.92752358
2016-08-08,26.8799991607666,27.092500686645508,26.790000915527344,27.092500686645508,25.052841186523438,112148800,0.22249984741210938,1,2665637398.211306,1605006800,0.032526141649065185,39977339.71520343,0.057317933365642185,0.01907220133185655,-20770144.065326087,25.686346797774508,65.86820567603398,1633.0251254540447,25.414500141143797,27.287607333664948,23.541392948622647,14.74046061987076,0.947918985149795,0.0,0.0,26.125666745503743,26.473916753133143,25.777416737874354,2.6659607276000212,1.8881319740998528,1.0,0.0,24.104999542236328,27.092500686645508,25.598750114440918,11.75510487248452,1.0,0.4171549852802391,1.2527474715062121,0.6706635808308263,0.48903005664427057,0.18163352418655576,25.879375139872234,25.088173206035908,26.078937112157078,25.40827353132625,1.0306358828512927,0.7934947586872364,0.2371411241640563,0.288239630372062,24.590168331903975,-0.7494992256164537,74.89044708697004,48.515452956019374,26.374994130950668,26.390000343322754,25.342500686645508,25.86625051498413,24.983750343322754,99.43797134208903,29.188864168267493,40.72151297995055,12.947133135057538,126.58838209993054,23.861249923706055,24.69499969482422,100.0,8.0,92.0,25.13393159790664,,0.0,0.0,73.54877690945,1.0,0.9370326982320153,0.8769679803909254,36.02485798247979,70.92130341215719,100.0,98.53617671305885,-0.0,1.80531613966998,8.991252553522202,2.6395480196793177,1.9465049694112797,0.693043050268038,-0.9743550932592535,2.0427296870024967,-3.01708478026175,26.049768977026538,0.8280604408736458,0.8246508299000421,37.144981009203136,4.422139753396255,-17622984.447755575
2016-08-09,27.0575008392334,27.235000610351562,27.002500534057617,27.202499389648438,25.15454864501953,105260800,0.10999870300292969,1,2741469352.02149,1710267600,0.05747810872790127,35920369.96689591,0.03920615302860227,0.02055761364047143,-20342772.97799201,25.789858946214483,66.00765791774226,1639.655397345472,25.556875133514403,27.517060828691736,23.59668943833707,15.339791621134571,0.9197623368497133,0.0,0.0,26.41483345031738,26.747583389282227,26.08208351135254,2.5194172781039836,1.6835703738690617,1.0,0.0,24.104999542236328,27.235000610351562,25.670000076293945,12.247197874401552,0.9896162269610036,0.3986894943816097,1.2527474715062121,0.7106136966945193,0.5333467846543204,0.17726691204019895,26.090833346048992,25.21240395766038,26.25179284715575,25.54117915046123,1.0472799134514663,0.7909943949003011,0.2562855185511652,0.3142567743798533,24.628257011842834,-1.2218760490417466,84.18171935106977,55.17336542078848,29.008353930281295,26.47000026702881,25.413750648498535,25.941875457763672,25.05500030517578,99.71898567104452,30.96206603903531,41.570898230811515,12.412482251672575,122.74584495859699,23.861249923706055,24.69499969482422,100.0,4.0,96.0,25.368959888555302,,0.0,0.0,74.32466242816643,1.0,0.9879805360054323,0.9363631641721412,38.0996131587334,72.68297538588804,98.96162269610036,99.14927904613694,-1.0383773038996431,1.8820221227758047,10.28785071937161,2.7822274473247526,2.1136494649939745,0.668577982330778,-3.0434581472262865,1.0254921201567402,-4.068950267383027,26.379613284157845,0.4060116276278336,0.4051896246196396,37.70180557880847,4.329147701587878,-854536.4215478897
2016-08-10,27.177499771118164,27.225000381469727,26.940000534057617,27.0,24.96729850769043,96034000,-0.2024993896484375,0,2685870382.177692,1614233600,0.07165099384382308,28010770.48798249,-0.010757936860209013,0.02001256021027003,-21057664.13953352,25.897477531101888,66.80470979359352,1627.4495624168414,25.69600009918213,27.651157900884673,23.740842297479585,15.217604250902648,0.8334768937019694,0.0,0.0,26.536583518981935,26.857833480834962,26.215333557128908,2.4211855427676543,1.2212708732243822,1.0,0.0,24.104999542236328,27.235000610351562,25.670000076293945,12.180888294030083,0.9249199584161577,0.3873205296846597,1.2605071763789966,0.7176616857702491,0.5702097648775062,0.14745192089274295,26.31291675567627,25.337500132047214,26.366901639901016,25.649239954130767,1.0625004047229252,0.8074846367177589,0.25501576800516623,0.3363845865693106,24.64788015171169,-1.5285005569458008,88.40179916582316,61.5969092348969,26.804889930926265,26.577500343322754,25.413750648498535,25.995625495910645,25.05500030517578,99.85949283552226,32.37027063748384,39.42187944704671,12.904484433427735,105.27932411326674,23.861249923706055,24.550000190734863,96.0,0.0,96.0,25.630205589606778,,0.0,0.0,70.2399905997781,0.8561491317960478,0.9520497105986823,0.9590209816120434,38.576720832416726,66.81634985535011,92.49199584161578,97.15120617923871,-7.508004158384226,1.943492956722487,10.951308879348968,2.7979842172854363,2.250516415452267,0.5474678018331693,-5.259788244219476,-0.23156395271850316,-5.0282242915009725,26.462939914938556,-0.7444146464184676,-0.7471992401367089,36.67673316969715,4.003170115468166,-134254.1199863851
2016-08-11,27.1299991607666,27.232500076293945,26.962499618530273,26.982500076293945,24.951112747192383,109938000,-0.017499923706054688,0,2592219838.457097,1504295600,-0.0018290885275420207,23734388.045071244,0.003683750906196044,0.025192716147670293,-21128919.939992644,26.021669150296074,71.95592938734285,1627.4495624168414,25.810250091552735,27.785609761728104,23.834890421377366,15.306784422223563,0.7967181122608269,0.0,0.0,26.64575023651123,26.953250312805174,26.338250160217285,2.308060937031481,1.0475605792383782,1.0,0.0,24.104999542236328,27.235000610351562,25.670000076293945,12.126969157651175,0.9193289303860643,0.3755885224925609,1.230767097058869,0.7136091284738804,0.598889637596781,0.11471949087709932,26.547500133514404,25.456730915949894,26.461609091653774,25.747999963179893,1.1027822235088556,0.7453633293171897,0.35741889419166584,0.35407238092537163,24.695543111041403,-0.07275085449218821,91.44937742825805,67.67593444877502,23.773442979483022,26.61750030517578,25.570000648498535,26.093750476837158,25.05500030517578,99.92974641776112,33.68772526639439,37.58602203929027,12.257976096669614,97.30313838385732,23.835000038146973,24.49375057220459,92.0,0.0,92.0,25.854876892511047,,0.0,0.0,69.88256129291315,0.8435614581041943,0.899903529966747,0.9466445921902874,38.85666326470682,68.27903774874194,91.93289303860642,94.46217052544084,-8.06710696139357,1.9881988469292153,11.647876641677314,2.771512853403582,2.35471570304253,0.4167971503610519,-6.167779469965602,-1.418807056167923,-4.748972413797679,26.51337679029104,-0.06481453224465028,-0.06483554594303165,36.588146784405936,4.049365281127223,21554449.313918352
2016-08-12,26.94499969482422,27.110000610351562,26.94499969482422,27.045000076293945,25.008909225463867,74641600,0.0625,1,2608052748.245787,1578937200,0.016743702032183942,21010204.038632497,-0.015473963222426583,0.028995816327278757,-20956026.39837088,26.184842974378537,74.5482310859617,1631.2192500797137,25.92775011062622,27.903347646590788,23.952152574661653,15.23925159364205,0.7827625428076467,0.0,0.0,26.745416895548505,27.047666994730633,26.443166796366377,2.26020106818701,0.9955882257046323,0.0,0.0,24.104999542236328,27.235000610351562,25.670000076293945,12.072011858955845,0.9392969746901626,0.3545297617960392,1.0237307566962508,0.7072875051963976,0.6205692111167044,0.08671829407969323,26.656458536783855,25.574423203101524,26.551361550829185,25.844074045632787,1.1616573075925483,0.7335497783850167,0.4281075292075316,0.36775282592396974,24.711463986616707,0.15724897384643555,95.57971518556337,73.50522664793588,22.074488537627488,26.61750030517578,25.623750686645508,26.120625495910645,25.05500030517578,99.96487320888056,34.83602505797718,36.3863073084812,12.205244966435073,88.29764409543306,23.836874961853027,24.390000343322754,88.0,0.0,88.0,26.04809421300872,,0.0,0.0,70.46070314950953,0.8639220186364825,0.8545442028455744,0.9021658144703347,39.24731135376755,66.20802874974733,93.92969746901626,92.78486211641281,-6.07030253098374,1.9416620815501489,5.080139399676683,2.736749259994932,2.431122414433011,0.3056268455619211,-9.121432238088472,-2.959332092552033,-6.162100145536439,26.572691275864603,0.23163161242760744,0.2313637599491436,36.90452811118765,4.116626989047461,-19111539.81610486
2016-08-15,27.03499984741211,27.385000228881836,27.020000457763672,27.3700008392334,25.30944061279297,103472800,0.3250007629394531,1,2703021275.26797,1682410000,0.01926819785573265,22812851.88218235,0.06173122749539991,0.03551221525858709,-19712589.94621283,26.468529459036276,83.95564667443519,1631.2192500797137,26.048375129699707,28.06642483133267,24.030325428066742,15.494630214627358,0.8274512288929898,0.0,0.0,26.83283354441325,27.12808367411295,26.537583414713538,2.2006630735513886,1.4096817254009297,1.0,0.0,24.104999542236328,27.385000228881836,25.744999885559082,12.591958885396014,0.9954270163084089,0.35557676272825167,0.5236939240431258,0.7202003967639534,0.6404954482461542,0.07970494851779919,26.763542016347248,25.697500155522274,26.677306056737525,25.95710565997357,1.1948637034880611,0.6522625681295946,0.5426011353584665,0.3799245462677903,24.803190890251948,0.004124641418457031,99.80660802111846,79.29338783710263,20.513220184015836,26.78874969482422,25.744999885559082,26.26687479019165,25.130000114440918,99.98243660444028,36.28075056805022,39.139201928483956,11.342741990316929,98.26896973054934,23.861249923706055,24.346250534057617,100.0,44.0,56.0,26.21426110863672,,0.0,0.0,73.32793054482971,0.8811241161998228,0.8628691976468329,0.8724389768197183,40.41617671088645,69.91452574793298,99.11638364500736,94.99299138421001,-0.8836163549926459,1.872331108766442,4.926209698529956,2.7745789773261134,2.4998137270116314,0.27476525031448196,-9.565193129249618,-4.28050429989155,-5.284688829358068,26.6505339366464,1.2017036865321629,1.194540557072532,38.54971487252925,4.404007545016864,28998893.33800584
2016-08-16,27.407499313354492,27.5575008392334,27.302499771118164,27.344999313354492,25.28632164001465,135177600,-0.02500152587890625,0,2612902201.203315,1547232400,-0.03392012668832119,19071066.432635095,0.04291593671488253,0.026288693266365137,-19836069.893637735,26.681382373018696,81.87491336554284,1631.2192500797137,26.167250061035155,28.19668065690656,24.13781946516375,15.511225605577605,0.7901674131441858,0.0,0.0,26.951750183105467,27.220750427246095,26.682749938964843,1.9961616022194146,1.230945675356791,1.0,0.0,24.104999542236328,27.5575008392334,25.831250190734863,13.19397830855021,0.9384499794210833,0.34551919326694996,0.5242626618274423,0.7201154989560123,0.656419458388126,0.06369604056788636,26.87125031153361,25.81673086606539,26.78002809621706,26.059912597261047,1.3167321092433495,0.6463347104950482,0.6703973987483013,0.38953652278060524,24.93015036183481,0.3452507019042983,105.07699004238434,84.98930545708428,20.087684585300053,26.93875026702881,25.831250190734863,26.385000228881836,25.2162504196167,99.99121830222015,37.835760551903995,40.57838004022954,10.77011910763712,101.36133298514646,23.948750019073486,23.920000076293945,100.0,40.0,60.0,26.40157936787594,,0.0,0.0,72.742979009992,0.8113594865671093,0.8521352071344711,0.8565162025422929,41.21429997718567,61.043785011966385,88.52893814530643,93.85833975311,-11.471061854693568,1.8109045870163847,4.961134453858416,2.763307421958499,2.552512466001005,0.21079495595749398,-7.708475351810843,-4.966098510275409,-2.7423768415354335,26.820436275228907,-0.09134645638397831,-0.09138820268392855,38.4231546176631,4.184733553374386,49338460.2388062
2016-08-17,27.274999618530273,27.342500686645508,27.084999084472656,27.30500030517578,25.249340057373047,101424000,-0.03999900817871094,0,2684785113.6287804,1445808400,0.006463506455448461,15767077.027184715,-0.05490301065019275,0.0219792128137224,-19984428.25923976,26.78627084691449,74.97257428855735,1628.8331775339614,26.28300008773804,28.294643133439365,24.271357042036712,15.307560316448274,0.7540212637678567,0.0,0.0,27.03950023651123,27.307500648498536,26.771499824523925,1.9822882053524533,0.995335187539053,0.0,0.0,24.104999542236328,27.5575008392334,25.831250190734863,13.135872181531461,0.9268644636637101,0.33696729682843857,0.5280908610738053,0.7086517350756338,0.6668659137256275,0.0417858213500063,26.937291940053303,25.930192433870754,26.860793051441476,26.152141316365842,1.272569731889577,0.6892365089351744,0.5833332229544026,0.39587639184036105,25.04590527089488,-0.1629992485046401,106.07082952556215,90.20351235036634,15.867317175195808,27.051250457763672,25.831250190734863,26.441250324249268,25.2162504196167,99.99560915111007,38.34462452393581,38.44714589600684,14.598085955600352,82.41759931950384,24.044999599456787,23.920000076293945,96.0,36.0,60.0,26.609645232720283,,0.0,0.0,71.75674365049188,0.693735477587801,0.795406360118244,0.8368035882998495,41.619327806887036,58.86693238603986,84.58012724193439,90.74181634408272,-15.419872758065607,1.728588300592758,2.98915424584966,2.709727385237721,2.5839554498483484,0.12577193538937248,-8.401562736383262,-5.65319135549698,-2.748371380886282,26.90846732195222,-0.14627540385118154,-0.1463824907606437,38.22067558922257,4.110046486265418,-3235603.5151457936
2016-08-18,27.3075008392334,27.399999618530273,27.2549991607666,27.270000457763672,25.216970443725586,87938800,-0.034999847412109375,0,2615042063.858977,1357869600,0.013517394193368526,13074945.36878633,0.01875591907479657,0.02163838046267902,-20097149.17288943,26.866604487139227,74.69025815042679,1626.7453213890683,26.403625106811525,28.34705765052722,24.46019256309583,14.72095241357092,0.7228982306984794,0.0,0.0,27.127416865030927,27.39191729227702,26.862916437784833,1.9500598126396131,0.7695337663860997,0.0,0.0,24.104999542236328,27.5575008392334,25.831250190734863,13.075860920727909,0.9167269302057063,0.3177706129219619,0.5360096114152153,0.6888023398193788,0.6712531989443778,0.017549140875000924,27.033125241597492,26.047596271221455,26.923748037029505,26.234945697210126,1.2666277188970925,0.6762811675709075,0.590346551326185,0.39865262236252524,24.965683739579944,0.04387512207031108,106.68385018335411,94.68237066556705,12.001479517787061,27.17375087738037,25.831250190734863,26.502500534057617,25.2162504196167,99.99780457555504,38.907712281288624,38.48406027401295,14.151685175415354,82.71098670748617,23.968124866485596,23.920000076293945,92.0,32.0,60.0,26.780259241892644,,0.0,0.0,70.85155215037497,0.5857772178152936,0.6969573939900675,0.7814996537475943,41.727790077719305,53.8965307015117,81.54091643307017,84.88332727343699,-18.459083566929838,1.6696249905754534,4.402754906511806,2.6255146390206834,2.5922672876828154,0.033247351337867936,-9.818379134803596,-6.486228911358303,-3.332150223445293,26.966170446978328,-0.12818109145186218,-0.12826331368263055,38.04350281864015,4.074504873235433,-2512130.9260537326
2016-08-19,27.1924991607666,27.422500610351562,27.09000015258789,27.34000015258789,25.281705856323242,101472400,0.06999969482421875,1,2666159528.971467,1459342000,0.044402323250155765,12221815.60654272,-0.023346572895318322,0.014043307096819401,-19836678.438974977,26.941198148196904,67.32275277280468,1626.7453213890683,26.537375068664552,28.347394591309893,24.72735554601921,13.641285303930603,0.7217172450025022,0.0,0.0,27.1782501856486,27.439250628153484,26.91724974314372,1.9206567069038338,0.8098653116962872,0.0,0.0,24.104999542236328,27.5575008392334,25.831250190734863,13.009957797498211,0.937001997121714,0.3192435974061329,0.5368095528811917,0.6709852412448214,0.6711996074044666,-0.00021436615964520733,27.107500235239666,26.149230883671688,26.987786824038487,26.316801582793666,1.2039078511010919,0.7686212132503633,0.43528663785072863,0.39864473332151723,24.98924489544376,-0.06987438201904439,106.77086429040523,98.22463924372651,8.546225046678714,27.248750686645508,25.831250190734863,26.540000438690186,25.2162504196167,99.99890228777753,38.736388880323254,35.78196433610812,16.642294768789167,74.57982299348934,24.05312490463257,23.920000076293945,88.0,28.000000000000004,60.0,26.92016272941398,,0.0,0.0,71.62257181975785,0.6777333859257971,0.6524153604429636,0.7149263715170918,42.014152616404395,58.54354348379712,86.03527643987906,84.05210670496119,-13.964723560120943,1.6188676834106452,3.3746097588890667,2.549645856978007,2.583743001541854,-0.034097144563846715,-9.932905176528239,-7.175564164392291,-2.7573410121359476,27.004326465763015,0.2566912125015808,0.2563623233082346,38.397848359804975,4.1565352594152785,20997779.402344167
2016-08-22,27.21500015258789,27.274999618530273,26.962499618530273,27.127500534057617,25.085201263427734,103280800,-0.21249961853027344,0,2671943858.9324045,1356061200,0.08148282390026709,7340537.576822123,-0.04160404297660272,0.012745388665227607,-20639426.44479106,27.01813364918001,68.54049947048001,1626.7453213890683,26.6770001411438,28.192832469183383,25.161167813104218,11.364338718893077,0.6485983589941133,0.0,0.0,27.191250101725263,27.453250567118328,26.929249636332194,1.9270939321502034,0.3783407358227329,0.0,0.0,24.104999542236328,27.5575008392334,25.831250190734863,12.94186482262035,0.8754525289969366,0.3250692910712813,0.43322951633962115,0.6324278840031354,0.6634452627242005,-0.031017378721065025,27.162500222524006,26.242788608257587,27.009281240964505,26.37685335696137,1.18836976021914,0.7762336271918826,0.4121361330272575,0.3943222106879526,24.964057464867253,0.1930006980895982,104.4945378281739,100.48161907451588,4.0129187536580275,27.248750686645508,25.831250190734863,26.540000438690186,25.2162504196167,99.99945114388876,38.066272848323486,32.95301577419893,17.996813432035957,53.440405669849575,24.072500228881836,23.920000076293945,84.0,24.0,60.0,,27.5575008392334,0.0,1.0,65.92189527051829,0.0,0.4211702012470299,0.590180985226687,40.77159515319632,62.13170712870698,68.49818487704952,78.69145924999958,-31.501815122950475,1.5025219636804934,2.4936236149608195,2.397662357387392,2.5465268727109613,-0.14886451532356926,-9.800860138931993,-7.7006233593002325,-2.1002367796317607,27.005188878092238,-0.7772480517347691,-0.7802843677754634,37.32215377978554,3.9053551990190414,17794540.937713876
2016-08-23,27.147499084472656,27.329999923706055,27.13249969482422,27.212499618530273,25.163801193237305,85030800,0.08499908447265625,1,2655798624.7991123,1441092000,0.13969896639683713,7324395.087558611,0.02613031209795239,0.0135442859580988,-20372997.91250135,27.08286179153967,67.86087050272258,1631.8424317112908,26.829250144958497,27.830679462961704,25.82782082695529,7.46520542014766,0.6913512350207371,0.0,0.0,27.19908339182536,27.457583872477215,26.940582911173504,1.900802883155597,0.5259501001140934,0.0,0.0,25.6875,27.5575008392334,26.6225004196167,6.97000784267089,0.8155074514059805,0.3128123009289969,0.4550248334690582,0.60179252670331,0.6511147155200223,-0.04932218881671235,27.191041787465412,26.329519345210148,27.040545606743855,26.438753080040545,1.2069422939428052,0.7563856783335856,0.45055661560921956,0.38717065101997883,24.966779501703233,0.263250541687011,103.05947430008126,102.11024964498898,0.94922465509228,27.25125026702881,25.831250190734863,26.541250228881836,25.2162504196167,99.99972557194438,37.56396057173519,32.70002399897186,17.210760546684575,62.688952558379974,24.133124828338623,23.920000076293945,80.0,20.0,60.0,,27.545600814819338,0.0,0.0,67.05156642027268,0.13444037286290478,0.27072458626290025,0.44810338265096467,39.98699195529159,59.6224795178719,72.12113926021144,75.55153352571334,-27.878860739788564,1.3604924819048705,1.2746511670992806,2.2761759031579376,2.4924566788003566,-0.216280775642419,-10.933172914651818,-8.34713327037055,-2.586039644281268,27.00620811859906,0.3133317954079118,0.3128419343314537,37.75242774971657,4.0979306356361285,-1982215.1660928726
2016-08-24,27.142499923706055,27.1875,26.920000076293945,27.00749969482422,24.974233627319336,94700400,-0.2049999237060547,0,2623051505.0831823,1346391600,0.2646854780774229,3504685.1072026873,-0.05013830483498597,0.008980811440195037,-21086404.436968997,27.128661529976586,61.18093685205154,1631.8424317112908,26.89275016784668,27.76148616845642,26.02401416723694,6.460744960538934,0.5660439574836321,0.0,0.0,27.197416687011717,27.45416717529297,26.94066619873047,1.8880505544768378,0.13015261731564667,0.0,0.0,25.704999923706055,27.5575008392334,26.631250381469727,6.888477020629217,0.7031034425952696,0.31078102505973004,0.5747059710307334,0.5545791613812696,0.6318076046922718,-0.0772284433110022,27.183958371480305,26.407980845524715,27.03546162029468,26.48088245891341,1.1081432092845602,0.8034359434551528,0.30470726582940744,0.3761009620556122,25.021148733954156,0.30974922180175923,99.7451413667867,103.0320011937144,-3.286859826927696,27.238750457763672,25.831250190734863,26.535000324249268,25.2162504196167,49.99986278597219,36.2552026794799,30.619645011086416,20.737782576746262,29.314025266813964,24.211249828338623,23.920000076293945,76.0,16.0,60.0,,27.533938790893558,0.0,0.0,61.73611632864959,0.0,0.04481345762096789,0.24556941504363275,37.84646761384882,51.8767318758868,45.67894024964114,62.09942146230069,-54.32105975035886,1.2391175213982102,-0.3137436178535853,2.094262388127475,2.41281782066578,-0.3185554325383051,-11.038007048735748,-8.88530802604359,-2.1526990226921576,27.006214215727592,-0.7533300012118715,-0.7561818633150974,36.71469738408024,3.865744255069181,17303577.499760598
2016-08-25,26.84749984741211,26.969999313354492,26.670000076293945,26.892499923706055,24.867889404296875,100344800,-0.11499977111816406,0,2671551768.20641,1246046800,0.2311756442298392,1355497.3729025966,-0.06988396474901248,-0.0011690402503768532,-21513679.422187615,27.148993628726362,52.47657327086594,1631.8424317112908,26.93312520980835,27.71905733963115,26.14719307998555,5.836174775117327,0.474154710972655,0.0,0.0,27.17591667175293,27.435667037963867,26.916166305541992,1.911621744711383,-0.04555601245373906,0.0,1.0,25.920000076293945,27.5575008392334,26.738750457763672,6.079876546755583,0.5938927598826821,0.31345288440678437,0.7400625445913886,0.5020948716365545,0.6058650580811284,-0.10377018644457392,27.158125082651775,26.481153928316555,27.0134675131272,26.511372641490645,0.9973843516165924,0.9496410344435285,0.047743317173063904,0.3612887069710897,24.955983263833655,0.0668747901916511,95.62207506484282,103.03670784696766,-7.414632782124841,27.113750457763672,25.831250190734863,26.472500324249268,25.2162504196167,24.999931392986095,34.16817036859351,28.376362886971762,24.64535684996453,-13.360124001619042,24.279375076293945,23.920000076293945,72.0,12.0,60.0,,27.509381242309573,0.0,0.0,58.9146034588912,0.0,0.04481345762096789,0.12011716716827875,35.227520095539404,55.08022417420649,25.070383790451874,47.623487766768136,-74.92961620954813,1.0581323062672325,-1.1395992019040322,1.8938848562324888,2.309031227779122,-0.41514637154663303,-10.59082699495916,-9.226411819826705,-1.3644151751324554,27.00482225535308,-0.4258068033606288,-0.42671594223087084,36.13255690142494,3.860687408384017,19799622.749456376
2016-08-26,26.852500915527344,26.987499237060547,26.577499389648438,26.735000610351562,24.722248077392578,111065200,-0.1574993133544922,0,2645817841.805904,1134981600,0.2084787781724406,-1337101.2143091091,-0.013843355687005275,-0.0062519894684231,-22164146.75647063,27.131388563324766,44.636906915018976,1631.8424317112908,26.967250251770018,27.64973224967221,26.284768253867828,5.061561646296474,0.3298492545353992,0.0,0.0,27.149249966939287,27.4335002263387,26.864999707539873,2.093982410162762,-0.2286701469736257,0.0,1.0,26.0,27.5575008392334,26.7787504196167,5.775527073366224,0.4719102499574444,0.3231075807073169,0.9654891720268525,0.4426887749406312,0.573229801453029,-0.13054102651239785,27.136041800181072,26.55336548731877,26.970626451161714,26.527937676221082,0.91157769674921,0.9923672124527956,-0.08078951570358561,0.3427330395211885,25.008997719243904,0.015249824523927202,90.07228409049122,101.95511629912019,-11.882832208628969,27.067500114440918,25.831250190734863,26.44937515258789,25.2162504196167,12.499965696493048,31.9306194584994,25.89445524970561,24.463064100041716,-42.229184291362024,24.38937520980835,23.920000076293945,68.0,8.0,60.0,,27.459018372348634,0.0,0.0,55.194099634247905,0.0,0.0,0.029875638413978667,31.899618588735034,49.5317929683131,16.071529360474734,28.940284466855903,-83.92847063952526,0.8902938954970416,-0.9814792209201388,1.6687643809471302,2.1809778584127235,-0.5122134774655933,-9.317295955949172,-9.244588647051199,-0.07270730889797328,26.992752791905147,-0.5856625966396467,-0.5873843256648748,35.335279433804104,3.791106369963522,26993735.518896192
2016-08-29,26.655000686645508,26.860000610351562,26.572500228881836,26.704999923706055,24.694507598876953,99881200,-0.030000686645507812,0,2638000718.0413666,1035100400,0.14710623825120522,-1574158.8384045644,-0.019069236474494558,-0.010414517290072875,-22276228.466385275,27.10045208024218,37.35119888767561,1630.011259377984,26.976875209808348,27.638544874812876,26.31520554480382,4.905458173776594,0.2945536115061032,0.0,0.0,27.09466660817464,27.37116692860921,26.81816628774007,2.04099444686393,-0.2046405657978149,0.0,1.0,26.0,27.5575008392334,26.7787504196167,5.77346644902415,0.4526481822334398,0.3195468607835578,1.1635435692150267,0.38870743329614754,0.5363253278216528,-0.14761789452550522,27.112916787465412,26.63182698763334,26.929760831553153,26.541053398257006,0.8582187528867476,1.06022623007157,-0.20200747718482226,0.3216076508350728,24.933526985194373,0.06812486648559712,81.636449744847,99.35061182161604,-17.714162076769043,26.9975004196167,25.831250190734863,26.41437530517578,25.2162504196167,6.249982848246524,29.83617817756711,24.29011017872821,23.05513708867944,-63.47696911911991,24.396249771118164,23.920000076293945,64.0,4.0,60.0,,27.38849685373262,0.0,0.0,54.488239288713196,0.0,0.0,0.01493781920698937,28.910053409716802,50.16339518613645,13.451737332114696,18.197883494347092,-86.5482626678853,0.74027198342716,-1.0284449246854421,1.4645516418036166,2.0376926150909025,-0.5731409732872859,-9.051185609549753,-9.205908039550911,0.15472243000115782,26.92776979608739,-0.11221502136001815,-0.11227802955597888,35.18341292107981,3.8763935660687707,9291018.361364335
2016-08-30,26.450000762939453,26.625,26.375,26.5,24.504934310913086,99455600,-0.2049999237060547,0,2638000718.0413666,935644800,0.18391059464933077,-4261906.20608104,-0.054358532756501196,-0.013528845568379457,-23039695.624984335,27.06113366675796,37.31455732607094,1617.4985394840637,26.99587516784668,27.574665291917288,26.417085043776073,4.287989335200165,0.07162782567953108,0.0,0.0,27.004499944051105,27.28050015767415,26.72849973042806,2.044105346848661,-0.41394846661267015,0.0,1.0,26.1924991607666,27.5575008392334,26.875,5.056334236174629,0.22527506308914644,0.3205921670758075,1.4268705425845516,0.32563137475145254,0.49418653720761274,-0.1685551624561602,27.067500114440918,26.715096253615158,26.863643780544976,26.538012405793523,0.8064520403884363,1.0955339673488629,-0.28908192696042656,0.297530044683304,24.81419124234339,0.37412567138671804,72.07015816532542,95.5727594482564,-23.502601282930982,26.89875030517578,25.831250190734863,26.365000247955322,25.2162504196167,3.124991424123262,28.165626570731263,22.562157926425858,25.672551806852656,-130.00253332050372,24.396249771118164,23.920000076293945,60.0,0.0,60.0,,27.30689719124754,0.0,0.0,49.80145120189757,0.0,0.0,0.0,24.916247694929773,47.48873121066918,10.570817022086517,13.364694571558639,-89.42918297791348,0.529720530790442,-2.0151601950693294,1.2270375406123626,1.8755616001951945,-0.6485240595828319,-8.780049538861848,-9.1207363394131,0.3406868005512518,26.818655621324645,-0.7676462246460347,-0.7706077942640999,34.1456825554435,3.7233883067837183,13715515.831237018
2016-08-31,26.415000915527344,26.642499923706055,26.40999984741211,26.524999618530273,24.528059005737305,118649600,0.024999618530273438,1,2636724643.768825,1054294400,0.131632340308702,-3229320.3568166727,0.005143801913528496,-0.013424556210712854,-22927763.748049628,27.016449341043604,37.59702658768447,1617.4985394840637,26.9997501373291,27.564674634956503,26.4348256397017,4.18466463396158,0.07981064656187772,0.0,0.0,26.93266658782959,27.206166648864745,26.659166526794433,2.0309913252982223,-0.24527765689769543,0.0,1.0,26.31999969482422,27.5575008392334,26.93875026702881,4.58337998727716,0.16565635081002517,0.3117829579976213,1.6340341359352368,0.2744961830706849,0.4502484663802272,-0.1757522833095423,26.997083346048992,26.805769333472618,26.81154467869656,26.537048495625875,0.8077651619203132,1.0939265371406077,-0.2861613752202945,0.2721567746658586,24.657096239077987,0.3452491760253906,64.73128107640771,90.91136288081792,-26.180081804410207,26.89875030517578,26.6225004196167,26.76062536239624,25.2162504196167,1.562495712061631,26.550893558887143,21.79218024792955,24.357827342793108,-130.6554626316887,24.369999885559082,23.920000076293945,56.00000000000001,0.0,56.00000000000001,,27.195069528297836,0.0,0.0,50.36217584703863,0.02383376777152639,0.007944589257175094,0.002648196419058439,21.705628050926308,48.73655288251105,12.684948166930388,12.235834173710524,-87.31505183306962,0.3657646123100733,-3.087326250614731,1.0343885195670135,1.7073269840695584,-0.6729384645025449,-7.021199476914934,-8.700828966913466,1.6796294899985318,26.75197612869254,0.0943381831331136,0.09429371263536268,34.2722331551178,3.8846913594572925,33723041.33524828
2016-09-01,26.53499984741211,26.700000762939453,26.405000686645508,26.6825008392334,24.6737003326416,106806000,0.157501220703125,1,2730858803.9860687,1161100400,0.1432311528753186,-364835.2517831526,0.0072505286001092,-0.01180137822338887,-22293566.74068508,26.984569386930914,44.07205276409444,1627.102988046479,27.010500144958495,27.541677107223695,26.479323182693296,3.933114599244794,0.191252323588784,0.0,0.0,26.861416689554847,27.149916712443037,26.572916666666668,2.1480626001410332,0.18992056130477786,0.0,0.0,26.375,27.5575008392334,26.9662504196167,4.377930185991436,0.26004280845394384,0.3101046698272537,1.759773330261378,0.24386903701710594,0.408972580507603,-0.16510354349049705,26.941875139872234,26.842115548940804,26.791691780317613,26.547822743300507,0.8168594294935916,1.0473017676685892,-0.2304423381749976,0.24768102092203162,24.515595306786146,0.29450016021728587,58.54959836605844,85.55344444477939,-27.003846078720947,26.852499961853027,26.631250381469727,26.741875171661377,25.2162504196167,0.7812478560308155,24.835052945057864,21.64173652511647,22.764834191329587,-118.47597381630167,24.78874969482422,24.293749809265137,52.0,0.0,52.0,,27.096661184902096,0.0,0.0,53.85905177550143,0.17246951889649595,0.06543442888934041,0.02445967271550524,19.771348501891335,53.86117433717384,26.00428084539438,16.420015344803755,-73.99571915460562,0.25851480820599804,-2.4227408694705983,0.9186027772414883,1.5495821427039445,-0.6309793654624561,-6.447745643556475,-8.250212302242069,1.802466658685594,26.743720016411853,0.5937840639707037,0.5920281140029626,35.069520277930486,4.068704492221528,11440908.2129215
2016-09-02,26.924999237060547,27.0,26.704999923706055,26.9325008392334,24.90488052368164,107210000,0.25,1,2789007223.27938,1268310400,0.1146671299086428,3516212.6413287264,0.08254808116872187,-0.010314460103865873,-21289069.44256863,26.95728602275041,44.15949960638069,1627.102988046479,27.013625144958496,27.542187979537466,26.485062310379526,3.913305465243084,0.4232595441659101,0.0,0.0,26.820916684468585,27.105666669209803,26.53616669972738,2.1233426738624748,0.6959335570574603,0.0,0.0,26.375,27.5575008392334,26.9662504196167,4.377423736680845,0.47145914889567414,0.31084411892118846,1.8053648901271078,0.23703729538518914,0.37458552348312024,-0.1375482280979311,26.91083351771037,26.874711770277756,26.813354712458505,26.576317417073316,0.8644177275267567,1.0386505990711798,-0.17423287154442313,0.22625022407525933,24.48326906613298,0.2563753128051758,52.912684318198046,79.8221273881154,-26.90944306991736,26.852499961853027,26.738750457763672,26.79562520980835,25.2162504196167,0.39062392801540774,23.897627907652844,26.774563509747047,21.160803574448767,-36.810559745423596,24.801249504089355,24.493749618530273,48.0,0.0,48.0,,27.010061842713846,0.0,0.0,58.81826615624382,0.393034632643989,0.19644597310400344,0.08994166375017305,19.402914284281607,57.53715352601738,47.145914889567415,28.611714633964052,-52.854085110432585,0.21336051155539337,-1.3642170363637531,0.8919117410635313,1.418048062375862,-0.5261363213123307,-5.8947369176588165,-7.779117225325419,1.8843803076666026,26.75411182447518,0.9369436602149506,0.9325815688270289,36.335045585057316,4.2525452084293995,16098015.456901535
2016-09-06,26.975000381469727,27.075000762939453,26.877500534057617,26.924999237060547,24.897945404052734,107521600,-0.0075016021728515625,0,2733203401.7722383,1160788800,0.03297018774206134,2898670.225683412,0.022731050260386892,-0.01175623770775842,-21319017.803955615,26.915266885700106,42.98672811132269,1627.102988046479,27.00525007247925,27.533856488290574,26.476643656667925,3.9148418503261464,0.4240920720801973,0.0,0.0,26.8046667098999,27.0779167175293,26.53141670227051,2.038824138995723,0.7201876007334806,0.0,0.0,26.375,27.5575008392334,26.9662504196167,4.37878129645047,0.4651153037803381,0.2995097299172532,1.8502229202491283,0.22838509313117683,0.34534543741273155,-0.11696034428155472,26.882083415985107,26.908269442044773,26.83053079316651,26.602145700035333,0.8350973044546265,1.063472575720674,-0.2283752712660475,0.2072747871130322,24.357909619976883,0.33475008010864116,47.46678987072897,73.6451624515207,-26.178372580791738,26.78125,26.7787504196167,26.78000020980835,25.2162504196167,0.19531196400770387,23.2544800428633,27.279414796871066,20.2069983999684,-11.753238707722534,24.81375026702881,24.506250381469727,44.0,4.0,40.0,26.375,,1.0,0.0,58.61468783566822,0.4014174101486367,0.3223071872297069,0.19472919640768363,19.044019163112477,54.540576299494255,52.50586315896808,41.88535296464328,-47.49413684103192,0.20480905420640028,-1.2651309677734324,0.8585213227024522,1.3061427144411801,-0.44762139173872795,-5.370825086480878,-7.297458797556511,1.9266337110756329,26.758654939952283,-0.027853344246164813,-0.027857224010530146,36.29707171548235,4.101042046025761,16583937.562933803
2016-09-07,26.957500457763672,27.190000534057617,26.767499923706055,27.09000015258789,25.050521850585938,169457200,0.16500091552734375,1,2822443985.617809,1330246000,0.03831300763903518,6478944.928114381,0.000623210012656513,-0.007790079088983471,-20280555.633668393,26.904336798973944,52.442895982074,1627.102988046479,26.99962511062622,27.5220743795935,26.477175841658937,3.870048319757316,0.5864916914711301,0.0,0.0,26.7837500890096,27.079500134785974,26.48800004323324,2.2084289525814023,1.017751506638576,1.0,0.0,26.375,27.5575008392334,26.9662504196167,4.37969354903377,0.6046508627016425,0.31180881796068416,1.865213411473759,0.23216608926333748,0.32270956778285276,-0.09054347851951527,26.861250082651775,26.93048095703125,26.870449156154415,26.638283066891077,0.8678234872171147,0.9826554489022251,-0.11483196168511045,0.19157565561226442,24.270780877657092,0.1278754234313979,41.67612510481648,67.19304953352402,-25.51692442870754,26.78250026702881,26.7787504196167,26.780625343322754,25.2162504196167,0.09765598200385193,22.998776201127534,27.273716475556007,18.30606485023629,7.57814969960948,25.013750076293945,24.706250190734863,40.0,0.0,40.0,26.389000015258787,,0.0,0.0,61.750580345250384,0.5475946608155687,0.44734890120273113,0.32203402051214725,19.598145276504557,58.879082086029044,68.25773135806786,55.969836468867776,-31.74226864193215,0.24309584673713402,-0.9144111141357695,0.8715505000091334,1.2192242715547708,-0.3476737715456374,-0.465991664605457,-5.931165370966301,5.4651737063608445,26.76346641000611,0.6128167881253921,0.6109467022906934,37.13232305267815,4.240288845721857,78206711.27919537
2016-09-08,26.8125,26.8174991607666,26.309999465942383,26.3799991607666,24.39397621154785,212008000,-0.7100009918212891,0,2668920731.3295603,1118238000,-0.007602525349957138,-15950317.243623082,-0.09934192954129012,-0.016225639704418236,-25837066.8712539,26.82967482546748,43.01769247577752,1627.102988046479,26.96862506866455,27.55675470035933,26.38049543696977,4.361584101505726,-0.0004219105588497057,0.0,1.0,26.730166689554853,27.049916712443036,26.41041666666667,2.392428199956787,-0.047564509339699836,0.0,1.0,26.309999465942383,27.5575008392334,26.93375015258789,4.6257507385517975,0.056111918049078814,0.3586280048291665,2.085705229319219,0.17584438501346256,0.29333653122897474,-0.11749214621551218,26.79895830154419,26.940480892474834,26.794995310710135,26.619150925696673,0.6983386856606615,1.0176529750872172,-0.3193142894265557,0.17309479244370768,24.370663824115667,0.24387454986572266,35.0149786145728,60.45892770571623,-25.44394909114343,26.75,26.875,26.8125,25.2162504196167,0.04882799100192597,21.60894771927094,22.976382484951934,24.663391418083627,-128.76495211058543,25.013750076293945,24.706250190734863,36.0,0.0,36.0,,27.190000534057617,0.0,1.0,45.70279852289587,0.0,0.3163373569880681,0.36199781514016877,14.730373499894942,48.48840158084067,6.292100927356238,42.35189848146405,-93.70789907264377,0.20508103651159004,-2.7555114130494776,0.6605935159401046,1.1074981204318375,-0.44690460449173286,5.790705842179117,-3.586791128337218,9.377496970516335,26.73512919999283,-2.620896965013353,-2.655854625370857,33.5382261597382,3.4263656223633845,86568985.9873717
2016-09-09,26.15999984741211,26.43000030517578,25.782499313354492,25.782499313354492,23.841461181640625,186228000,-0.5974998474121094,0,2482692731.3295603,932010000,-0.04750138918128745,-29567586.43508583,-0.1590691961765178,-0.025920112795932482,-30055080.712184932,26.71159013479081,41.05575582091007,1590.249545362241,26.908625030517577,27.691463969049344,26.12578609198581,5.81849825209527,-0.21925760315088497,0.0,1.0,26.64558334350586,27.00008354187012,26.291083145141602,2.6608552253794664,-0.7173251723607317,0.0,1.0,25.782499313354492,27.5575008392334,26.670000076293945,6.596403658179649,0.0,0.38751530352837876,2.5143118822044435,0.08204996354249872,0.2510792176916795,-0.1690292541491808,26.67979160944621,26.914903934185322,26.639226695732344,26.557176732189845,0.6461987999693635,1.096490999770226,-0.45029219980086244,0.14880718069285417,24.683995040226687,0.09887466430664205,26.999065475237987,53.45079230402143,-26.45172682878344,26.486249923706055,26.670000076293945,26.578125,25.296250343322754,0.024413995500962984,21.65585691622223,20.139544306557703,31.676805006605978,-211.81436334795455,25.053750038146973,24.706250190734863,32.0,100.0,-68.0,,27.190000534057617,0.0,0.0,36.99058202375373,0.0,0.18253155360518922,0.3154059372653295,6.982745455088218,39.9912387077689,0.0,24.849944095141353,-100.0,0.07450733184814595,-5.254939183176053,0.30895589681807667,0.9477896757090853,-0.6388337788910087,8.618448167961073,-1.14574326907756,9.764191437038633,26.615419744435496,-2.2649729583795297,-2.291017490006819,30.513621448120443,3.190667015030904,29661009.471335113
2016-09-12,25.662500381469727,26.43000030517578,25.63249969482422,26.360000610351562,24.37547492980957,181171200,0.5775012969970703,1,2632059745.7369075,1113181200,0.009951928573906772,-10396987.94742848,-0.03301429458169804,-0.025306559339153576,-25997033.3635975,26.62968215070192,49.37344411460404,1625.8694891013652,26.87437505722046,27.689618996944358,26.05913111749656,6.067072726253882,0.18452727962436602,0.0,0.0,26.583000055948894,26.976250330607098,26.189749781290693,2.958659849005254,0.21646625575639397,0.0,0.0,25.63249969482422,27.5575008392334,26.59500026702881,7.162961521190726,0.37792232884652543,0.4285138342106972,2.639450688899486,0.05369774290783624,0.21160292273491088,-0.15790517982707464,26.62583335240682,26.910769315866325,26.59626883644299,26.542571093535155,0.6806308614443816,1.0743240340655833,-0.39369317262120174,0.12569082424063285,25.07639078835089,0.018124866485596414,21.62855256898502,46.7832481733701,-25.154695604385076,26.411250114440918,26.59500026702881,26.503125190734863,25.482500076293945,0.012206997750481492,22.010964613748396,17.305468058296093,29.865982123904494,-150.70401410881976,25.14687490463257,24.706250190734863,28.000000000000004,100.0,-72.0,,27.133700485229493,0.0,0.0,47.422930583651635,0.34703948554345965,0.11567982851448617,0.20484957970258122,4.457025472976054,49.35062840995273,42.857191012372205,16.383097313242803,-57.142808987627795,-0.13566179836497483,-2.3974788180660225,0.2023079931428163,0.7986933391958315,-0.5963853460530152,10.271216585712322,1.1376487018804164,9.133567883831905,26.609871767635,2.2398964893909357,2.2151792212911303,33.43699147311385,4.168129058378078,29847233.072155416
2016-09-13,26.877500534057617,27.197500228881836,26.809999465942383,26.987499237060547,24.955739974975586,248704800,0.6274986267089844,1,2611199891.079048,1361886000,-0.03590239645036964,13382856.110194532,0.15152278236314462,-0.016349954320211274,-20076626.806601945,26.65081472720703,53.674428476084515,1625.8694891013652,26.855249977111818,27.640482451831,26.070017502392634,5.847888032235196,0.5842102588765348,0.0,0.0,26.61158332824707,27.014833641052245,26.208333015441895,3.0306375072177105,0.9661073988987768,0.0,0.0,25.63249969482422,27.5575008392334,26.59500026702881,7.168062654601312,0.7038954476321643,0.46941241264265476,2.6369059159245842,0.08092939504939523,0.18546821719780776,-0.10453882214841254,26.633749961853027,26.915288485013523,26.656458128845692,26.575528733796297,0.8043655916233338,1.0024248147081372,-0.1980592230848034,0.10874406149732765,25.346554624274386,-0.12024936676025533,18.83041574704461,40.867721238005565,-22.037305490960954,26.414999961853027,26.59500026702881,26.505000114440918,25.566250801086426,0.05444351080829395,20.672861256219704,27.511635360037296,25.765468887119482,31.313807397889487,25.37625026702881,24.893750190734863,24.0,96.0,-72.0,25.63249969482422,,1.0,0.0,55.95604272006894,0.7659718086430314,0.37100376472883,0.22307171561616854,5.8811798358890774,51.710624467295396,86.58141085250533,43.14620062162584,-13.418589147494671,-0.20972077986773385,0.35325579110906374,0.30452600157104953,0.6998598716708752,-0.3953338700998256,14.761501452992695,3.8624192521028724,10.899082200889822,26.614928149498027,2.3804954938527745,2.352603478205406,36.61345304226407,4.583271150607807,98473944.35783756
2016-09-14,27.1825008392334,28.25749969482422,27.149999618530273,27.9424991607666,25.83884048461914,443554800,0.9549999237060547,1,2802438683.3883433,1805440800,0.06613494479336911,71984562.40294594,0.17478107376290056,-0.00028428442036223877,-4380663.41115875,26.853966514138452,65.1824020413363,1625.8694891013652,26.885124969482423,27.780374238501167,25.989875700463678,6.659811103983718,1.0905473636650573,1.0,0.0,26.739916610717774,27.228916931152344,26.250916290283204,3.6574558369308554,1.729633703491342,1.0,0.0,25.63249969482422,28.25749969482422,26.94499969482422,9.763763430445884,0.8799997965494791,0.5494712171547564,2.61303954891849,0.17752479283429778,0.1838795323251058,-0.0063547394908080035,26.73437484105428,26.94798073401818,26.85431059529506,26.676785802460763,0.8890052604192464,0.8150084123035332,0.07399684811571328,0.10347336685203924,25.83735735309269,-0.1801250457763679,19.68777009702098,35.86288668474037,-16.175116587719387,26.94499969482422,26.94499969482422,26.94499969482422,25.925000190734863,50.02722175540415,21.22625908654421,37.75941603489948,21.046516597360174,186.14084435328803,25.86625051498413,24.983750343322754,100.0,92.0,8.0,25.63249969482422,,0.0,0.0,65.21022312313836,1.0,0.7043370980621634,0.3970068971018266,11.260511909622958,55.95796852111515,87.99997965494792,72.47952717327514,-12.000020345052084,-0.11814000746783293,4.516545812037521,0.6654654505563495,0.6929809874479701,-0.027515536891620562,25.571525199749995,8.204240441632297,17.367284758117698,26.717380976501147,3.538675129982405,3.4775029672510005,41.44775932928086,5.173653427026661,255164390.2217227
2016-09-15,28.46500015258789,28.9325008392334,28.372499465942383,28.892499923706055,26.717323303222656,359934400,0.9500007629394531,1,3110952832.5944114,2165375200,0.13639917780644542,110549332.7179757,0.14761067033895428,0.015251046657349674,7856536.7276270185,27.11933710734889,72.92322595273194,1681.1464794020387,26.964499950408936,28.20825293438701,25.720746966430863,9.225114400530247,1.2750735066100187,1.0,0.0,26.960583305358888,27.482333755493165,26.43883285522461,3.8704685594140713,2.351379924875934,1.0,0.0,25.63249969482422,28.9325008392334,27.28250026702881,12.2383176045478,0.9878785146498774,0.5935242632859605,2.5711028893149033,0.3269654098765109,0.21249670783538682,0.11446870204112408,26.916666507720947,27.012980754558857,27.167878184281367,26.840912774404856,1.0364682903161169,0.6954569982815567,0.34101129203456015,0.11301222958366261,26.205670238316117,-0.46449995040893555,23.66312744225573,31.986612137651175,-8.323484695395447,27.28250026702881,27.28250026702881,27.28250026702881,26.262500762939453,75.01361087770208,22.513679452264178,41.81361298586734,18.24178332858527,297.61487043060765,25.941875457763672,25.05500030517578,100.0,88.0,12.0,25.73749969482422,,0.0,0.0,71.60227725311661,1.0,0.9219906028810101,0.6657771552240012,18.571565981984843,62.165511156080605,98.78785146498774,91.12308065748032,-1.2121485350122618,0.2189116141375358,8.191349957871202,1.2181605470150063,0.7980168993613774,0.4201436476536289,28.69038244193219,12.301468841692277,16.388913600239913,26.983493284412255,3.399841787499547,3.3433245983514936,46.25675935843954,5.518586137753125,55135414.91323072
2016-09-16,28.780000686645508,29.032499313354492,28.510000228881836,28.729999542236328,26.56705665588379,319547600,-0.16250038146972656,0,3060497580.019395,1845827600,0.13273309817426204,87338484.20144552,0.01941700296404825,0.017626786560996355,6059301.9076961,27.323182710458646,79.09713280277488,1671.691190142518,27.03749990463257,28.4970673616682,25.577932447596936,10.79661553164205,1.0797949349464158,1.0,0.0,27.17674986521403,27.72125021616618,26.632249514261883,4.007104261198676,1.926307324050558,1.0,0.0,25.63249969482422,29.032499313354492,27.332499504089355,12.575125771698003,0.9110294691006682,0.5864217454046301,2.499737626157575,0.4273594194661072,0.25546925016153094,0.1718901693045763,27.102499802907307,27.079519198491024,27.408204547043667,26.98084512757756,1.064963868060376,0.6893721451436917,0.3755917229166842,0.13058834572521472,26.48447788888571,-0.5125002861022949,27.50681759692383,29.163738057509605,-1.6569204605857735,27.332499504089355,27.332499504089355,27.332499504089355,26.3125,87.50680543885105,23.81141402363434,40.217048791039794,16.957371872942332,240.99905789499928,25.995625495910645,25.05500030517578,100.0,84.0,16.0,25.92919976348877,,0.0,0.0,69.25818332260776,0.9322745125607071,0.9774248375202355,0.8679175128211364,22.689206405417572,60.26426953792897,91.10294691006682,92.63025934333415,-8.89705308993318,0.6712498608757471,8.41509261221256,1.5839363720645512,0.9552007939020122,0.628735578162539,28.928356131250784,15.62684629960398,13.301509831646804,27.152387976839943,-0.5624310180802228,-0.5640186168946126,45.43416597776873,4.680374241019475,31715322.485771894
2016-09-19,28.797500610351562,29.045000076293945,28.3125,28.395000457763672,26.25727653503418,188092000,-0.33499908447265625,0,2914774657.112726,1657735600,0.07221633376592518,65860036.7731489,-0.036022830029223615,0.016415815592801423,3866101.4621479404,27.42786706715986,76.3550169728225,1652.198846698674,27.090249919891356,28.661703761257964,25.518796078524748,11.601619372383484,0.9151412225820279,0.0,0.0,27.347249857584636,27.935500208536787,26.758999506632488,4.302080494496239,1.390565214693992,1.0,0.0,25.63249969482422,29.045000076293945,27.338749885559082,12.596784420818707,0.8095239426023666,0.6010295784935616,2.4573979911273476,0.47442192828103913,0.29925978578543255,0.17516214249560658,27.258333206176758,27.13384613623986,27.56001930253905,27.08559737425801,1.0385189731280937,0.6891607282025276,0.3493582449255661,0.15002068490563622,26.820086200123413,-0.40774908065795756,29.92234997059447,27.214355846383544,2.707994124210927,27.338749885559082,27.338749885559082,27.338749885559082,26.475000381469727,93.75340271942552,24.536754085183166,36.352667382919854,17.91874465678296,175.4586478193522,26.093750476837158,25.05500030517578,100.0,80.0,20.0,26.177463727478028,,0.0,0.0,64.5654862488986,0.7966932576521607,0.9096559234042889,0.9363571212685114,23.955850488787682,59.110839330902415,80.95239426023666,90.28106421176373,-19.047605739763338,1.1313748864566584,7.049956139969263,1.7515653124635415,1.1144736976143181,0.6370916148492234,24.471314941047197,17.395740027892625,7.075574913154572,27.2225474259417,-1.1660253735130466,-1.1728767607225965,43.73836670071087,4.242176969979813,-82049961.47646606
2016-09-20,28.262500762939453,28.530000686645508,28.127500534057617,28.392499923706055,26.254961013793945,138057200,-0.0025005340576171875,0,2958506574.4650903,1519678400,0.08240669305692414,56402143.41548488,-0.10204090992235608,0.013009931509526073,3853943.8032314386,27.503929796809388,75.125728250966,1652.0533499767328,27.15349988937378,28.824535027790578,25.482464750956982,12.308064486896871,0.8707283006347043,0.0,0.0,27.48633321126302,28.095083554585774,26.877582867940266,4.429476559451063,1.2442843543191184,1.0,0.0,25.63249969482422,29.045000076293945,27.338749885559082,12.567442117489874,0.8087911854512773,0.5811766359029946,2.3518103351541795,0.5056882737436261,0.3405454833770713,0.16514279036655483,27.400833129882812,27.185673053448017,27.68809324425705,27.182404970513424,1.0491415918370481,0.7344578818298072,0.31468371000724094,0.16950298116303877,26.973250253018783,-0.22099905014038157,33.12783223082795,26.26454552705148,6.863286703776467,27.338749885559082,27.338749885559082,27.338749885559082,26.5287504196167,96.87670135971277,24.770653919364673,34.39683629940936,19.427547567520275,122.41791364649629,26.120625495910645,25.05500030517578,96.0,76.0,20.0,26.46421736235962,,0.0,0.0,64.53033917215208,0.7956777894263601,0.8415485198797423,0.9095430936014223,24.868024679986135,63.88336829657258,80.87911854512772,84.31148657181039,-19.120881454872276,1.335492667029886,6.408691204680143,1.8603514821156557,1.2636492545145859,0.5967022276010698,18.953197958290264,17.707231613972155,1.2459663443181093,27.28902921412853,-0.008806247639747689,-0.008806635412517139,43.72570874418589,4.341007595004772,-59263278.87220025
2016-09-21,28.462499618530273,28.497499465942383,28.110000610351562,28.387500762939453,26.250341415405273,144012800,-0.0049991607666015625,0,3020757991.238979,1375665600,0.10320074617070363,48241845.33618012,-0.006726966712954845,0.012162019464777265,3828586.99627246,27.584709617055704,70.33568687591848,1652.0533499767328,27.212249946594238,28.96792861722678,25.456571275961696,12.903590655518538,0.8346998616557187,0.0,0.0,27.617916552225743,28.22316672007243,27.01266638437907,4.3830255385278365,1.1357571229196672,1.0,0.0,25.63249969482422,29.045000076293945,27.338749885559082,12.540309559727604,0.8073262300790383,0.5618088578717771,2.2513104366281835,0.5240230754694721,0.3772410017955515,0.14678207367392065,27.522083123524983,27.22480766589825,27.795694400977418,27.271671325507945,1.0421512846433192,0.7450578614014396,0.2970934232418796,0.18776679388511722,27.059505689689274,-0.2872507095336907,36.207137483833236,26.397007623635982,9.810129860197254,27.338749885559082,27.338749885559082,27.338749885559082,26.574999809265137,98.43835067985638,24.945317707568417,32.57952682046054,18.639722967752537,102.7913735571139,26.26687479019165,25.130000114440918,92.0,72.0,20.0,26.722295633753053,,0.0,0.0,64.45479637927534,0.793495209452275,0.7952887521769316,0.8488310651536543,25.53728121660903,62.48257689366727,80.73262300790383,80.85471193775605,-19.26737699209617,1.3973309516906731,5.402394424458763,1.921492339852816,1.3952178715822319,0.5262744682705842,14.521170668057866,17.070019424789297,-2.548848756731431,27.34376999345955,-0.017607328625635077,-0.017608878897723557,43.70040248632776,4.323369672219805,-10270731.268595815
2016-09-22,28.587499618530273,28.735000610351562,28.5,28.655000686645508,26.497703552246094,124296000,0.2674999237060547,1,3060427227.911922,1499961600,0.12265170166352876,46100034.647721216,0.059319289639035634,0.01588121668184344,4999847.925321038,27.665105432398033,70.59846488300514,1667.6209108116072,27.294624996185302,29.155588834038475,25.43366115833213,13.636119478565922,0.8655029890396874,0.0,0.0,27.830666669209798,28.408666928609215,27.252666409810388,4.153693235375339,1.2130913905577247,1.0,0.0,25.63249969482422,29.045000076293945,27.338749885559082,12.502462964582433,0.8857144773474079,0.5403779568258104,2.1600887844362684,0.5537552009295865,0.4125438416223585,0.141211359307228,27.6662499109904,27.27519233410175,27.927895368003277,27.37414016707369,1.0745449643693472,0.7133775372249775,0.36116742714436967,0.20597409342753698,27.05043201883803,-0.2046248435974114,42.100960555492186,28.074995965886448,14.025964589605739,27.338749885559082,27.338749885559082,27.338749885559082,26.574999809265137,99.2191753399282,25.438910594392038,34.31588243069951,17.734811986678373,109.6386843164914,26.385000228881836,25.2162504196167,88.0,68.0,20.0,26.95456607800714,,0.0,0.0,66.70110853687524,0.8583955890122522,0.8158561959636289,0.817564489340101,26.807538754775212,61.95001233246732,88.57144773474079,83.39439642925743,-11.428552265259206,1.3254044981563773,6.425260904756959,2.0229135876043234,1.5207570147866503,0.5021565728176731,10.005063599250711,15.657028259681582,-5.65196466043087,27.52356473934473,0.9423158661972852,0.9379037658632239,45.0545141787458,4.567865125683802,-19943430.558817178
2016-09-23,28.604999542236328,28.697500228881836,27.887500762939453,28.177499771118164,26.056148529052734,209924800,-0.47750091552734375,0,3000818536.383146,1290036800,0.08958231009564652,25194417.670633256,-0.12540189245679265,0.0010276471371638304,1501705.1303494512,27.733668786043054,64.61216012806267,1667.6209108116072,27.358874988555907,29.24837937293239,25.469370604179424,13.81273451607096,0.7166242082662312,0.0,0.0,28.05625006357829,28.65050017038981,27.461999956766768,4.236133520801187,0.6020190877124496,0.0,0.0,25.63249969482422,29.045000076293945,27.338749885559082,12.473101993035751,0.7457874847761458,0.5673401077374676,2.222808766012464,0.5326477595137682,0.4365646252006405,0.0960831343131277,27.756874879201252,27.308750005868767,27.966296045405567,27.4336482858918,0.9732095277723029,0.7670857826957952,0.20612374507650766,0.21941921239884468,27.22543003282682,-0.9788758277893059,47.64503612800943,30.965716361333605,16.679319766675825,27.927499771118164,27.338749885559082,27.633124828338623,26.574999809265137,99.6095876699641,24.480623939795468,30.58822894276012,24.022443775936374,69.88936596379034,26.441250324249268,25.2162504196167,84.0,64.0,20.0,27.16360947783582,,0.0,0.0,59.47567797032526,0.6496386784168914,0.7671764922938058,0.7927738134781221,25.53780873899098,55.837361886472934,74.57874847761458,81.29427307341972,-25.421251522385422,1.1836619882022639,4.014395025488345,1.9415855811918787,1.604922728067696,0.33666285312418265,9.79954677267023,14.485531962279312,-4.685985189609083,27.625742041718492,-1.6663790057066086,-1.6804192954964492,42.63735620764146,3.9156267884591713,82600156.1732912
2016-09-26,27.90999984741211,28.34749984741211,27.887500762939453,28.219999313354492,26.095447540283203,119477600,0.042499542236328125,1,3054063579.3101854,1409514400,0.11081617843094325,22320607.047327813,-0.06737658567009827,-0.005408612572156539,1681910.732292167,27.777425901733785,60.82936783206773,1670.1361490658496,27.433124923706053,29.33539666551759,25.530853181894518,13.868429113357822,0.7068249168489191,0.0,0.0,28.25733337402344,28.81783332824707,27.696833419799805,3.967111452483279,0.4666957504745405,0.0,0.0,25.63249969482422,29.045000076293945,27.338749885559082,12.439342550147646,0.7582415616949663,0.5566060054109865,2.272284985152518,0.5134308072494136,0.4519378616103952,0.061492945639018415,27.910208225250244,27.345288423391487,28.00532731739771,27.491896510148297,0.9556205699641542,0.8187616579890679,0.13685891197508637,0.22895414112527362,27.29646652961246,-1.650625610351561,51.297149400954,34.57313121176797,16.724018189186026,28.09749984741211,27.338749885559082,27.718124866485596,26.574999809265137,99.80479383498205,23.590786331955798,28.682692747876278,22.52593228485694,55.457622028294466,26.502500534057617,25.2162504196167,80.0,60.0,20.0,27.351748537681633,,0.0,0.0,59.8921205311941,0.6616705236677289,0.7232349303656238,0.7687558728743529,24.665465658705244,51.45275886048143,75.82415616949662,79.6581174606173,-24.17584383050338,1.0368164679583387,6.974981846566595,1.8675714389506992,1.6574524702442968,0.21011896870640245,5.760772912094316,12.740580152242313,-6.979807240147997,27.701618121178715,0.15082793924778848,0.15071430815543074,42.85249319260698,4.168335288916108,-48676398.22241327
2016-09-27,28.25,28.295000076293945,28.084999084472656,28.272499084472656,26.143993377685547,98429600,0.05249977111816406,1,3131400292.030324,1507944000,0.13398353711546993,19870167.679317046,0.015467826446418247,-0.004348282826887844,1865026.6641485845,27.835397019079476,59.977211905177974,1673.2432280061612,27.511499881744385,29.4164785789303,25.60652118455847,13.848599352083946,0.6997395571542191,0.0,0.0,28.379250017801922,28.921999994913733,27.8365000406901,3.824977592933966,0.40165735805524655,0.0,0.0,25.63249969482422,29.045000076293945,27.338749885559082,12.403905261937883,0.7736261082882044,0.5219455040520168,2.3307662230402926,0.49671174311725963,0.4608926379117681,0.03581910520549153,28.117708206176758,27.381153766925518,28.046430666178473,27.549718923061214,0.9880369123235858,0.8327895471919871,0.15524736513159876,0.23537429739648022,27.228932158634397,-1.1514992713928223,52.99296233898518,38.273708127541774,14.719254211443406,28.4662504196167,27.338749885559082,27.90250015258789,26.574999809265137,99.90239691749102,22.76450855324753,27.830318902501737,21.856521093548498,54.46598021539168,26.540000438690186,25.2162504196167,76.0,56.00000000000001,19.999999999999993,27.521073691542863,,0.0,0.0,60.43303663675015,0.6772986546209092,0.6628692855685095,0.7177602360759797,24.118656513891942,53.37746815627126,77.36261082882044,75.9218384919772,-22.63738917117956,0.9775589381947221,9.657712934868288,1.8029648306192847,1.6865549423192945,0.11640988829999022,1.4235599517227535,10.477176112138402,-9.053616160415649,27.753890859948807,0.18603746419412204,0.18586462882952404,43.11825234848059,4.228966559471367,-26209124.686486006
2016-09-28,28.422500610351562,28.65999984741211,28.357500076293945,28.487499237060547,26.34281349182129,118564400,0.21500015258789062,1,3114741902.999006,1626508400,0.1287916183479053,20673195.738199137,0.08132451008769898,0.00855646286089709,2766657.751493527,27.9609461225694,65.84161151064174,1673.2432280061612,27.61087484359741,29.501729372830336,25.720020314364486,13.696447794166064,0.7318064081372673,0.0,0.0,28.451083374023437,28.913333320617674,27.9888334274292,3.249436518936102,0.5393897969111892,0.0,0.0,25.63249969482422,29.045000076293945,27.338749885559082,12.359262069021472,0.8366298089633358,0.5085010299407604,2.166135062934114,0.49510323788549115,0.4677347579065127,0.027368479978978455,28.294999758402508,27.43346140934871,28.1142873693911,27.61918413150561,1.0917353803190695,0.7770518430368841,0.31468353728218534,0.24051231731849645,27.166924531543057,-0.6233756065368645,52.62282181075927,41.49145194626439,11.131369864494879,28.4662504196167,27.338749885559082,27.90250015258789,26.574999809265137,99.95119845874551,22.629926151634436,31.530764986907478,20.63778631324914,69.09125815992755,26.540000438690186,25.2162504196167,72.0,52.0,20.0,27.673466330017973,,0.0,0.0,62.65433284437701,0.7414762741482653,0.6934818174789674,0.6931953444710336,24.29541104603633,60.49662199902145,83.6629808963336,78.94991596488353,-16.337019103666414,0.976610408109778,8.070935422791745,1.7926063113526938,1.7077652161259744,0.08484109522671934,-1.222288610034096,8.137283167703902,-9.359571777737997,27.7818613201497,0.7604568380938481,0.7575799409162531,44.206604885025016,4.4263139796450055,16291801.585878402
2016-09-29,28.290000915527344,28.450000762939453,27.950000762939453,28.045000076293945,25.933626174926758,143548000,-0.44249916076660156,0,3025741748.7326484,1482960400,0.10439079645436387,8645614.985638672,-0.10754214580264936,0.012236966459030548,536912.3813878661,28.099243290544184,66.50309681275183,1673.2432280061612,27.686874866485596,29.518293655144937,25.855456077826254,13.229508909842599,0.5977726154241622,0.0,0.0,28.392666753133135,28.848916562398273,27.936416943868,3.213856685123028,0.11899526336332697,0.0,0.0,25.63249969482422,29.045000076293945,27.338749885559082,12.325336094903545,0.7069597397175056,0.5114007743587937,1.8259979735494019,0.4529017324959135,0.4647681528243929,-0.011866420328479399,28.383124828338623,27.465480657724235,28.103627785837695,27.65072605334178,1.1023874938478813,0.7494966946967035,0.3528907991511777,0.24087448124220207,27.13585664049488,0.25562429428100586,51.33530346118968,44.13906148673838,7.196241974451304,28.4662504196167,27.338749885559082,27.90250015258789,26.574999809265137,89.38867953993258,21.572643663530624,29.106358691580343,24.880298640018108,37.78355829490097,26.541250228881836,25.2162504196167,68.0,48.0,20.0,27.81061970464557,,0.0,0.0,55.72087259810147,0.3431830532017203,0.5873193273236313,0.6478901434570362,22.352938498375917,56.156572590548365,70.69597397175056,77.24052189896817,-29.30402602824944,0.8606840021469999,3.918483998625508,1.6379379392143563,1.693799760743651,-0.05586182152929475,-2.125781070028547,6.084670320157413,-8.210451390185959,27.808698885983468,-1.5533099521453875,-1.5655002109538518,41.96662933969495,3.8729130020418197,38136377.94914104
2016-09-30,28.114999771118164,28.342500686645508,27.950000762939453,28.262500762939453,26.134754180908203,145516400,0.2175006866455078,1,3111939406.5119596,1628476800,0.10120973501987575,11931943.833144914,-0.014497943786325318,0.013559562944414318,1665452.8282440621,28.230339322074578,66.23433733585867,1673.2432280061612,27.7658748626709,29.552952471247313,25.978797254094484,12.872474700799028,0.6389491698304492,0.0,0.0,28.335416857401533,28.778666750590002,27.89216696421305,3.128592710805269,0.4177483225798905,0.0,0.0,25.63249969482422,29.045000076293945,27.338749885559082,12.290267813810445,0.7706961975437265,0.4995106892935198,1.7242017638901566,0.4320270838177258,0.4582199390230595,-0.02619285520533371,28.409791628519695,27.51374992957482,28.12806978231489,27.696042698497163,1.1254905598020362,0.7502262351796395,0.37526432462239667,0.23912540484958564,27.07057880364407,1.1266250610351562,52.41253305997085,46.6379707188913,5.774562341079545,28.311250686645508,27.338749885559082,27.825000286102295,26.574999809265137,44.69433976996629,20.590881353148514,27.446738664222924,23.461644992986947,36.66704411027045,26.535000324249268,25.2162504196167,64.0,44.0,20.0,27.93405774181041,,0.0,0.0,58.17110978350279,0.15428340493972414,0.4129809107632363,0.564594018521945,21.44948633069218,56.33965213393299,64.9888546011893,73.1159364897578,-35.011145398810704,0.7985296193291163,1.145214679373269,1.5598874125117101,1.667017291097263,-0.10712987858555278,-2.7270734219851573,4.3223215717288985,-7.049394993714056,27.82709409652577,0.7755417580810109,0.7725498918137674,43.06763983276436,4.312906012771222,28432218.45274493
2016-10-03,28.177499771118164,28.262500762939453,28.06999969482422,28.1299991607666,26.012222290039062,86807200,-0.13250160217285156,0,3079245003.8169155,1541669600,0.077503104670777,8584224.274104333,0.004435030618400231,0.0030532949626468587,1258479.1787210938,28.343907687234704,61.0406336024442,1665.3986494108228,27.825749778747557,29.57701252461954,26.074487032875574,12.58735351102412,0.5868657152492425,0.0,0.0,28.292416826883947,28.68166681925456,27.90316683451335,2.751620653352828,0.2913710092475544,0.0,0.0,25.63249969482422,29.045000076293945,27.338749885559082,12.263821850637385,0.7318678935551466,0.4688097271756913,1.8601433461396455,0.40017898814076247,0.44661174884660015,-0.04643276070583768,28.34624989827474,27.56134605407715,28.128366609768996,27.728187621628233,1.056591539882367,0.7994766989004637,0.2571148409819034,0.23461002875890807,26.850210197124156,0.904249763488771,52.50934370694114,48.79147199401499,3.717871712926147,28.311250686645508,27.338749885559082,27.825000286102295,26.574999809265137,22.347169884983145,19.679244922079413,26.6443152300987,22.77572839007864,30.364246930457462,26.472500324249268,25.2162504196167,60.0,40.0,20.0,27.950000762939453,,0.0,0.0,56.133249354997965,0.025966012821559147,0.17447749032100088,0.3915925761359562,20.107065312171276,53.310917598495244,51.7150029289621,62.466610500633976,-48.2849970710379,0.7799340192009439,-2.6390958378573104,1.4432208610295876,1.622258005083728,-0.1790371440541405,-6.246234984741361,2.2086102604348468,-8.454845245176207,27.833958435946894,-0.4688247628341524,-0.4699271931190463,42.396903309625976,4.104811741999022,-33498424.099549204
2016-10-04,28.264999389648438,28.577499389648438,28.157499313354492,28.25,26.123193740844727,118947200,0.12000083923339844,1,3012691592.749754,1660616800,0.07440559556316166,9397015.63844127,0.07106064443243194,-0.004355307132386613,1765900.5882592252,28.450506628774516,55.744586779548214,1665.3986494108228,27.891999816894533,29.60170513572518,26.182294498063886,12.25946744625358,0.604696458261685,0.0,0.0,28.290250078837072,28.68125006357829,27.89925009409587,2.7642030993123203,0.44852930894138066,0.0,0.0,25.63249969482422,29.045000076293945,27.338749885559082,12.234692398795774,0.7670329707182194,0.46667877734630575,1.952781447243505,0.38023904863879565,0.4333372088050393,-0.053098160166243635,28.30624993642171,27.61961526137132,28.147079439035306,27.76684039039651,1.0461877636587982,0.9043257662116251,0.1418619974471731,0.22884224454169733,26.689845264429284,0.5030006408691392,52.288977885302444,50.5783431497338,1.7106347355686466,28.311250686645508,27.338749885559082,27.825000286102295,26.574999809265137,11.173584942491573,19.45427272100084,29.627794264177513,21.222437080371076,42.574157017681,26.44937515258789,25.2162504196167,56.00000000000001,36.0,20.000000000000007,27.950000762939453,,0.0,0.0,57.58255321076164,0.11722392654180445,0.09915778143436225,0.22887206083953324,19.39337010045987,52.02964502165741,31.317447265692586,49.34043493194798,-68.68255273430741,0.7878604720620537,-1.6707258958729703,1.369399770707458,1.5716863582084741,-0.20228658750101602,-7.356589711351974,0.2955702660774824,-7.652159977429457,27.838812711823497,0.42659382443481775,0.42568649247907153,43.004359705331275,4.291109822111601,29607961.57112679
2016-10-05,28.350000381469727,28.415000915527344,28.172500610351562,28.262500762939453,26.134754180908203,85812400,0.012500762939453125,1,2990575022.644358,1746429200,0.0457794102855842,8207830.61433045,-0.020840875249463917,-0.0163875603887022,1803872.9942650846,28.393748797218965,45.51248384908246,1666.1355964450165,27.950624847412108,29.626380855403568,26.274868839420648,11.990830381358109,0.5930552878939566,0.0,0.0,28.28541679382324,28.66191692352295,27.908916664123534,2.662150128061216,0.46956703454250337,0.0,0.0,25.63249969482422,29.045000076293945,27.338749885559082,12.209030746536898,0.7706961975437265,0.44426093012925333,2.0006213864802866,0.36128059224195397,0.41892588549242227,-0.0576452932504683,28.29520829518636,27.67951913980337,28.16483656578979,27.803555973547837,0.9238373258101013,1.0634009456808318,-0.13956361987073052,0.22212281507841725,26.52802561490114,0.44187507629394673,49.74188627511336,51.427334896358374,-1.6854486212450155,28.292500495910645,27.338749885559082,27.815625190734863,26.574999809265137,5.586792471245786,19.24536996285645,28.49374007602642,20.410112226243566,34.9031654526621,26.41437530517578,25.2162504196167,52.0,32.0,20.0,28.059500694274902,,0.0,0.0,57.739191777144605,0.14909306730984717,0.09742766889106992,0.12368764688214444,18.8483090174439,46.64190764412824,32.3974274259594,38.47662587353801,-67.6025725740406,0.7130959005916822,-0.46663036692429816,1.299404265359706,1.5172299396387205,-0.21782567427901456,-10.0979264824054,-1.7831290836190945,-8.314797398786306,27.843266744229293,0.04425048828125,0.04424070063997476,43.06763983276436,4.253183098484069,-14581375.087507725
2016-10-06,28.424999237060547,28.584999084472656,28.282499313354492,28.47249984741211,26.328941345214844,115117200,0.20999908447265625,1,3020068374.899445,1861546400,0.09820269092277355,10488784.32757691,0.03678815575697861,-0.015146763760635744,2659229.242101282,28.333777181853247,39.31936745614363,1666.1355964450165,28.055249881744384,29.580199159818303,26.530300603670465,10.871043989996375,0.6368078176982815,0.0,0.0,28.267083358764648,28.65033340454101,27.88383331298828,2.711634878718619,0.7679927777064516,0.0,0.0,25.63249969482422,29.045000076293945,27.338749885559082,12.163500221362307,0.8322343839166791,0.4320846692696483,2.002214903807797,0.3590620067352148,0.4069531097409808,-0.04789110300576599,28.301874955495197,27.75538451854999,28.21216937834707,27.853107371611856,0.9131547835576573,1.050234825650886,-0.13708004209322866,0.2161189139426855,26.401715506953078,0.33225088119506907,46.449882191710344,51.294540014547366,-4.844657822837021,28.27375030517578,27.338749885559082,27.80625009536743,26.574999809265137,2.793396235622893,19.384032909918112,29.752419205152236,19.349390119899642,50.27691946704962,26.365000247955322,25.2162504196167,48.0,28.000000000000004,19.999999999999996,28.157499313354492,,0.0,0.0,60.38569131577519,0.42483774881386277,0.2303849142218378,0.14232345484909006,19.0905554570084,46.51571103323842,50.539907689214864,38.08492746028893,-49.460092310785136,0.7273088286904716,0.2817642825430088,1.2891272845958084,1.4716094086301381,-0.18248212403432973,-10.546838504833664,-3.5358709678620084,-7.0109675369716555,27.85258280870273,0.7430307962982052,0.7402839208387135,44.13067645625879,4.451953737825299,31938131.601891875
2016-10-07,28.577499389648438,28.639999389648438,28.377500534057617,28.514999389648438,26.368240356445312,97433600,0.042499542236328125,1,3024707665.586457,1958980000,0.15544101825656004,9581941.337699851,0.02020618599748429,-0.01113040547301375,2804663.7287332704,28.316683225985322,47.00482904480485,1668.6225575665214,28.19187488555908,29.314371935358732,27.06937783575943,7.963266397543754,0.6439311150737678,0.0,0.0,28.292749977111818,28.621249961853028,27.964249992370604,2.3221495613325738,0.838279182435437,0.0,0.0,25.63249969482422,29.045000076293945,27.338749885559082,12.104552802260537,0.8446884608354996,0.4151260879017655,1.9529807894024318,0.3566222008700386,0.3968869279667924,-0.04026472709675383,28.31249984105428,27.831922971285305,28.258758610854976,27.902136409984937,0.9597414124239532,1.0467384581057342,-0.08699704568178102,0.2107202381439821,26.24961379390178,0.4631258010864272,45.44582805192176,50.64439319798822,-5.198565146066464,28.30500030517578,27.338749885559082,27.82187509536743,27.338749885559082,1.3966981178114466,19.620138733788334,29.369005098342214,18.50632513083247,61.09037277012511,26.76062536239624,25.2162504196167,44.0,24.0,20.0,28.172500610351562,,0.0,0.0,60.91908792329642,0.4734156309737247,0.3491154823658112,0.22564268849290636,19.434528607880537,47.46831923989771,74.04114922558256,52.326161446918924,-25.958850774417442,0.7629704531501318,0.44913649769209985,1.2781179033388257,1.4329111075718757,-0.15479320423304999,-11.899653716679602,-5.208627517625527,-6.6910261990540745,27.879381931214674,0.14926522948139898,0.14915393966861146,44.3458134412243,4.373711276009267,2782538.2310177684
2016-10-10,28.7549991607666,29.1875,28.68000030517578,29.012500762939453,26.828290939331055,144944000,0.4975013732910156,1,3069690661.963432,2103924000,0.1268230000059481,18514498.15378458,0.14880744777167587,0.006787334362274246,5333502.606298558,28.36725585665294,55.17860189349433,1668.6225575665214,28.324499893188477,29.132692166293033,27.51630762008392,5.7066657921745785,0.9256418259903167,0.0,0.0,28.37358334859212,28.706833394368488,28.040333302815753,2.349016278149463,1.4586156437861204,1.0,0.0,26.809999465942383,29.1875,27.99874973297119,8.393795276256096,0.9263936076759233,0.44086354014674517,1.897424233326297,0.3903333206299955,0.3955762064994331,-0.005242885869437608,28.342291514078777,27.92153835296631,28.3747189419449,27.984385621314903,1.018510622987994,0.8422220817465372,0.17628854124145688,0.20907488343607472,26.189368794607464,-0.1470001220703132,46.610531437533346,49.93523420893802,-3.3247027714046737,28.568750381469727,27.40999984741211,27.989375114440918,27.40999984741211,8.074776661009063,20.776631459192064,34.953857521461515,16.52039423602463,161.33972057752342,26.741875171661377,25.2162504196167,100.0,20.0,80.0,28.2597505569458,,0.0,0.0,66.5901835723053,0.9898977612877853,0.6293837136917906,0.40296137009314653,21.405392293083775,55.88408930354382,86.53851232588097,70.37318974689278,-13.461487674119024,0.8630880692425897,1.2476010041087038,1.3948254069679837,1.4252939674510974,-0.030468560483113638,-9.954154336603924,-6.1577328814212065,-3.796421455182718,27.988402002673233,1.7447006275287613,1.7296554693554178,46.86421575414484,4.819395596228304,58247442.0858348
2016-10-11,29.424999237060547,29.672500610351562,29.049999237060547,29.075000762939453,26.886079788208008,256164000,0.0625,1,2834103294.080354,2360088000,0.06445683152788725,18156748.417529643,0.10388625825746474,0.014688279003018502,5885342.316043641,28.493427830965363,65.73858736583995,1668.6225575665214,28.428874969482422,29.03280732024903,27.824942618715813,4.24872494191144,1.034932259082382,1.0,0.0,28.47841676076253,28.852916844685872,28.10391667683919,2.6300625281903,1.2965071675378335,1.0,0.0,27.149999618530273,29.672500610351562,28.411250114440918,8.873024326601461,0.7631319673017436,0.4627771708732816,1.8390227044702308,0.4172826786113859,0.39991750092182365,0.01736517768956225,28.417083263397217,28.003942196185772,28.482454606713294,28.065171928101908,1.0765352397629562,0.7560983043680385,0.3204369353949177,0.21001367350458616,26.294068731546243,-0.2088756561279297,47.54471137008934,49.37099971553025,-1.826288345440915,28.811250686645508,27.65250015258789,28.2318754196167,27.65250015258789,22.743714827385016,22.48943685091452,38.87879893852635,14.837556766050476,220.5825180121652,26.79562520980835,25.2162504196167,100.0,16.0,84.0,28.371080490112305,,0.0,0.0,67.23346820057087,1.0,0.8211044640871696,0.5998678867149239,23.219924055347903,45.668026456835705,66.52661633117987,75.70209262754778,-33.473383668820134,0.9991911214940679,3.185169014680374,1.4868345709065727,1.4376020881421927,0.04923248276437997,-2.0122316224816235,-5.32863262963329,3.3164010071516667,28.09418065292625,0.21542438037549516,0.2151926747644417,47.180597080926546,4.589381033473778,144755509.88852867
2016-10-12,29.337499618530273,29.4950008392334,29.1875,29.334999084472656,27.126508712768555,150347200,0.2599983215332031,1,2827990330.3726025,2510435200,0.008073257541314126,21147215.73605638,-0.004090441519182659,0.010159012491717195,7229796.9547875635,28.55169175287342,66.27953068359209,1683.5439351367925,28.498499965667726,29.178384971253088,27.818614960082364,4.771373976907014,1.115176913693462,1.0,0.0,28.56216678619385,28.93716697692871,28.187166595458983,2.625852538023333,1.5304425402615636,1.0,0.0,27.887500762939453,29.672500610351562,28.780000686645508,6.263487024097785,0.8109234987508736,0.4584994614153479,1.8258532775231375,0.4543820966551628,0.4108104200684915,0.043571676586671326,28.5099999109904,28.096634498009315,28.61361529559935,28.159233198944186,1.0336523923722511,0.8271714937579677,0.20648089861428343,0.21404097609138364,26.24335179701248,-0.22600088119506978,48.21917281882415,49.02476297748964,-0.8055901586654883,28.811250686645508,27.65250015258789,28.2318754196167,27.65250015258789,47.99702605931242,24.079899000371082,36.341810197376184,13.86935004440854,203.53050902124082,26.78000020980835,25.2162504196167,96.0,12.0,84.0,28.5532793069458,,0.0,0.0,69.83543285303989,1.0,0.9966325870959282,0.8157069216249629,25.56810384899617,47.35135477562695,81.09234987508735,78.05249284404938,-18.907650124912646,1.1414116298451127,3.951097796768957,1.613616725444781,1.4728050156027104,0.1408117098420707,-1.7679130309710842,-4.61648870990085,2.848575678929765,28.221237719424433,0.8942332406216558,0.890258652331477,48.4967349037696,4.744322563920438,-27302149.542144954
2016-10-13,29.197500228881836,29.360000610351562,28.93000030517578,29.2450008392334,27.04328155517578,140769600,-0.08999824523925781,0,2893464766.227183,2369665600,-0.0738296614387287,16316325.347615153,-0.05994727802560864,0.014834342093944622,6797923.173351588,28.634392117395006,68.5966902185573,1678.378910262948,28.516125011444093,29.251928361073155,27.78032166181503,5.1606124558211866,0.9952925453225724,0.0,0.0,28.665166791280114,29.03316701253255,28.297166570027667,2.567577742923773,1.2878175262774259,1.0,0.0,27.887500762939453,29.672500610351562,28.780000686645508,6.259615732136653,0.7605043094328816,0.4556495457913913,1.7038273970087587,0.47109110152331013,0.42286655635945525,0.04822454516385488,28.591041723887127,28.17951913980337,28.71075153308151,28.2396604315582,1.098891859823465,0.8328167561161197,0.2660751037073452,0.21886583877754462,26.103219310871665,-0.028625774383545632,47.836699754835955,48.51633705469687,-0.6796372998609144,28.87125015258789,27.65250015258789,28.26187515258789,27.65250015258789,73.6104706168216,24.739659906365137,33.90263376115392,16.957718284914712,143.71209610847248,26.780625343322754,25.2162504196167,92.0,8.0,84.0,28.709970289422607,,0.0,0.0,67.8276090167503,0.8577480417367527,0.9525826805789173,0.9234399105873384,26.98610421346815,52.253725855147984,76.05043094328816,74.55646571651845,-23.949569056711837,1.2152795062345625,3.43974457954742,1.6681896819016262,1.5118819488624935,0.1563077330391327,-2.0706340220871047,-4.107317772338101,2.0366837502509965,28.48105783250949,-0.3067947777332436,-0.3072663576802359,48.041154675980444,4.464423212029505,5445190.079734951
2016-10-14,29.469999313354492,29.542499542236328,29.282499313354492,29.407499313354492,27.19354820251465,142608800,0.16249847412109375,1,2887979691.6689906,2512274400,-0.062306243467697524,17295952.06884731,0.048769636539896084,0.023130500823229934,7590322.275120528,28.725666517476405,75.43524875197225,1678.378910262948,28.55,29.37859982872531,27.72140017127469,5.804552215238594,1.017438746441476,1.0,0.0,28.78774998982747,29.142500241597496,28.432999738057454,2.4645917231834833,1.3735008931421295,1.0,0.0,27.887500762939453,29.672500610351562,28.780000686645508,6.2521886073979305,0.8515398769466177,0.43983446151254507,1.5862058739935552,0.4917764838823899,0.4366485418640422,0.05512794201834775,28.66770839691162,28.295961453364445,28.81794349927735,28.32616701539496,1.1593613742111064,0.7237454693925328,0.4356159048185736,0.22470272049155546,25.784706357876296,-0.5049999237060554,47.82717380539508,47.99609595452509,-0.1689221491300117,28.914999961853027,27.65250015258789,28.28375005722046,27.65250015258789,86.8052353084108,25.6232444287926,35.20958061455568,16.150088082563695,164.71485034852125,26.8125,25.2162504196167,88.0,4.0,84.0,28.84472453435266,,0.0,0.0,69.53097608620207,0.9784295960101702,0.9453925459156407,0.9648692711968287,28.684639613327395,52.67646483023909,84.61530795516705,80.58602959118083,-15.38469204483294,1.3186764548806593,3.229486971243442,1.736120822895363,1.5567297236690674,0.1793910992262957,-2.188239712601691,-3.7235021603908196,1.5352624477891288,28.71094840013143,0.555645305036534,0.5541072911491973,48.863738401459415,4.616966311836876,17828952.596997812
2016-10-17,29.332500457763672,29.459999084472656,29.19499969482422,29.387500762939453,27.175052642822266,94499600,-0.019998550415039062,0,2930773041.366693,2417774800,0.0059800838066179415,14555122.485468978,-0.023836035527178587,0.02032308211083016,7526057.884780381,28.784752330804437,70.20015942295441,1677.2375297975511,28.599625015258788,29.500848429053608,27.698401601463967,6.302344267199237,0.9371145576229111,0.0,0.0,28.907083320617676,29.269083404541014,28.545083236694335,2.5045770263867935,1.1635598493721842,1.0,0.0,27.887500762939453,29.672500610351562,28.780000686645508,6.241340040157018,0.8403362062885877,0.42235095432613434,1.4790072484371453,0.5007833636590213,0.44947550622303806,0.05130785743598326,28.77958345413208,28.43461535527156,28.90556769368691,28.404784330027887,1.1062397238516324,0.731918031559912,0.3743216922917204,0.2303483176162619,25.321880539535528,-0.3371242523193345,48.83893648786294,47.61275802147625,1.2261784663866848,28.922500610351562,27.65250015258789,28.287500381469727,27.65250015258789,93.4026176542054,26.16427030106622,33.67125280485973,16.887092279683987,126.73455595122539,26.578125,25.296250343322754,84.0,0.0,84.0,28.93000030517578,,0.0,0.0,69.04646881948207,0.9441028257836248,0.9267601545101822,0.9415784603349134,29.969492787445155,52.77192436855522,83.45428896029836,81.3733426195845,-16.545711039701644,1.3206248619977181,4.786951980721531,1.763024699784896,1.5979887188922333,0.1650359808926627,-4.941604974644252,-3.9671227232415065,-0.9744822514027458,28.936199070728282,-0.06800493371416083,-0.06802806755787927,48.76250371483506,4.483135857349971,-29072325.37461534
2016-10-18,29.545000076293945,29.552499771118164,29.362499237060547,29.36750030517578,27.15656280517578,98214000,-0.020000457763671875,0,2837729288.9800043,2319560800,-0.0458282268323906,12195201.422001801,0.02514925689955176,0.016310564025962503,7459215.693106892,28.837857818533095,69.92257517044254,1677.2375297975511,28.648375034332275,29.603384833023462,27.69336523564109,6.6671132135536535,0.8765015143452174,0.0,0.0,29.017000007629395,29.3560001373291,28.677999877929686,2.33656221946152,1.016961892989344,1.0,0.0,27.887500762939453,29.672500610351562,28.780000686645508,6.2307193523994355,0.8291314670878149,0.3991159122992826,1.4312350034077181,0.5005376248172944,0.45968792994188934,0.04084969487540502,28.87166674931844,28.550288420457107,28.97663424930058,28.476096624483286,1.1064238612415067,0.7655896563515375,0.3408342048899692,0.23500007902291253,24.937955083850227,-0.5183758735656738,50.21732530812086,47.6655845806993,2.55174072742156,28.977499961853027,28.241250038146973,28.609375,27.65250015258789,96.70130882710271,26.816778978721487,34.16119646592605,16.33599500614277,118.49820697672806,26.503125190734863,25.482500076293945,80.0,0.0,80.0,29.03395034790039,,0.0,0.0,68.53213823164668,0.9076631083184326,0.9433985100374089,0.9385170701544107,30.92055562285404,50.610887611219006,82.29315923400429,83.45425204982321,-17.706840765995707,1.2528894985423378,3.9097727108611395,1.7577466161107917,1.6299402983359452,0.12780631777484652,-6.959792023624428,-4.565656583318091,-2.3941354403063366,29.068101592139175,-0.06805770223541341,-0.06808087200274038,48.661259373018886,4.435762766356163,1857871.7528281212
2016-10-19,29.3125,29.440000534057617,28.450000762939453,29.280000686645508,27.075653076171875,80138400,-0.08749961853027344,0,2891964386.482533,2239422400,-0.0500838420089149,9451304.157483479,-0.6331218863032367,-0.02123084600979374,7220445.646056253,28.904160401240567,72.279419592887,1672.2402490444433,28.693000030517577,29.678016411241817,27.707983649793338,6.86590025216315,0.7979649209977272,0.0,0.0,29.094333330790203,29.50808340708415,28.680583254496252,2.8441969890822842,0.7243713856422337,0.0,0.0,27.887500762939453,29.672500610351562,28.780000686645508,6.221028980983522,0.7801120687628625,0.4582042981811707,1.2030281124284743,0.4876609353597665,0.4652825310254648,0.022378404334301716,28.96750020980835,28.63846155313345,29.023306008892106,28.53564507353234,1.0172868162103261,0.7735532912078945,0.24373352500243162,0.23768733311957266,24.683421853045683,-0.4430000305175774,51.63508435403861,48.241718154291334,3.393366199747277,29.02500057220459,28.411250114440918,28.718125343322754,27.65250015258789,98.35065441355135,25.001653186435327,28.873795788891858,28.07367365714336,54.74306805980709,26.505000114440918,25.566250801086426,76.0,0.0,76.0,,29.672500610351562,0.0,1.0,66.20851538866435,0.7353036860954436,0.8623565400658334,0.9108384015378083,31.15800133313204,56.81485142627656,77.21335509574946,80.98693443001736,-22.786644904250537,1.1024998159969535,4.088167650864467,1.7089536055804342,1.6457429597848432,0.06321064579559099,-9.691879435474391,-5.590901153749352,-4.100978281725039,29.118220175115695,-0.2979471103124576,-0.29839185634013,48.218327446562846,4.337764027904775,-12247422.096223742
2016-10-20,29.21500015258789,29.344999313354492,29.082500457763672,29.264999389648438,27.061777114868164,96503200,-0.015001296997070312,0,2929646388.043296,2142919200,-0.05141226754894299,7894307.397219029,0.07310261957043873,-0.014973662912882022,7171003.257722298,28.98387354965215,71.56251162213692,1672.2402490444433,28.723499965667724,29.73921850417172,27.707781427163727,7.072386998228295,0.7665597817965705,0.0,0.0,29.172750027974445,29.582500012715663,28.763000043233234,2.809128274491061,0.612567864684914,0.0,0.0,27.887500762939453,29.672500610351562,28.780000686645508,6.214423205896434,0.7717079800909116,0.43863375392213566,1.0603950735835759,0.47081828676097004,0.4663896821725659,0.004428604588404161,29.052083492279053,28.689326946551983,29.06048960593154,28.58967131917057,1.1295321478646285,0.7661373419943761,0.3633948058702524,0.2383570334593211,24.43672539297388,-0.4609992027282708,53.5905117722804,49.146683012108966,4.443828760171435,29.061250686645508,28.780000686645508,28.920625686645508,27.65250015258789,98.48200503373123,23.316179236455323,27.651692611570827,26.88543619691072,71.89802195766657,26.94499969482422,25.925000190734863,72.0,24.0,48.0,,29.64805061340332,0.0,0.0,65.79662438972764,0.7052434406611614,0.7827367450250122,0.8628305983760849,31.25878039824971,63.172453524970635,74.57092119232729,78.02581184069366,-25.429078807672713,1.037977667415845,3.5929181934457968,1.646812520174958,1.6459568718628663,0.000855648312091617,-10.832688600917791,-6.639258643183039,-4.193429957734752,29.1471561213343,-0.05123393663003517,-0.05124706569592519,48.142389362604774,4.3588249247740976,16625111.62299867
2016-10-21,29.202499389648438,29.227500915527344,29.06999969482422,29.149999618530273,26.95543670654297,92770800,-0.11499977111816406,0,2931118120.120413,2050148400,-0.028723331869591945,5242460.51669503,-0.011035275383591357,-0.016078684770167138,6806451.02847391,29.034833389204017,71.18839565737103,1665.6690120751812,28.77212495803833,29.771616697982815,27.772633218093844,6.947639365546743,0.6890334083766076,0.0,0.0,29.23658339182536,29.635833613077796,28.83733317057292,2.7311687956265813,0.39156703154293476,0.0,0.0,27.887500762939453,29.672500610351562,28.780000686645508,6.203920808822352,0.7072823325005824,0.41427034801234397,0.8256608578069421,0.44308325797743464,0.46172839733353965,-0.01864513935610501,29.126041730244953,28.6992307809683,29.074260377100575,28.63117711912314,1.0994266318337163,0.7662406271819058,0.3331860046518105,0.23636655512551388,24.16712745585756,-0.29962511062622,54.83949401580034,50.06101218747196,4.778481828328381,29.061250686645508,28.780000686645508,28.920625686645508,27.65250015258789,94.03766604685066,21.722381087833934,26.746054039918643,26.214853407684096,54.31750313816043,27.28250026702881,26.262500762939453,68.0,20.0,48.0,,29.624089616394045,0.0,0.0,62.5824188404302,0.4080563733293072,0.6162011666953037,0.7537648172620498,30.546342546961142,62.50826025838089,65.5115152140824,72.4319305007197,-34.48848478591761,0.9176910680883061,3.140199315817783,1.547555156862529,1.626276528862799,-0.07872137200026996,-11.926800612875507,-7.696767037121533,-4.230033575753974,29.147508462028576,-0.39296010085974054,-0.3937342177097847,47.56024887994948,4.253035289951693,7575155.13110064
2016-10-24,29.274999618530273,29.434999465942383,29.25,29.412500381469727,27.198171615600586,94154800,0.2625007629394531,1,3002371266.9949293,2144303200,-0.021526889173943894,8024352.8477974,0.03806873432771685,-0.018435249777646788,7654331.205415677,29.103021025205187,70.8340924850847,1665.6690120751812,28.831750011444093,29.834651173735846,27.82884884915234,6.956921878787618,0.7895351964188311,0.0,0.0,29.27716668446859,29.64416688283284,28.910166486104334,2.507074556220264,0.684378234132203,0.0,0.0,27.950000762939453,29.672500610351562,28.811250686645508,5.97431597710303,0.8490564575245325,0.40134329795232054,0.5731437338082433,0.4372443845156795,0.45683159476996765,-0.019587210254288168,29.204375108083088,28.725480813246506,29.12629730084968,28.689052916334,1.1060066783294458,0.7738861351771632,0.33212054315228257,0.23404176206453428,23.83107149286037,-0.3167506217956557,55.73984820199217,50.971582946572276,4.768265255419891,29.00125026702881,28.780000686645508,28.890625476837158,27.65250015258789,84.98533989320381,20.71037847678512,29.00407119509113,24.929726311622236,77.44272038038089,27.332499504089355,26.3125,64.0,16.0,48.0,,29.600607839324955,0.0,0.0,66.59397694613779,0.7320278352122548,0.6151092164009074,0.6713490427070745,30.9363535426017,64.60681914515634,82.66665140787761,74.24969593809574,-17.333348592122395,0.851095575444841,3.301433098938289,1.5240809300704943,1.6058374091043381,-0.08175647903384387,-12.630165829786613,-8.68344679565455,-3.9467190341320624,29.16895403264258,0.9005172088324409,0.8964867313066005,48.88905431450938,4.581712633354133,11415170.88329783
2016-10-25,29.487499237060547,29.59000015258789,29.327499389648438,29.5625,27.336877822875977,192516000,0.14999961853027344,1,3154550474.702775,2336819200,0.009277229263513124,11003349.092536932,0.01585100651650816,-0.01581440108007735,8636135.750641204,29.184015435767055,77.27290009918586,1665.6690120751812,28.89625005722046,29.912821012440364,27.879679102000555,7.036006078345025,0.8276947562580209,0.0,0.0,29.299916648864745,29.630916786193847,28.968916511535646,2.2593930303342717,0.8966514232502828,0.0,0.0,27.950000762939453,29.672500610351562,28.811250686645508,5.960980556304742,0.9361389723680801,0.3874590444510338,0.3733137932889537,0.4396527081020096,0.4533958174363761,-0.013743109334366455,29.291666825612385,28.77038464179406,29.193405408411266,28.753752700309256,1.1169546310046945,0.717135993547865,0.39981863745682955,0.23216087822650772,23.59712734203398,0.11625070571899343,56.56137427647867,51.89849421964501,4.662880056833664,29.020000457763672,28.780000686645508,28.90000057220459,27.65250015258789,60.44238031939607,20.104429078731,30.397231640116495,23.77370423405641,88.42539129912738,27.338749885559082,26.475000381469727,60.0,12.0,48.0,28.450000762939453,,1.0,0.0,68.66154238424875,0.8757753887593698,0.6719531991003104,0.6344211940655072,31.83627257227083,67.17597839776148,92.08629440927821,80.08815367707939,-7.913705590721786,0.77840446584365,3.673507391803866,1.5290272288433537,1.5904753730521413,-0.061448144208787525,-6.509075553566425,-8.248572547236925,1.7394969936705005,29.20745039255698,0.509985946739766,0.50868992290245,49.64836756774711,4.6027057597388215,111085209.32701018
2016-10-26,28.577499389648438,28.924999237060547,28.327499389648438,28.897499084472656,26.72194480895996,264536800,-0.6650009155273438,0,3394736465.58836,2072282400,0.10600437177687626,-15699588.519350318,-0.1880339130451057,-0.03187312028022623,2685447.744191354,29.164098936642127,65.61591804722391,1665.6690120751812,28.916750049591066,29.91590988348425,27.91759021569788,6.9105956387191885,0.4903664236364471,0.0,0.0,29.237666575113934,29.597666613260902,28.877666536966963,2.4625770816703185,0.02754520195022409,0.0,0.0,27.950000762939453,29.672500610351562,28.811250686645508,5.956754629957001,0.550071643232206,0.4722132010410867,0.6868973471045094,0.38348077795690116,0.4394128095404811,-0.055932031583579955,29.28208335240682,28.789807686438927,29.14788135857456,28.764400580617657,0.9568266930970426,0.7911322725573169,0.16569442053972572,0.22557823443099542,23.589386450399516,0.15825071334838725,54.71573661503655,52.66283164855618,2.0529049664803694,28.958749771118164,28.780000686645508,28.869375228881836,27.65250015258789,30.221190159698036,19.878523631387772,24.614199354448047,34.65553047719146,-27.60216419370177,27.338749885559082,26.5287504196167,56.00000000000001,8.0,48.00000000000001,,29.59000015258789,0.0,1.0,53.000206022548106,0.0,0.5359344079905413,0.6076656078305865,27.722292988535823,60.6947509640543,42.379121003789166,72.37735560698165,-57.620878996210834,0.6539924341089609,-0.39638664521363814,1.3331784087838854,1.5390159801984904,-0.20583757141460501,2.15589935238512,-6.167678167312516,8.323577519697636,29.19098783607562,-2.24947455569503,-2.275161174775464,46.282065616297665,3.8319916689852285,129620971.48972714
2016-10-27,28.84749984741211,28.96500015258789,28.524999618530273,28.6200008392334,26.46533203125,138248000,-0.2774982452392578,0,3316187160.2178793,1934034400,0.11018209048800445,-18937301.217705548,0.037794626460901544,-0.030616803104267853,1357873.434189886,29.164073839566615,59.47264813350154,1649.6738483882089,28.945500087738036,29.873205068037542,28.01779510743853,6.41001176340016,0.3245674781224351,0.0,0.0,29.190166536966956,29.55116659800212,28.829166475931807,2.4734361181391633,-0.28970304893942733,0.0,1.0,27.950000762939453,29.672500610351562,28.811250686645508,5.950838099846128,0.3889695997944825,0.4689919343427397,1.0866473981078197,0.31296466750552554,0.41412318113349006,-0.10115851362796452,29.24416669209798,28.798749997065617,29.06666897098361,28.753704303478084,0.9735053229613604,0.7990162642993403,0.17448905866202014,0.21379084148012173,23.705076407974143,0.38949899673461985,52.31700740144042,53.16170204811678,-0.8446946466763592,28.958749771118164,28.780000686645508,28.869375228881836,27.65250015258789,15.110595079849018,19.576266976339642,23.558177462515463,32.2979463067414,-36.5393117939702,27.338749885559082,26.574999809265137,52.0,4.0,48.0,,29.59000015258789,0.0,0.0,48.07260434681157,0.0,0.2919251295864563,0.49993757889243606,22.583608251442026,59.196572042057916,21.747299934200075,52.07090511575581,-78.25270006579993,0.48263213774737324,-1.5649180112353493,1.0884325170850038,1.4488992875757931,-0.36046677049078935,1.5478870669447276,-4.624565120461068,6.172452187405796,29.147321572822914,-0.9602846406468579,-0.96492510527737,44.877341408163396,3.8911576076303973,-47978259.99573439
2016-10-28,28.467500686645508,28.802499771118164,28.362499237060547,28.43000030517578,26.289640426635742,151446800,-0.1900005340576172,0,3211207670.9202595,1782587600,0.03757344091843133,-20342682.883935776,-0.047211466093206464,-0.0446181540946166,352458.6180634262,29.130857796407962,52.115886758027116,1649.6738483882089,28.953875064849854,29.85952751426701,28.048222615432696,6.255828951314528,0.21077494462074414,0.0,0.0,29.102249908447266,29.48125,28.72324981689453,2.6046102465962644,-0.3868726132984922,0.0,1.0,28.06999969482422,29.672500610351562,28.87125015258789,5.534668198775188,0.22464923848926172,0.46609279431422745,1.49300197439822,0.23899371594494667,0.3790972880957814,-0.14010357215083474,29.168750127156574,28.79009613623986,28.96871994547471,28.729726229529764,0.9254614975943012,0.9164382188100957,0.009023278784205502,0.19732762588840508,23.713676891760134,0.2911257743835449,48.229846122117436,53.09402534081172,-4.864179218694282,28.958749771118164,28.780000686645508,28.869375228881836,27.65250015258789,7.555297539924509,19.573980538188675,21.95006937397566,32.61426254930676,-70.92808336860709,27.338749885559082,26.574999809265137,48.0,0.0,48.0,,29.564750137329103,0.0,0.0,44.98843520210066,0.0,0.0,0.2759531791923326,17.32103940781803,49.82600450510961,7.620878996210832,23.915766644733342,-92.37912100378917,0.29434522740980995,-3.0850479207135924,0.8318691032262524,1.325493250705885,-0.49362414747963257,1.7783576786435096,-3.3439805606401527,5.122338239283662,29.0376211597155,-0.6638732651508383,-0.6660867054428365,43.91553947129327,3.9223820049087763,20309213.738041148
2016-10-31,28.412500381469727,28.5575008392334,28.299999237060547,28.385000228881836,26.24802589416504,105677600,-0.04500007629394531,0,3175298186.827078,1676910000,0.03609868388303098,-18115942.480882242,-0.037463695062514527,-0.05471457933175796,185188.1287382693,29.070983598994115,42.491947910909765,1647.0626824282815,28.966625118255614,29.831798810887108,28.10145142562412,5.973589875240497,0.16386813750385776,0.0,0.0,29.008916600545245,29.38716691335042,28.630666287740077,2.607821022851036,-0.32474006040647757,0.0,1.0,28.157499313354492,29.672500610351562,28.914999961853027,5.2301615766838925,0.15016549225289785,0.4452336751000899,1.8336486241644387,0.17472594193022317,0.3382230188626698,-0.16349707693244664,29.097083409627277,28.798076923076923,28.878916912152732,28.70419097022251,0.8542718849840255,1.0393635782747603,-0.18509169329073483,0.1777787008017447,23.685639226560017,0.4408741950988784,43.12396329236569,52.305874005727816,-9.181910713362129,28.94499969482422,28.780000686645508,28.862500190734863,27.65250015258789,3.7776487699622545,19.679770128350793,21.044696197794448,32.2701571170478,-97.22589927082899,27.633124828338623,26.574999809265137,44.0,0.0,44.0,,29.54000512237549,0.0,0.0,44.26410706400527,0.0,0.0,0.09730837652881884,12.886313642171901,49.044755153822216,6.589219495750608,11.985799475387159,-93.41078050424939,0.06968351812923501,-2.940675622063363,0.6087123030622338,1.182137061177155,-0.5734247581149211,-0.6115069754490788,-2.797485843601938,2.1859788681528594,28.935881574486363,-0.15828376999965643,-0.15840917110270247,43.68774452980277,4.047466751921384,-25029651.78434758
2016-11-01,28.364999771118164,28.4424991607666,27.63249969482422,27.872499465942383,25.77410888671875,175303200,-0.5125007629394531,0,3103878334.0273943,1501606800,0.033559009246130346,-28362668.37586014,-0.18077980632093252,-0.06733524824616867,-2979970.3359888783,28.947208906680725,33.943120837489886,1647.0626824282815,28.947750091552734,29.88786302544764,28.00763715765783,6.495240085475524,-0.07187311590085678,0.0,1.0,28.86441656748454,29.304666773478186,28.424166361490887,3.0504701521636624,-0.6265379187085053,0.0,1.0,27.63249969482422,29.672500610351562,28.65250015258789,7.047182973030564,0.117646893828047,0.4817102541843192,2.38675576547455,0.08149926676191654,0.2868782684425192,-0.20537900168060264,28.96916675567627,28.784711544330303,28.724083458889602,28.642584192127686,0.754324222845476,1.0448115923600498,-0.2904873695145739,0.15316215442844233,23.943711085210808,0.43975067138671875,36.33146562692408,50.605471924937305,-14.274006298013227,28.611249923706055,28.65250015258789,28.631875038146973,27.65250015258789,1.8888243849811273,20.779551252562506,18.464677083539815,38.416839266518245,-162.27759354372324,27.718124866485596,26.574999809265137,40.0,100.0,-60.0,,29.490404886962892,0.0,0.0,36.964699707472796,0.0,0.0,0.0,6.312761121962268,45.895409826980675,12.260521838771346,8.823540110244247,-87.73947816122866,-0.224382720274086,-5.219756467749155,0.28453880493198075,1.00261740992812,-0.7180786049961392,1.4159928224179892,-1.9547901103979528,3.370782932815942,28.718109129357796,-1.8055337636318947,-1.8220324187315118,41.09341378811604,3.61818333013872,70576443.78668028
2016-11-02,27.850000381469727,28.087499618530273,27.8075008392334,27.897499084472656,25.79722785949707,113326800,0.024999618530273438,1,3063403374.054642,1614933600,0.026533978255229358,-23906126.212272037,-0.022236281121056467,-0.06464160561012923,-2878324.383040948,28.86692498509404,34.54519261940305,1648.5399786717155,28.929500007629393,29.93407562614958,27.924924389109208,6.944991225256262,-0.013650194236722115,0.0,1.0,28.751833152770995,29.12108325958252,28.38258304595947,2.5685326208561223,-0.6568501302213783,0.0,1.0,27.63249969482422,29.672500610351562,28.65250015258789,7.05162866620352,0.1299016032941018,0.46153910669557474,2.8205787543974954,0.009523929384467777,0.2314074006309089,-0.22188347124644112,28.84499994913737,28.770288467407227,28.596916632056224,28.587392702671757,0.8180358421882237,1.0813206348738325,-0.2632847926856088,0.12611801638934367,24.13031539803108,0.43800029754638814,29.31907373738085,47.908645476615135,-18.589571739234284,28.611249923706055,28.65250015258789,28.631875038146973,27.65250015258789,0.9444121924905636,21.80077658218767,17.658749007689558,36.74005882729172,-159.47439842132155,27.90250015258789,26.574999809265137,36.0,96.0,-60.0,,29.378930575434573,0.0,0.0,37.50607353261317,0.016623755778661112,0.005541251926220074,0.0018470839754067654,1.3200663641933008,42.68503835212905,13.53764126069138,10.79579419840443,-86.46235873930861,-0.3393972452949079,-5.070188480763347,0.03331513819229019,0.8087569555809541,-0.7754418173886639,-0.47773732471143904,-1.6593795532606501,1.1816422285492112,28.56405817489734,0.08969277606702963,0.08965257613247068,41.21996438779036,3.9638234730077855,-23993280.07712245
2016-11-03,27.7450008392334,27.864999771118164,27.387500762939453,27.457500457763672,25.52071762084961,107730400,-0.4399986267089844,0,2987258778.3982134,1507203200,-0.011985969302839536,-27262569.332634542,-0.14238927745768074,-0.07829581375281329,-4577445.437271659,28.746550332057105,27.277103453764354,1622.539249197935,28.878750038146972,30.057926293584902,27.69957378270904,8.166394001681612,-0.10264509814754831,0.0,1.0,28.58574988047282,28.976500002543126,28.19499975840251,2.733880508324416,-0.9436968269278475,0.0,1.0,27.387500762939453,29.672500610351562,28.530000686645508,7.912391791174381,0.030634441793725865,0.46638502817933764,3.4025295916883063,-0.08207514481549794,0.16871089154162752,-0.2507860363571255,28.68583329518636,28.730673129741962,28.421621836011216,28.503696980826714,0.7045546811497491,1.1424677606787044,-0.4379130795289553,0.09537022733766234,24.27891557647198,0.40125064849853587,20.77362366385988,44.123548770843975,-23.349925106984095,28.488750457763672,28.530000686645508,28.50937557220459,27.65250015258789,0.4722060962452818,23.281149034961118,16.266118831838572,40.33727143970051,-186.74217128669204,27.90250015258789,26.574999809265137,32.0,100.0,-68.0,,29.274144722597953,0.0,0.0,32.25536395813536,0.0,0.005541251926220074,0.003694167950813457,-4.925028132499517,37.76166635999776,3.1781936082802766,9.658785569247653,-96.82180639171972,-0.5294707129983323,-6.5037876140772095,-0.2879456123558518,0.589416441993593,-0.8773620543494448,-2.330698242152957,-1.7936432910391118,-0.5370549511138454,28.31935722324653,-1.5771973873954903,-1.5897674908096793,38.992646798985284,3.5984729706372853,-1438361.3871189356
2016-11-04,27.13249969482422,27.5625,27.02750015258789,27.209999084472656,25.290668487548828,123348000,-0.24750137329101562,0,2948063618.2878366,1383855200,-0.027736941200579793,-27729173.626929633,-0.14367383459673766,-0.08685565654349607,-5689301.9021258,28.61604797145189,26.970460272576034,1622.539249197935,28.813500022888185,30.193322267108336,27.433677778668034,9.577609406174746,-0.08105344551891794,0.0,1.0,28.39749984741211,28.82599983215332,27.9689998626709,3.0178712002370958,-0.8856485475216915,0.0,1.0,27.02750015258789,29.672500610351562,28.350000381469727,9.179726363206827,0.06899769387528466,0.47324651010261476,4.012494650089804,-0.1726491712481959,0.10043887898366285,-0.2730880502318588,28.513333161671955,28.698557706979607,28.235218335774515,28.40786750702271,0.6757566767185449,1.1695925982608855,-0.4938359215423406,0.061601078894877745,24.454337080597647,0.4514993667602525,11.715485072448956,39.23195286756139,-27.516467795112433,28.30875015258789,28.350000381469727,28.32937526702881,27.65250015258789,0.2361030481226409,25.04894552791661,14.935467470511457,42.54212986876806,-190.6804337455754,27.90250015258789,26.574999809265137,28.000000000000004,100.0,-72.0,,29.123213205825273,0.0,0.0,29.733758254303225,0.0,0.005541251926220074,0.005541251926220074,-10.96366600691593,33.970652501690765,7.121909536966464,7.9459148019793595,-92.87809046303353,-0.7462720702676222,-7.069677437258296,-0.6077512548434524,0.3499829026261839,-0.9577341574696363,-2.8738268227239088,-2.0096799973760713,-0.8641468253478375,28.06429613965255,-0.9013980484921857,-0.905485220365021,37.73976979319158,3.637569414116321,22250824.100293145
2016-11-07,27.520000457763672,27.627500534057617,27.364999771118164,27.602500915527344,25.655487060546875,130240000,0.3925018310546875,1,3053496449.8748913,1514095200,-0.005891923901723952,-16465086.183573619,0.04056226855711286,-0.08575472713938458,-3810601.4171362976,28.497648880123347,27.92569190998435,1622.539249197935,28.743000030517578,30.215892402228864,27.270107658806293,10.248703128744095,0.1128369129697029,0.0,0.0,28.214083226521808,28.65033334096273,27.77783311208089,3.092428068198482,-0.20095375422221506,0.0,1.0,27.02750015258789,29.672500610351562,28.350000381469727,9.202242128362977,0.21739155517032008,0.4676720040508494,4.38618142793793,-0.21033352826947294,0.0382843975330357,-0.24861792580250863,28.374791622161865,28.673173097463753,28.137877194198026,28.3482107224675,0.6885839948644914,1.145592164214998,-0.4570081693505066,0.029828008157280858,24.608148302824016,0.4069995880126953,3.0956000218644406,33.29131128371537,-30.19571126185093,27.99625015258789,28.350000381469727,28.17312526702881,27.65250015258789,0.11805152406132045,26.497167592477457,14.976216623002262,39.80552136930385,-133.47987809558717,27.825000286102295,26.574999809265137,24.0,96.0,-72.0,,28.913641900501535,0.0,0.0,38.010209441026724,0.21261038540225488,0.070870128467418,0.02731754410661946,-13.361722315619623,40.67190193588236,22.439054163490855,10.91305243624585,-77.56094583650915,-0.9082867397981538,-5.6808423331426745,-0.7419640355035606,0.13159351500023503,-0.8735575505037956,-2.8628438798816784,-2.180312773877193,-0.6825311060044856,27.977074310858992,1.4424911586221612,1.4321862350999748,39.726653794364886,4.25304215861555,23349034.906695187
2016-11-08,27.577499389648438,27.93000030517578,27.424999237060547,27.764999389648438,25.806522369384766,97016800,0.16249847412109375,1,3087115915.3651733,1611112000,0.0977110272495971,-11860776.448190056,0.09434577408579428,-0.03379275139731093,-3239454.5485116784,28.433098103435935,32.75927927332749,1632.0912877252822,28.677499961853027,30.201147905476304,27.15385201822975,10.626086274257121,0.20055399739042173,0.0,0.0,28.035416539510088,28.495916684468586,27.5749163945516,3.2851314644069136,0.2063875518583934,0.0,0.0,27.02750015258789,29.59000015258789,28.30875015258789,8.935576683492815,0.28780458031631095,0.47140491045728794,4.676100260787009,-0.22449850488594691,-0.014272182950760826,-0.2102263219351861,28.25937493642171,28.65913464472844,28.080511378113474,28.30500988299942,0.816239225038636,1.092074382727576,-0.27583515768894007,0.00179685422539474,24.75618327144241,0.7350004196166999,-5.318891535248276,26.62079704479483,-31.939688580043107,27.99625015258789,28.350000381469727,28.17312526702881,27.65250015258789,0.05902576203066023,26.9706892566231,18.449577939245206,36.72794352530933,-99.99222367913895,27.825000286102295,26.574999809265137,20.0,92.0,-72.0,,28.72502772571017,0.0,0.0,41.103219087271185,0.29206545111880405,0.16822527884035268,0.08154555307799699,-14.268869167542661,44.16213562916391,28.7804580316311,19.44714057736279,-71.2195419683689,-0.961867545632753,-4.751287296763494,-0.7931405281747856,-0.05335329363476911,-0.7397872345400165,-4.8529402693604045,-2.7148382729738354,-2.138101996386569,27.93777235791498,0.5887092427544705,0.5869831211371412,40.54923751984383,4.282010688153264,-13302153.226495102
2016-11-09,27.469999313354492,27.829999923706055,27.012500762939453,27.719999313354492,25.764698028564453,236705600,-0.04500007629394531,0,3260120506.9159017,1374406400,0.16149839736583513,-11688061.24976349,-0.08849967730787513,-0.04533577260290478,-3623094.753566947,28.288303724963853,25.715817127602733,1632.0912877252822,28.59674997329712,30.143463034154326,27.05003691243991,10.817404511362215,0.21657617623765327,0.0,0.0,27.915833282470704,28.39833335876465,27.43333320617676,3.456820159453549,0.2970632765279533,0.0,0.0,27.012500762939453,29.59000015258789,28.301250457763672,9.013259870632984,0.27449028824466165,0.5060143354882193,4.96223446861634,-0.2366277831942547,-0.0587433029994596,-0.1778844801947951,28.11833318074544,28.638750002934383,28.02504798353517,28.261675766729425,0.6813306905146129,1.0854789408569259,-0.40414825034231294,-0.022851076534214972,25.07392279415951,0.9657500267028816,-12.049759034877896,19.46893410742613,-31.518693142304024,27.90750026702881,28.342500686645508,28.125000476837158,27.65250015258789,0.029512881015330113,27.934548836926115,16.25819729323687,38.35882379577395,-104.50868715894113,27.825000286102295,26.574999809265137,16.0,100.0,-84.0,,28.555274968397942,0.0,0.0,40.500561271149444,0.2765840198071733,0.26041995210941044,0.16650511980572713,-15.17169377386165,51.18519854705624,27.449028824466165,26.22284700652936,-72.55097117553383,-1.031933700337131,-5.75435969796547,-0.8372744247275694,-0.21013751985332918,-0.6271369048742402,1.901535066824523,-1.791563605014164,3.693098671838687,27.9083054309002,-0.16207483264243372,-0.16220631598611313,40.32144257835333,4.144560095157594,145081754.89618737
2016-11-10,27.772499084472656,27.772499084472656,26.457500457763672,26.947500228881836,25.046688079833984,228538000,-0.7724990844726562,0,3201899898.002555,1145868400,0.11160937137478127,-35239109.03797041,-0.17621536981940697,-0.0571343507768916,-9991976.432512682,28.121188028729392,24.241748110775077,1586.6082770191392,28.48187494277954,30.1550441837513,26.80870570180778,11.749010515165722,0.04147653556954108,0.0,0.0,27.75141658782959,28.321416473388673,27.181416702270507,4.107897582489948,-0.20518993013413916,0.0,1.0,26.457500457763672,29.59000015258789,28.02375030517578,10.998221504439057,0.1564245231780176,0.5869127646102957,5.49162911499084,-0.3050580246963719,-0.10800624733884207,-0.19705177735752982,27.900416533152264,28.58817305931678,27.859271405896195,28.164329430592566,0.6630702995501385,1.0708999768578187,-0.40782967730768016,-0.04942769735232251,25.60913775786303,0.41562414169311523,-21.03965041935344,11.772323380596031,-32.81197379994947,27.507500648498535,28.065000534057617,27.786250591278076,27.65250015258789,0.014756440507665057,29.412949052445562,13.483812167462675,39.01522236164763,-129.72184831590295,27.815625190734863,26.574999809265137,12.0,100.0,-88.0,,28.370142063742925,0.0,0.0,31.863627638024525,0.054713347582578675,0.20778760616951839,0.2121442790397606,-19.079951641078072,50.36691907468777,15.64245231780176,23.957313057966328,-84.35754768219824,-1.0995514252606569,-8.84566518771472,-1.0831361188561186,-0.38473723965388706,-0.6983988792022315,6.224248968992306,-0.18840109021286988,6.412650059205176,27.738765560788064,-2.7867933030593317,-2.826361238367392,36.41097401382354,3.3828076498476136,63909463.88283375
2016-11-11,26.780000686645508,27.217500686645508,26.637500762939453,27.107500076293945,25.195404052734375,136575600,0.15999984741210938,1,3286670665.8117676,1282444000,0.14458471882360038,-27083225.581086453,-0.07962581351563126,-0.06554110419427361,-9181063.54728719,27.99760898464038,19.39306402229036,1596.0287086016492,28.366874980926514,30.085310462309007,26.648439499544022,12.115789860800277,0.13356933726153228,0.0,0.0,27.596999994913737,28.18099981943766,27.01300017038981,4.232342824448738,0.08090747799553924,0.0,0.0,26.457500457763672,29.59000015258789,28.02375030517578,11.042808546695634,0.2075018936487872,0.5862214805198717,5.923172291494385,-0.3424314964535107,-0.1548912971617758,-0.18754019929173488,27.75124994913737,28.53567306811993,27.74361427826508,28.086045774718592,0.6867936371490212,1.1656749437950584,-0.47888130664603723,-0.07498857640191689,26.028837956080825,0.25312585830688406,-29.611088460392978,3.6906509636228466,-33.30173942401582,27.449999809265137,28.065000534057617,27.757500171661377,27.65250015258789,0.007378220253832528,30.78574925257076,12.472823138495851,36.089939713057525,-119.62955060322953,27.80625009536743,26.574999809265137,8.0,96.0,-88.0,,28.10237223890583,0.0,0.0,34.95749763215997,0.13419051442587354,0.15516262727187485,0.20779006185026797,-21.112122172494818,53.6290650038132,20.75018936487872,21.280556835715537,-79.24981063512128,-1.1380513079026144,-6.194304230086547,-1.219222881000028,-0.5516343679231153,-0.6675885130769128,4.676032822344005,0.7844856922985051,3.8915471300455,27.662021648940556,0.5937465295598132,0.5919908011428721,37.22090943796934,3.96976233847192,-38871307.38696727
2016-11-14,26.927499771118164,26.952499389648438,26.020000457763672,26.427499771118164,24.563365936279297,204702000,-0.6800003051757812,0,3260877019.676991,1077742000,0.11511134606548451,-43099539.42237307,-0.20100726944846126,-0.08103098104891428,-14316078.656696847,27.725927853738877,10.22306536888334,1596.0287086016492,28.21887493133545,30.065305078527714,26.372444784143184,13.08649017145549,0.014908494388130068,0.0,0.0,27.40224997202555,28.053749529520672,26.750750414530437,4.755080755487025,-0.24808201302170105,0.0,1.0,26.020000457763672,29.59000015258789,27.80500030517578,12.651105699681661,0.1141454756831728,0.6363492943209119,6.348422093473957,-0.4220553918732364,-0.20832411610406792,-0.21373127576916845,27.568541526794434,28.45538462125338,27.5411351233194,27.963190515192636,0.6226976978321525,1.1795773993021128,-0.5568797014699604,-0.10330894674941381,26.360482064334498,0.21112537384033203,-39.552352170108016,-4.740884347158497,-34.81146782294952,27.053750038146973,27.846250534057617,27.450000286102295,27.65250015258789,0.003689110126916264,32.612319983150044,10.832766026064657,38.810702928845664,-144.3084471420985,27.82187509536743,27.338749885559082,4.0,100.0,-96.0,,27.872090189545926,0.0,0.0,28.94252457815483,0.0,0.06296795400281709,0.14197272914807021,-25.125747609303666,52.924091651750494,13.836990002771971,16.74321056181747,-86.16300999722803,-1.289941069659065,-7.66073027192113,-1.5093248806638504,-0.7431724704712623,-0.7661524101925881,6.874977670177744,2.002584087874353,4.872393582303391,27.4571085264984,-2.508531968133998,-2.5405319178759544,33.77867905775369,3.299936669990384,73372923.34932014
2016-11-15,26.642499923706055,26.920000076293945,26.540000915527344,26.77750015258789,24.888681411743164,129058000,0.35000038146972656,1,3293141357.730186,1206800000,0.15711791851329335,-30489555.328931216,0.07177006684910897,-0.06247355391361324,-12606860.999978317,27.538925341046866,16.995611907921003,1617.1661851577062,28.089374923706053,29.95856391394551,26.220185933466595,13.308868533503421,0.1490791519828872,0.0,0.0,27.278583399454753,27.88708292643229,26.67008387247721,4.461371897997473,0.08826324043686981,0.0,0.0,26.020000457763672,29.59000015258789,27.80500030517578,12.70943089520769,0.212184806604449,0.6219643954063988,6.5499166754832965,-0.45170877931419895,-0.25700104874609414,-0.1947077305681048,27.43083318074544,28.36942305931678,27.423652820129938,27.875361599444137,0.7357878637109109,1.1826212040107023,-0.4468333402997914,-0.1297088889724129,26.423274127985824,0.29562530517578267,-46.67237305715189,-13.184378435439912,-33.48799462171198,26.975000381469727,27.846250534057617,27.410625457763672,27.65250015258789,0.001844555063458132,34.30842137583081,10.179934292993261,36.471793513300774,-110.22189740366503,27.989375114440918,27.40999984741211,0.0,96.0,-96.0,,27.575755832460764,0.0,0.0,35.129581900124975,0.3234203619008004,0.15253695877555767,0.12355584668341664,-26.122438907186385,55.4728422496925,25.72155427233185,20.1029112133275,-74.27844572766816,-1.4271247639375595,-5.812522458140977,-1.620458904910516,-0.9186297573591131,-0.7018291475514029,4.689406448379756,2.5399485599754335,2.149457888404323,27.409077910297476,1.3243794702525458,1.3156862355073518,35.550416418769615,4.0490719251274925,-31836976.73616779
2016-11-16,26.674999237060547,27.5575008392334,26.649999618530273,27.497499465942383,25.557889938354492,235362000,0.7199993133544922,1,3497380439.328868,1442162000,0.19825263725547532,-1925264.797692474,0.1441092185267049,-0.054879654480341565,-6278395.780144767,27.43202589560026,27.043406931834454,1617.1661851577062,28.0002498626709,29.80264819412816,26.197851531213637,12.874158911418615,0.3605329388199013,0.0,0.0,27.20900007883707,27.88024984995524,26.537750307718916,4.934027484826648,0.7148971958863569,0.0,0.0,26.020000457763672,29.59000015258789,27.80500030517578,12.749885134359593,0.4138653037760163,0.6505180779360714,6.553154610130076,-0.41235796921471746,-0.2880724328398188,-0.12428553637489864,27.35687478383382,28.3087499325092,27.435013842562622,27.84737181177734,0.7398099552310874,1.1063648788849583,-0.3665549236538709,-0.1485367511598348,26.585291274828823,-0.12775039672851562,-49.404566159726,-20.98195508250501,-28.422611077220992,26.975000381469727,27.80500030517578,27.390000343322754,27.65250015258789,0.000922277531729066,34.17911662267461,16.59604993637502,32.57608719552974,-64.00830835582845,28.2318754196167,27.65250015258789,36.0,92.0,-56.0,26.020000457763672,,1.0,0.0,45.619372701688064,1.0,0.44114012063359986,0.21888167780399162,-22.951874721267373,59.10171271962821,53.09970791681833,30.88608406397404,-46.90029208318167,-1.4583821240593409,-3.126654063001973,-1.4807787679278268,-1.031059559472856,-0.4497192084549708,8.17927823589864,3.6678144951600746,4.511463740738565,27.410463615330613,2.688821993284196,2.653308367208229,39.19512582742581,4.679012573535303,110302205.51013583
2016-11-17,27.452499389648438,27.587499618530273,27.207500457763672,27.487499237060547,25.548603057861328,110528000,-0.010000228881835938,0,3549735457.363391,1331634000,0.20212923294632731,-1808127.7262866297,0.10099222006740484,-0.04429367689744076,-6318592.35508135,27.353755727609606,32.83386683017038,1616.5780577895587,27.911374855041505,29.628846556389227,26.193903153693782,12.30660768426822,0.3765989513398279,0.0,0.0,27.194750022888183,27.856249809265137,26.53325023651123,4.864908012173006,0.7212768773333674,0.0,0.0,26.020000457763672,29.59000015258789,27.80500030517578,12.790483139455189,0.4110641189758232,0.6234661862191244,6.527609917910833,-0.37762606538131394,-0.3059831593481179,-0.07164290603319606,27.324791431427002,28.237692246070274,27.44308851863923,27.820714584020543,0.8189993397720745,1.0854410843605748,-0.26644174458850034,-0.16127558915375895,26.616185795042764,-0.013875770568848367,-49.76869561915692,-27.813530714905667,-21.955164904251255,26.975000381469727,27.80500030517578,27.390000343322754,27.65250015258789,0.000461138765864533,33.98642272283843,16.196180061093465,31.07910151135004,-42.40406400300653,28.2318754196167,27.65250015258789,32.0,88.0,-56.0,26.050750465393065,,0.0,0.0,45.50929919075902,0.9933996214324389,0.7722733277777462,0.45531680239563466,-20.645631012785014,60.028231903008574,57.832455514623256,45.55123923459113,-42.167544485376744,-1.3798599916345964,-1.3812906494168944,-1.357355736643127,-1.0963187949069102,-0.26103694173621683,4.692633457600128,3.8727782876480856,0.8198551699520427,27.410836990807535,-0.03636777552890047,-0.03637439020818256,39.14450365651771,4.280302140397566,-66504534.97033927
2016-11-18,27.43000030517578,27.635000228881836,27.415000915527344,27.514999389648438,25.574159622192383,113715600,0.027500152587890625,1,3539396420.775128,1445349600,0.1969347598057181,-1103081.4294423205,0.024666826666707848,-0.03985578248821059,-6204824.408253835,27.31035653503281,38.11219849766646,1616.5780577895587,27.82962484359741,29.456757668050727,26.202492019144096,11.693530427361546,0.403319062457399,0.0,0.0,27.220250066121416,27.85024979909261,26.590250333150227,4.628904814914208,0.7339281336969219,0.0,0.0,26.020000457763672,29.59000015258789,27.80500030517578,12.828055408176105,0.4187672436085116,0.5831194989326611,6.450640004696399,-0.3439172845033305,-0.3135699843791604,-0.030347300124170085,27.29291645685832,28.171153728778545,27.454151729563723,27.798069014067053,0.8487156965114724,1.0527800142940849,-0.20406431778261247,-0.16889103485468288,26.588545132026432,-0.3721243858337395,-49.10669158464549,-33.61378533785121,-15.492906246794277,26.975000381469727,27.80500030517578,27.390000343322754,27.65250015258789,0.0002305693829322665,33.68618840279357,16.34644974624497,30.21345130381748,-28.71794482538957,28.26187515258789,27.65250015258789,28.000000000000004,84.0,-56.0,26.112220431518555,,0.0,0.0,45.895909523872426,1.0,0.9977998738108127,0.7370711074073864,-18.743707342696208,57.80520958398189,61.713095244656465,57.548419558699344,-38.286904755343535,-1.2414997381322515,-1.371089550593847,-1.23719846989837,-1.1244947299052024,-0.11270373999316763,1.9695032510033843,3.4921232803191455,-1.5226200293157612,27.412332788278935,0.10004603311024596,0.0999960204209227,39.283712212717006,4.233539164064201,-5022088.13963379
2016-11-21,27.530000686645508,27.997499465942383,27.502500534057617,27.9325008392334,25.962215423583984,117058400,0.41750144958496094,1,3625712793.854867,1562408000,0.20032613314753314,6036223.301348895,0.09514436933480337,-0.02014691279851517,-4428627.687548747,27.281927335760688,44.94441436267152,1616.5780577895587,27.755624866485597,29.213937227531737,26.297312505439457,10.508229362957165,0.5606440627784698,0.0,0.0,27.248166720072426,27.901416269938153,26.594917170206706,4.794814686629949,1.0237922623150946,1.0,0.0,26.020000457763672,29.59000015258789,27.80500030517578,12.862256612838602,0.535714438363249,0.5743074422278716,6.267090286812827,-0.28028302676020544,-0.3069125928553694,0.02662956609516398,27.332499821980793,28.114423018235428,27.527743900282132,27.808026927042338,0.9315187258525188,0.9988291318427911,-0.06731040599027227,-0.16953995928659316,26.596501766398635,-0.5456257820129409,-48.51063432226146,-38.41286786974157,-10.097766452519892,27.008749961853027,27.80500030517578,27.406875133514404,27.65250015258789,50.000115284691475,32.51777347692303,19.942966687382967,28.303255057007064,9.266831888199276,28.28375005722046,27.65250015258789,24.0,80.0,-56.0,26.20358721936035,,0.0,0.0,51.51963964240292,1.0,0.9977998738108127,0.9226243584664573,-15.24213516705069,64.9841860151299,92.50307897395211,70.68287657774393,-7.496921026047889,-0.9705879772410668,1.729947641084056,-1.007921300909127,-1.1011800441059874,0.09325874319686034,-0.08074756777852954,2.777549110699611,-2.8582966784781405,27.420320718946805,1.5173594724557038,1.5059627155187716,41.39714681356461,4.605677813154699,7229593.045175701
2016-11-22,27.987499237060547,28.104999542236328,27.850000381469727,27.950000762939453,25.978471755981445,103862000,0.017499923706054688,1,3603311764.8555927,1666270000,0.14844998959067324,5433559.554864517,0.05585517258184498,-0.014568951819736496,-4363557.356523999,27.280844200558825,50.28418952671906,1617.5908562081113,27.674999904632568,28.881345730955474,26.46865407830966,8.717946381065559,0.6139809382625887,0.0,0.0,27.27433344523112,27.90258280436198,26.646084086100263,4.606890653386121,1.0377381670894756,1.0,0.0,26.020000457763672,28.96500015258789,27.49250030517578,10.641372014354552,0.6553482190737474,0.5423766140817445,6.083636754718066,-0.22583701294205838,-0.2906974768727072,0.06486046393064882,27.394166628519695,28.059134556696964,27.592706494537104,27.818543507479163,0.9515700056050435,0.9445257445716956,0.007044261033347876,-0.16502327883978735,26.592232958646868,-0.0724989891052239,-47.517121470040514,-42.353685918092964,-5.1634355519475506,27.0625,27.80500030517578,27.43375015258789,27.65250015258789,75.00005764234574,31.183605210720806,20.695720675096712,27.344160520387607,42.90023976188582,28.287500381469727,27.65250015258789,20.0,76.0,-56.0,26.347100199086913,,0.0,0.0,51.74604678305331,1.0,1.0,0.9985332492072084,-12.427378001059111,62.8010875160881,92.5660025248367,82.26072558114842,-7.433997475163291,-0.7117865899029923,2.719594646693971,-0.8118218442361689,-1.0433084041320237,0.23148655989585487,-2.479910083689154,1.7260572718218579,-4.205967355511012,27.42554659137625,0.06265075872287085,0.06263114132822878,41.485733198855826,4.375465051052878,-3915078.968781799
2016-11-23,27.84000015258789,27.877500534057617,27.582500457763672,27.8075008392334,25.846025466918945,109705600,-0.1424999237060547,0,3660953930.723759,1556564400,0.0928185811917541,2424045.385580022,-0.06655299395446873,-0.009152074426649923,-4922878.973819116,27.29093761789346,50.21777679128987,1617.5908562081113,27.620499992370604,28.69194749063291,26.5490524941083,7.758349765994553,0.5872655203199765,0.0,0.0,27.29783350626628,27.873832956949865,26.72183405558268,4.220111098203973,0.9424199817918713,0.0,0.0,26.020000457763672,28.96500015258789,27.49250030517578,10.662369238926498,0.6069611431917038,0.5248889831911482,5.779935974823201,-0.19197375371701497,-0.27095273224156874,0.07897897852455377,27.411249955495197,27.999134577237644,27.625751778336536,27.81772553205355,0.964178731930572,0.9394025522266336,0.024776179703938417,-0.15788522925368145,26.247251767381805,0.14449939727783345,-46.485257934830095,-45.18097564203482,-1.3042822927952784,27.0625,27.80500030517578,27.43375015258789,27.846250534057617,87.50002882117286,30.39896386143989,19.661653603569665,29.614825477119304,22.873896807041575,28.609375,27.65250015258789,16.0,72.0,-56.0,26.522890133401855,,0.0,0.0,49.71025466515352,0.9107246635143725,0.9702415545047905,0.9893471427718677,-10.703741472018793,68.95129466955794,85.73147080886254,90.26685076921711,-14.268529191137457,-0.5658380452324359,0.7426860498380973,-0.6901130485877044,-0.9726693330231599,0.28255628443545555,-4.07892629894239,0.5650605576690084,-4.643986856611399,27.428021419693867,-0.5098387113284253,-0.5111428233532944,40.764384160001214,4.16120201224027,12053935.125377297
2016-11-25,27.782499313354492,27.967500686645508,27.737499237060547,27.947500228881836,25.976146697998047,45903600,0.1399993896484375,1,3698874163.5349245,1602468000,0.13786528274944676,2995821.1851637354,0.06137874750592894,0.005494538580683405,-4691773.128679705,27.30605797378402,54.47941418801832,1625.7347643528703,27.586874961853027,28.569250965826622,26.604498957879432,7.12205355142269,0.683547473457272,0.0,0.0,27.380333518981935,27.847833251953126,26.912833786010744,3.4148578405525147,1.1065957581358141,1.0,0.0,26.020000457763672,28.802499771118164,27.411250114440918,10.086315746898176,0.692722460655141,0.49540022983052945,5.374423649267133,-0.15208693260046147,-0.2471795723133473,0.09509263971288584,27.42645835876465,27.947884559631348,27.67525153995889,27.82733847255935,1.0266414307336982,0.8884754067828818,0.13816602395081634,-0.1480088690089086,25.976366917416108,0.13312435150146484,-42.00588164388326,-46.55817488464484,4.5522932407615855,27.0625,27.80500030517578,27.43375015258789,27.846250534057617,93.75001441058643,29.446749309894745,20.295926052087392,28.64999662460669,54.461201209933414,28.718125343322754,27.65250015258789,12.0,68.0,-56.0,26.6811010742853,,0.0,0.0,51.719905274446944,0.9988536197008746,0.9698594277384154,0.9800336607477353,-8.677202355798064,70.89978408438624,92.44607278116253,90.24784870495391,-7.553927218837478,-0.45553658990299084,0.6573053961652159,-0.5465378327518997,-0.887443032968908,0.3409052002170083,-9.309512422344408,-1.4098540383336748,-7.899658384010733,27.47184941712271,0.5034590863013166,0.5021959687894206,41.473075242330836,4.3395207881112725,-51284838.1263091
2016-11-28,27.857500076293945,28.11750030517578,27.84749984741211,27.892499923706055,25.925029754638672,108776000,-0.05500030517578125,0,3626356830.201591,1493692000,0.1518949604363709,1713173.416454519,0.03226823049972198,0.00490210729086977,-4905842.836052609,27.326757798014324,54.02018638346373,1625.7347643528703,27.55999994277954,28.475796208950815,26.644203676608267,6.645836488190586,0.6815359994404744,0.0,0.0,27.476833470662434,27.913333257039387,27.04033368428548,3.177220452589734,0.9761359180650998,0.0,0.0,26.020000457763672,28.5575008392334,27.288750648498535,9.207185728367637,0.7379307130814405,0.47286025262384374,5.074214917446745,-0.12349087849068141,-0.22244183354881414,0.09895095505813273,27.440833409627277,27.895096118633564,27.708674368227683,27.832165246718365,1.0179864991714558,0.8952348416617494,0.1227516575097064,-0.1368013560132045,25.81234773337294,-0.6124997138977051,-38.02710719759298,-46.38870322103207,8.361596023439084,27.328750610351562,27.80500030517578,27.566875457763672,27.846250534057617,96.87500720529322,28.189096642338004,21.690706465619773,27.51666874871601,76.81761633358138,28.920625686645508,27.65250015258789,8.0,64.0,-56.0,26.823490921080403,,0.0,0.0,50.86001848534115,0.9611451121563217,0.9569077984571893,0.9656695935667985,-7.244769540045952,61.93026275909656,89.27292501368562,89.15015620123688,-10.727074986314374,-0.33605874566470817,0.6222965895545962,-0.4436984237338199,-0.7986941111218905,0.3549956873880706,-9.540921781960126,-3.036067587058965,-6.504854194901161,27.497963657826343,-0.1967986572156577,-0.1969925602137934,41.194658129932236,4.200301360245668,47557042.42576401
2016-11-29,27.69499969482422,28.00749969482422,27.517499923706055,27.864999771118164,25.89946746826172,114115200,-0.027500152587890625,0,3674098908.203623,1379576800,0.181939755623508,1020122.1551613512,-0.09446601372126692,-0.008584448981063173,-5018352.844878696,27.33516357664278,48.61057530510422,1625.7347643528703,27.533999919891357,28.381619339805777,26.686380499976938,6.156892731753622,0.6952526354694812,0.0,0.0,27.609833463033038,28.00208333333333,27.217583592732744,2.8413780244308917,0.8252599011566012,0.0,0.0,26.020000457763672,28.4424991607666,27.231249809265137,8.798208433395276,0.7616100314387912,0.4745742044732758,4.807651250379058,-0.10187300350010986,-0.1983280675390733,0.09645506403896345,27.51729170481364,27.84567304757925,27.732724430210833,27.834597433710943,0.9687004167585266,0.947201822757746,0.02149859400078058,-0.12509882478477988,25.791509813339502,-0.4264998435974121,-32.899516611521534,-44.85838583818425,11.958869226662713,27.383749961853027,27.80500030517578,27.594375133514404,27.846250534057617,98.43750360264661,27.62383448926399,20.134098512125476,30.375042215856368,57.767509586684234,28.920625686645508,27.65250015258789,4.0,60.0,-56.0,26.978772047171848,,0.0,0.0,50.408740559591934,0.9413552778625529,0.967118003239916,0.9646284098118403,-6.176450965879838,61.75672375694078,87.96183301900346,89.89361027128386,-12.038166980996532,-0.286536721622241,3.4047668037607766,-0.3659941687417033,-0.7121541226458531,0.3461599539041498,-9.283460041596198,-4.285546077966412,-4.997913963629786,27.59656198677663,-0.09859335901447608,-0.0986419942367256,41.05544957373293,4.170802309159718,27509612.67922455
2016-11-30,27.899999618530273,28.049999237060547,27.5674991607666,27.6299991607666,25.681039810180664,144649200,-0.2350006103515625,0,3566923588.288534,1234927600,0.1708076228164363,-3981702.4794138744,0.015427208746345986,-0.001161099977190236,-6238257.7638121005,27.34353972107803,50.947026390943336,1625.7347643528703,27.52187490463257,28.35661881706939,26.687130992195748,6.066039580001972,0.5647649264182066,0.0,0.0,27.71016667683919,28.112666638692218,27.307666714986162,2.9050706662796584,0.40041301407394725,0.0,0.0,26.020000457763672,28.11750030517578,27.068750381469727,7.621209872802131,0.7675798904058766,0.4753667916553428,4.520233483771994,-0.10252146348140556,-0.1791667467275398,0.07664528324613423,27.56083329518636,27.777115308321438,27.71692054260403,27.819442006085435,1.0283917313364415,0.9260480029822401,0.10234372835420136,-0.11495271047240216,25.83392512535666,-1.0943751335144043,-29.115656353806447,-42.60406252641541,13.488406172608965,27.662500381469727,27.80500030517578,27.733750343322754,27.846250534057617,99.21875180132331,26.98642766169657,19.333137257522093,28.226937253630087,51.908740365349374,28.890625476837158,27.65250015258789,0.0,56.00000000000001,-56.00000000000001,27.11541943813232,,0.0,0.0,46.60331721812038,0.7744765252173103,0.8923256384120614,0.9387838133697223,-6.265253668011479,55.43327286264122,76.75798904058766,84.66424902442557,-23.242010959412344,-0.27521330889533857,1.9275074536644277,-0.36852451411131554,-0.6434282009389456,0.27490368682763006,-6.989517142091428,-4.826340290791416,-2.163176851300012,27.600678992131414,-0.843354072427227,-0.8469304246212506,39.865852695372325,3.939012371925717,51586581.67719442
2016-12-01,27.592500686645508,27.735000610351562,27.25749969482422,27.372499465942383,25.441707611083984,148347600,-0.25749969482421875,0,3490031097.550841,1086580000,0.15536686758511897,-8869953.800626932,-0.1005871215455698,0.004240917756655276,-7620793.517998685,27.388275653486353,53.102001856142394,1625.7347643528703,27.495624923706053,28.314334306085687,26.67691554132642,5.955197487973898,0.42480515039060746,0.0,0.0,27.73216667175293,28.091666603088377,27.37266674041748,2.5926566473554624,-0.00023264882760179367,0.0,1.0,26.020000457763672,28.11750030517578,27.068750381469727,7.628485816315076,0.64481483030734,0.4755802040425429,3.892102960417337,-0.1224024666039405,-0.16781389070281996,0.045411424098879466,27.639583269755047,27.69288451854999,27.663932684656082,27.786335151260023,1.068299500436127,0.9550848465625248,0.1132146538736023,-0.10785705804739558,25.76484046727131,-0.7181247711181626,-28.056552878050844,-40.19160222184807,12.135049343797228,27.6875,27.49250030517578,27.59000015258789,27.846250534057617,85.85035887832154,26.93627203162867,17.978121270004248,30.79875744934751,-3.3283747161153516,28.90000057220459,27.65250015258789,4.0,52.0,-48.0,27.235669142177535,,0.0,0.0,42.79137922793273,0.6073120864987688,0.7743812965262103,0.8779416460593961,-7.416828211947492,48.994806979325425,64.481483030734,76.40043503010837,-35.518516969265995,-0.2734707215253067,3.5758195175806264,-0.44051317288739295,-0.6028451953286351,0.16233202244124217,-4.899905129224215,-4.8410532584779755,-0.05885187074623932,27.597332185946563,-0.9319569404470207,-0.9363268306625816,38.562363173862394,3.8092806666837866,37636883.83707547
2016-12-02,27.292499542236328,27.522499084472656,27.212499618530273,27.475000381469727,25.5369815826416,106112000,0.10250091552734375,1,3563625735.898459,1192692000,0.21002183619902753,-6049020.8079034425,-0.037613728491071655,0.007241780972695248,-7223439.335492609,27.419713805681557,53.94285749766333,1631.8226008676957,27.496499919891356,28.315081845962876,26.677917993819836,5.954080908162033,0.4868678150977456,0.0,0.0,27.729749997456867,28.082249959309898,27.377250035603844,2.5423955274415064,0.13865298786420782,0.0,0.0,26.020000457763672,28.11750030517578,27.068750381469727,7.62824306192785,0.6936829699898336,0.4590221302325269,3.229362843300343,-0.1284071399871749,-0.15993254055969094,0.031525400572516044,27.697708288828533,27.638173029972958,27.634866176473565,27.76327331646074,1.0363490781296005,0.9002319501097795,0.136117128019821,-0.10219305924764524,25.636567732033026,0.0009995460510268117,-25.635365360403263,-37.58367708582116,11.948311725417895,27.664999961853027,27.49250030517578,27.578750133514404,27.846250534057617,61.85629538803434,26.965381610745244,17.13831036642453,30.038150319841726,-12.61504192548844,28.869375228881836,27.65250015258789,0.0,48.0,-48.0,,28.11750030517578,0.0,1.0,44.7294019710538,0.6922999548511742,0.6913628555224175,0.7860232634868964,-7.858029175628445,51.79230587798515,69.36829699898335,70.20258969010166,-30.631703001016646,-0.31032378252815107,2.604799644878077,-0.46250720699796877,-0.5747775976625018,0.11227039066453304,-5.869508827438205,-5.046744372270021,-0.8227644551681834,27.596736061969697,0.3744667733207141,0.3737673919226303,39.08123318427648,4.0798434507277115,-11408631.53588748
2016-12-05,27.5,27.50749969482422,27.0625,27.27750015258789,25.353418350219727,137298000,-0.19750022888183594,0,3558997898.5675488,1055394000,0.22149189799157845,-9058644.46749128,-0.026739103368521443,0.01968950712126238,-8210386.962372593,27.521918730475623,55.84313373325772,1631.8226008676957,27.499874973297118,28.314249849889993,26.685500096704242,5.9227533025779096,0.36346900727120707,0.0,0.0,27.705833307902015,28.08083330790202,27.33083330790202,2.7070111613863337,-0.07111087375217078,0.0,1.0,26.020000457763672,28.11750030517578,27.068750381469727,7.627306849390479,0.5995231400735114,0.4576198866916961,2.3714570605252723,-0.1474033309533631,-0.1574266986384254,0.01002336768506229,27.679375012715656,27.586538388178898,27.57988678818346,27.727290119136825,1.1472731876749085,0.8729065436878638,0.2743666439870447,-0.09891473766623753,25.525165853397038,-0.012375736236570845,-23.930755473622288,-34.85257943597236,10.921823962350071,27.59000015258789,27.411250114440918,27.500625133514404,27.846250534057617,39.50618138328883,27.2470486040209,15.984040828515896,30.285302326463764,-38.765216469189355,28.869375228881836,27.65250015258789,0.0,44.0,-44.0,,28.099400291442873,0.0,0.0,41.79167322249452,0.40093313284789867,0.5668483913992802,0.6775308478159694,-9.06294034207292,51.581256864867576,46.75115831422961,60.20031278131565,-53.24884168577039,-0.38975031235638724,-0.8000702523041306,-0.5316182371952327,-0.5661457255690481,0.03452748837381536,-4.595050382938954,-4.956405574403808,0.3613551914648543,27.58913372768313,-0.7188361278969713,-0.7214322032906395,38.081467033023266,3.8694692244208646,40171652.84943651
2016-12-06,27.375,27.59000015258789,27.297500610351562,27.487499237060547,25.548603057861328,104782000,0.20999908447265625,1,3590342170.4352536,1160176000,0.196444496626903,-4621106.105104831,0.04431530085475143,0.017728452407379698,-7403710.252772186,27.576910225004852,55.30196455567755,1644.385381558268,27.49412488937378,28.30714297080304,26.68110680794452,5.914122269397875,0.4959252737026557,0.0,0.0,27.67058327992757,28.025333340962725,27.315833218892415,2.56409528809964,0.24195347235066483,0.0,0.0,26.020000457763672,28.11750030517578,27.068750381469727,7.628902013981806,0.6996419003831975,0.4431078980225265,1.6908605918825694,-0.1438545127956843,-0.15471226146987718,0.010857748674192896,27.679375012715656,27.550288347097542,27.565673318779936,27.70952783157562,1.1178553862951464,0.8648647278246422,0.25299065847050417,-0.09572288836647024,25.44940232623277,0.020874500274658203,-21.835383476088072,-31.99905299219986,10.163669516111788,27.59000015258789,27.288750648498535,27.439375400543213,27.846250534057617,21.680771093099445,27.244522203830787,16.488869305012116,28.817490503232495,-0.22598870056553702,28.869375228881836,27.65250015258789,0.0,40.0,-40.0,,28.05792427978516,0.0,0.0,45.863098586207904,0.4090086974277498,0.5007472617089407,0.5863195028768796,-8.970278919305,50.76725261886486,57.069793980449525,57.72974976455416,-42.930206019550475,-0.394272282544307,0.0,-0.5191518010341514,-0.5567469406620688,0.037595139627917384,-5.6118016809301245,-5.087484795709072,-0.5243168852210527,27.582369182669115,0.7698619129243633,0.7669135983983111,39.14450365651771,4.200609249036198,-5932436.705834925
2016-12-07,27.315000534057617,27.797500610351562,27.290000915527344,27.75749969482422,25.799556732177734,119994800,0.2700004577636719,1,3691421089.6673527,1280170800,0.21928570382022683,667430.6140901805,0.04229363528935561,0.010455910747569033,-6225041.700575253,27.630570452434707,52.14134735093576,1644.385381558268,27.49374990463257,28.306274671594224,26.681225137670914,5.910614374394584,0.6623026158192767,0.0,0.0,27.635249964396156,28.015250078837077,27.25524984995524,2.7501116503776206,0.6608548600148734,0.0,0.0,26.020000457763672,28.11750030517578,27.068750381469727,7.629006063878868,0.82836680021897,0.44954707770269575,1.4575459026860902,-0.11789623398677662,-0.14734905597325706,0.029452821986480443,27.699583371480305,27.52615371117225,27.595185068940594,27.71308130292737,1.1044350553504192,0.9365759543385873,0.16785910101183188,-0.09065214133662405,25.251784436432644,0.43875093460082937,-19.904501155326216,-29.045635572254987,9.141134416928772,27.59000015258789,27.231249809265137,27.410624980926514,27.846250534057617,12.077766063701246,26.596492366787725,18.395326667065248,26.565689503134106,35.23974484218771,28.862500190734863,27.65250015258789,0.0,36.0,-36.0,,28.018107308593752,0.0,0.0,50.64323039614286,0.8892128791227982,0.5663849031328153,0.5446601854136788,-7.49701536941912,56.32541190741756,65.87672926866308,56.5658938544474,-34.123270731336916,-0.4060587378109197,0.8813385809741778,-0.42541727027056747,-0.5304810065837685,0.10506373631320104,-5.384596871066107,-5.146907210780479,-0.23768966028562843,27.585575310623256,0.982266358372974,0.9774734826919484,40.51127330546072,4.389852978885994,24599878.388305068
2016-12-08,27.71500015258789,28.107500076293945,27.649999618530273,28.030000686645508,26.052831649780273,108273200,0.27250099182128906,1,3763011891.768561,1388444000,0.19140582080540391,4787019.724600839,0.14155140376071937,0.0133529952970915,-5162101.784803011,27.665181354121245,52.13312024995501,1660.52864562519,27.50924997329712,28.349791887578707,26.668708059015533,6.110976599489195,0.8097708183853476,0.0,0.0,27.652583249409993,28.048833401997882,27.2563330968221,2.8659177988106808,0.9762363304728353,0.0,0.0,26.020000457763672,28.11750030517578,27.068750381469727,7.624707505468618,0.9582838498709642,0.45034241570879335,1.1875739280380524,-0.0744770334756808,-0.13277465147374182,0.05829761799806102,27.70770835876465,27.53221145043006,27.662079779356738,27.73655681283242,1.0657891906387897,0.8848681993337186,0.1809209913050711,-0.0824507270942859,25.184337633677487,0.4407507896423333,-18.01586366953862,-26.38007801955003,8.364214350011409,27.59000015258789,27.068750381469727,27.32937526702881,27.846250534057617,18.91561163395224,25.12874222076601,21.87604768152302,24.692509514030384,93.66000845086879,28.631875038146973,27.65250015258789,68.0,32.0,36.0,27.0625,,1.0,0.0,54.96521160311757,1.0,0.7660738588501824,0.6110686745639796,-4.911165239861521,57.888398027882495,91.7061996948243,71.55090764797896,-8.293800305175694,-0.2902940918417549,0.349055202658987,-0.2685157857850032,-0.47808796242401547,0.2095721766390123,-5.915250515984546,-5.300575871821293,-0.6146746441632533,27.59432555569184,0.9817202371152245,0.9769326721574156,41.89070091092872,4.506523967333941,7354837.596060842
2016-12-09,28.077499389648438,28.674999237060547,28.077499389648438,28.487499237060547,26.47806167602539,137610400,0.45749855041503906,1,3814255909.879918,1526054400,0.24142444499431073,13096953.83851982,0.21601263784436325,0.027020553238352597,-2916059.794799489,27.739426062877328,52.97129951307976,1660.52864562519,27.586249923706056,28.486847785991337,26.685652061420775,6.529324317556902,1.0003616770017403,1.0,0.0,27.705499839782714,28.13849983215332,27.27249984741211,3.125733120677037,1.4030016293955447,1.0,0.0,26.020000457763672,28.674999237060547,27.34749984741211,9.624355563513255,0.9293784986034322,0.4698080291794179,1.129625700588871,-0.003114789355812775,-0.10684267905015601,0.10372788969434324,27.75249989827474,27.554903763991135,27.789067388234244,27.792182177590057,1.0909485085493722,0.7946042441751986,0.2963442643741736,-0.06912822322443653,25.174740785176898,0.22125091552734233,-14.604607354091462,-23.77757803693875,9.172970682847287,27.868749618530273,27.34749984741211,27.60812473297119,27.846250534057617,50.54268479866038,24.176208980790513,28.268951834598553,22.304665163353192,168.39970476302443,28.631875038146973,27.65250015258789,100.0,28.000000000000004,72.0,27.083400001525877,,0.0,0.0,61.12068024098976,1.0,0.9630709597075992,0.7651765738968658,-0.5829035261344061,64.02460109315051,88.37208752161663,81.98500549503466,-11.627912478383372,-0.06582348206464061,1.923071411267346,-0.011207429974046276,-0.3847118559340217,0.3735044259599754,-4.352830748873837,-5.111026847231802,0.7581960983579652,27.63773944745068,1.6321745958179923,1.618997811674694,44.206604885025016,4.781935536367072,41935978.94516152
2016-12-12,28.322500228881836,28.75,28.122499465942383,28.325000762939453,26.327030181884766,105497600,-0.16249847412109375,0,3776848772.5029078,1420556800,0.19565245251489718,8776932.001097348,0.03568829561351148,0.022773690829688893,-3517839.5045865495,27.777824182112337,45.9333650728135,1651.0566534049174,27.64712495803833,28.574251544620314,26.719998371456345,6.706857136061265,0.8655788835698438,0.0,0.0,27.750166511535646,28.218916511535646,27.281416511535646,3.378358106825358,1.1131565348307277,1.0,0.0,26.020000457763672,28.75,27.385000228881836,9.874442808718118,0.8443225976835143,0.4855772796672378,1.1398664843087594,0.039868455701157046,-0.0775004520998934,0.11736890780105044,27.795624891916912,27.58826916034405,27.871518676650428,27.83165022094927,1.0816672902801003,0.8481497503004216,0.23351753997967872,-0.0539372770316749,25.189373187678285,0.30037527084350657,-11.900728773094018,-21.444379388224583,9.543650615130565,27.90625,27.385000228881836,27.645625114440918,27.846250534057617,75.2713423993302,23.439048707836143,26.767886486135566,20.25272670466782,148.56135256528108,28.50937557220459,27.65250015258789,100.0,24.0,76.0,27.147063970947265,,0.0,0.0,58.08390233382897,0.8428901234163242,0.9476300411387744,0.8922582865655188,2.0499407192481556,62.37171620435912,74.81486002604167,84.96438241416087,-25.185139973958332,0.19108090681188372,1.8610083901388141,0.1432486230052845,-0.27911976014616047,0.422368383151445,-5.17032956249047,-5.122887390283536,-0.04744217220693425,27.66083032872041,-0.570420284240647,-0.5720533940984041,43.38402115954605,4.3201110472597755,-5042252.387328148
2016-12-13,28.459999084472656,28.979999542236328,28.4375,28.797500610351562,26.766189575195312,174935200,0.4724998474121094,1,3834086224.7133245,1595492000,0.2315450061150547,19331206.75908442,0.08450623199568447,0.024820195073534574,-599680.5255705542,27.866803863108878,48.40517219925551,1651.0566534049174,27.765625,28.643446380885912,26.887803619114088,6.323080290005445,1.0877480503551737,1.0,0.0,27.84433320363363,28.31833318074544,27.370333226521808,3.404642328083909,1.5054508995188056,1.0,0.0,26.540000915527344,28.979999542236328,27.760000228881836,8.78783973603686,0.9252053136886736,0.5025194296302015,1.1398664843087594,0.11078274144304245,-0.03984381339130623,0.15062655483434867,27.866458257039387,27.649326911339394,28.013977435681372,27.90319469423833,1.0533653498492048,0.820390505885663,0.23297484396354184,-0.03472176793249607,25.29079920191666,0.1268749237060547,-7.060698235472751,-18.993828486187503,11.933130250714752,28.021249771118164,27.5,27.760624885559082,27.846250534057617,87.6356711996651,23.19567336411298,27.55014706537775,18.354602286805306,198.30864254467372,28.32937526702881,27.65250015258789,100.0,20.0,80.0,27.243240132690428,,0.0,0.0,63.727312938747744,1.0,0.9476300411387744,0.9527770139950493,6.274203992747585,62.90239643023021,90.48245238838899,84.55646664534909,-9.517547611611006,0.4661396082709821,3.041418282524278,0.3970252964113738,-0.14389074883465364,0.5409160452460274,-1.2955881372928242,-4.357427539685394,3.0618394023925695,27.74830392817945,1.6681371039196202,1.6543765163859803,45.77586321760041,4.8013970204480785,79083475.24215457
2016-12-14,28.760000228881836,29.049999237060547,28.7450008392334,28.797500610351562,26.766189575195312,136127200,0.0,0,3744822528.8751187,1731619200,0.18193483422130785,16569605.793500932,0.04229024694053287,0.0325947122803204,-599680.5255705542,27.95421838418097,55.80564038261592,1651.0566534049174,27.866625022888183,28.731172112687112,27.002077933089254,6.204892692163731,1.0383602573226385,1.0,0.0,27.95583330790202,28.412083117167157,27.499583498636884,3.264075903158089,1.422375511570276,1.0,0.0,26.649999618530273,29.049999237060547,27.84999942779541,8.61245169287289,0.8947922221489306,0.4827673264498961,1.131692882276583,0.16507988564032416,0.0011409264150198453,0.16393895922530433,27.941874980926514,27.6952884380634,28.13451946255371,27.969439576913384,1.1580856413588183,0.782381740515196,0.37570390084362226,-0.013562863564181514,25.26829028906806,-0.0016252517700188207,-1.811926449801868,-16.07775888304873,14.265832433246862,28.056249618530273,27.53499984741211,27.79562473297119,27.846250534057617,93.81783559983255,23.10081931448701,27.343690212864587,17.53068826926173,197.24869447581023,28.17312526702881,27.65250015258789,100.0,16.0,84.0,27.3821808854541,,0.0,0.0,63.727312938747744,1.0,0.9476300411387744,0.9476300411387744,9.579048015917735,61.23655545794368,87.29566170387957,84.19765803943675,-12.704338296120428,0.7289115008185867,3.2446022734460622,0.5902152068023018,0.002930442292737437,0.5872847645095643,-0.731409133525245,-3.632223858453364,2.9008147249281193,27.882122681729555,0.0,0.0,45.77586321760041,4.517706891272798,4964315.597966701
2016-12-15,28.844999313354492,29.1825008392334,28.8075008392334,28.954999923706055,26.912582397460938,186098000,0.1574993133544922,1,3705120713.5268116,1917717200,0.08537074137160115,18389705.99680713,0.019647067892943324,0.029613878022249993,418126.8047679947,28.060308122080503,59.34079742995545,1651.0566534049174,27.939500045776366,28.9068985387584,26.97210155279433,6.924952067123888,1.024861205230628,1.0,0.0,28.10850003560384,28.554499753316247,27.662500317891443,3.1734152811247354,1.4489915065911165,1.0,0.0,27.0625,29.1825008392334,28.1225004196167,7.587826681794474,0.8926882898736922,0.47299061669309006,1.1316903563788168,0.21830317876174377,0.044573376884364635,0.17372980187737913,28.032708326975506,27.74105768937331,28.26074722580792,28.042444047046175,1.138148098354559,0.7794349394693496,0.3587131588852095,0.009117455326816723,25.079846003024954,-0.3095008850097649,4.441816453597077,-12.735849792604247,17.177666246201326,28.1225004196167,27.601250648498535,27.861875534057617,27.846250534057617,96.90891779991628,23.26224911397765,27.750433854373686,16.522458106977144,182.17194278007204,28.17312526702881,27.65250015258789,100.0,12.0,88.0,27.548962720614746,,0.0,0.0,65.52184484720411,1.0,1.0,0.9650866940925162,12.88044837067894,59.098331519757,89.26882898736922,89.01564769321259,-10.731171012630782,0.9448087299571313,3.9117177876946068,0.7784741529500834,0.15803918442420664,0.6204349685258768,2.682327469961539,-2.369313592770384,5.051641062731923,28.127640217410004,0.5469200799248508,0.5454299029712395,46.57314068522125,4.596003393285983,69062738.43992837
2016-12-16,29.11750030517578,29.125,28.912500381469727,28.99250030517578,26.94744300842285,177404400,0.03750038146972656,1,3661291503.574473,2095121600,0.04461767116422103,16712995.522178676,0.0028447592812820065,0.027512201506647144,647887.9061990699,28.155091546031453,60.94039221317071,1653.1949802739884,28.01475009918213,29.060747482121826,26.968752716242435,7.467476091962233,0.9673769848475905,0.0,0.0,28.26916675567627,28.70541648864746,27.83291702270508,3.086399657560442,1.329036094272266,1.0,0.0,27.0625,29.1825008392334,28.1225004196167,7.567445119902355,0.9103771420551313,0.4469415168768084,1.1303538975456768,0.2605060379483355,0.0877599090971588,0.17274612885117668,28.1462500890096,27.79000003521259,28.373324622633742,28.112818584685407,1.1386142473061422,0.8102971809596787,0.3283170663464635,0.032077920472445585,24.591256626861547,-0.6422506332397475,9.652355519027857,-9.00439301564312,18.656748534670974,28.23625087738037,27.601250648498535,27.918750762939453,27.846250534057617,98.45445889995814,23.412148213504675,26.833128600402727,15.976299524031013,152.7680898754631,28.125000476837158,27.65250015258789,96.0,8.0,88.0,27.744987294848983,,0.0,0.0,65.95374416521861,1.0,1.0,0.9825433470462581,15.694620059813053,55.608431686682266,91.03771420551314,89.2007349655873,-8.962285794486865,1.0604780028848069,4.931238457451248,0.9266450361908833,0.31176035477754205,0.6148846814133413,4.684425239645918,-0.9585658262871235,5.642991065933042,28.321054730667598,0.12951262845288802,0.12942883319073673,46.76297141232864,4.503408783922314,34045877.00029194
2016-12-19,28.950000762939453,29.344999313354492,28.9375,29.15999984741211,27.10312271118164,111117600,0.16749954223632812,1,3671517170.8368263,2206239200,0.0528976429460194,16984302.895353068,0.04492397987160719,0.03746862962042386,1289852.1017147289,28.234731207583778,66.90739646588835,1662.7460503613745,28.097000122070312,29.22811439697118,26.965885847169446,8.051494963779934,0.9698905092657241,0.0,0.0,28.455666732788085,28.888166427612305,28.023167037963866,3.0398141704820505,1.3142585105294533,1.0,0.0,27.0625,29.344999313354492,28.203749656677246,8.123640614435487,0.9189487309547107,0.4429972965245768,1.1274278974516097,0.3039640131823482,0.1310007299141967,0.17296328326815152,28.29520845413208,27.875096174386833,28.494351580291955,28.190387567109607,1.1974321497762614,0.7548155228281928,0.4426166269480687,0.0553361064072257,24.250865777864256,-0.6219997406005859,16.216227659669705,-4.776436222781143,20.99266388245085,28.317500114440918,27.682499885559082,28.0,27.846250534057617,99.22722944997906,23.973936308515913,28.568373370689997,14.955372393440861,142.5492779892992,27.786250591278076,27.65250015258789,100.0,4.0,96.0,27.917488920175114,,0.0,0.0,67.88864937326551,1.0,1.0,1.0,18.66406719226571,52.88783276687568,91.89487309547108,90.73380542945114,-8.10512690452892,1.180522116492778,6.530278258636131,1.078254112181807,0.4650591062583951,0.6131950059234119,2.4489312719534126,-0.27706640663901627,2.725997678592429,28.601347932338097,0.5777340362963734,0.5760715532930227,47.610871050857575,4.599812050073563,-33295415.854943365
2016-12-20,29.184999465942383,29.375,29.170000076293945,29.237499237060547,27.175159454345703,85700000,0.0774993896484375,1,3642253075.525184,2291939200,0.0067064904058749255,15506787.866427071,0.03139593720850002,0.038609253082006294,1517619.513498872,28.320727915387195,73.65614434820223,1667.1651794669185,28.16225004196167,29.393966299120397,26.930533784802943,8.747285854812546,0.9364841288931341,0.0,0.0,28.635916709899902,29.059666442871094,28.21216697692871,2.959568134409994,1.2098323377604843,1.0,0.0,27.0625,29.375,28.21875,8.211346737403375,0.940540210620777,0.4201975821309082,1.0851102164046074,0.3407305945122019,0.17294670283379776,0.16778389167840413,28.44208335876465,27.9570192190317,28.608681989025584,28.267951394513382,1.2352206368069762,0.7442346848194136,0.4909859519875627,0.078207845449808,23.835868093126855,-0.8847498893737793,21.682793892857426,-0.15562566187185053,21.838419554729278,28.512499809265137,27.697500228881836,28.105000019073486,27.846250534057617,99.61361472498953,24.55208100070744,28.056323774099457,14.431382327203124,132.11464443647864,27.757500171661377,27.65250015258789,100.0,0.0,100.0,28.117340375220227,,0.0,0.0,68.7729315896577,1.0,1.0,1.0,21.399162084300578,50.07455861397891,94.05402106207771,92.32886945435398,-5.945978937922297,1.2569486225352584,6.414918402620014,1.2053600551270771,0.6131192960321314,0.5922407590949457,-0.9003216030935809,-0.4017174459299292,-0.4986041571636517,28.809744660822904,0.26577294257192907,0.26542039080692525,48.00318080640549,4.549712950418268,-24338272.631027594
2016-12-21,29.200000762939453,29.350000381469727,29.19499969482422,29.264999389648438,27.200712203979492,95132800,0.027500152587890625,1,3633045920.267693,2387072000,0.01209895530258166,13665270.530667959,0.0,0.045794047478118424,1607099.3453716645,28.443194530746606,81.00524424436026,1667.1651794669185,28.22799997329712,29.544827220031575,26.911172726562665,9.32993657347411,0.8937492252392747,0.0,0.0,28.80141665140788,29.1899164835612,28.41291681925456,2.6977827990577623,1.0966318385146792,1.0,0.0,27.0625,29.375,28.21875,8.192220498042932,0.9524321684966216,0.3936778925823682,0.9340900858141663,0.3678470952532926,0.21192678131769674,0.15592031393559588,28.60770829518636,28.066153819744404,28.709653896813716,28.341806801560423,1.3080678205007674,0.6781914803674828,0.6298763401332846,0.09985143445045647,23.51436683529689,-0.740500736236573,27.184225008674655,4.86660641348518,22.317618595189476,28.72624969482422,27.957500457763672,28.341875076293945,27.846250534057617,99.80680736249477,25.088929643456712,27.31333859932515,14.049211690488765,114.56062340076824,27.450000286102295,27.65250015258789,96.0,0.0,96.0,28.31856591518499,,0.0,0.0,69.09812271631547,1.0,1.0,1.0,23.766024155172286,53.018841303660736,95.24321684966216,93.73070366907031,-4.756783150337838,1.292978039909812,7.286222072926971,1.2978957122558608,0.7500745792768773,0.5478211329789835,-3.0625899265695815,-0.9338919420578597,-2.1286979845117218,28.9524483377481,0.09405781378535316,0.09401360714136331,48.142389362604774,4.491322109465827,5883348.8784683645
2016-12-22,29.087499618530273,29.127500534057617,28.90999984741211,29.072500228881836,27.02179718017578,104343600,-0.19249916076660156,0,3684617918.194609,2282728400,0.009650032587166775,8843652.536091683,-0.05289329297467849,0.04470265001500364,920748.5560232502,28.53973961581404,80.81122843359168,1667.1651794669185,28.29124994277954,29.642288060365782,26.9402118251933,9.550925606459833,0.7891296240768075,0.0,0.0,28.912166659037275,29.276666514078777,28.54766680399577,2.521428845787098,0.7199363972672997,0.0,0.0,27.0625,29.375,28.21875,8.173905375963049,0.8691892881651182,0.3898100575477642,0.8349437021054349,0.36954416881831165,0.24345025881781973,0.12609391000049192,28.739791711171467,28.154423053448017,28.76547640943958,28.395932240621267,1.2629730840525737,0.658311231893175,0.6046618521593987,0.11817142543455346,23.138806838945445,-0.5337502479553216,32.39854529460654,10.089178930007181,22.309366364599363,28.74874973297119,28.012499809265137,28.380624771118164,27.846250534057617,99.90340368124738,24.526055288977727,25.638688630114288,18.110096410810588,79.84564950901814,27.410625457763672,27.65250015258789,92.0,0.0,92.0,28.487595368755393,,0.0,0.0,64.0685532647299,0.8158102007101402,0.9386034002367131,0.9795344667455711,24.49677156120319,47.558637008094976,86.91892881651182,92.07205557608388,-13.081071183488175,1.2567720301011,5.7662611580331795,1.3013982625640554,0.8603393159343129,0.44105894662974254,-4.199625723175126,-1.5870386982813132,-2.612587024893813,28.97390016643129,-0.6577794798611647,-0.6599523829303067,47.167939124401535,4.249292205868144,15877773.483409017
2016-12-23,28.897499084472656,29.1299991607666,28.897499084472656,29.1299991607666,27.075241088867188,56998000,0.057498931884765625,1,3741615918.194609,2339726400,0.017351330557647645,8048462.762302568,-0.0020399816104831915,0.04646687299772067,1033477.9082896919,28.65819091027993,87.66057137386682,1670.4624609645582,28.35037488937378,29.73903908020816,26.9617106985394,9.796443230490583,0.7807101517193963,0.0,0.0,28.976083310445148,29.304083188374836,28.64808343251546,2.263935221441419,0.7346279079324047,0.0,0.0,27.0625,29.375,28.21875,8.1568586271738,0.8940536911423141,0.3740790594223823,0.5466385455031032,0.37124926468122155,0.2690100599905001,0.10223920469072145,28.854166666666668,28.217211503248947,28.82155683272066,28.450307568039438,1.2983098909647548,0.6418458477800503,0.6564640431847045,0.13362703959724329,22.885118102332147,-0.3203742027282708,36.25371594319089,15.439672787372169,20.814043155818723,28.90625,28.21875,28.5625,27.80500030517578,99.95170184062368,23.95912675405111,24.575919284393937,17.58227320762016,73.84246808826859,27.390000343322754,27.65250015258789,88.0,44.0,44.0,28.62958010975453,,0.0,0.0,64.89061309471386,0.8189152032706696,0.8782418013269363,0.9389484005212165,25.331800217966055,54.77677266339218,88.24935506888413,90.13716691168604,-11.750644931115868,1.205220373939067,4.944607695333254,1.3049042221894158,0.9492522971853335,0.35565192500408227,-8.30797869368267,-2.931226697361585,-5.376751996321086,28.99308423813091,0.19777773301947743,0.19758241035519042,47.45900453813328,4.390612350328592,-34407331.781979024
2016-12-27,29.1299991607666,29.450000762939453,29.122499465942383,29.315000534057617,27.247194290161133,73187600,0.18500137329101562,1,3754465786.149532,2412914000,0.05276915120511233,8832940.44024128,0.1219392742137469,0.0520114425233632,1498284.1869699033,28.761269665981338,87.47252127855336,1670.4624609645582,28.421499919891357,29.854093297329793,26.98890654245292,10.081054001205668,0.8118472513686659,0.0,0.0,29.065749994913737,29.363749949137365,28.7677500406901,2.0505230677053228,0.9182056668318082,0.0,0.0,27.0625,29.450000762939453,28.256250381469727,8.400333443586181,0.9434554195846095,0.36942128317985107,0.3212928563349342,0.38311234945535944,0.291830517883472,0.09128183157188746,28.961249987284344,28.287500014671913,28.897471248310957,28.514358898855598,1.2993167604497555,0.6031892622563068,0.6961274981934488,0.14750968391503758,22.80552108097269,0.06599931716919016,41.42045279563545,20.826467346384195,20.593985449251253,29.097500801086426,28.256250381469727,28.676875591278076,27.80500030517578,99.97585092031184,24.190545068453893,28.90258389997414,16.54209369559706,89.91199371873405,27.390000343322754,27.65250015258789,100.0,40.0,60.0,28.748847292193805,,0.0,0.0,67.46942860215422,0.9117472979031711,0.8488242339613267,0.8885564785083254,26.770483277670497,56.496324920812086,93.74998896210204,89.63942428249932,-6.25001103789796,1.1815734077902391,4.58437322844708,1.3435769354461458,1.0281172248374961,0.31545971060864963,-10.550221245484375,-4.455025606986143,-6.0951956384982315,29.072941614954022,0.6350888383827469,0.6330806472666151,48.39550021714527,4.551487918625959,7938954.649091229
2016-12-28,29.3799991607666,29.5049991607666,29.049999237060547,29.190000534057617,27.131010055541992,83623600,-0.125,0,3722303348.4469023,2329290400,0.020108368383445725,6077813.234492525,-0.0047614141190997945,0.04865036756561638,1141710.766892495,28.87023725571486,82.06410322295439,1670.4624609645582,28.48774995803833,29.933760909082753,27.041739006993904,10.151808782191358,0.7428233947716879,0.0,0.0,29.116749954223632,29.40599994659424,28.82749996185303,1.98682883787067,0.6266215760865607,0.0,0.0,27.0625,29.5049991607666,28.2837495803833,8.573857761193269,0.8710342948039667,0.37797914723247145,0.28693860865876036,0.3780693264213646,0.3090782795910505,0.0689910468303141,29.0197917620341,28.351923135610726,28.942475753810445,28.56440642738908,1.2902484081440138,0.6274155081024627,0.662832900041551,0.15855793774359087,22.83153068722408,-0.16274919509887553,45.11042878619506,26.040062372606073,19.070366413588985,29.15625,28.2837495803833,28.71999979019165,27.80500030517578,99.98792546015592,24.131942408358963,26.552309571014376,16.492654948626612,77.32183599868618,27.390000343322754,27.65250015258789,100.0,36.0,64.0,28.875054916928022,,0.0,0.0,64.0463927654477,0.6425555987435421,0.7910726999724607,0.8393795784202412,27.08403185672316,52.43597079869955,83.01893776592354,88.33942726563657,-16.98106223407646,1.1355144332436957,2.465998475861854,1.3235679424406015,1.0872073683581172,0.23636057408248434,-11.538540847581723,-5.87172865510526,-5.666812192476463,29.08309658119548,-0.4264028576590917,-0.4273145472140971,47.76273756358185,4.320627791496882,16235330.855174646
2016-12-29,29.112499237060547,29.27750015258789,29.100000381469727,29.1825008392334,27.124038696289062,60158000,-0.00749969482421875,0,3718067251.9725466,2269132400,0.06535259437717207,5145101.823674258,-0.026185902284862245,0.03666913141950341,1126254.561583111,28.946391868171467,77.74936224457238,1670.03327431011,28.56537504196167,29.985316423591264,27.145433660332074,9.94169605365758,0.7173067864827931,0.0,0.0,29.148999977111817,29.425500106811523,28.872499847412108,1.8971500217284913,0.5605801924179324,0.0,0.0,27.0625,29.5049991607666,28.2837495803833,8.550558699749764,0.8679637943326932,0.3579312096210407,0.3113294127472314,0.36921149139255505,0.32110492195135143,0.04810656944120362,29.09125010172526,28.40000005868765,28.97940269002936,28.610191198636805,1.2458782929533878,0.7114455417409904,0.5344327512123974,0.1668540138235793,22.862817343547917,0.2321255683898933,48.68769346144845,30.956270929034,17.731422532414445,29.20124912261963,28.2837495803833,28.742499351501465,27.80500030517578,99.99396273007795,24.077525652556528,25.675174556078563,15.947832845449309,65.41867909372057,27.406875133514404,27.65250015258789,96.0,32.0,64.0,29.001043765695737,,0.0,0.0,63.83712804573174,0.5223452511492197,0.6922160492653107,0.7773709943996994,27.29069917921191,50.83100588203266,77.40817000057454,84.72569890953336,-22.591829999425457,1.0667791871463557,3.027361176335437,1.2904894232588944,1.1278637793382726,0.16262564392062173,-14.112010806031753,-7.519785085290559,-6.592225720741194,29.091370512178457,-0.025692684779055064,-0.025695985914753194,47.724773349198735,4.356028553951695,-11657951.946287021
2016-12-30,29.162500381469727,29.299999237060547,28.857500076293945,28.954999923706055,26.912582397460938,122345200,-0.22750091552734375,0,3649636903.747354,2146787200,0.06979624357535504,433852.275952796,-0.039785114384855595,0.018397863403130637,172475.95420084114,29.000122893857142,69.78552061004156,1670.03327431011,28.644500064849854,29.962438429113565,27.326561700586144,9.202034326170523,0.6177975644671618,0.0,0.0,29.154583231608076,29.437833277384435,28.871333185831702,1.9430910298129704,0.14769059903420084,0.0,0.0,27.0625,29.5049991607666,28.2837495803833,8.526939395824309,0.774821115235133,0.3663880047355968,0.45237878926670555,0.33991583260834446,0.32486710408275005,0.015048728525594413,29.104375044504803,28.43865387256329,28.975648418287314,28.63573258567897,1.1302374125517276,0.8192833911347238,0.3109540214170038,0.17102985317805486,23.018241889589298,0.15300054550170827,50.30250051490609,35.47295370635381,14.82954680855228,29.181249618530273,28.2837495803833,28.732499599456787,27.80500030517578,83.8932752817517,23.10559586203787,23.58359896948519,19.113043367914866,45.716323629511095,27.43375015258789,27.65250015258789,92.0,28.000000000000004,64.0,,29.5049991607666,0.0,1.0,57.680350360084844,0.0,0.388300283297587,0.6238630108451194,25.78241531260247,46.68331491180702,60.217044595407465,73.54805078730185,-39.782955404592535,1.0210217307595642,0.5469200799248439,1.1870338277231292,1.139697789015244,0.047336038707885164,-11.126529765790192,-8.241134021390486,-2.8853957443997054,29.090802892663483,-0.7795799159936556,-0.7826345259946965,46.57314068522125,4.135832026544769,63736171.967865646
2017-01-03,28.950000762939453,29.082500457763672,28.690000534057617,29.037500381469727,26.98926544189453,115127600,0.08250045776367188,1,3738365768.5087776,2261914800,0.07611441457524905,1728741.9081356695,-0.0656279692396703,0.011160987342189082,500504.95528044034,29.03557379679947,69.2761143442058,1674.7916410852504,28.722625064849854,29.935015850605623,27.510234279094085,8.44206114878732,0.6298571880945087,0.0,0.0,29.147249921162928,29.448499997456867,28.845999844868977,2.0670909064063467,0.31784313377881507,0.0,0.0,27.0625,29.5049991607666,28.2837495803833,8.50374628103084,0.8085981822199906,0.3689991966326426,0.49538962780712475,0.3196709417858088,0.3238278716233618,-0.004156929837553003,29.124375025431316,28.485961547264687,28.98516410493076,28.66549316314495,1.0916801538979681,0.8722841743125758,0.21939597958539236,0.17250381850611782,23.249316115537678,0.23237485885620046,51.09470947617344,39.34834057485422,11.746368901319222,29.09749984741211,28.2837495803833,28.690624713897705,27.80500030517578,63.079838909561985,21.633657956449746,21.880902633881586,20.814180838137084,29.563905843098073,27.43375015258789,27.846250534057617,88.0,24.0,64.0,,29.49204917907715,0.0,0.0,59.21646248711119,0.13453693760044996,0.2189607295832229,0.43315902071537365,24.898588299968452,52.2290782414501,56.20616891528507,64.61046117042235,-43.79383108471493,0.9379117180319412,0.833404865114904,1.115176843344205,1.1347935998810363,-0.01961675653683126,-9.232181065495409,-8.439343430211471,-0.7928376352839379,29.09038938042386,0.2849264651392014,0.2845213190829643,46.99076635381913,4.344295381795575,25833490.174983263
2017-01-04,28.962499618530273,29.127500534057617,28.9375,29.0049991607666,26.959056854248047,84472400,-0.032501220703125,0,3713912316.731435,2177442400,0.06906790377684922,1089570.7618701945,0.03289540088627226,0.0074744994058024965,405956.31715198274,29.06973560889396,67.45135700310374,1672.9170729563286,28.80900001525879,29.82797926566274,27.790020764854837,7.074034155050475,0.596174257439547,0.0,0.0,29.134833272298174,29.414333470662438,28.855333073933924,1.9186668806511413,0.2677387846387613,0.0,0.0,27.290000915527344,29.5049991607666,28.397500038146973,7.688563449151571,0.7742661868583145,0.3510993303751401,0.5703397667765234,0.2975738964210599,0.31857707658290146,-0.02100318016184155,29.128541628519695,28.526634583106407,28.98821565198243,28.69064175556137,1.1122866930937139,0.9282773889072784,0.18400930418643546,0.1715400935463005,23.414991624156446,0.1835002899169922,51.571615221016984,42.66932072242751,8.902294498589477,29.09749984741211,28.2837495803833,28.690624713897705,27.80500030517578,31.539919454780993,20.40929349858222,21.946312714333335,20.059192078987845,36.04776569436192,27.43375015258789,27.846250534057617,84.0,20.0,64.0,,29.45996723327637,0.0,0.0,58.31838391850363,0.05588073912426632,0.06347255890823846,0.22357785726301618,23.914516721160897,50.883988253351504,38.650203372853355,51.691138961181956,-61.349796627146645,0.8122720325694353,0.17267911307991912,1.0371810395749632,1.1152710878198218,-0.07809004824485855,-10.008691839829305,-8.753213112135038,-1.2554787276942676,29.088298771746032,-0.11192843831648869,-0.1119911249735317,46.826241884569875,4.2955768443584255,-7045937.189187303
2017-01-05,28.979999542236328,29.21500015258789,28.952499389648438,29.15250015258789,27.096153259277344,88774400,0.14750099182128906,1,3760413315.7868457,2266216800,0.07637051315663365,2804533.80279443,0.015154181750284355,0.005536209035070459,857406.4956457583,29.0913779629344,66.40936113903349,1672.9170729563286,28.892250061035156,29.719850230066076,28.064649892004237,5.728873087299231,0.657231777669569,0.0,0.0,29.119416618347167,29.404666900634766,28.83416633605957,1.9591758037341356,0.5579903619645967,0.0,0.0,27.290000915527344,29.5049991607666,28.397500038146973,7.666409644662678,0.8408581095103148,0.34223947363157137,0.5892671306412133,0.28863670186267143,0.3125890016388555,-0.02395229977618407,29.14187494913737,28.575096130371094,29.013490190537116,28.724853488674444,1.0439424026153776,0.9233966382648477,0.12054576435052988,0.16966981344225582,23.490907855890704,0.2677497863769531,51.3601149043889,45.355530710840206,6.004584193548695,29.09749984741211,28.2837495803833,28.690624713897705,27.80500030517578,40.88267918574017,19.55254496255489,22.5293747548108,19.032057534352482,46.1670105745621,27.566875457763672,27.846250534057617,80.0,16.0,64.0,,29.42916856530762,0.0,0.0,61.19473859913898,0.3077998167599084,0.16607249782820793,0.14950192877322319,23.796248023435762,50.83717226403728,56.74851507393036,50.534962454022924,-43.25148492606964,0.7042942271513084,0.5518663300093023,1.0048326337903666,1.0931833970139309,-0.08835076322356428,-10.206151985849452,-9.043800886877921,-1.1623510989715307,29.089099641506884,0.5085364457476205,0.5072477662544816,47.57290683647446,4.46547584349284,12073166.449291766
2017-01-06,29.19499969482422,29.540000915527344,29.11750030517578,29.477500915527344,27.398225784301758,127007600,0.3250007629394531,1,3849844757.05233,2393224400,0.07091688430285915,8300681.38798221,0.08150142520034696,0.00995437741417072,2273325.0852369387,29.13242232000513,65.02598206372994,1672.9170729563286,28.978250122070314,29.661119093104556,28.29538115103607,4.71297589162679,0.8655538724368214,0.0,0.0,29.1302500406901,29.44225031534831,28.818249766031904,2.142105022939321,1.0564912967106364,1.0,0.0,27.649999618530273,29.540000915527344,28.59500026702881,6.522137427330763,0.9669312396243838,0.3502655873035705,0.5892671306412133,0.3042713059974176,0.3109254625105679,-0.006654156513150322,29.168333371480305,28.637115405156063,29.084876455920227,28.78060514992281,1.070040872705457,0.8811067692780233,0.18893410342743355,0.16917912575562166,23.585566339462943,0.25924911499023295,51.1982904234477,47.44439128071144,3.753899142736259,29.11500072479248,28.301250457763672,28.708125591278076,27.80500030517578,58.110418780394276,19.679999472114037,26.963563322746513,17.480561298145002,109.38037106963186,27.594375133514404,27.846250534057617,100.0,12.0,88.0,28.690000534057617,,1.0,0.0,66.65488439213081,0.7860144476561229,0.3832316678467656,0.20425890819440407,25.266389475430408,55.057053276488986,92.64706212343906,62.681926856740915,-7.35293787656094,0.6668531081255722,1.0888239704274618,1.057209549321216,1.085988627475388,-0.028779078154172133,-7.246321473128544,-8.684305004128046,1.4379835309995013,29.09868204732975,1.1148298130121193,1.1086613880726848,49.21809359781608,4.717804338415245,50515973.7518253
2017-01-09,29.487499237060547,29.857500076293945,29.485000610351562,29.747499465942383,27.649179458618164,134247600,0.26999855041503906,1,3904804630.2854056,2527472000,0.06274268170328141,12292963.674941609,0.09503407704657477,0.016539328683120202,3502963.1573573817,29.20503747397473,63.991220524118525,1672.9170729563286,29.064125061035156,29.676763227725168,28.451486894345145,4.215768858711288,1.0577308451082894,1.0,0.0,29.19625002543131,29.523750178019206,28.868749872843427,2.243439841093438,1.3416018071367617,1.0,0.0,28.077499389648438,29.857500076293945,28.96749973297119,6.124391093512969,0.938201928135846,0.3532389446498736,0.5892671306412133,0.3345915063526519,0.3156586712789847,0.018932835073667165,29.21083339055379,28.7185577245859,29.1868184574621,28.852226951109447,1.1251414850617696,0.7989810483459856,0.326160436715784,0.17114617879434904,23.663734670015128,0.20087432861328125,51.68685581150223,49.1591845994127,2.5276712120895297,29.27375030517578,28.460000038146973,28.866875171661377,27.93875026702881,73.00246844230826,20.5245986233417,31.104818995755796,16.201312101403676,203.66810208387074,27.733750343322754,27.846250534057617,100.0,8.0,92.0,28.707000541687012,,0.0,0.0,70.38320628919166,1.0,0.6979380881386769,0.41574741793788356,27.724424649225256,60.23217649529489,90.57810248551722,79.9912265609622,-9.421897514482785,0.7184782364789193,1.7443360143311282,1.1596730710583363,1.1007255161919778,0.0589475548663585,-4.348467980376872,-7.817137599377811,3.4686696190009387,29.174973281053184,0.9159478993445269,0.9117785366941522,50.58485359156724,4.794699456180158,37279643.52986948
2017-01-10,29.6924991607666,29.844999313354492,29.575000762939453,29.77750015258789,27.677072525024414,97848400,0.030000686645507812,1,3953729175.900246,2625320400,0.06282164135287273,10956185.890973423,0.010692419530175459,0.01409421723016079,3601644.3655216214,29.24868403369273,63.685958193274665,1674.6042285758167,29.128625106811523,29.756292085184093,28.500958128438953,4.309623101474807,1.0168943628823572,1.0,0.0,29.26425011952718,29.595500119527184,28.933000119527186,2.2638543523038406,1.2747170310350298,1.0,0.0,28.122499465942383,29.857500076293945,28.989999771118164,5.9563422715267285,0.9538905501077349,0.3449149052263901,0.5892671306412133,0.3569268576300111,0.32391230854919,0.033014549080821076,29.253541787465412,28.811057750995342,29.27769256440453,28.920765706774517,1.1443600895729233,0.8468734644227657,0.29748662515015767,0.1745210648484396,23.738255255677764,-0.05612487792968679,51.36487752544482,50.26412068050263,1.1007568449421896,29.27375030517578,28.460000038146973,28.866875171661377,27.93875026702881,83.58758320555904,21.308869263767384,29.45541010410178,15.342198012356468,191.18986500887385,27.59000015258789,27.846250534057617,96.0,4.0,92.0,28.75302052307129,,0.0,0.0,70.77422865761385,1.0,0.9286714825520407,0.6699470795124944,29.834347729766098,62.09165098272256,93.1477554541207,92.12430668769231,-6.852244545879309,0.8189634547514082,1.7512413245452996,1.2341542449078486,1.127411261935152,0.10674298297269669,-4.74904110816957,-7.203518301136163,2.4544771929665927,29.243276595479834,0.10085112088111803,0.10080030030406029,50.73672010429151,4.630308411159874,-7888622.328042075
2017-01-11,29.684999465942383,29.982500076293945,29.649999618530273,29.9375,27.82578468322754,110354400,0.15999984741210938,1,4034213202.4711537,2735674800,0.1156692195771035,11913400.35815649,0.032013322729280196,0.014138316195930806,4194598.343215435,29.297480825647824,64.40675159476274,1674.6042285758167,29.209250068664552,29.817244804823904,28.6012553325052,4.163028730488385,1.0988949311763268,1.0,0.0,29.32033341725667,29.652083333333337,28.988583501180017,2.2629341307654203,1.4301684082426556,1.0,0.0,28.4375,29.982500076293945,29.210000038146973,5.28942055226337,0.9708737384648622,0.34367346048011826,0.5892671306412133,0.38312204252543225,0.3357542553444385,0.04736778718099377,29.32562510172526,28.90576927478497,29.379201400649986,28.996079358124554,1.1069395368376467,0.8287830379221663,0.27815649891548033,0.1794274765570215,23.789322402469175,-0.07925090789795064,50.48900589081675,50.861740358793924,-0.3727344679771747,29.33625030517578,28.522500038146973,28.929375171661377,28.00125026702881,90.44968555333134,22.335378628831883,30.237180732969794,14.334135082879317,201.5718384083873,27.578750133514404,27.846250534057617,100.0,0.0,100.0,28.797199705200196,,0.0,0.0,72.8341909128509,1.0,1.0,0.8755365235635727,32.26508197524638,70.08995764449514,96.51836810587301,93.4147420151703,-3.4816318941269873,0.914941316492417,2.9753195091863383,1.3212891225519543,1.1661868340585124,0.15510228849344188,-4.0811595499376665,-6.579046550896464,2.497887000958798,29.319258553160406,0.5373179299545949,0.5358795273946892,51.546655528437334,4.719454324664753,21473550.33331853
2017-01-12,29.725000381469727,29.825000762939453,29.552499771118164,29.8125,27.709596633911133,108344800,-0.125,0,4132617542.060568,2627330000,0.1383105502446163,8276757.449848421,-0.032067770775568036,0.011847761140533089,3742219.2200421607,29.333678049679598,56.76049909126995,1667.6121441141224,29.260000038146973,29.891054658789773,28.628945417504173,4.313428706904161,0.9377592238293441,0.0,0.0,29.3685001373291,29.682000160217285,29.05500011444092,2.134940643357583,1.2081337005663642,1.0,0.0,28.690000534057617,29.982500076293945,29.33625030517578,4.417291662854631,0.8684718479669206,0.34780613732029003,0.5997402577756722,0.3893077624004704,0.34646495675564487,0.04284280564482551,29.382500171661377,29.003269268916203,29.44586272362691,29.05655496122644,1.0508109427787162,0.8416220175253378,0.2091889252533784,0.18391341630895292,23.850759562152984,0.05500049591064382,49.635596207067486,50.96706288608493,-1.3314666790174456,29.33625030517578,28.636250495910645,28.986250400543213,28.00125026702881,94.66550921029092,22.857475995784828,27.94739513512693,15.166416893644396,142.1618167327073,27.500625133514404,27.846250534057617,96.0,4.0,92.0,28.868317727465822,,0.0,0.0,68.7567848089434,0.7309324926766997,0.9103108308922329,0.9463274378147579,33.145608455948164,68.58193458784159,86.84718479669206,92.17110278556191,-13.152815203307942,0.985610524345848,2.342948365589439,1.3398276668378934,1.2009150006143887,0.13891266622350473,-3.6603466966241873,-5.995306580042009,2.334959883417822,29.37324326542457,-0.41753653444676075,-0.41841065225738383,50.91389287487394,4.473113037350835,15324401.916319937
2017-01-13,29.77750015258789,29.905000686645508,29.702499389648438,29.760000228881836,27.66080665588379,104447600,-0.05249977111816406,0,4087486348.8685813,2522882400,0.16112211703123636,6311009.943606997,0.022295967361427596,0.017218422593112095,3558287.141422739,29.391153930219218,64.38965960362935,1664.6754814431,29.308125019073486,29.93755712270553,28.67869291544144,4.2952737728695745,0.858954688838455,0.0,0.0,29.428750101725257,29.744750277201337,29.112749926249187,2.147560969349832,1.02412965698124,1.0,0.0,28.690000534057617,29.982500076293945,29.33625030517578,4.410038313249927,0.8278530551530159,0.33327565328796804,0.5948886547956939,0.3855295524994027,0.3542778759043964,0.03125167659500627,29.419583479563396,29.090673153217022,29.494191570589205,29.108662018089802,1.150363408943489,0.7993295176424882,0.35103389130100093,0.1871870341022154,23.798821482984827,-0.11812448501586914,48.94343063856815,50.81605512204739,-1.8726244834792354,29.33625030517578,28.636250495910645,28.986250400543213,28.00125026702881,97.33275460514545,23.532334153545143,28.422802055706924,14.54261383412499,135.74360121326703,27.439375400543213,27.846250534057617,92.0,0.0,92.0,28.93516866839551,,0.0,0.0,67.05878960513404,0.6188820063397943,0.7832714996721643,0.8978607768547991,33.39634814765445,67.83990015802733,82.78530551530159,88.71695280595554,-17.21469448469841,1.0196177763097403,1.5179931322437688,1.3244495822577225,1.2256219169430556,0.09882766531466691,-3.578727359947403,-5.511990736023088,1.9332633760756845,29.408968068452484,-0.17609986119300203,-0.1762550992746803,50.64813371900032,4.448616380635894,11776222.238111973
2017-01-17,29.584999084472656,30.059999465942383,29.55500030517578,30.0,27.88387680053711,137759200,0.23999977111816406,1,4192510926.434347,2660641600,0.23450319107204068,10132605.16158048,0.0013746231076530984,0.01746232293012183,4669247.363705763,29.4502115941991,66.44364261413607,1664.6754814431,29.360375022888185,30.035699576520628,28.685050469255742,4.600244738740473,0.9735685780054889,0.0,0.0,29.51216678619385,29.834416961669923,29.189916610717773,2.183846261175425,1.2569169094872537,1.0,0.0,28.690000534057617,30.059999465942383,29.375,4.666149294131185,0.9562047352403122,0.35044800403583143,0.5819729370449352,0.39732119825016454,0.36288654037355006,0.03443465787661448,29.487083435058594,29.17692316495455,29.57200825203702,29.174687053786855,1.1132775961542714,0.7787146361748201,0.3345629599794513,0.19076696290891929,23.847933469640804,-0.17787418365478658,49.88933799894287,50.68212495791065,-0.7927869589677812,29.49874973297119,28.854999542236328,29.17687463760376,28.039999961853027,98.66637730257273,24.512635939413308,28.648615047598657,13.096005717811298,131.86750758306533,27.410624980926514,27.846250534057617,100.0,0.0,100.0,28.998008552869415,,0.0,0.0,70.62961518140953,0.8545203294329924,0.7347782761498284,0.8094535355714085,34.6705854608486,69.94149754093965,95.62047352403123,88.41765461200828,-4.379526475968781,0.98936768700095,2.7749210384470904,1.361869614977044,1.2528714565498533,0.10899815842719063,-1.036584104813774,-4.6169094097812255,3.5803253049674515,29.553222104486267,0.8064508376086854,0.8032164006342324,51.86303685521905,4.706798251140064,47533918.73048028
2017-01-18,30.0,30.125,29.927499771118164,29.997499465942383,27.881547927856445,94852000,-0.0025005340576171875,0,4164895416.144334,2565789600,0.2523264925977428,8651207.18757854,0.04554798535392149,0.012005802297277157,4661341.341824657,29.49446746361675,66.98800845242029,1664.5367288518923,29.410624980926514,30.117789862130643,28.703460099722385,4.8089075404738395,0.914948833443599,0.0,0.0,29.620166714986162,29.922916920979816,29.317416508992512,2.044216758850835,1.1231750523798667,1.0,0.0,28.690000534057617,30.125,29.40750026702881,4.879187255874413,0.9111494205512571,0.3351532265204319,0.5819772004895648,0.40183231743776204,0.3706756957863925,0.031156621651369565,29.554999987284344,29.25259619492751,29.637468438791693,29.23563612135393,1.1484293406855461,0.8277360328551667,0.3206933078303794,0.19398588690241703,23.75297686468042,-0.455625057220459,50.03625262509998,50.51152911391988,-0.4752764888198939,29.53874969482422,29.10124969482422,29.31999969482422,28.072500228881836,99.33318865128636,25.56621607021555,28.820035287647872,12.569401125944191,140.31241578918255,27.32937526702881,27.846250534057617,100.0,0.0,100.0,29.08296782591525,,0.0,0.0,70.54381372720964,0.8488583024437858,0.7740868794055239,0.7640455517425057,35.681423490951644,66.56756901158857,91.11494205512572,89.84024036481951,-8.885057944874282,0.9925073679755698,2.792764853152297,1.3744606608517085,1.2771892974102244,0.09727136344148413,-2.1517367323993946,-4.123874874304859,1.9721381419054649,29.65639137339668,-0.008335113525392845,-0.008335460915276371,51.85037889869406,4.568426130634812,-13076040.968352318
2017-01-19,29.850000381469727,30.022499084472656,29.842500686645508,29.94499969482422,27.832752227783203,102389200,-0.05249977111816406,0,4179116047.952834,2463400400,0.25544527244838916,6647404.7943570465,-0.016481083743495568,0.011168683038391745,4482146.086864326,29.53872376316997,66.0441771674447,1664.5367288518923,29.44987497329712,30.183679168614162,28.71607077798008,4.98341127751747,0.8373684183647782,0.0,0.0,29.711500040690105,30.013250033060707,29.409750048319495,2.0311999862501553,0.8869091301373354,0.0,0.0,28.690000534057617,30.125,29.40750026702881,4.872684407806586,0.8745642005813761,0.31963774365110353,0.5728099007487015,0.39659936847915844,0.3758604303249457,0.020738938154212738,29.637499968210857,29.308653904841496,29.684780939719776,29.288181571240617,1.1549545598175976,0.853110803376448,0.3018437564411497,0.19606928539524282,23.550478229068254,-0.412374591827394,49.70702438455109,50.32785238949345,-0.6208280049423607,29.62125015258789,29.12374973297119,29.37249994277954,28.072500228881836,99.66659432564319,26.11592641421472,27.72578818265089,13.88510570991727,105.50644164210571,27.60812473297119,27.846250534057617,96.0,0.0,96.0,29.187171043323726,,0.0,0.0,68.65795992117194,0.7244110509717177,0.809263227616165,0.7727094610571724,36.01661121521239,66.45573932630019,87.45642005813761,91.39727854576485,-12.543579941862397,0.9519338439492628,3.4190978198125666,1.3541276624309009,1.2925769704143597,0.061550692016541175,-2.464925661095769,-3.7920850316630417,1.3271593705672728,29.7194357279515,-0.1750138246615185,-0.1751671527786769,51.58461974282045,4.481511443851705,14013276.004122674
2017-01-20,30.112499237060547,30.112499237060547,29.9325008392334,30.0,27.88387680053711,130391600,0.05500030517578125,1,4146517802.5299816,2593792000,0.24818551883349388,6722286.651214383,0.012424023687123404,0.013926534893533576,4721637.750429042,29.592165419955478,71.44052349459461,1664.5367288518923,29.488000011444093,30.252304493481592,28.723695529406594,5.183833978166559,0.8349450386520085,0.0,0.0,29.8023333867391,30.09583314259847,29.508833630879717,1.9696427930705043,0.8367406774873344,0.0,0.0,28.690000534057617,30.125,29.40750026702881,4.866384513651211,0.9128919536441006,0.305673809068708,0.5599276241562177,0.39236731750305864,0.37916180776056835,0.013205509742490296,29.717708269755047,29.37307695242075,29.73327617976289,29.34090886225983,1.1640764626640354,0.7800808971155422,0.38399556554849323,0.19727918544006845,23.316103007162457,-0.48300085067749166,48.950411208973485,50.078088032329646,-1.1276768233561612,29.80500030517578,29.28125,29.54312515258789,28.072500228881836,99.8332971628216,26.849619285965748,28.600799909772327,13.339661433873928,105.63440058567727,27.645625114440918,27.846250534057617,92.0,0.0,92.0,29.280953938991352,,0.0,0.0,69.57558176438687,0.7849647990476426,0.7860780508210484,0.7898093859475792,36.545442745617905,64.01418657508293,91.28919536441006,89.95351915922446,-8.710804635589943,0.9535734793719115,3.314677936756885,1.3372704961015942,1.3015156755518067,0.035754820549787514,-0.6424760005051375,-3.1621632254314607,2.519687224926323,29.77709478543065,0.18367108277275168,0.18350261369395326,51.86303685521905,4.546643020764019,41220286.90555975
2017-01-23,30.0,30.202499389648438,29.9424991607666,30.020000457763672,27.902467727661133,88200800,0.020000457763671875,1,4110899082.3656564,2681992800,0.23599160070928077,6013968.040344053,0.014738883411102124,0.017821106164673414,4780439.629599776,29.663469565714788,78.7283139588728,1665.646445403275,29.525750064849852,30.316395443415132,28.735104686284572,5.35563280748987,0.8125613620930131,0.0,0.0,29.869999949137373,30.147249666849767,29.592750231424965,1.856375749477748,0.7705151692560165,0.0,0.0,28.690000534057617,30.202499389648438,29.446249961853027,5.122643293629438,0.8793394578712082,0.3011064510500208,0.45365006178369705,0.38617566373936185,0.38056457895632706,0.005611084783034792,29.802291711171467,29.420096177321213,29.777387607147624,29.391211943408262,1.2319713053928016,0.7542068291367822,0.4777644762560195,0.19758843833063053,23.194423050922385,-0.37324991226196147,47.857093310877886,49.65255886559361,-1.7954655547157259,29.8774995803833,29.446249961853027,29.661874771118164,28.111249923706055,99.9166485814108,27.74906390000364,28.947169276167255,12.571457371598866,100.01121877236297,27.760624885559082,27.846250534057617,100.0,48.0,52.0,29.365358545092217,,0.0,0.0,69.92046110204362,0.7992719376923416,0.769549262570567,0.7882968470025936,37.08047651144709,59.573642977382235,87.93394578712082,88.89318706988949,-12.066054212879184,0.9315512937657964,3.4994012286337326,1.3139154128211161,1.3039956230056686,0.0099197898154475,-2.2738386871942353,-2.984498317784016,0.7106596305897805,29.813804446844205,0.06666819254557144,0.06664597917835913,51.96428119703525,4.532599102122475,-15647069.560334057
2017-01-24,29.887500762939453,30.024999618530273,29.875,29.99250030517578,27.87690544128418,92844000,-0.027500152587890625,0,4163511430.063481,2589148800,0.2378562114484802,4790083.439313458,-0.019791126148722207,0.02109516638545542,4695388.859182151,29.737769062243164,79.69675454302879,1665.646445403275,29.57175006866455,30.358604685382698,28.7848954519464,5.321664188903938,0.7673621197433634,0.0,0.0,29.896749941507977,30.151749674479163,29.64175020853678,1.7058692564916904,0.6877460077156766,0.0,0.0,28.690000534057617,30.202499389648438,29.446249961853027,5.114674823366395,0.8611575250477626,0.2859957677980461,0.377348765941428,0.3747300463250163,0.37939767243006495,-0.004667626105048672,29.872291723887127,29.466057704045223,29.810481868382723,29.435751822057707,1.2718573521457015,0.7287814335382933,0.5430759186074082,0.19669715794607984,23.061422284708208,-0.09424915313720561,47.441231861877384,49.21659823630834,-1.7753663744309591,29.8774995803833,29.446249961853027,29.661874771118164,28.111249923706055,99.9583242907054,28.212436258630426,27.947234352805832,13.69163554716803,76.2304614055427,27.79562473297119,27.846250534057617,96.0,44.0,52.0,29.465815446438963,,0.0,0.0,68.7662112136313,0.7197551813134637,0.7679973060178157,0.7745415398031437,37.24478124548994,59.06262154537131,83.39927385016223,87.54080500056436,-16.60072614983776,0.884095382690429,2.8814000452490287,1.2730439113303433,1.2978052806706037,-0.02476136934026041,-3.219586066575571,-3.031515867542327,-0.18807019903324385,29.825640408078343,-0.09160610315973594,-0.09164808719233086,51.825072640835934,4.485091007060735,9324620.54972428
2017-01-25,30.104999542236328,30.524999618530273,30.06999969482422,30.469999313354492,28.320716857910156,129510400,0.47749900817871094,1,4261711444.4905844,2718659200,0.24934029307443398,12940226.883529838,0.12208471602309577,0.027465831752371387,6757273.894427316,29.828454527536557,80.34778562646049,1665.646445403275,29.638750076293945,30.489353245787665,28.788146906800225,5.739804595700955,0.9886234068204257,0.0,0.0,29.958999888102216,30.232499758402504,29.685500017801917,1.825827773435854,1.4341858639479825,1.0,0.0,28.690000534057617,30.524999618530273,29.607500076293945,6.191216160428943,0.9700270666938303,0.3106461223536907,0.2500310479314539,0.39958334334712475,0.38343480661347695,0.0161485367336478,29.954999923706055,29.524326911339394,29.911946090686072,29.512362747338948,1.219484075192582,0.6467139623857996,0.5727701128067824,0.19787015259133098,23.16229893210478,0.1087493896484375,48.27024421401726,48.9700691611084,-0.6998249470911375,30.03874969482422,29.607500076293945,29.823124885559082,28.272500038146973,99.9791621453527,29.720615179304417,35.640682216577225,12.094417615458356,134.68153782761166,27.861875534057617,27.846250534057617,100.0,40.0,60.0,29.5542175196241,,0.0,0.0,76.13348252851767,1.0,0.8396757063352681,0.7924074249745504,39.66061095481408,67.12949418581033,96.50236583972452,89.27852849233584,-3.497634160275483,0.849742401347438,3.366969271483756,1.3539523987558542,1.309034704287654,0.04491769446820015,-1.2010488288460415,-2.66542245980307,1.4643736309570283,29.933126274205073,1.5920613597403488,1.5795209880468342,54.2422209567484,4.970116071409162,47126149.8008019
2017-01-26,30.417499542236328,30.610000610351562,30.399999618530273,30.485000610351562,28.33466148376465,105350400,0.015001296997070312,1,4241645293.9706073,2824009600,0.23001331027677557,11317393.420048455,0.04136225579944888,0.029337837041597422,6809141.064587298,29.914571693699678,80.61210358235311,1666.466493239924,29.697250080108642,30.60944632556593,28.785053834651354,6.143304467562681,0.9317878604334848,0.0,0.0,30.023166592915857,30.284416516621906,29.761916669209796,1.7403222468058948,1.3838931144633424,1.0,0.0,28.690000534057617,30.610000610351562,29.65000057220459,6.465245337917569,0.9348958359203404,0.3005816093004506,0.20141306621535618,0.41569832802976947,0.38988751089673546,0.025810817133034014,30.01645835240682,29.58173076923077,30.000108324480763,29.584409996450994,1.2970892227349793,0.6428996255564521,0.6541895971785272,0.20006110495193596,23.199804036347036,0.08025007247924876,48.80699021617896,48.87800182878746,-0.0710116126085012,30.082500457763672,29.65000057220459,29.86625051498413,28.315000534057617,99.98958107267634,31.266994659170347,35.86895930630799,11.523491498866225,145.59900970101575,27.918750762939453,27.846250534057617,100.0,36.0,64.0,29.690127013470963,,0.0,0.0,76.32243822622769,1.0,0.9065850604378208,0.8380860242636349,41.66600286105166,61.39299108721983,91.62479233226837,90.50881067405169,-8.37520766773163,0.8742056902717117,2.479203824353497,1.4051263083483412,1.3282530250997915,0.0768732832485497,-1.3902021486324552,-2.4103783975689472,1.020176248936492,30.010051118345906,0.049233007335502954,0.04922089186685241,54.31815904070649,4.722391185416932,3915799.895381853
2017-01-27,30.53499984741211,30.587499618530273,30.399999618530273,30.487499237060547,28.33698081970215,82251600,0.002498626708984375,1,4236161519.28799,2906261200,0.24276643166992526,9729982.366415348,-0.002564652825289538,0.023333117182623393,6815882.61093802,29.990667169434378,74.58535884116242,1666.6030809914826,29.76212501525879,30.704836682208047,28.81941334830953,6.334975519832252,0.8847275085441377,0.0,0.0,30.099333190917967,30.352083015441895,29.846583366394043,1.6794380322032496,1.267885886515883,1.0,0.0,28.690000534057617,30.610000610351562,29.65000057220459,6.451152514511574,0.9361972039462247,0.28927344837040553,0.20141306621535618,0.42378604604532555,0.3966672179264535,0.027118828118872063,30.07562494277954,29.6327884380634,30.07509154180073,29.651305495755405,1.2731282757455111,0.7092515983813568,0.5638766773641544,0.2024400654570413,23.258889070138984,0.17537498474121094,50.019047020612405,48.9975147601257,1.0215322604867012,30.082500457763672,29.65000057220459,29.86625051498413,28.315000534057617,99.99479053633817,32.702918461902996,34.31155984204273,11.023151376546494,133.75103932859645,28.0,27.846250534057617,96.0,32.0,64.0,29.83730678897186,,0.0,0.0,76.3560157644766,1.0,1.0,0.9154202555910297,43.31399161486767,61.45696222085387,89.11098904079861,92.41271573759717,-10.88901095920139,0.8816909341251176,2.3843475135066097,1.4292323355070846,1.34844888718125,0.0807834483258345,-3.2541161210281437,-2.5791259422607866,-0.6749901787673571,30.12685985932066,0.008196249496328356,0.008195913622133233,54.33080734203961,4.655778168994555,-9741443.141178727
2017-01-30,30.232500076293945,30.407499313354492,30.165000915527344,30.407499313354492,28.262632369995117,121510000,-0.07999992370605469,0,4357671519.287991,2784751200,0.2936619340619695,6951300.495567055,-0.04141082815537531,0.01358705252534124,6497037.478579441,30.043982730568768,66.27187950443822,1666.6030809914826,29.823374938964843,30.766671199016855,28.88007867891283,6.325885396823929,0.8096187269720763,0.0,0.0,30.153083165486656,30.409832700093585,29.896333630879717,1.702973677337318,0.9954559085322887,0.0,0.0,28.690000534057617,30.610000610351562,29.65000057220459,6.437903423818833,0.8945305786716709,0.2925959356866853,0.21327315392692245,0.4189113463482528,0.4011160436108134,0.0177953027374394,30.11479155222575,29.677788440997784,30.12623119896285,29.707319852614596,1.104725991859046,0.8135380507993579,0.29118794105968804,0.2038883934117312,23.387715219548365,-0.01087493896484304,50.621556727689565,49.07887239665311,1.5426843310364546,30.226250648498535,29.65000057220459,29.938125610351562,28.315000534057617,99.99739526816909,32.79858345956917,31.757459977562696,15.626801459615269,96.86096160937828,28.105000019073486,27.846250534057617,92.0,28.000000000000004,64.0,29.96093780039261,,0.0,0.0,72.79646615837692,0.6171385373343022,0.8723795124447671,0.9263215242941959,43.752785895513234,63.400253516131855,80.85095637901648,87.19557925069448,-19.149043620983523,0.8536322705885944,1.569935075923147,1.4101283738370751,1.3607847845124152,0.049343589324659876,-1.7413168042443548,-2.4115641146575,0.6702473104131454,30.18765427615728,-0.2624023803461273,-0.26274725883719263,53.92583962996671,4.541915656452613,43459827.9699212
2017-01-31,30.287500381469727,30.34749984741211,30.155000686645508,30.337499618530273,28.19756507873535,196804000,-0.06999969482421875,0,4534027793.313257,2587947200,0.39262845776133015,3990226.147602399,-0.0034234269901984543,0.012578777773885958,6043984.111769531,30.091912171539015,56.063271448519096,1666.6030809914826,29.892499923706055,30.771558843215267,29.013441004196842,5.881468072277758,0.7531114154854754,0.0,0.0,30.193916511535644,30.41941604614258,29.96841697692871,1.4936752873432726,0.818366747951179,0.0,0.0,28.690000534057617,30.610000610351562,29.65000057220459,6.423016078261496,0.8580724057327745,0.2885862047889152,0.2505513572741448,0.4047341974674339,0.4018396743821375,0.0028945230852963633,30.158541520436604,29.71903844980093,30.15873403274245,29.753999835275017,1.064144249073852,0.8094934447810278,0.25465080429282416,0.20376932622738253,23.506140876664663,-0.13249969482421875,49.89427592300324,49.06309720753125,0.8311787154719923,30.226250648498535,29.65000057220459,29.938125610351562,28.575000762939453,99.99869763408455,32.837449574924214,29.881936944118326,14.937816833966464,82.96096193812727,28.341875076293945,27.846250534057617,88.0,24.0,64.0,30.064787849986043,,0.0,0.0,69.73321412162697,0.28765832632838234,0.6349322878875613,0.8357706001107762,43.29038136704364,65.50959452599336,74.23160514758267,81.39785018913257,-25.768394852417327,0.858735275268554,1.7610050097451522,1.3602681982527909,1.3606814672604903,-0.0004132690076994461,4.671152108303452,-0.9950208700653099,5.6661729783687615,30.202784067620083,-0.23020536513989054,-0.2304707450480059,53.571494088801884,4.497375770358715,100716145.60577205
2017-02-01,31.75749969482422,32.622501373291016,31.752500534057617,32.1875,29.917070388793945,447940000,1.8500003814697266,1,4534026811.270818,3035887200,0.30776347799352066,121804361.10873766,0.37606369655485905,0.03715380447571302,33359655.51830111,30.58849431372142,64.2879529848319,1666.6030809914826,30.049999904632568,31.30726671585213,28.792733093413005,8.3678323807631,1.3500582677808994,1.0,0.0,30.410999933878582,30.70374952952067,30.118250338236493,1.9252875359481953,3.5341631424375013,1.0,0.0,28.9375,32.622501373291016,30.780000686645508,12.262899783646683,0.8819535383503744,0.4882277597860979,0.2505513572741448,0.536592767122869,0.42879029293028387,0.1078024741925851,30.360833168029785,29.838846133305477,30.470851873858997,29.93425910673613,1.0611114860602078,0.7461539188864468,0.314957567173761,0.21455939792227424,24.001791711586137,-0.04999990463256765,54.72384427171404,49.620521639438245,5.103322632275798,31.248750686645508,30.656250953674316,30.952500820159912,29.636250495910645,99.99934881704228,35.54517610655075,55.33647844627375,9.4809711801958,354.3529249922545,28.380624771118164,27.846250534057617,100.0,20.0,80.0,30.152021891644527,,0.0,0.0,86.22770828039876,1.0,0.6349322878875613,0.7140813627399633,50.61589316433322,73.7912525526677,85.83058155464364,80.30438102708092,-14.169418445356355,1.1264046164119925,8.156921211184317,1.7925707304448337,1.447059319897359,0.3455114105474748,22.179307856611363,3.639844875270025,18.539462981341337,30.82996287628582,6.098064786920476,5.919361994543282,62.93638329257878,6.383094406207913,307047879.16492534
2017-02-02,31.9950008392334,32.34749984741211,31.94499969482422,32.13249969482422,29.865955352783203,134841600,-0.05500030517578125,0,4524813983.520682,2901045600,0.30766438509183697,103344262.50029078,-0.012313416092127542,0.038564829810244484,33129245.292269565,30.742090755558653,63.105992530408784,1663.7552774012247,30.20637493133545,31.66646499807188,28.74628486459902,9.66742993858402,1.159591078444226,1.0,0.0,30.631499926249187,30.94649969736735,30.316500155131024,2.0567048422478926,2.882541046374242,1.0,0.0,28.952499389648438,32.622501373291016,30.787500381469727,12.149759750996788,0.8664846284414112,0.4796549990662772,0.22892999150529184,0.6293982572705339,0.4689118857983339,0.16048637147219996,30.538541475931805,29.954326923076923,30.726490000161338,30.097091742890804,1.1295271722982922,0.7861102677343708,0.3434169045639215,0.23130792066208009,24.39195287993816,-0.20887546539306712,59.35722737478132,50.77683454675022,8.580392828031094,31.248750686645508,30.656250953674316,30.952500820159912,29.842500686645508,99.99967440852114,38.05949360020396,51.75030223425261,8.866540441776344,258.5350753634997,28.5625,27.80500030517578,96.0,16.0,80.0,30.155000686645508,,0.0,0.0,84.74899083282841,0.9228585882896743,0.7368389715393521,0.6689011824381583,54.836917042062524,71.60983653668957,84.02603071405387,81.36273913876005,-15.973969285946126,1.3535516065709707,7.108332316080729,2.0912261644655525,1.5758926888109976,0.5153334756545549,18.51704618216835,6.615285136649691,11.90176104551866,31.24005326976776,-0.17087473452669366,-0.17102089192229109,62.65796618018018,5.314248667459161,-154915611.14887434
2017-02-03,32.07749938964844,32.29750061035156,32.040000915527344,32.27000045776367,29.99375343322754,98029200,0.13750076293945312,1,4601904766.798215,2999074800,0.31815330941457887,90506380.68458413,0.005910482312641719,0.03739443802104549,33548729.923666473,30.865745238251893,63.13362884330966,1670.87478637687,30.36224994659424,31.994504391913292,28.729995501275187,10.75186752095191,1.0843912744855564,1.0,0.0,30.85024998982747,31.172999890645343,30.5275000890096,2.092364897686696,2.699459185484564,1.0,0.0,29.11750030517578,32.622501373291016,30.8700008392334,11.543943792967799,0.8994291560324984,0.4574394686420713,0.16522569903726828,0.705905203492275,0.5163105493371222,0.18959465415515286,30.727916558583576,30.067980766296387,30.963953147484773,30.258047943992498,1.1190379805049318,0.8100465911971074,0.3089913893078243,0.2516970850821575,24.565603644924376,-0.41725025177002095,64.24468602721038,52.59767818189828,11.647007845312096,31.248750686645508,30.656250953674316,30.952500820159912,29.842500686645508,99.99983720426057,40.39421698716766,49.53844139794335,8.487575436549056,211.31007582902606,28.676875591278076,27.80500030517578,92.0,12.0,80.0,30.5991508102417,,0.0,0.0,85.42205927056034,0.9541456716757512,0.9590014199884749,0.7769242264717962,58.161915965120734,71.80822785072047,88.50853161254379,86.12171462708044,-11.49146838745621,1.5923385788412645,7.5756347438271305,2.332950244506527,1.7273041999501038,0.6056460445564231,13.587088032080183,8.00964571573579,5.577442316344394,31.56801241884709,0.427918040131825,0.4270050744563658,63.35400896117667,5.252994204910166,-55685719.912933916
2017-02-06,32.282501220703125,32.625,32.224998474121094,32.5724983215332,30.27490997314453,107383600,0.30249786376953125,1,4681099378.131638,3106458400,0.3166321922928543,82217370.53019808,0.09545198768953445,0.044114249776894154,34555340.06135139,31.02600073909544,62.74750759146081,1670.87478637687,30.516999816894533,32.35790934509553,28.676090288693533,12.064813312230324,1.058283411854405,1.0,0.0,31.092166582743328,31.428916613260906,30.75541655222575,2.1661406555339893,2.6979682325709584,1.0,0.0,29.485000610351562,32.625,31.05500030517578,10.289344983087428,0.9832797169834243,0.45169567436575486,0.16522569903726828,0.7819329231006975,0.5694350240898373,0.21249789901086025,30.946874777475994,30.19807683504545,31.211421635799915,30.429488712699218,1.1783410337686933,0.7769661683569155,0.4013748654117778,0.2750646220933896,24.79927649615614,-0.5169998168945327,69.56105377810857,55.05543617259064,14.505617605517934,31.34749984741211,30.65750026702881,31.00250005722046,29.84375,99.9999186021303,42.753670643235246,51.69623218471801,7.921198673295702,186.8981892860503,28.71999979019165,27.80500030517578,100.0,8.0,92.0,30.963353911590577,,0.0,0.0,86.8020294049424,1.0,0.9590014199884749,0.884947270505434,61.30205008718611,73.4183167224737,98.11314675928877,90.2159030286288,-1.886853240711227,1.9192060975467484,8.774415272955,2.5696551476212326,1.8957743894843295,0.6738807581369031,9.945511523137691,8.39681887721617,1.5486926459215216,31.898821744867885,0.9373965276680218,0.9330302315472494,64.88528376898523,5.374989098381114,-5801467.529548079
2017-02-07,32.6349983215332,33.022499084472656,32.61249923706055,32.88249969482422,30.563045501708984,152735200,0.3100013732910156,1,4729528028.2009535,3259193600,0.3119476289004819,77236049.27586663,0.10536203103721145,0.04838668161141487,36008962.72432583,31.213255781122875,64.04795905444286,1670.87478637687,30.67374982833862,32.74530900034995,28.6021906563273,13.507048754094416,1.0331129074968852,1.0,0.0,31.37966651916504,31.7424165725708,31.016916465759277,2.3120070647290865,2.5714444581737315,1.0,0.0,29.552499771118164,33.022499084472656,31.28749942779541,11.312602250373239,0.9596543465845535,0.4515261832231247,0.16521068120854357,0.8573173380638366,0.6270114868846371,0.23030585117919944,31.18708308537801,30.340384483337402,31.4685105679575,30.611193229893665,1.1668038261364675,0.7248766428892163,0.4419271832472512,0.3008212292311354,24.93800547873347,-0.6537493705749498,74.79452797121624,58.00257881227942,16.791949158936823,31.588749885559082,30.856249809265137,31.22249984741211,30.042499542236328,99.99995930106515,45.14763679879548,54.43661476113761,7.3287029947415245,169.5530710917096,28.742499351501465,27.80500030517578,100.0,4.0,96.0,31.29568312927246,,0.0,0.0,88.05042429243254,1.0,0.9847152238919167,0.9675726879562889,64.2605680015698,74.04764913783102,95.59750125207304,94.07305987463519,-4.402498747926957,2.3207279654110167,9.60833231608073,2.800666186467422,2.0767527488809483,0.7239134375864738,9.4028763978086,8.598030381334656,0.8048460164739435,32.24339547274032,0.9517273444330066,0.9472269515232501,66.45454210156065,5.435520191139759,46112518.47045684
2017-02-08,32.837501525878906,33.05500030517578,32.80500030517578,33.0099983215332,30.68155288696289,92016400,0.12749862670898438,1,4788417063.979762,3351210000,0.3164146362105794,67878322.89855777,0.030565514519471444,0.05174715291591252,36365747.17634702,31.360305999826974,68.96595689032218,1677.3534374113974,30.835374736785887,33.09763592134349,28.573113552228286,14.673155126983273,0.9806305301066676,0.0,0.0,31.639833196004236,31.982083257039392,31.29758313496908,2.1634125497120382,2.501701798656838,1.0,0.0,29.552499771118164,33.05500030517578,31.303750038146973,11.358709157762286,0.9871514698698864,0.43137356490081225,0.1577775297442362,0.9167800341050345,0.6849651963287167,0.23181483777631784,31.43624957402547,30.496345960176907,31.705662530046073,30.78888249594104,1.210097579220211,0.7060259797063055,0.5040715995139056,0.32719177430067614,24.95866054707762,-0.842874431610106,79.39766077992432,61.40154220825112,17.9961185716732,31.605000495910645,30.8725004196167,31.238750457763672,30.05875015258789,99.99997965053257,47.38642271309784,52.66172268738166,7.014782318237364,143.7423885780172,28.732499599456787,27.80500030517578,100.0,0.0,100.0,31.6410463203125,,0.0,0.0,88.53093111539754,1.0,1.0,0.9812388812934639,66.6874025930326,74.80899452566233,98.58484341748859,97.43183047628345,-1.415156582511414,2.3577939931084124,9.960019380999936,2.977633352642453,2.2569288696332492,0.7207044830092038,5.514303310505976,7.98128496716892,-2.4669816566629432,32.50393563611979,0.38774006809785266,0.38699029378777006,67.0999530564572,5.304414392411083,-34860755.037760526
2017-02-09,32.912498474121094,33.11249923706055,32.779998779296875,33.10499954223633,30.903257369995117,113399600,0.095001220703125,1,4896701107.755218,3464609600,0.32657611260610675,59720433.974084675,0.00476430356592093,0.051200030050112345,36692105.88507251,31.544359167846288,68.8799400076542,1677.3534374113974,30.993749713897706,33.4199604789729,28.567538948822516,15.656129300078,0.9350920082314432,0.0,0.0,31.88991641998291,32.24441642761231,31.535416412353516,2.223273356760874,2.2137984430224593,1.0,0.0,29.552499771118164,33.11249923706055,31.332499504089355,11.486185114110496,0.9978933438344678,0.4214862541870982,0.1577775297442362,0.960498425713574,0.7400718422056881,0.2204265835078859,31.695624510447185,30.652788235591007,31.920945147306114,30.96044672159254,1.1867297670292019,0.7183156652924464,0.46841410173675546,0.3526898604079389,25.041135199600205,-0.5237504005432143,83.98085535230922,65.17507646732855,18.80577888498067,31.633749961853027,31.024999618530273,31.32937479019165,30.087499618530273,99.99998982526628,49.49462813954801,50.61720452670594,6.609288329398447,122.62445250331332,28.690624713897705,27.80500030517578,100.0,0.0,100.0,31.923837117285156,,0.0,0.0,88.8894331722547,1.0,1.0,0.994905074630639,68.69098208582149,76.70995697418631,99.76834914002859,97.98356460319673,-0.2316508599714148,2.4097424002254684,10.377591749239476,3.102340332330218,2.4260111621726432,0.6763291701575747,3.548970672521326,7.094822108239401,-3.5458514357180753,32.70976664504227,0.2877952909229764,0.28738195313016135,67.58085885248816,5.236443519873127,16964880.856536657
2017-02-10,33.1150016784668,33.23500061035156,33.01250076293945,33.029998779296875,30.833253860473633,80262000,-0.07500076293945312,0,4829063168.447521,3384347600,0.266539370837969,50328984.658494525,0.04920646928092448,0.05366200046938536,36510268.96260506,31.675119032555926,68.88255100727416,1673.553322949397,31.154624652862548,33.671203196554366,28.63804610917073,16.155409167868694,0.8726039330533183,0.0,0.0,32.14999980926514,32.50799980163574,31.79199981689453,2.2270606189393174,1.729048867018908,1.0,0.0,29.55500030517578,33.23500061035156,31.395000457763672,11.812051488919657,0.9442929853113435,0.4015876135095994,0.1689968902175023,0.9778219089819196,0.7876218555609344,0.19020005342098512,31.908957799275715,30.807595913226788,32.091568782997,31.11374687401508,1.223421383402319,0.7114308558032483,0.5119905275990708,0.37519377954329713,25.073247704171678,-0.6696240425109856,88.66732312137063,69.40238384440421,19.264939276966416,31.695000648498535,31.09375,31.394375324249268,30.14875030517578,99.99999491263314,51.51582447192101,50.79475190410695,6.344973115641654,110.27984919403416,28.690624713897705,27.80500030517578,100.0,0.0,100.0,32.16156954124023,,0.0,0.0,86.58828900874673,0.8856473298242451,0.961882443274748,0.9872941477582494,69.53999937724485,71.61782654127822,93.89875613643898,97.41731623131871,-6.101243863561019,2.487470307069664,8.401705033253407,3.1427327378514995,2.5693554773084144,0.5733772605430851,-0.09605004996645758,5.656647676598229,-5.752697726564687,32.80946772077964,-0.22655418811822203,-0.22681121038883312,67.20119739827337,5.0359447423387,-21608589.02706383
2017-02-13,33.27000045776367,33.45500183105469,33.1875,33.3224983215332,31.10629653930664,92141600,0.2924995422363281,1,4829922511.987536,3476489200,0.2854851277025957,46989326.25312714,0.057337481506302246,0.059171186730458535,37326235.56317957,31.834043953115525,73.49875779490213,1673.553322949397,31.332749557495116,33.93220977681737,28.733289338172863,16.592608411542596,0.8827234495161581,0.0,0.0,32.44949982961019,32.81000016530355,32.08899949391683,2.221916131751298,1.710815088762613,1.0,0.0,29.55500030517578,33.45500183105469,31.505001068115234,12.44704528315481,0.9660247544411862,0.40392915733442064,0.16721406436671446,1.0035844658066608,0.8308143776100798,0.17277008819658102,32.145415941874184,30.967980458186222,32.28094255815642,31.277358092349758,1.2270286595729702,0.6385909814893841,0.5884376780835862,0.3957880158028164,25.01266136187791,-0.8452503204345696,94.91901646889254,74.40513279394747,20.513883674945063,32.60375118255615,31.286251068115234,31.945001125335693,30.258750915527344,99.99999745631658,53.5026732594705,50.86847341270744,5.862680405570087,107.72426152040083,28.690624713897705,27.80500030517578,100.0,0.0,100.0,32.3762557550625,,0.0,0.0,87.90350596455417,0.94853226489555,0.9447265315732647,0.9688696582826709,70.68438188279134,73.56028337959995,96.0855708744385,96.58422538363534,-3.9144291255614982,2.5401765037985413,9.307848628410827,3.208661239365134,2.697216629719758,0.511444609645376,-2.337152737583351,4.057887593761913,-6.395040331345264,32.99048870019302,0.885557229931444,0.8816591680369079,68.68185969036573,5.3084437183056465,9155686.667477325
2017-02-14,33.36750030517578,33.772499084472656,33.3125,33.755001068115234,31.510028839111328,132904800,0.43250274658203125,1,4952716116.366154,3609394000,0.292864431095582,48488235.50752835,0.07657674194383143,0.05592061715336823,39051247.009779006,32.0526965373146,73.72517957002664,1673.553322949397,31.520499610900877,34.247110932883345,28.793888288918414,17.300559037075093,0.9097579730560373,0.0,0.0,32.782833162943525,33.17008349100749,32.39558283487956,2.3625189814387157,1.7552189562136828,1.0,0.0,29.842500686645508,33.772499084472656,31.807499885559082,12.468071402231262,0.995547576719854,0.4095361500482442,0.16721406436671446,1.0468335887920546,0.8740182198464748,0.1728153689455798,32.417707761128746,31.13249969482422,32.507720790457775,31.46088720166572,1.2307389667744961,0.6608596074187321,0.5698793593557641,0.4161320621179937,25.01440385894412,-1.1130002975463853,102.92151294393936,79.76042931308362,23.161083630855742,32.85874938964844,31.62874984741211,32.24374961853027,30.417499542236328,99.99999872815829,55.49125562871203,52.345901023568096,5.385526300473844,109.43875157463027,28.708125591278076,27.80500030517578,100.0,0.0,100.0,32.59200497026094,,0.0,0.0,89.53732616738299,1.0,0.9447265315732647,0.9504451688070925,72.23717229156559,75.30116290010412,99.51629511797623,96.50020737628456,-0.4837048820237782,2.5519780383390547,10.717513449193362,3.327412803338328,2.823255864443472,0.5041569388948561,-1.4520785724579837,2.955894360517934,-4.407972932975918,33.288261344964035,1.2979301323950976,1.2895792011343499,70.87123237517142,5.546110273595108,48885112.53296968
2017-02-15,33.880001068115234,34.067501068115234,33.654998779296875,33.877498626708984,31.62438201904297,142492400,0.12249755859375,1,4963941831.9587,3751886400,0.30227998012496543,44054912.02333345,0.09227528058899097,0.05955726178119266,39568354.71429193,32.26437102495884,74.3835923604255,1673.553322949397,31.71449956893921,34.53071127086837,28.898287867010048,17.759773858688447,0.8840263600012874,0.0,0.0,32.950749715169266,33.29225018819174,32.60924924214682,2.072793341422799,1.8568779324630043,1.0,0.0,29.842500686645508,34.067501068115234,31.95500087738037,13.321983442575394,0.9550290120115551,0.4098327639252557,0.16721406436671446,1.0785603868161004,0.9149266532403999,0.16363373357570055,32.70687437057495,31.291345816392166,32.71845584218873,31.63989545537263,1.225599919353014,0.6396397118817697,0.5859602074712443,0.43526391501800277,25.082218157968537,-1.376999950408937,106.54940534442532,85.00400464304407,21.545400701381254,33.05375099182129,31.8100004196167,32.431875705718994,30.565000534057617,99.99999936407914,57.456037788275566,53.742795446237956,4.9930759716370945,110.34857044910324,28.866875171661377,27.93875026702881,100.0,8.0,92.0,32.82810379310328,,0.0,0.0,89.95130456260681,1.0,0.9828440882985164,0.9574323838150153,73.60527678666291,72.11856795452456,95.14370804138105,96.9151913445986,-4.856291958618948,2.6036691441255435,11.411656307529778,3.408862043610055,2.9403771002767884,0.46848494333326673,-0.1395260268422568,2.336810283045896,-2.476336309888153,33.49086509469293,0.3629019544290957,0.36224505407624896,71.49132741701798,5.38100738427331,39812948.57064791
2017-02-16,33.91749954223633,33.974998474121094,33.709999084472656,33.837501525878906,31.587045669555664,90338400,-0.039997100830078125,0,4960534700.50249,3661548000,0.2969651947730717,37245171.14948183,-0.005500475792843717,0.05934756014065307,39461697.66344404,32.40828107057181,73.75428091630786,1671.577460394133,31.909124660491944,34.747211013295605,29.071038307688283,17.788556615077674,0.8397318872066695,0.0,0.0,33.120666376749675,33.44841677347819,32.792915980021164,1.979129242149499,1.593568697832886,1.0,0.0,29.875,34.067501068115234,31.971250534057617,13.13887833879113,0.9451402543494817,0.3953494264975739,0.1701651916495522,1.0879356263776536,0.9495284478678506,0.138407178509803,32.99854119618734,31.447499715364895,32.8906167166026,31.802681090224947,1.2311682193912172,0.654174662898494,0.5769935564927232,0.4515084362787528,25.088524490987524,0.27837533950805593,110.1568090514728,90.10535164573989,20.05145740573292,33.146249771118164,31.8100004196167,32.47812509536743,30.565000534057617,99.99999968203957,59.28047836501313,51.16339316359904,4.753431728130744,100.57974722879311,28.866875171661377,27.93875026702881,96.0,4.0,92.0,33.07598324810567,,0.0,0.0,88.71698523819873,0.9389497574950872,0.9796499191650287,0.96907351301227,74.30899727137846,70.65564438431097,94.12141802399188,96.26047372778304,-5.878581976008116,2.648654404808493,11.536883234802966,3.4208927960858233,3.0364802394385957,0.3844125566472276,-2.4578788974333117,1.3778724469500543,-3.835751344383366,33.613622023593834,-0.11806391395894344,-0.11813366430324379,71.2888580437693,5.191150667295691,-21970849.63263017
2017-02-17,33.775001525878906,33.95750045776367,33.775001525878906,33.93000030517578,31.673381805419922,88792800,0.092498779296875,1,5022567721.434327,3750340800,0.33827602078794045,33097750.35817751,0.004881874899322377,0.0626541817874172,39704423.196949236,32.60333951031356,79.21512068219258,1676.146913445162,32.10562467575073,34.931951161204786,29.27929819029668,17.606425752486718,0.8227467949676663,0.0,0.0,33.289166386922204,33.60941670735677,32.96891606648764,1.9240513067361111,1.500520338877397,1.0,0.0,29.875,34.067501068115234,31.971250534057617,13.058462840879766,0.9672031656747395,0.374064377036293,0.15504185726913725,1.0902615927429835,0.9776750768428772,0.11258651590010627,33.14374955495199,31.601057419410118,33.0505218840754,31.960260291332418,1.2936713083836828,0.6343311478225021,0.6593401605611807,0.46471121340101823,25.044321092159706,0.026875019073486328,114.05126129888592,95.04870803693737,19.00255326194855,33.34000015258789,31.8100004196167,32.575000286102295,30.565000534057617,99.99999984101979,60.97460175769801,49.404789329652466,4.590045315607943,96.81629797732018,28.929375171661377,28.00125026702881,92.0,0.0,92.0,33.27428681210758,,0.0,0.0,89.08984303814736,0.9573915485750645,0.9654471020233836,0.9759803698289763,74.99460831241808,70.67318094343538,96.48560384579947,95.25024330372412,-3.5143961542005298,2.6595809151144607,5.413593181128641,3.411303859245042,3.1114449633998853,0.2998588958451567,-4.436578103919868,0.21498233677606993,-4.651560440695938,33.72502261991474,0.273361729222632,0.27298877556805046,71.75709622808344,5.245562545539592,1806633.7270533144
2017-02-21,34.057498931884766,34.1875,33.994998931884766,34.17499923706055,31.902095794677734,98028800,0.24499893188476562,1,5107864802.051809,3848369600,0.3835107774796849,31800493.349001482,0.044183389567768315,0.06605466868441483,40412261.425004944,32.927090423734505,88.00461006546793,1676.146913445162,32.31337461471558,35.10657668278867,29.520172546642485,17.28821023107294,0.8332420242029289,0.0,0.0,33.45366643269857,33.753166707356776,33.15416615804037,1.790537818990529,1.7042272835729035,1.0,0.0,29.875,34.1875,32.03125,13.34586700219196,0.997101272361866,0.3624079088150856,0.08214276023779665,1.0992033718662526,1.0019807358475523,0.09722263601870029,33.313957850138344,31.768845851604755,33.22351839991927,32.12431502805302,1.3275266024673456,0.6012872604261306,0.726239342041215,0.47585508631605106,25.007410948455654,-0.04337415695190572,118.04193421955364,99.85397539786375,18.18795882168989,33.48374938964844,31.87125015258789,32.677499771118164,30.738750457763672,99.9999999205099,62.64429589674874,51.38604923308885,4.3622123543958145,102.49469782243091,28.986250400543213,28.00125026702881,100.0,4.0,96.0,33.43292966330911,,0.0,0.0,90.0296553306647,1.0,0.9654471020233836,0.970181374403932,75.86688214947813,70.26817399513261,99.4866215326,96.69788113413044,-0.5133784673999974,2.6661541602190795,6.35649128338847,3.4217176954788218,3.173499509815673,0.2482181856631489,-5.364261511443289,-0.9008664328678021,-4.463395078575488,33.88223933716657,0.7220717055148151,0.7194772495108026,72.9973056221603,5.409570194554817,16561561.534941941
2017-02-22,34.10749816894531,34.279998779296875,34.02750015258789,34.27750015258789,31.997779846191406,83347600,0.10250091552734375,1,5189562852.173427,3931717200,0.39614655286760386,28478023.628716536,0.01893415547575638,0.04054541575019321,40662245.49223917,33.21710501467753,85.23205636033241,1681.174173050779,32.52762460708618,35.23181244629642,29.823436767875936,16.627023164926303,0.8235491854761022,0.0,0.0,33.589249801635745,33.87299995422363,33.30549964904785,1.68952956236653,1.7127752966387766,1.0,0.0,30.06999969482422,34.279998779296875,32.17499923706055,12.942842077547533,0.9994065018402973,0.35141698060447546,0.08214276023779665,1.1018592163283571,1.0219564319437133,0.07990278438464382,33.481249491373696,31.942595848670372,33.38566943879137,32.28381022246301,1.4403714026472476,0.5962801304508601,0.8440912721963875,0.48474444727481514,24.852025612312218,0.044873714447021484,122.09044463781763,104.5976180487408,17.492826589076827,33.529998779296875,31.917499542236328,32.7237491607666,30.78499984741211,99.99999996025494,64.2319467124535,50.65128227077118,4.144949343373972,100.00864688745598,28.986250400543213,28.00125026702881,100.0,0.0,100.0,33.58384373064729,,0.0,0.0,90.40216011900554,1.0,0.9857971828583545,0.9722304623017073,76.69648673333721,75.21169022868544,99.89299239020693,98.62173925620213,-0.10700760979307505,2.633477704665239,6.220947215206019,3.4130395660723027,3.221407521066999,0.19163204500530373,-7.118597677523929,-2.1444126817990274,-4.974184995724901,34.01586640951164,0.29992953274506906,0.299480641469696,73.51617563257437,5.3460975446517836,-669536.5807321519
2017-02-23,34.345001220703125,34.369998931884766,34.07500076293945,34.13249969482422,31.8624210357666,83152800,-0.14500045776367188,0,5138825149.530277,3848564400,0.34481497159977176,22687278.243995454,0.024390323173556484,0.04316711141202778,40310493.059574656,33.37251171763853,87.8488661464949,1674.062481019923,32.71074962615967,35.32739886112743,30.094100391191905,15.998711523719752,0.7716737974782603,0.0,0.0,33.712833150227866,34.00108311971029,33.424583180745444,1.7100311219644477,1.2279559219900376,1.0,0.0,30.155000686645508,34.369998931884766,32.26249980926514,12.885666924210168,0.9436537755789586,0.34577509943855916,0.13207445329404016,1.079816217879305,1.0335283891308318,0.04628782874847315,33.61124960581461,32.10153814462515,33.50056640125796,32.42075018337866,1.4184873202498167,0.5047614244267057,0.913725895823111,0.489767394813733,24.804141441275537,0.17175006866455078,122.10763047418935,108.83392639561636,13.27370407857299,33.69124984741211,32.10624980926514,32.89874982833862,31.00999927520752,99.99999998012747,65.7426251119761,49.46348460210015,3.9005236322025674,93.51982317632405,29.17687463760376,28.039999961853027,100.0,4.0,96.0,33.72307474037721,,0.0,0.0,85.5337674310592,0.02243090328858292,0.6741436344295274,0.8751293064370885,75.98065428244169,71.0647476304906,89.80689101908169,96.3955016472962,-10.19310898091831,2.553080642924588,4.78932060381663,3.330633041405997,3.2432526251347986,0.08738041627119841,-8.510820864607958,-3.4176943183608133,-5.093126546247144,34.04229632033244,-0.42301934831360244,-0.423916606436503,72.78216863719477,5.094818225756683,7072166.063264817
2017-02-24,33.977500915527344,34.165000915527344,33.81999969482422,34.165000915527344,31.89275550842285,87106400,0.032501220703125,1,5225931549.530277,3935670800,0.38974243440874223,19850676.25643249,-0.09109562883174274,0.03623810347314318,40393436.42312456,33.49280018019889,81.66870862374273,1674.062481019923,32.89474964141846,35.37337967081932,30.416119612017596,15.0700647150083,0.7562405964265538,0.0,0.0,33.81791661580404,34.10741666158041,33.52841657002767,1.7121104712942405,1.0994546543032628,1.0,0.0,30.155000686645508,34.369998931884766,32.26249980926514,12.813589679770862,0.9513646259309925,0.3456977115650158,0.15854864488989934,1.052833154445345,1.0373893421937344,0.015443812251610733,33.71812470753988,32.26182666191688,33.602787095760945,32.5499539413156,1.3335158238566815,0.5483510458132258,0.7851647780434557,0.4911586212529566,24.865547924170276,0.1152486801147461,122.21755396013899,112.56172982214618,9.65582413799281,33.77874946594238,32.10624980926514,32.94249963760376,31.2237491607666,99.99999999006374,65.91030199986993,46.04380908230378,8.740867302301577,80.64212363892707,29.31999969482422,28.072500228881836,96.0,0.0,96.0,,34.369998931884766,0.0,1.0,85.7194059311736,0.038131373538132216,0.35352075894223806,0.6711538587433733,75.44213637417536,71.18063444758144,90.44298495995902,93.38095612308253,-9.557015040040975,2.4387059323927964,3.9002546418482704,3.2345150360074264,3.241505107309324,-0.006990071301897771,-9.271075666191829,-4.588370587927017,-4.682705078264812,34.06922805889764,0.09522074560526228,0.0951754394116211,72.94669310644404,5.166032199340439,13180518.218628347
2017-02-27,34.28499984741211,34.36000061035156,34.06999969482422,34.23249816894531,31.955772399902344,81029600,0.06749725341796875,1,5235709844.634326,4016700400,0.3959772735271368,17796190.426307365,0.07963159074487101,0.03510807511995293,40553520.58232243,33.61156373685905,81.39393109436936,1677.3698018597,33.08199958801269,35.36285468542095,30.801144490604432,13.789100573199505,0.7522077317055206,0.0,0.0,33.93074989318848,34.227000045776364,33.63449974060059,1.7462045697219284,1.0092795279950397,1.0,0.0,30.155000686645508,34.369998931884766,32.26249980926514,12.741062504476206,0.9673782158522232,0.3401280319612486,0.1623848511465006,1.0250788753387496,1.0349272488227375,-0.009848373483987816,33.81999969482422,32.42673044938307,33.699665722404696,32.674586847065946,1.3564188260361536,0.5670037459619218,0.7894150800742318,0.4894598396937942,24.969194213248645,0.022999954223635655,122.57909087515588,115.6350714228421,6.944019452313782,33.84124946594238,32.12249946594238,32.98187446594238,31.246249198913574,99.99999999503187,66.22859272692595,47.292284224662865,8.226047967173617,87.87214291234558,29.37249994277954,28.072500228881836,92.0,8.0,84.0,33.81999969482422,,1.0,0.0,86.11782599728735,0.1199694855499686,0.06017725412556094,0.3626138824991089,75.09262377099617,71.10425977934769,92.17634214421837,90.80873937441969,-7.823657855781628,2.3647425427156357,3.703422931150662,3.1372359201866935,3.220651269884798,-0.08341534969810471,-10.284878712085344,-5.727672212758683,-4.557206499326662,34.11422690786312,0.19756256873768585,0.19736767054987503,73.28837103589201,5.207175371757245,5774556.555241168
2017-02-28,34.27000045776367,34.36000061035156,34.17499923706055,34.247501373291016,31.96978187561035,93931600,0.015003204345703125,1,5215401932.268613,4110632000,0.3435486176275734,15455202.506737579,0.01034000246384002,0.028320787364712115,40594688.33415765,33.7432536276,80.6645743820261,1677.3698018597,33.27399969100952,35.24781132225451,31.30018805976453,11.863987795722114,0.7466045054328343,0.0,0.0,34.02466659545898,34.312666702270505,33.73666648864746,1.692890103734099,0.8868657902579605,0.0,0.0,30.155000686645508,34.369998931884766,32.26249980926514,12.667543079824368,0.9709376964196585,0.3246153660942253,0.1640607585324565,0.9928490960396346,1.026511618266117,-0.03366252222648236,33.915208180745445,32.590095886817345,33.78394813023336,32.79109903419373,1.3209578857729714,0.6443105773482986,0.6766473084246728,0.4848477598540767,24.996627777120473,-0.24400091171264648,121.93084914954481,117.74721989013159,4.183629259413223,34.01249885559082,32.12249946594238,33.0674991607666,31.403749465942383,99.99999999751594,66.52414840204939,45.45310462322823,7.906139976479467,85.73675514025449,29.54312515258789,28.072500228881836,88.0,4.0,84.0,33.81999969482422,,0.0,0.0,86.20992273257598,0.13888676301541283,0.09899587403450427,0.17089796236743449,74.82397880559748,70.84451732474291,92.29575177119496,91.63835962512411,-7.7042482288050405,2.2648088230806245,3.4511458899041827,3.027800608342882,3.1820811375764153,-0.15428052923353341,-9.982255024164695,-6.5785887750398855,-3.40366624912481,34.146833114408714,0.04382737208268317,0.043817770695220304,73.36431877504195,5.172952307146623,22125882.653913975
2017-03-01,34.47249984741211,35.037498474121094,34.400001525878906,34.9474983215332,32.62321853637695,145658400,0.6999969482421875,1,5319932988.014322,4256290400,0.3213635878042875,27813092.932323616,0.19749670910256079,0.04024444412064707,43571852.54752583,33.9029426077807,81.48643860303747,1677.3698018597,33.50449962615967,35.09161161759563,31.917387634723713,9.474022947035882,0.9545988887866569,0.0,0.0,34.1428332010905,34.44858309427897,33.83708330790202,1.7910048143205122,1.8158878193731345,1.0,0.0,31.752500534057617,35.037498474121094,33.394999504089355,9.804647067460197,0.9726026760960004,0.3711535395678106,0.1640607585324565,1.0121235372344017,1.023634002059774,-0.011510464825372324,34.07499980926514,32.779615035423866,33.9629558519718,32.9508323147374,1.258748924967375,0.5328739515650776,0.7258749734022973,0.48183657954472825,25.2794031725818,-0.18200130462646769,121.61143803652752,119.42077907814294,2.1906589583845744,34.373748779296875,32.45624923706055,33.41499900817871,31.863749504089355,99.99999999875797,67.27117022311704,51.56798428986882,6.7067013124466985,127.77653244959032,29.661874771118164,28.111249923706055,100.0,0.0,100.0,33.830799713134766,,0.0,0.0,89.65747069788755,0.8470358763454365,0.3686307083036057,0.17593461215455708,75.61509651465434,74.42749181275842,96.01328173845452,93.49512521795594,-3.9867182615454806,2.2304927545435334,5.8053273178993035,3.071617516567936,3.1599884133747196,-0.08837089680678378,-5.613217969921623,-6.385514614016234,0.7722966440946113,34.36674252636719,2.0439358206379987,2.0233277892486967,76.90777418669008,5.850455738595251,68020145.74258316
2017-03-02,35.0,35.06999969482422,34.689998626708984,34.7400016784668,32.429527282714844,104844000,-0.20749664306640625,0,5242681120.765414,4151446400,0.3370633112465479,20731968.506898202,0.058443834004801166,0.044078696294852796,42949353.68235671,34.04541366378474,81.45157088266346,1667.4106168025996,33.632124710083005,35.18524005878189,32.07900936138412,9.235903839481542,0.8566628097880522,0.0,0.0,34.23949991861979,34.541999689737956,33.93700014750163,1.7669637222339312,1.3272762620562382,1.0,0.0,31.94499969482422,35.06999969482422,33.50749969482422,9.291711501840133,0.894400634765625,0.372038292422553,0.22824612185848733,0.9991379850229123,1.0187347986524018,-0.019596813629489507,34.193125089009605,32.962211242088905,34.08250136374026,33.08336337871735,1.3223096276135178,0.5427818730420895,0.7795277545714283,0.47769869651097857,25.397712986066523,0.1228763580322294,119.31525198756026,120.43838384881934,-1.1231318612590826,34.42250061035156,32.56999969482422,33.49625015258789,31.880000114440918,99.99999999937899,67.98358081939774,48.433815682569055,6.21803676323729,122.5918513119886,29.661874771118164,28.111249923706055,100.0,0.0,100.0,33.87906766357422,,0.0,0.0,83.03098281893602,0.0,0.3286408797869495,0.2654224873750199,74.16213609505515,65.87658137915305,83.96120594555408,90.75674648506784,-16.03879405444591,2.2130588138804654,4.253892800161369,3.0200616956184736,3.1320030698234707,-0.11194137420499706,-5.257556819529618,-6.159923055118911,0.9023662355892936,34.420572242513494,-0.5937381873727832,-0.5955078206844711,75.85740517491249,5.248344818176687,-1950374.2170824707
2017-03-03,34.69499969482422,34.95750045776367,34.647499084472656,34.94499969482422,32.62089538574219,84432400,0.20499801635742188,1,5320304070.822635,4235878800,0.3876605204052575,20242897.93681223,-0.028454618393212967,0.03853147574670013,43447582.63111996,34.14796708106672,81.56204200382534,1677.2498756506989,33.772749710083005,35.265404670781514,32.280094749384496,8.839404392665548,0.8926727929784398,0.0,0.0,34.34041659037272,34.647416559855145,34.0334166208903,1.7879804612998755,1.4846631344471712,1.0,0.0,32.040000915527344,35.06999969482422,33.55500030517578,8.971726629627245,0.9587458579673069,0.36583460050939925,0.22007667616210383,0.9939310495806168,1.013774048838045,-0.01984299925742805,34.29229164123535,33.134326641376205,34.21519341467626,33.22126236509564,1.2597933457553452,0.5994845048643266,0.6603088408910186,0.473245818985575,25.51113126593013,0.1047489166259794,117.75530095892447,120.84994381104583,-3.0946428521213676,34.44499969482422,32.61250019073486,33.52874994277954,31.880000114440918,99.99999999968949,68.44502271351237,45.519965133797605,6.668732494887533,117.61794044270006,29.823124885559082,28.272500038146973,96.0,12.0,84.0,33.95052358544922,,0.0,0.0,84.26807499296254,0.16782830254467593,0.3382880596300372,0.34518654924019754,73.32616266277651,67.65232548718694,93.35989268185926,91.11146012195594,-6.640107318140737,2.22465430988985,3.525399463942099,2.991852141732289,3.1039728842052345,-0.11212074247294535,-6.47975057000711,-6.223888558096552,-0.25586201191055835,34.518647816748995,0.5900921314131224,0.5883579067996969,76.89512588535696,5.474087549109804,-6839950.894547969
2017-03-06,34.842498779296875,34.942501068115234,34.650001525878906,34.834999084472656,32.5181999206543,87000000,-0.1100006103515625,0,5343354072.7788925,4148878800,0.36327774974281074,15983904.931469636,-0.002100776804707431,0.03428588586734229,43173722.188019045,34.243231039984835,75.24274506861452,1677.2498756506989,33.90099964141846,35.292491767072285,32.50950751576463,8.209151000690698,0.8356107540369068,0.0,0.0,34.432583236694335,34.750583267211915,34.11458320617676,1.8470878489226399,1.1327292596848897,1.0,0.0,32.224998474121094,35.06999969482422,33.647499084472656,8.392086518968757,0.9173987664253151,0.35875095735299056,0.23629551506966143,0.9697497147236476,1.0049691820151654,-0.035219467291517814,34.37208334604899,33.301634274996246,34.31054813310647,33.340798418382825,1.2632425429497163,0.6710807802999873,0.592161762649729,0.4671036120116727,25.62373236030905,-0.0634981155395522,115.5865533094496,120.57712370992317,-4.9905704004735725,34.44499969482422,32.61250019073486,33.52874994277954,31.880000114440918,99.99999999984475,68.8735044723331,42.87647297039322,6.281457547767981,109.95647845567066,29.86625051498413,28.315000534057617,92.0,8.0,84.0,34.01769215201172,,0.0,0.0,80.86150505013995,0.0,0.05594276751489168,0.24095723564395954,71.59186101643121,70.31573567902288,86.62869694693934,87.98326519145088,-13.371303053060657,2.194066266452566,2.8263611440567797,2.9085977562821808,3.064897858620624,-0.15630010233844338,-7.209534672353225,-6.421017780947887,-0.7885168914053384,34.560172835999,-0.3147821185067956,-0.31527859958031534,76.33829166055976,5.230805493125285,8603369.093989879
2017-03-07,34.76499938964844,34.994998931884766,34.6974983215332,34.880001068115234,32.560203552246094,69785200,0.045001983642578125,1,5359188802.47064,4218664000,0.3384693143351314,14149128.859673124,0.02131431321432445,0.03033856952952036,43263874.98007966,34.33770036499921,74.14784327733749,1679.4166496840644,34.01637477874756,35.32851434975714,32.70423520773798,7.714752553992718,0.8290908636735896,0.0,0.0,34.50641657511393,34.834916559855145,34.177916590372725,1.9039936182659127,1.0686217813611263,1.0,0.0,32.61249923706055,35.06999969482422,33.84124946594238,7.224463140907791,0.9226862293723097,0.35262592265284776,0.24186783058881225,0.9433428474798546,0.9926439151081032,-0.049301067628248596,34.458958307902016,33.47057665311373,34.39815627695397,33.454813429474115,1.2556228609022524,0.7174988972320734,0.538123963670179,0.45940890463271816,25.70265994383841,-0.08637447357178019,112.26473043065334,119.48537768690491,-7.220647256251567,34.44499969482422,32.61250019073486,33.52874994277954,31.880000114440918,99.99999999992238,69.31179470805851,41.379592121651854,5.908784906334414,108.2704910072053,29.86625051498413,28.315000534057617,88.0,4.0,84.0,34.08083060458047,,0.0,0.0,81.19640597669536,0.03510250859485549,0.06764360371317685,0.1539581436193687,70.28060323007415,66.33819074047271,86.57254390268889,88.8537111771625,-13.427456097311111,2.161617514666389,3.080899875066204,2.819752229282372,3.015868732752974,-0.19611650347060205,-9.136569973972124,-6.964128219552735,-2.1724417544193892,34.593945668617735,0.12918611977985606,0.12910274630901775,76.56609625724211,5.2962945062401126,-7076091.5753700435
2017-03-08,34.73749923706055,34.95000076293945,34.70500183105469,34.75,32.43885040283203,74828800,-0.13000106811523438,0,5311847134.422373,4143835200,0.30242588509326573,10738135.604608214,-0.0061381122710914456,0.02330904146808591,42984980.95405069,34.417743403532725,66.88917164307287,1679.4166496840644,34.10974979400635,35.349645487915296,32.8698541000974,7.270036874482258,0.7581871237794092,0.0,0.0,34.56708335876465,34.894833374023435,34.23933334350586,1.8963128121463775,0.7790490201669762,0.0,0.0,32.779998779296875,35.06999969482422,33.92499923706055,6.713625662331111,0.8602621978644367,0.34186322357603954,0.28515297184649296,0.9015329050605132,0.9744217130985853,-0.07288880803807207,34.52729161580404,33.637595910292404,34.45228608049951,33.550753175439,1.1890675358508043,0.7841687297045301,0.40489880614627416,0.4492797018422874,25.76162464606209,0.06524944305419922,107.19744884170134,117.82869083885069,-10.631241997149345,34.44499969482422,32.61250019073486,33.52874994277954,31.880000114440918,49.99999999996119,69.71877849837497,39.31114786662206,5.61342210629079,95.03805882365108,29.938125610351562,28.315000534057617,84.0,0.0,84.0,34.140180749995096,,0.0,0.0,77.00438021060017,0.0,0.011700836198284867,0.045095735808784565,67.94913996575352,63.811651753322174,76.4706212343906,83.22395402800628,-23.529378765609398,2.0421544972587995,2.4167394266104196,2.6870720318746377,2.950109392577307,-0.26303736070266925,-10.223367969935556,-7.615976169629299,-2.6073918003062566,34.60264980547486,-0.3727094728620095,-0.3734057652546863,75.90801769062874,5.132563998097179,8328638.654159278
2017-03-09,34.685001373291016,34.6974983215332,34.26250076293945,34.66999816894531,32.36417770385742,88623600,-0.0800018310546875,0,5389265326.600007,4055211600,0.31259976720276295,8191251.907570155,-0.17056677332896306,0.011518591644077382,42780950.730319515,34.46752240748542,66.88271419876224,1679.4166496840644,34.19274978637695,35.346296631946224,33.03920294080768,6.747318380511584,0.7068612923703332,0.0,0.0,34.6021666208903,34.94391657511393,34.26041666666667,1.975309569299085,0.5992414881358322,0.0,0.0,32.779998779296875,35.06999969482422,33.92499923706055,6.697328906959464,0.8253269144275458,0.3564268249244903,0.35405258660581795,0.8521200359576895,0.9499613776704062,-0.09784134171271675,34.568541526794434,33.80423046992375,34.48578024795271,33.63366021199502,1.063958787169041,0.8178859650428653,0.24607282212617576,0.43657726798382573,25.508476022555556,0.08475036621094034,103.40774005659736,115.73871151623494,-12.330971459637581,34.56999969482422,33.41125011444092,33.99062490463257,31.880000114440918,24.999999999980595,67.87257962285226,35.507722762864184,13.852436523412411,55.59546833914866,29.938125610351562,28.575000762939453,80.0,0.0,80.0,34.19596988668484,,0.0,0.0,74.4567924708412,0.0,0.011700836198284867,0.03034842536991562,65.27249492375792,67.82972156388554,69.11180760937445,77.38499091548464,-30.88819239062555,1.8284045836504745,1.4484241197816086,2.5335334619744763,2.866794206456741,-0.33326074448226484,-9.828635759641193,-8.058508087631678,-1.7701276720095152,34.607478133975015,-0.2302210965602569,-0.230486512767758,75.50304032336396,5.10835465479466,21980612.248559847
2017-03-10,34.8125,34.84000015258789,34.65999984741211,34.78499984741211,32.47152328491211,78451200,0.11500167846679688,1,5419773941.867248,4133662800,0.27717572471202084,8309933.017593616,0.061949549267648646,0.01559485409895783,43041176.29000285,34.52670071629195,66.66817606509204,1684.987337418676,34.276749801635745,35.34256321068187,33.21093639258962,6.218870897702555,0.738432938384232,0.0,0.0,34.673333231608076,34.99858309427898,34.34808336893718,1.8760807361572103,0.6716628177596171,0.0,0.0,33.01250076293945,35.06999969482422,34.041250228881836,6.002608017947426,0.8614823837837737,0.3387841729496194,0.3752285592650308,0.8128694030516002,0.9225429827466451,-0.10967357969504499,34.610833168029785,33.90413431020883,34.531814032484924,33.718944629433324,1.1361185883458849,0.7830801095257443,0.3530384788201406,0.4225311616200096,25.222320317454727,-0.14425010681152628,99.7834447862932,113.20586195080575,-13.422417164512552,34.62249946594238,33.50749969482422,34.0649995803833,31.880000114440918,12.499999999990298,66.39125528972399,37.12517106006491,13.339250800053874,79.9715892478303,30.952500820159912,29.636250495910645,76.0,0.0,76.0,34.2484116751732,,0.0,0.0,75.70126774263349,0.07804619493584158,0.026015398311946897,0.016472356902838967,63.32518133761877,63.2384549366216,77.20001220703125,74.26081368359876,-22.79998779296875,1.6788605129017569,1.4805621546643137,2.410720181147203,2.775579401394834,-0.36485922024763084,-10.299046969750103,-8.506615864055362,-1.7924311056947406,34.62214135214308,0.3317037338923301,0.3311548105880746,76.08519046121114,5.272439596803931,4966002.8196159005
2017-03-13,34.712501525878906,34.85749816894531,34.70500183105469,34.79999923706055,32.48552322387695,69686800,0.0149993896484375,1,5436909754.4548,4203349600,0.3239123794146483,7272122.510302062,0.006838469493622941,0.012927359807947446,43071225.43391942,34.57388425606144,65.94784113301974,1685.713908691854,34.36524982452393,35.28639562117694,33.444104027870914,5.360914303586185,0.7359829541188165,0.0,0.0,34.72999992370606,35.041499328613284,34.41850051879884,1.793834757221522,0.6123586630532006,0.0,0.0,33.1875,35.06999969482422,34.12874984741211,5.477916512862998,0.8565734387601674,0.32015538944371996,0.39181668978686934,0.7740505462105105,0.8928444954394184,-0.11879394922890785,34.66645812988281,34.00673044644869,34.57307329472733,33.79902274851682,1.1148746313371274,0.8229749262674255,0.29189970506970186,0.4074418749517493,24.979224043461965,-0.20024890899658487,96.20611086336494,110.34755769678578,-14.141446833420844,34.666250228881836,33.55500030517578,34.11062526702881,31.880000114440918,6.249999999995149,65.04453944103173,36.28651608614776,12.903122689025635,74.95463181642864,30.952500820159912,29.842500686645508,72.0,0.0,72.0,34.26250076293945,,0.0,0.0,75.86642081858999,0.08840362786561846,0.05548327426715305,0.03106650292579503,61.75585123058555,67.9156012889718,78.39996337890625,74.90392773177064,-21.60003662109375,1.5373675851260913,1.9556128270838198,2.2901565881648978,2.6784948387488465,-0.3883382505839488,-11.373442234147003,-9.079981138073691,-2.2934610960733117,34.635604561167455,0.04312028090911468,0.04311098678764225,76.16111888997735,5.2337972722889035,597401.7278252244
2017-03-14,34.82500076293945,34.912498474121094,34.709999084472656,34.747501373291016,32.43651580810547,61236400,-0.05249786376953125,0,5398354955.253533,4142113200,0.3079812898857422,5773993.553839408,0.009920136549201734,0.012283501313193543,42978846.6909477,34.610927124470976,65.36257275565336,1683.1709092357314,34.436499977111815,35.23647519649388,33.63652475772975,4.6460890038985685,0.6943818937413039,0.0,0.0,34.78291651407878,35.09616572062174,34.4696673075358,1.801166997690829,0.44347130008947505,0.0,0.0,33.3125,35.06999969482422,34.19124984741211,5.10359559186427,0.816501634405428,0.3083897894641917,0.4206106875524319,0.7306279593111142,0.8604011882137576,-0.1297732289026433,34.71499983469645,34.102018943199745,34.59990838373713,33.869280424426016,1.1099901528449716,0.8294053174637154,0.2805848353812562,0.3911852688604497,24.72134368064807,-0.20400180816650249,92.43197223071964,107.1053948294738,-14.673422598754158,34.666250228881836,33.647499084472656,34.156874656677246,31.880000114440918,3.1249999999975744,63.88832650764014,35.8788947743549,12.326779383377685,67.91218914483196,30.952500820159912,29.842500686645508,68.0,0.0,68.0,34.31095069885254,,0.0,0.0,73.97137603993056,0.0,0.05548327426715305,0.04566064894875108,59.92040744854311,60.5071331610239,74.20013427734375,76.60003662109374,-25.79986572265625,1.3873897047603805,1.7049625117935718,2.1571995334869776,2.574235777696473,-0.41703624420949525,-12.9494116275018,-9.853867235959314,-3.095544391542486,34.64236990041927,-0.15085593367951677,-0.1509698358096223,75.8953693892956,5.161921169376118,-2122236.8639439642
2017-03-15,34.852500915527344,35.1875,34.75749969482422,35.1150016784668,32.779579162597656,102767200,0.36750030517578125,1,5466468926.318631,4244880400,0.2829760812863022,10344419.812156714,0.06747095230722593,0.015360689108455644,44065744.33450288,34.67342417580993,72.64661446687145,1683.1709092357314,34.504500007629396,35.29231286242386,33.71668715283493,4.566435419265726,0.887466177482389,0.0,0.0,34.805416615804035,35.09791615804037,34.51291707356771,1.6807702402476823,1.0292060635305587,1.0,0.0,33.654998779296875,35.1875,34.42124938964844,4.441453202812006,0.9526928131907522,0.321550673188671,0.40513150754847027,0.7175974331297468,0.8318404371969554,-0.11424300406720866,34.78854179382324,34.199807533851036,34.67915350600323,33.961556072873485,1.1043495062863795,0.7923914945420741,0.3119580117443054,0.37626158664876613,24.584340792562607,-0.2569986343383803,88.14787125504348,103.64235252586083,-15.494481270817346,34.72500038146973,33.89999961853027,34.3125,31.93875026702881,1.5624999999987872,63.250658806093604,38.3980800833816,11.16030604580139,100.14801958197587,31.00250005722046,29.84375,100.0,0.0,100.0,34.356493638610836,,0.0,0.0,78.09607758392109,0.2629527383285434,0.11711878873138698,0.07602844575523111,59.34258439767635,64.92518822700005,94.69847858469882,82.43285874698293,-5.3015214153011865,1.2788894092335426,2.5779699312802853,2.1129698285613063,2.4819825878694397,-0.3690127593081334,-10.227639560275088,-9.928621700822468,-0.29901785945262027,34.6516991390135,1.0576308817941804,1.0520770911337962,77.75569313560273,5.5561484618266235,46039531.59871435
2017-03-16,35.18000030517578,35.255001068115234,35.064998626708984,35.17250061035156,32.83325958251953,76928000,0.057498931884765625,1,5476591519.31574,4321808400,0.2929477004503166,9498542.386424506,0.046310131244373796,0.02517538625674969,44191709.808534,34.74892925772351,79.47902123531854,1685.927011324142,34.56925010681152,35.35314908468764,33.78535112893541,4.53523854555152,0.8847756666136235,0.0,0.0,34.8384999593099,35.11199963887533,34.56500027974447,1.5701002045717825,1.110605196269994,1.0,0.0,33.709999084472656,35.255001068115234,34.482500076293945,4.4692956279608484,0.9466017140190561,0.30839585001042885,0.39552184114785927,0.7037973922761225,0.8062318282127889,-0.10243443593666646,34.865625063578285,34.28788449214055,34.75505306051836,34.051255668242234,1.2345350141474336,0.7238474154007496,0.510687598746684,0.362448936221173,24.476366387724546,0.3782482147216797,84.91971785315151,99.99395440299716,-15.07423654984565,34.758750915527344,34.017499923706055,34.3881254196167,31.972500801086426,0.7812499999993936,62.75692271655178,38.277034957369146,10.689880821890824,117.5567639495837,31.22249984741211,30.042499542236328,100.0,4.0,96.0,34.42297414752197,,0.0,0.0,78.66572478759868,0.2992681639395082,0.18740696742268356,0.12000301014040797,59.02354227352916,63.719805567234,93.03794412199291,87.31218566134515,-6.962055878007089,1.277977713416604,2.7009247389414996,2.066876473317594,2.398961364959071,-0.3320848916414767,-10.349581957747153,-10.012813752207405,-0.33676820553974807,34.694205524181214,0.16374463658370697,0.16361072121986453,78.04675854933446,5.416008780997604,-722342.2126342505
2017-03-17,35.25,35.25,34.97249984741211,34.997501373291016,32.669898986816406,175540000,-0.17499923706054688,0,5332682261.2224,4146268400,0.20278624664849368,3753126.892134092,-0.00770656902533793,0.018936946273163332,43318318.22304726,34.82484946254495,67.5393846256461,1685.927011324142,34.62725009918213,35.35569381242571,33.89880638593854,4.207343702760797,0.7541385610016784,0.0,0.0,34.86083335876465,35.131082916259764,34.59058380126953,1.5504480613752785,0.7528552050059093,0.0,0.0,33.775001525878906,35.255001068115234,34.51500129699707,4.2740891580971505,0.8260136658994311,0.305306280268175,0.4157987736772404,0.6710048582546264,0.7791864342211564,-0.10818157596653,34.869791984558105,34.36432691720816,34.79235280094492,34.12134794269029,1.1579264892181433,0.7681900801410041,0.38973640907713925,0.3482092981538669,24.398250171365657,0.11275157928466939,80.99780059501408,96.15075965694876,-15.15295906193468,34.758750915527344,34.017499923706055,34.3881254196167,31.972500801086426,0.3906249999996968,61.816239183829076,35.8971128430536,12.097737070543198,94.47088123256796,31.238750457763672,30.05875015258789,96.0,0.0,96.0,34.50617683958129,,0.0,0.0,72.48691592029661,0.0,0.18740696742268356,0.16397757452558478,56.96254081150657,61.3080967599009,76.15747608754009,87.9646329314106,-23.84252391245991,1.2144188656526396,0.14308048976141646,1.9665250604449631,2.3124741040562493,-0.3459490436112862,-1.7359014100809815,-8.357431283782121,6.62152987370114,34.69677632217374,-0.49754562235772015,-0.4987875015789456,77.16089469642242,5.167529903990339,107890782.00520423
2017-03-20,35.099998474121094,35.375,35.057498931884766,35.3650016784668,33.0129508972168,86168000,0.36750030517578125,1,5413423285.023627,4232436400,0.21328544711071065,7740789.664170181,0.03868891794128313,0.02096186880726641,44223147.569537506,34.89451339679267,67.41160316151017,1703.6305234851147,34.69900016784668,35.42126187765112,33.976738458042234,4.163011650541537,0.961052760778669,0.0,0.0,34.90649998982747,35.179249699910486,34.63375027974447,1.5627445327517444,1.3405172795596734,1.0,0.0,33.81999969482422,35.375,34.59749984741211,4.4813980162365015,0.9935702124945417,0.312525514912256,0.415140370938702,0.6669821866192791,0.756745584700781,-0.08976339808150191,34.92187531789144,34.451250076293945,34.88045262825598,34.2134704416367,1.1340565186479206,0.7378387250559627,0.39621779359195786,0.33576595250850805,24.417742599624333,0.2459995269775419,77.9401441578425,92.33691673774756,-14.396772579905061,34.81875038146973,34.19375038146973,34.50625038146973,32.15625,0.1953124999998484,61.155660918658455,35.664660128532034,11.08777365881124,128.02311936058615,31.32937479019165,30.087499618530273,100.0,0.0,100.0,34.581059262434685,,0.0,0.0,76.63697694143947,0.2416963851720767,0.18032151637052798,0.18504515040529845,56.33837645947863,63.40675643267496,99.10127385258971,89.4322313540409,-0.8987261474102902,1.1564187779146025,1.7990787846950487,1.949472468035815,2.2398737768521624,-0.2904013088163473,-2.6057681138080446,-7.207098649787307,4.601330535979262,34.753620287395194,1.0500758361459583,1.0446008342661628,79.02121844272956,5.603830528492228,-34375446.71555413
2017-03-21,35.52750015258789,35.70000076293945,34.932498931884766,34.959999084472656,32.6348876953125,158119600,-0.4050025939941406,0,5266634767.116711,4074316800,0.0838882018749407,-2513444.3108992605,0.048539507995329086,0.010322068728178433,42412350.30891394,34.94184544298214,55.682403132577825,1703.6305234851147,34.738250160217284,35.426878087074954,34.049622233359614,3.9646667502342767,0.6610077921667015,0.0,0.0,34.940500005086264,35.260249837239584,34.620750172932944,1.8302533284112965,0.5304911487444385,0.0,0.0,33.81999969482422,35.70000076293945,34.760000228881836,5.4119049158907755,0.6063823095543909,0.35802314652649914,0.5157713523836647,0.6239216849724585,0.7301808047551166,-0.10625911978265812,34.92312526702881,34.525480857262245,34.89269054459701,34.26876885962455,1.091799784006359,0.82889756215619,0.26290222185016887,0.32200487954802637,24.71309093614343,0.09674892425537251,73.73546445820517,88.61891847291466,-14.883454014709486,34.98125076293945,34.44375038146973,34.71250057220459,32.326250076293945,0.0976562499999242,61.02350385792028,36.697087182089724,9.374261164209713,109.79847203038487,31.394375324249268,30.14875030517578,100.0,0.0,100.0,34.67633215094252,,0.0,0.0,65.00060964270777,0.0,0.08056546172402528,0.14943131517241234,51.84051966194714,47.58331635232809,48.52162236752717,74.59345743588565,-51.47837763247283,1.108448415644034,0.04292284956196206,1.820671432721246,2.1560333080259793,-0.33536187530473316,2.4426038533569083,-5.277158149158463,7.719762002515372,34.75535980726341,-1.145207337119225,-1.151815334971218,76.97105431412317,5.00303148632441,74866469.36505406
2017-03-22,34.962501525878906,35.400001525878906,34.939998626708984,35.35499954223633,33.003604888916016,103440800,0.3950004577636719,1,5349836385.155139,4177757600,0.08379304237779525,3682642.498006409,-0.06503750813730459,0.001501972860885163,43581090.709985286,34.973247053554275,55.67501922295132,1722.8792321309816,34.792125129699706,35.49655129221741,34.087698967182,4.0493425445655475,0.8995269074936401,0.0,0.0,34.983499908447264,35.324750137329104,34.64224967956543,1.9509210329149311,1.0443214426644356,1.0,0.0,33.81999969482422,35.70000076293945,34.760000228881836,5.40352468010183,0.8164888166531732,0.36822112179084143,0.4908124533112932,0.6145846141024265,0.7070615666245785,-0.09247695252215204,34.96645863850912,34.603653981135444,34.96381500577229,34.34923039166986,1.0299008789488133,0.9028300864610599,0.12707079248775344,0.30963100809040156,24.904801637992854,0.08787593841552876,70.26197222922693,84.9360553809846,-14.67408315175767,35.18000030517578,34.50625038146973,34.843125343322754,32.40875053405762,0.0488281249999621,60.90078658723483,33.36860102603198,8.524000260571285,116.0115237748033,31.945001125335693,30.258750915527344,96.0,0.0,96.0,34.819645756622094,,0.0,0.0,69.8145546175578,0.24984837846283595,0.16384825454497057,0.14157841087984138,49.612061371006625,53.554682919094795,75.99991508152173,74.5409371005462,-24.00008491847826,1.060227898990405,1.4927528963118495,1.7892238256711313,2.08267141155501,-0.29344758588387876,2.066907630778447,-3.8083449931710818,5.875252623949528,34.79105247408729,1.1298640392102044,1.1235287509086866,78.97058661662959,5.574567343626811,-14055670.407276988
2017-03-23,35.314998626708984,35.39500045776367,35.15250015258789,35.22999954223633,32.886940002441406,81385200,-0.125,0,5320470116.198084,4096372400,0.09505414163276825,1703243.5697197798,0.03091405091577138,0.005742592097241188,43293347.812750995,34.998876200963636,55.60475916604353,1716.7878756946989,34.84700012207031,35.5069219482381,34.18707829590252,3.787538805957809,0.7901854469567398,0.0,0.0,35.0550833384196,35.37708384195964,34.73308283487956,1.837111613351286,0.7716085873992719,0.0,0.0,33.81999969482422,35.70000076293945,34.760000228881836,5.395015529398576,0.7499994927267156,0.3556490401293354,0.5013004469130886,0.5902939219495167,0.6837080376895662,-0.09341411574004954,34.9956251780192,34.66038469167856,35.0047664729206,34.414472550971084,1.0855930844424753,0.8781156130713162,0.20747747137115902,0.29736523440086154,24.94527913289432,-0.0970001220703125,67.11373133052861,81.30608721923299,-14.192355888704384,35.20250129699707,34.677499771118164,34.94000053405762,32.59250068664551,0.02441406249998105,60.78683483588406,31.734484531520962,8.106565636502113,116.38228622830148,32.24374961853027,30.417499542236328,92.0,0.0,92.0,34.932498931884766,,0.0,0.0,66.6885541308185,0.10422114808695791,0.11802317551659765,0.1208122972618646,46.79439562218968,52.92204273609776,67.3042629076087,63.94193345221919,-32.695737092391305,0.9909926807179232,1.0034359615918618,1.7152490745724362,2.0091869441584955,-0.2939378695860593,0.04886301914333429,-3.036903390708199,3.085766409851533,34.81367587312941,-0.3535567857967936,-0.3541832748997553,78.33782396306619,5.257992245186241,-13008905.788006201
2017-03-24,35.375,35.435001373291016,35.087501525878906,35.15999984741211,32.82158660888672,89582400,-0.06999969482421875,0,5268266573.698496,4006790000,0.0221250950478174,564102.9652425122,-0.004848441670055779,0.005546330321144877,43115353.46863801,35.026969036381594,55.451180954407945,1716.7878756946989,34.89675006866455,35.49018563380693,34.303314503522174,3.4010935916651595,0.72180148461813,0.0,0.0,35.10166676839193,35.4404172261556,34.762916310628256,1.93011038477927,0.5861003692884683,0.0,0.0,34.06999969482422,35.70000076293945,34.885000228881836,4.6709251288672,0.6687113118571478,0.3548341208576128,0.5175924117095968,0.5589517353827773,0.6587567772282085,-0.09980504184543115,35.029791831970215,34.709711661705605,35.02864853053468,34.469696795151904,1.0707036942292023,0.8682382594354002,0.20246543479380208,0.2847036425334987,25.01045236138593,-0.2267518997192397,63.157089529382546,77.63397373767938,-14.476884208296838,35.204999923706055,34.704999923706055,34.954999923706055,32.62625026702881,0.012207031249990525,60.29112407022104,29.5046984183586,8.851227459212968,96.9007991316351,32.431875705718994,30.565000534057617,88.0,0.0,88.0,34.939998626708984,,0.0,0.0,64.9351039679018,0.0,0.11802317551659765,0.1332982018593887,44.00292978694021,46.46874005112415,62.43471891983695,68.57963230298911,-37.56528108016305,0.9300370833452973,1.17985567600607,1.6215742734975052,1.9316644100262974,-0.31009013652879225,-0.9246854837582648,-2.614459809318212,1.6897743255599473,34.82437325939208,-0.1986934309786137,-0.1988910882408934,77.98347842190137,5.217075130753997,10626240.446908593
2017-03-27,34.84749984741211,35.30500030517578,34.654998779296875,35.220001220703125,32.877601623535156,94300400,0.060001373291015625,1,5337904115.701149,4101090400,0.05304081624469876,1291824.4704781661,-0.19386361980751313,-0.009823522037557807,43276279.33685323,35.03811046938412,49.24327949320026,1716.7878756946989,34.946125221252444,35.470592847904705,34.421657594600184,3.0015781339517775,0.7610990512406496,0.0,0.0,35.128916803995764,35.51741778055826,34.74041582743327,2.2118585593183266,0.6172254668614817,0.0,0.0,34.17499923706055,35.70000076293945,34.9375,4.363864423376696,0.6852465167471296,0.3843508613597421,0.5265408102301361,0.5328125051969153,0.6335679228219498,-0.1007554176250346,35.0756254196167,34.76288472689115,35.05808740594521,34.52527490074829,0.9701215003765303,0.9138448421422183,0.05627665823431205,0.27210964375401137,25.26492368409483,-0.16112537384033487,59.54831789802182,73.98023436737964,-14.431916469357816,35.177499771118164,34.73750114440918,34.95750045776367,32.62625026702881,0.0061035156249952625,57.66450422333786,25.846421168990684,16.003880484320117,40.780724803257,32.47812509536743,30.565000534057617,84.0,0.0,84.0,,35.70000076293945,0.0,1.0,65.76600525556651,0.06051447334943294,0.054911873812129995,0.09698607494844186,42.009346017372685,52.56445433282894,66.60872749660327,65.44923644134963,-33.39127250339674,0.8076400308048051,1.5863948105150534,1.5432534765577413,1.8539822233325862,-0.31072874677484497,-1.3105878563122957,-2.3536854187170286,1.043097562404733,34.8381190026562,0.17065237073778938,0.17050692502711406,78.28721144734996,5.311594751135768,14580795.231757313
2017-03-28,35.227500915527344,36.0099983215332,35.154998779296875,35.95000076293945,33.55904769897461,133499200,0.7299995422363281,1,5452667338.244906,4234589600,0.12066729844061408,15029328.815969286,0.385872257055203,0.018177218628606082,46043296.69946563,35.114355142700035,56.774710164716254,1716.7878756946989,35.031250190734866,35.622874576760395,34.43962580470934,3.3776949598105026,1.2764644205901123,1.0,0.0,35.22041676839193,35.67416776021322,34.76666577657064,2.576636130146556,1.303947547992211,1.0,0.0,34.26250076293945,36.0099983215332,35.13624954223633,4.9883962150341175,0.9656665851699208,0.43141572944740075,0.5044135753116283,0.5644946956832939,0.6197532773942187,-0.05525858171092479,35.17270882924398,34.84057705218975,35.19530484548278,34.63081014979949,1.0608359402684924,0.7899653831534057,0.2708705571150867,0.26377469813481247,25.696256198640416,-0.23125095367431925,58.020872559169746,70.6327900678381,-12.611917508668355,35.33249855041504,34.91499900817871,35.123748779296875,32.781249046325684,18.064916383418282,56.629965103929024,34.303825626740725,13.6129175672116,214.3488724875582,32.575000286102295,30.565000534057617,100.0,12.0,88.0,34.654998779296875,,1.0,0.0,73.87659936722737,0.6512083842923403,0.23724095254725744,0.1367253339586618,42.94944565723322,62.583599808888,96.56665851699208,75.2033683111441,-3.4333414830079283,0.7795662599451418,3.3491473929502287,1.6300360668477238,1.809192992035614,-0.17915692518789017,1.4834694993953668,-1.5862544350945496,3.0697239344899163,34.9574339921653,2.0726846023140233,2.0514967661860783,81.98254302691423,6.011907133795383,51809496.04085411
2017-03-29,35.91999816894531,36.122501373291016,35.79750061035156,36.029998779296875,33.63371658325195,116760000,0.07999801635742188,1,5502962245.812075,4351349600,0.09447260391654493,14216648.755101187,0.10507757919539007,0.037866100951774166,46303117.7896371,35.220855401123494,63.84192777028911,1720.6081711508155,35.085375213623045,35.81776733212341,34.35298309512268,4.174913986474849,1.1448892210964992,1.0,0.0,35.31675008138021,35.76000111897787,34.87349904378256,2.5101462426541152,1.304565175732411,1.0,0.0,34.26250076293945,36.122501373291016,35.192501068115234,5.301355904067277,0.9502674389033364,0.4207742327966059,0.4575985020759828,0.5892655448543209,0.6136557308862391,-0.024390186031918226,35.27520879109701,34.91192318842961,35.323719296838796,34.734453751984475,1.267947557792549,0.726566397329748,0.5413811604628009,0.2585536184726328,25.976469781540764,-0.33787384033202983,55.769402251013744,67.39386611204502,-11.624463861031273,35.388750076293945,34.97125053405762,35.18000030517578,32.8387508392334,59.03245819170914,55.841046475178494,34.321831123116084,12.82836502889633,240.38055108776666,32.677499771118164,30.738750457763672,100.0,8.0,92.0,34.654998779296875,,0.0,0.0,74.58714163575713,0.7029571200458231,0.4715599925625318,0.25457093964063987,43.919365628818916,60.69029143304231,93.6965975819931,85.6239945318628,-6.303402418006899,0.848448775796335,3.534481520696213,1.6964871509477948,1.7866518238180504,-0.09016467287025565,2.3098973654915382,-0.807024074977332,3.1169214404688703,35.04641641108849,0.22252577095878134,0.22227854905212396,82.38750108379529,5.685489628722369,13673783.672320858
2017-03-30,36.04750061035156,36.125,35.875,35.98249816894531,33.589378356933594,84829200,-0.0475006103515625,0,5491084915.19684,4266520400,0.1295548172436218,11610064.82213891,0.011788101319684418,0.03428314038406243,46191282.127351426,35.29171035477866,64.07499223313056,1718.3397853313713,35.14750003814697,35.95871491941388,34.336285156880066,4.616060205627499,1.014659031830315,1.0,0.0,35.399750010172525,35.84900080362955,34.95049921671549,2.538158000143683,1.1485777735510343,1.0,0.0,34.26250076293945,36.125,35.19375038146973,5.299094487628146,0.9234889184279139,0.40369680951694525,0.4418083719923694,0.5981684059733254,0.6105582659036565,-0.012389859930331037,35.37812519073486,34.97750003521259,35.42506989254749,34.826901486574165,1.2067726951143651,0.7553056130965133,0.4514670820178518,0.2548268899744173,26.104584724928326,-0.03249835968017578,53.93033871273792,64.38637034734766,-10.456031634609744,35.38999938964844,34.97249984741211,35.18124961853027,32.84000015258789,79.51622909585457,55.112408696725424,32.803409728782476,12.243807033420886,197.33411239210224,32.7237491607666,30.78499984741211,100.0,4.0,96.0,34.713698883056644,,0.0,0.0,73.31205337852445,0.610092545750425,0.6547526833628625,0.45451787615755074,44.27910279607406,67.37358131064319,90.30600593742864,93.52308734547127,-9.693994062571363,0.9038825091193701,3.5542031710043718,1.7175470123402174,1.772830861522484,-0.055283849182266476,0.49757683428627525,-0.5461038931246106,1.043680727410886,35.11125698267659,-0.13183628076850473,-0.13192326124942255,82.14704818577981,5.501674123254599,-13860290.298933536
2017-03-31,35.93000030517578,36.067501068115234,35.752498626708984,35.915000915527344,33.5263671875,78646800,-0.06749725341796875,0,5493582153.00928,4187873600,0.09064658081929232,9193135.13467445,-0.03604757954820867,0.031219851166788746,46043753.654892735,35.34984106010427,58.82066798130033,1715.116462275698,35.19600009918213,36.06678755973377,34.32521263863049,4.948218309454287,0.912845182617657,0.0,0.0,35.4835833231608,35.93658434549967,35.03058230082193,2.5532991874762825,0.9761772833746735,0.0,0.0,34.26250076293945,36.125,35.19375038146973,5.291792339504588,0.8872487675194524,0.3948273727058757,0.4355999298935559,0.5929424518084545,0.6070351030846162,-0.01409265127616166,35.44479179382324,35.046057774470405,35.50044389608285,34.907501444274395,1.171491136195869,0.7754391412794476,0.3960519949164215,0.25134819218447324,26.129656922255396,-0.023499488830566406,52.01995880176098,61.50634975222749,-9.486390950466514,35.38999938964844,34.97249984741211,35.18124961853027,32.983750343322754,74.89056446499617,53.908656879915334,30.893213529708554,13.795401563802068,152.81424724519619,32.89874982833862,31.00999927520752,96.0,0.0,96.0,34.79837695007325,,0.0,0.0,71.44305932408226,0.4739738604422499,0.5956745087461658,0.5739957282238535,44.00610479502414,64.23624673929874,85.71435985799995,89.90565445914054,-14.285640142000041,0.9516836839563751,2.2782263956180357,1.6986104054310946,1.7579867703042062,-0.0593763648731116,-1.4593270033078887,-0.7287485151612663,-0.7305784881466224,35.18352708294398,-0.18758356660244502,-0.1877597249052343,81.80537025633183,5.4040746726736195,-1898406.1576008499
2017-04-03,35.9275016784668,36.029998779296875,35.76250076293945,35.92499923706055,33.53571701049805,79942800,0.009998321533203125,1,5510765927.58253,4267816400,0.08790231352778444,7994014.946673037,-0.0046009373369378884,0.030182631603493056,46066008.80728837,35.403695429394254,53.86349063979665,1715.116462275698,35.25050010681152,36.15968292682561,34.341317286797434,5.158410900606798,0.8709370191567045,0.0,0.0,35.547583262125656,35.99558397928874,35.099582544962566,2.520569197965203,0.9212225120138626,0.0,0.0,34.26250076293945,36.125,35.19375038146973,5.283610818050926,0.8926169960450022,0.3820944370710303,0.4152354616023286,0.5828884512396613,0.6022057727156253,-0.01931732147596399,35.50750001271566,35.11375001760629,35.56576010238711,34.98287165114745,1.170425776602601,0.7940165239382715,0.37640925266432945,0.2477306511289557,26.09702812211336,-0.2529987335205064,49.4768745388001,58.8109508722936,-9.334076333493506,35.38999938964844,35.09749984741211,35.24374961853027,32.983750343322754,54.928506797632025,52.79088733573453,29.331215853439392,13.097889627559608,131.51842833587017,32.94249963760376,31.2237491607666,92.0,0.0,92.0,34.877974333068856,,0.0,0.0,71.55872573712995,0.4823978359176898,0.5221547473701214,0.59086064649305,43.81920556479577,65.82420966555102,86.39451722061906,87.47162767201587,-13.60548277938093,1.059198469274179,2.139451598978771,1.6662109876292626,1.7396316137692176,-0.07342062613995504,-2.9247479617811156,-1.1679484044852362,-1.7567995572958794,35.224114977302364,0.02783884526891267,0.027834970981377438,81.85598277204807,5.426463215792413,6306060.017114669
2017-04-04,35.8125,36.22249984741211,35.79249954223633,36.192501068115234,33.78540802001953,79565600,0.2675018310546875,1,5579229810.4660845,4347382000,0.11494581732424895,9892576.195571866,0.06012334620035027,0.029657802595859088,46658463.75902037,35.467905740524536,53.20433287780063,1727.8874241093588,35.316125106811526,36.29561787982887,34.336632333794185,5.5470002445337565,0.9473621375500401,0.0,0.0,35.63474998474121,36.0490005493164,35.220499420166014,2.324980895067745,1.1732049767342958,1.0,0.0,34.26250076293945,36.22249984741211,35.24250030517578,5.549870147262066,0.9846944932094465,0.3868850238815054,0.4152354616023286,0.5897079592401084,0.5997062100205219,-0.009998250780413498,35.607083320617676,35.189134744497444,35.662181789422206,35.0724738301821,1.1694180391491416,0.8097314072731684,0.35968663187597316,0.24519723004340538,26.150962689792575,0.048876571655270595,48.43005405013503,56.385182185727835,-7.955128135592808,35.43874931335449,35.19874954223633,35.31874942779541,33.048749923706055,36.12286528798247,52.12580243582279,30.573602283404156,12.043719264576342,135.5637641290478,32.98187446594238,31.246249198913574,100.0,0.0,100.0,34.952795873084725,,0.0,0.0,74.5310180457275,0.6988696435386343,0.5517471132995243,0.5565254564719373,44.54351983647626,71.36350411814047,98.08620358179752,90.06502688680551,-1.9137964182024818,1.0716986936681394,3.414528603279675,1.681398244376555,1.7279849398906852,-0.046586695514130305,-4.1123744883015405,-1.756833621248497,-2.3555408670530436,35.43362898767154,0.7446119324582501,0.7418533830039209,83.21010411965794,5.675795953628743,8097484.966224149
2017-04-05,36.05500030517578,36.3650016784668,35.95249938964844,36.005001068115234,33.61040115356445,110871600,-0.1875,0,5496580817.96227,4236510400,0.0947184741589782,5509576.024775885,0.05627348876490874,0.030369470990183008,46084078.889600165,35.53192560068438,54.36531159874658,1727.8874241093588,35.378875160217284,36.36602575981363,34.391724560620936,5.5804521490630945,0.8171379869261983,0.0,0.0,35.72233339945475,36.131833902994785,35.31283289591471,2.2926861969564847,0.8451371441755139,0.0,0.0,34.26250076293945,36.3650016784668,35.313751220703125,5.94281447899609,0.8287750518000283,0.38944675037519083,0.43771127434383383,0.5733732950325887,0.5944396270229353,-0.021066331990346576,35.66041660308838,35.25673088660607,35.71492321691344,35.14154992188085,1.138436139091545,0.8042665836188103,0.33416955547273464,0.24192848643709813,26.009672246778543,-0.4188760757446275,45.99842631169461,54.039037183635166,-8.040610871940558,35.510000228881836,35.313751220703125,35.41187572479248,33.1200008392334,22.307738195173958,51.763146550397906,30.878521378483985,11.119181653493902,119.59728422454691,33.0674991607666,31.403749465942383,100.0,24.0,76.0,35.054372191030915,,0.0,0.0,69.08143803651056,0.3543308048194663,0.5118660947585966,0.5285893184760808,43.537531639432736,63.4606100902272,78.94736842105263,87.80936307448974,-21.05263157894737,1.043875054752121,1.8096970430461572,1.631610718102045,1.7087100955329575,-0.07709937743091255,-2.382651867528801,-1.8819972705045578,-0.5006545970242431,35.48589547470099,-0.5180631193382301,-0.5194097191544067,82.26096013931283,5.331167450881491,40727900.69231391
2017-04-06,36.0724983215332,36.130001068115234,35.86249923706055,35.915000915527344,33.5263671875,84596000,-0.09000015258789062,0,5445191558.82132,4151914400,0.028734387293763246,3634829.0343328738,-0.05138440303352058,0.02724962570388425,45872617.90689053,35.616958132041546,57.80530101194221,1723.5682982320857,35.441125297546385,36.39817850152401,34.48407209356876,5.400805961676843,0.7475701538908586,0.0,0.0,35.79333343505859,36.20533409118652,35.38133277893066,2.3021083346452795,0.6476544741605613,0.0,0.0,34.654998779296875,36.3650016784668,35.510000228881836,4.824911412415865,0.7368421052631579,0.3772522584431405,0.46465081881638126,0.5468618132386922,0.5849240642660867,-0.03806225102739447,35.740000089009605,35.293942524836616,35.74570440131558,35.198842588076886,1.139086788289299,0.8424806005317235,0.2966061877575755,0.2373124141734074,25.830361173524857,-0.08612575531005717,45.203733153716335,52.044219808561145,-6.84048665484481,35.510000228881836,35.313751220703125,35.41187572479248,33.1200008392334,13.194021479777833,50.99387049655373,29.307343025132965,12.26533710783487,85.44016643822066,33.41499900817871,31.863749504089355,96.0,20.0,76.0,35.185435139774505,,0.0,0.0,66.56548942543782,0.13932688051074688,0.3975091096229489,0.48704077256035666,41.96802470428745,54.69380953680769,73.6842105263158,83.57259417638863,-26.31578947368421,0.9797794566434987,2.7316986729523336,1.5536357818308888,1.6776952327925438,-0.12405945096165505,-3.1895798886946283,-2.143513794142572,-1.0460660945520561,35.530031523942306,-0.24996569898061427,-0.25027863483089163,81.80537025633183,5.302084834525509,-2156914.5106491745
2017-04-07,35.932498931884766,36.04499816894531,35.817501068115234,35.834999084472656,33.451690673828125,66688800,-0.0800018310546875,0,5388761541.979426,4085225600,-0.016030768364804594,2353392.585022486,-0.022173787878196436,0.02290228957392142,45724066.43884551,35.652984260506074,52.31581311906665,1719.7289938664617,35.493625259399415,36.41550000252251,34.57175051627632,5.194593318578904,0.685151956716346,0.0,0.0,35.860499954223634,36.26050033569336,35.4604995727539,2.230868961561231,0.4681239432106587,0.0,0.0,34.654998779296875,36.3650016784668,35.510000228881836,4.817774703690148,0.6900574880595717,0.36227674268183424,0.5344097571973722,0.5134767533645999,0.5706346020857893,-0.05715784872118945,35.78000005086263,35.33605780968299,35.759442044878206,35.245965291513606,1.130640481303585,0.8848307404796643,0.24580974082392082,0.2310709157220973,25.6493087213955,-0.26362571716308736,44.601143272770926,50.38342262797771,-5.782279355206782,35.760000228881836,35.313751220703125,35.53687572479248,33.21750068664551,7.5340865375838355,50.06108876071699,28.002381377659773,12.599926029392636,66.12226658495926,33.49625015258789,31.880000114440918,92.0,16.0,76.0,35.30339179364373,,0.0,0.0,64.32291193613472,0.0,0.16455256177673744,0.35797592205276113,40.017533483869244,48.959075481770675,69.00574880595717,73.87910925110852,-30.994251194042835,0.9232941571403899,1.3576567626960474,1.4568383902035815,1.6335238642747516,-0.17668547407117008,-5.354057547651453,-2.7856225448443483,-2.568435002807105,35.56037115240663,-0.2227532479891936,-0.22300171207980668,81.40039288906706,5.2706734411734715,-9019588.652026087
2017-04-10,35.900001525878906,35.970001220703125,35.724998474121094,35.79249954223633,33.412017822265625,75733600,-0.042499542236328125,0,5354758893.68123,4009492000,-0.04233267702838666,1557387.4540322481,-0.027093554181455353,0.01749992798986539,45634248.009540625,35.719683068134024,55.579509123296006,1719.7289938664617,35.543250274658206,36.41597258390992,34.67052796540649,4.910762535827801,0.6427998716979245,0.0,0.0,35.93741658528646,36.296917088826504,35.57791608174642,2.0007030983258134,0.29844667584172824,0.0,0.0,34.654998779296875,36.3650016784668,35.510000228881836,4.811048190460871,0.6652039967251661,0.3505493430718539,0.5283594876620062,0.4780785036168709,0.5521233823920056,-0.07404487877513477,35.82687505086263,35.368653957660385,35.76452781370253,35.28644931008566,1.149669141352468,0.9490085047062257,0.20066063664624234,0.22331773881688888,25.48630756034634,-0.3832504272460966,43.31155011855393,48.749053467909285,-5.437503349355353,36.045000076293945,35.313751220703125,35.679375648498535,33.26000118255615,3.7670432687919178,48.74348451429885,26.627300598545865,13.835223572159142,48.814644037770954,33.52874994277954,31.880000114440918,88.0,12.0,76.0,35.40955278212604,,0.0,0.0,63.106607827887835,0.0,0.046442293503582,0.2028346549677562,38.058754288969084,49.24807171914875,66.5203996725166,69.73678633492985,-33.479600327483396,0.8618897494147859,1.596650602636635,1.3548501279221237,1.5777891170042262,-0.22293898908210252,-6.267664856152858,-3.48203100710605,-2.7856338490468078,35.578522829296496,-0.11859786053334265,-0.11866824344988203,81.18525590410155,5.278380399620488,11631467.6849989
2017-04-11,35.73500061035156,35.837501525878906,35.01499938964844,35.407501220703125,33.05262756347656,121517600,-0.3849983215332031,0,5349218817.396758,3887974400,-0.02455722936734516,-5348535.3303642385,-0.2851262063039601,0.001779306692247141,44327156.506150745,35.73051897905439,46.93033210520169,1719.7289938664617,35.57625026702881,36.372698965567714,34.77980156848991,4.477417898518843,0.39406157192845,0.0,0.0,35.90891672770182,36.265167490641275,35.55266596476237,1.9841910890317924,-0.20373955533663718,0.0,1.0,34.654998779296875,36.3650016784668,35.510000228881836,4.806585534829988,0.44005916116957083,0.3977446223877154,0.7843044134541375,0.41418452726922794,0.5245356113674502,-0.11035108409822225,35.84750016530355,35.39067327059232,35.709600645548775,35.29541611827955,1.0132568529589059,0.9226691443898584,0.09058770856904752,0.21228571220144846,25.58840057391433,-0.35624904632568644,40.48414439371445,47.05069148376492,-6.56654709005047,35.69000053405762,35.313751220703125,35.50187587738037,33.26000118255615,1.8835216343959589,45.58613291438148,22.612746423420393,24.76391307622993,-25.87365958205566,33.52874994277954,31.880000114440918,84.0,8.0,76.0,,36.3650016784668,0.0,1.0,53.27815952226863,0.0,0.0,0.07033161842677325,33.21920136681807,48.500157859714655,44.00591611695708,59.84402153181028,-55.99408388304292,0.7082134022432172,0.7039288235640664,1.1734796549252784,1.4969272245884366,-0.32344756966315824,-2.8947132541745644,-3.3645674565197528,0.4698542023451884,35.560537351741054,-1.0756396632174092,-1.0814664880722358,79.23635542769507,4.932724778595109,55695882.50288467
2017-04-12,35.400001525878906,35.537498474121094,35.252498626708984,35.45000076293945,33.09230041503906,81400000,0.042499542236328125,1,5380637641.933975,3969374400,-0.04335974133503028,-4090249.892021189,-0.010942001014370678,-0.0012104113027630041,44424860.738835044,35.74018212721903,40.731134196382705,1721.793180620401,35.59300022125244,36.36361427569526,34.822386166809615,4.330143846557184,0.40721720069303813,0.0,0.0,35.85191663106282,36.20416730244954,35.49966595967611,1.9650311865420302,-0.07049695113587151,0.0,1.0,34.654998779296875,36.3650016784668,35.510000228881836,4.804323570758966,0.4649126525039764,0.3864701448901548,0.9514996223037365,0.36279536937161794,0.49218756296828375,-0.12939219359666582,35.86666679382324,35.41259633577787,35.66966220207042,35.3068668326988,1.0175435661209873,0.9750003848153856,0.04254318130560164,0.19937427178389092,25.65280686601753,0.35700054168701456,37.114913050175446,45.182310854591314,-8.067397804415869,35.69000053405762,35.313751220703125,35.50187587738037,33.26000118255615,0.9417608171979794,42.654306428743915,21.408307473029165,23.444894991711806,-32.287143821183136,33.52874994277954,31.880000114440918,80.0,4.0,76.0,,36.33800163269043,0.0,0.0,54.12748235105102,0.0398575034818192,0.013285834493939436,0.01990937599917392,29.511327930457153,49.44813644120524,46.491265250397646,52.3391936799571,-53.508734749602354,0.5209777495440306,0.6530367242041125,1.0275490348399359,1.4030515866387365,-0.37550255179880065,-3.700667934337434,-3.4317875520832892,-0.26888038225414457,35.54693588554404,0.12002976988243486,0.1199577917451844,79.45149241266058,5.201150677667776,-9107912.503629476
2017-04-13,35.477500915527344,35.595001220703125,35.26250076293945,35.26250076293945,32.91727066040039,71291600,-0.1875,0,5309346041.933975,3898082800,-0.0847293377334166,-5415524.907446734,0.01574196990700116,0.0002603323813124915,44047789.51986981,35.75563490434743,41.2954769750809,1712.6863762644523,35.597500228881835,36.3592396951468,34.83576076261687,4.279735719458918,0.2801088949841445,0.0,0.0,35.78983345031738,36.150334167480466,35.42933273315429,2.014542580442722,-0.23138923485048574,0.0,1.0,34.654998779296875,36.3650016784668,35.510000228881836,4.80371623899175,0.3552637155980699,0.38107317617750647,1.1631764396052469,0.3034415235045813,0.4544383550755433,-0.150996831570962,35.80937512715658,35.43230790358324,35.60702198066566,35.303580457161075,1.0307825787044276,0.9718558321831106,0.05892674652131702,0.1843324667484833,25.616471283860573,0.4324985504150405,33.55730973712184,43.13090540296474,-9.573595665842902,35.69000053405762,35.313751220703125,35.50187587738037,33.26000118255615,0.4708804085989897,39.744068443895955,21.150245240072906,21.97434522789593,-43.090370926231444,33.52874994277954,31.880000114440918,76.0,0.0,76.0,,36.31154158782959,0.0,0.0,49.824245145697915,0.0,0.013285834493939436,0.008857222995959734,25.005790557941697,40.96908578351655,35.52637155980699,42.007850975720565,-64.47362844019301,0.3652352501364291,-1.912378262613941,0.8595205346743531,1.2943453762458599,-0.4348248415715068,-5.210046703397093,-3.7874393823460504,-1.4226073210510424,35.50514670732989,-0.5289139519455754,-0.5303176535586207,78.50234843231547,5.045817895505664,-2574605.0139995515
2017-04-17,35.369998931884766,35.470001220703125,35.217498779296875,35.45750045776367,33.099300384521484,66328400,0.19499969482421875,1,5369106936.289788,3964411200,0.019534138453087813,-2794161.669500242,-0.032358624596444625,0.011796403467817384,44414581.9332931,35.78822647904047,47.418877106381316,1722.1574379723666,35.62050018310547,36.33467893154946,34.90632143466148,4.009931049664043,0.3858831030068229,0.0,0.0,35.73683344523112,36.09108416239421,35.38258272806804,1.9825523585126674,0.10574111224896234,0.0,0.0,34.654998779296875,36.3650016784668,35.510000228881836,4.800614506758002,0.4692984315151461,0.36821610270038085,1.2788887059963856,0.269036730762771,0.4173580302129889,-0.14832129945021788,35.76166693369547,35.46259645315317,35.58401866944997,35.3149819386872,1.1063827791721887,0.9687942116271033,0.13758856754508542,0.1692577801773932,25.60978597181691,0.36199798583984233,30.984611733090826,41.07620953566371,-10.091597802572881,35.69000053405762,35.510000228881836,35.60000038146973,34.05875110626221,0.23544020429949486,37.187154100325465,20.118245574966583,21.771756050992025,-46.56394393126312,33.99062490463257,31.880000114440918,72.0,44.0,28.0,,36.285610743865966,0.0,0.0,53.92670269971821,0.16566953529314238,0.0685090129249869,0.031693560637622034,22.31017074299051,46.07249037520614,32.77780132525184,38.26514604515215,-67.22219867474816,0.21453680150649745,-1.5889490450445565,0.7618203832862337,1.1878403776539346,-0.4260199943677009,-6.850010534442122,-4.399953612765265,-2.4500569216768566,35.502175586977636,0.5529945143004866,0.5514711132718286,79.4894566270437,5.36646895593805,396683.4969763458
2017-04-18,35.352500915527344,35.5099983215332,35.27750015258789,35.29999923706055,32.9522819519043,58790000,-0.157501220703125,0,5321695272.576459,3905621200,-0.04992572343911942,-3717780.9688768815,0.019773313599659392,-0.014353521064721445,44153438.40524981,35.77640133844664,39.125463895384186,1714.5076630242786,35.61725006103516,36.33662291683649,34.897877205233826,4.0394632071178185,0.2794948604078095,0.0,0.0,35.68250007629395,36.03325080871582,35.33174934387207,1.9659537962414282,-0.04526021455791808,0.0,1.0,34.654998779296875,36.3650016784668,35.510000228881836,4.80105256930165,0.3771926106539183,0.354644309324874,1.4387214818960545,0.22645126322220932,0.379176676814833,-0.1527254135926237,35.70479202270508,35.4824041219858,35.540323372159285,35.313872108937076,1.0262596246312057,1.1071809397957648,-0.08092131516455914,0.15360547893462653,25.62890423884333,0.2977508544921861,27.645185839600806,38.76677973449324,-11.121593894892435,35.69000053405762,35.510000228881836,35.60000038146973,34.15500068664551,0.11772010214974743,34.668218799808876,19.983712442569598,20.766964867306566,-52.22540993009539,34.0649995803833,31.880000114440918,68.0,40.0,28.0,,36.260198516781614,0.0,0.0,50.34614189871658,0.021075755545324655,0.06224843027948871,0.048014425899471795,18.939682902500902,43.01281335710382,21.111064016162985,29.80507896707393,-78.88893598383702,0.09066169963163162,-1.896752495283377,0.6412529969062782,1.0785229015044033,-0.4372699045981251,-8.860696718596555,-5.292102233931524,-3.5685944846650317,35.48461746984831,-0.4441971900719266,-0.4451866770597501,78.69216950423099,5.1399720618272795,-2312939.7335849777
2017-04-19,35.470001220703125,35.5,35.11249923706055,35.16999816894531,32.83091354370117,69313600,-0.13000106811523438,0,5272951737.702811,3836307600,0.003612828044883373,-4473932.549739057,-0.04891705082031819,-0.025353137494414896,43898173.752851404,35.723372107306474,30.41708716162148,1714.5076630242786,35.62775001525879,36.313802047735976,34.941697982781605,3.851222893297278,0.16638693229970103,0.0,0.0,35.601666641235354,35.948167419433595,35.25516586303711,1.9465424565091145,-0.12289682945974055,0.0,1.0,34.654998779296875,36.3650016784668,35.510000228881836,4.79963763762111,0.3011687231047568,0.35792995468633193,1.6248188642574644,0.18013548392372059,0.33936843823661056,-0.15923295431288997,35.64270846048991,35.496634850135216,35.48335026397252,35.3032147800488,0.8551030914525114,1.1316764141991207,-0.2765733227466093,0.13722367271538127,25.709124740937046,0.2972492218017564,22.914829521762396,36.201935646723,-13.287106124960605,35.572500228881836,35.510000228881836,35.541250228881836,34.20250129699707,0.058860051074873715,32.88727923182369,18.454972973997407,22.435707206349083,-74.63796635483853,34.11062526702881,31.880000114440918,64.0,36.0,28.0,,36.23529453423895,0.0,0.0,47.54033911709914,0.0,0.06224843027948871,0.06433529116132154,15.25770718994326,40.86602322390667,11.48137159326919,21.790078978227996,-88.51862840673081,0.04938213123994473,-2.0743497914264006,0.5102523525011158,0.964868791703746,-0.4546164392026302,-9.396565715898895,-6.112994930324998,-3.2835707855738967,35.41343165649343,-0.3682749884559522,-0.3689547903316548,78.03409093761762,5.096705706960449,13984023.960894108
2017-04-20,35.30500030517578,35.72999954223633,35.290000915527344,35.61000061035156,33.241661071777344,93278400,0.44000244140625,1,5315351304.504437,3929586000,-0.01983815226478489,2028446.9188620574,0.09611012704528045,-0.019330135656872322,45065154.86935056,35.68842820603402,30.86610333423441,1714.5076630242786,35.64050006866455,36.31518635130767,34.96581378602143,3.7860651861970527,0.47739730368201283,0.0,0.0,35.545249938964844,35.89450035095215,35.19599952697754,1.9651031436662172,0.5926994917747902,0.0,0.0,34.654998779296875,36.3650016784668,35.510000228881836,4.797920612436558,0.5584796560978167,0.37813709654680033,1.6804221301732951,0.1768952762786995,0.3068738058450284,-0.12997852956632888,35.616458574930824,35.52980789771447,35.502834932646216,35.32593965636752,0.860049539851865,1.0545900088826423,-0.19454046903077726,0.12324835981171102,25.725507182332915,0.5520009994506836,19.8768421701729,33.3878366485515,-13.5109944783786,35.529998779296875,35.510000228881836,35.519999504089355,34.295000076293945,0.029430025537436857,30.680033136501482,20.861146647590413,20.04874416841259,-19.86178231723633,34.156874656677246,31.880000114440918,60.0,32.0,28.0,,36.210888631347146,0.0,0.0,56.39751105819093,0.32815669307589,0.11641081620707126,0.08030255892201633,14.698455125265204,47.20987756184399,44.07408977239012,25.555508460607417,-55.92591022760988,0.05385302375344736,-0.8768229182981554,0.5007517931566585,0.8720453919943285,-0.37129359883767,-7.3678382225222165,-6.363963588764443,-1.003874633757774,35.421328258392464,1.251073256508639,1.243312000665986,80.2614278368064,5.631487455817425,34251336.925110295
2017-04-21,35.61000061035156,35.66999816894531,35.462501525878906,35.567501068115234,33.201988220214844,69283600,-0.042499542236328125,0,5316186875.368871,3860302400,-0.0024812838582152553,1318022.8898124974,0.016846132445192886,-0.01555201337162935,44982466.82571068,35.665396990469915,37.26416988646228,1712.4614459619281,35.65737514495849,36.30654857445461,35.00820171546238,3.641173400212557,0.4307780688798227,0.0,0.0,35.50499992370605,35.84824981689453,35.16175003051758,1.9335298911480499,0.5910432102812926,0.0,0.0,34.654998779296875,36.3650016784668,35.510000228881836,4.795649966432526,0.5336261647634111,0.36107305119876093,1.7405601065025156,0.16895047459746593,0.2792891395955159,-0.11033866499804995,35.564375241597496,35.54721172039326,35.51278356887222,35.34383309427476,0.9168358002462141,1.0562880163668174,-0.1394522161206032,0.11100491038395681,25.72587776537189,0.3476259231567411,17.176244159645872,30.34062563598205,-13.164381476336178,35.49250030517578,35.510000228881836,35.50125026702881,34.48875045776367,0.014715012768718429,28.630447476559432,20.011586527344168,19.23226874669984,-19.080609501845064,34.3125,31.93875026702881,56.00000000000001,28.000000000000004,28.000000000000004,,36.18697084651317,0.0,0.0,55.42413123322476,0.2920931384117009,0.20674994382919668,0.12846973010525234,13.955250539026334,47.17021470182228,40.92598087003207,32.16048074523045,-59.07401912996793,0.05888955733355061,-1.726877064460767,0.47801967077768287,0.7932402477509994,-0.31522057697331657,-8.038209342367338,-6.698812739485022,-1.3393966028823163,35.42646285807745,-0.11934721007551552,-0.11941848557412982,80.0462908518409,5.376193010180664,-3186322.720229566
2017-04-24,35.875,35.98749923706055,35.79499816894531,35.90999984741211,33.521705627441406,68537200,0.342498779296875,1,5329539018.784839,3928839600,0.035933242421620736,4483149.239328681,0.09128272943374068,-0.008703180030866595,45642448.73704797,35.66243108806392,43.8229241233924,1728.9516670126477,35.694875144958495,36.3105768197165,35.07917347020049,3.4498043332977915,0.6746988121626974,0.0,0.0,35.50483322143555,35.84458351135254,35.165082931518555,1.913825578608113,1.0962711997619676,1.0,0.0,34.654998779296875,36.3650016784668,35.510000228881836,4.790611795742451,0.7339175089846007,0.3669655629734161,1.7512857888322462,0.188122393285731,0.2610557903335589,-0.07293339704782792,35.556458473205566,35.57557707566481,35.573893765570666,35.385771372284935,0.938022198404621,0.9891785029136532,-0.05115630450903219,0.10213116860291159,25.658493583790637,0.22012577056884908,15.48337921874193,27.248606647114052,-11.765227428372121,35.50124931335449,35.510000228881836,35.505624771118164,34.572500228881836,0.007357506384359214,27.749625800558135,24.543603869768923,17.664180694676013,51.848090670231876,34.3881254196167,31.972500801086426,52.0,24.0,28.0,,36.16353141737587,0.0,0.0,61.23128432643593,0.5072471591225939,0.3758323302033946,0.23299769674655427,15.20350112368897,49.99545149651134,66.2962178047161,50.43209614904608,-33.703782195283914,0.1361834918751441,-0.263855625287718,0.5316328738648705,0.7409187729737737,-0.20928589910890327,-8.580646741306648,-7.075179539849348,-1.5054672014573,35.43016487096396,0.9629542953859982,0.9583474414978532,81.78005434328186,5.704072563417739,6219133.7496365905
2017-04-25,35.977500915527344,36.224998474121094,35.967498779296875,36.13249969482422,33.729408264160156,75486000,0.22249984741210938,1,5350793010.014729,4004325600,0.0076430265860068375,6242074.131103225,0.06993007682656016,-0.008002699271851604,46110163.12170734,35.663596399799914,43.6188760266187,1728.9516670126477,35.74050006866455,36.343794373451665,35.13720576387744,3.3759701382357017,0.8248825847096246,0.0,0.0,35.53274981180827,35.873749796549475,35.191749827067056,1.919356011269852,1.3793986947992285,1.0,0.0,35.01499938964844,36.3650016784668,35.69000053405762,3.7772339117380525,0.8277766004040746,0.3617688693469729,1.7512857888322462,0.2187485579400601,0.2525943438548591,-0.03384578591479903,35.57458337148031,35.619230857262245,35.65983313930198,35.44108458136192,0.9536991601142988,0.9682944491672176,-0.014595289052918847,0.09692293237853877,25.555648352521285,0.09449901580810405,14.664369711752073,24.379742793562677,-9.715373081810604,35.66874885559082,35.510000228881836,35.58937454223633,34.572500228881836,0.003678753192179607,27.561006866372253,27.68561076497335,16.57278704316177,96.10845462445877,34.3881254196167,31.972500801086426,48.0,20.0,28.0,35.01499938964844,,1.0,0.0,64.46959827179066,0.7859050839526104,0.5284151271623014,0.37033246706496437,17.327516265391026,54.74812861708168,82.77766004040747,63.3332862383852,-17.222339959592535,0.23991866392248085,0.6055931330989957,0.6172174484047748,0.716178508059974,-0.09896105965519919,-8.22687701657492,-7.305519035194462,-0.9213579813804573,35.448136086082386,0.6196041446882461,0.6176924906025061,82.90637109420938,5.728215143004853,15186149.02419743
2017-04-26,36.11750030517578,36.150001525878906,35.845001220703125,35.91999816894531,33.53103256225586,80164800,-0.21250152587890625,0,5310051877.823719,3924160800,-0.08733204208261575,2916757.4949774295,-0.037570033765132176,-0.014705808023997385,45638699.96621972,35.64094326963979,34.507685221360376,1728.9516670126477,35.738999938964845,36.34034910712977,35.13765077079992,3.3652266106601103,0.6504934566824143,0.0,0.0,35.587916437784834,35.877166239420575,35.29866663614909,1.6255506395908865,1.074039686946228,1.0,0.0,35.01499938964844,36.3650016784668,35.69000053405762,3.777392459564892,0.6703683295892849,0.3560920129298537,1.7528653991457688,0.2232988665542237,0.24673524839473207,-0.023436381840508363,35.58166662851969,35.6405768761268,35.699858528477876,35.47655966192365,0.8945479662799642,1.0123459600320246,-0.11779799375206035,0.09301685160487784,25.22216870413053,0.053499603271482954,13.284131555429132,21.731878183035306,-8.447746627606174,35.66874885559082,35.510000228881836,35.58937454223633,34.688751220703125,0.0018393765960898036,26.89225567260808,26.00988606480322,18.000635611043737,55.83354997817468,34.50625038146973,32.15625,44.0,16.0,28.0,35.039199371337894,,0.0,0.0,59.36907387647907,0.6217419871944678,0.638298076756557,0.5141818447074178,17.45728873245864,50.409460696963514,74.79334413639602,74.62240732717318,-25.206655863603977,0.3437572479248061,0.23719572106668882,0.6294264964871618,0.6988281057454115,-0.06940160925824979,-7.384084715559623,-7.321232171267495,-0.06285254429212817,35.4711754619752,-0.5881174224692365,-0.5898536436753421,81.83066685899809,5.342562200869342,17150246.990641586
2017-04-27,35.97999954223633,36.040000915527344,35.82749938964844,35.9474983215332,33.556705474853516,56985200,0.027500152587890625,1,5317425398.119558,3981146000,-0.11793214895712613,2723949.523588006,-0.023773245818312444,-0.012733582508625375,45682327.521206796,35.630685754419595,35.421165300480624,1730.2753428780056,35.73487491607666,36.32927462072762,35.14047521142571,3.3267204994946877,0.6788555779829988,0.0,0.0,35.64041646321614,35.92241643269857,35.35841649373372,1.5824729196050293,1.0444714389165877,1.0,0.0,35.01499938964844,36.3650016784668,35.69000053405762,3.777828499438823,0.6907387784512355,0.34173296422475896,1.7462161369553164,0.22651295109878333,0.24269078893554233,-0.016177837836758996,35.5945831934611,35.67855761601375,35.7379569581787,35.511444007079916,0.9084290117036968,0.9864727112214811,-0.07804369951778423,0.09011743812960929,24.881665953701656,-0.327373695373538,12.433140187993375,19.384748233132147,-6.951608045138771,35.66874885559082,35.510000228881836,35.58937454223633,34.7762508392334,0.0009196882980449018,26.200123481858498,24.87997325087536,17.576447759302052,48.38635314706806,34.71250057220459,32.326250076293945,40.0,12.0,28.0,35.06291535339356,,0.0,0.0,59.81218433511682,0.7248896780351339,0.7108455830607371,0.6258529289931986,17.696847214966553,53.69384652842875,77.06608573932672,78.21236330537674,-22.93391426067328,0.38574986177331994,0.4330482119975202,0.637859026666512,0.6866342899296316,-0.04877526326311965,-9.03148084602211,-7.663281906218418,-1.3681989398036913,35.49371929137352,0.07655944874647158,0.07653015694999432,81.96987541519738,5.433620584460787,-9075075.786182761
2017-04-28,36.022499084472656,36.07500076293945,35.817501068115234,35.912498474121094,33.524044036865234,83441600,-0.034999847412109375,0,5295550749.166935,3897704400,-0.1243964271381295,1917607.6962436817,0.0038577192215622463,-0.010874189144356897,45601085.61553369,35.63767360595481,34.860548624592184,1730.2753428780056,35.73137493133545,36.3207038547039,35.142046007967004,3.2986635666886857,0.6536693140312776,0.0,0.0,35.6965830485026,35.97108294169108,35.42208315531413,1.5379617304855246,0.8932887242878436,0.0,0.0,35.01499938964844,36.3650016784668,35.69000053405762,3.7781985479502045,0.66481300950847,0.333309637284705,1.7337986874751716,0.2236577537136455,0.23888418189116298,-0.015226428177517487,35.6366662979126,35.6999998826247,35.76480949909291,35.54115174537927,0.916236083464106,0.9617370708665394,-0.04550098740243336,0.08764359767157437,24.673190564988,-0.28137416839599894,11.831027035739911,17.256572155648712,-5.425545119908801,35.66874885559082,35.510000228881836,35.58937454223633,34.8387508392334,0.0004598441490224509,25.662851060806712,24.274399647831554,16.63349621330608,48.72761816704708,34.843125343322754,32.40875053405762,36.0,8.0,28.0,35.086157015808105,,0.0,0.0,58.93130370801275,0.6728566493565012,0.6731627715287006,0.6741021437819983,17.635655081225757,56.57479487368208,74.17353417782178,75.3443213511815,-25.826465822178225,0.426566224939684,1.4262436941545362,0.6292923631624386,0.6751659045761931,-0.04587354141375444,-7.495759961306797,-7.629777517236095,0.13401755592929732,35.52687030267352,-0.09736379176946697,-0.0974112210976763,81.79270264461498,5.378613587937547,29303532.67763935
2017-05-01,36.275001525878906,36.79999923706055,36.2400016784668,36.64500045776367,34.20783615112305,134411600,0.7325019836425781,1,5355556189.341322,4032116000,-0.0848019103062614,15708915.686004978,0.23904063555275393,0.008135395836658052,48342659.3797629,35.73472734406718,45.12855218056366,1730.2753428780056,35.76787490844727,36.4765202405395,35.05922957635504,3.962468186360557,1.118874851490762,1.0,0.0,35.81458307902018,36.119832483927404,35.50933367411295,1.7046095677491657,1.8602276784059284,1.0,0.0,35.01499938964844,36.79999923706055,35.90749931335449,4.990511323306344,0.913165942550868,0.3887287498501798,1.7084523314155924,0.2773051760675642,0.24656838072644324,0.030736795341120976,35.73624960581461,35.75442299476037,35.90022349273457,35.622918316667004,0.9602923335566553,0.8206302136508684,0.13966211990578692,0.08943626454510617,24.66251255885762,-0.5053741455078153,12.743475136941388,15.600826522019885,-2.8573513850784966,35.95624923706055,35.72749900817871,35.84187412261963,35.22749900817871,50.00022992207451,26.816592288275785,33.808904212344096,13.871312687700973,181.6826239973064,34.94000053405762,32.59250068664551,100.0,4.0,96.0,35.108933844974366,,0.0,0.0,69.16617059142511,1.0,0.7992487757972114,0.7277523767955499,21.193566515007145,61.248263709050136,91.3165942550868,80.8520713907451,-8.683405744913202,0.5011768565458468,3.3709440595372544,0.7784459813271969,0.6958219199263939,0.08262406140080303,-1.2090257536538342,-6.345627164519643,5.136601410865809,35.67975017320501,2.039685387443657,2.0191624053047974,85.50070183589611,6.120301975103182,68125073.05172917
2017-05-02,36.8849983215332,37.022499084472656,36.709999084472656,36.877498626708984,34.424861907958984,181408800,0.2324981689453125,1,5368617091.470228,4213524800,-0.08221001062539297,19490101.13522804,0.05964578115645858,0.0327619663695451,49493627.132626735,35.9399107854419,58.25020305189057,1730.2753428780056,35.81549987792969,36.67248354412213,34.95851621173725,4.785546308795392,1.11961434661744,1.0,0.0,35.9653330485026,36.278582636515296,35.652083460489905,1.7419529389050787,1.955972510599784,1.0,0.0,35.01499938964844,37.022499084472656,36.01874923706055,5.605114270822407,0.9277706202708198,0.38760573753606026,1.6071037825601748,0.334723321861091,0.2641993689533728,0.07052395290771818,35.870832761128746,35.820480640117935,36.050573513346016,35.715850191484925,1.1783406949006208,0.721312059452457,0.45702863544816374,0.09510456995760286,24.51590501567865,-0.35799942016601705,14.700988829945,14.688177556262398,0.01281127368260293,36.15625,35.838748931884766,35.99749946594238,35.366249084472656,75.00011496103726,28.24513674381431,35.58547293939411,12.890743424573847,213.2903767219066,34.954999923706055,32.62625026702881,100.0,0.0,100.0,35.17657646065781,,0.0,0.0,71.58658706513222,1.0,0.8909522164521668,0.7877879212593597,24.943954878676582,61.91401128000508,92.40835239017765,85.96616027436205,-7.591647609822347,0.5947357626522276,4.579930035668027,0.9371842475162272,0.7440943854443606,0.19308986207186662,7.23062618822495,-3.630376493970724,10.861002682195675,35.93037944745275,0.634460816048521,0.632456586314234,86.67763110253988,5.945058456978835,84833849.25764453
2017-05-03,36.397499084472656,36.872501373291016,36.067501068115234,36.76499938964844,34.31983947753906,182788000,-0.11249923706054688,0,5502585053.863488,4030736800,-0.04182943328051743,13768156.609649288,-0.17450798261358735,0.021078681969601047,48936010.39316247,36.062040557080785,53.49556967196889,1730.2753428780056,35.84412479400635,36.783820141398046,34.90442944661465,5.243232204954429,0.9899857162207684,0.0,0.0,36.09608319600424,36.45108273824056,35.7410836537679,1.9669698804086637,1.4421366988677704,1.0,0.0,35.01499938964844,37.022499084472656,36.01874923706055,5.600638058150889,0.871731141235981,0.4298449196418293,1.512879000267717,0.36692023971886556,0.2847435431064714,0.08217669661239418,35.979791005452476,35.87990364661584,36.16048518662331,35.793564946904446,1.0022500384387287,0.719748034133591,0.2825020043051377,0.10230111642535121,24.452765541313017,-0.5441255569458008,17.405664027314234,14.413602207055881,2.9920618202583533,36.24250030517578,36.01874923706055,36.130624771118164,35.39875030517578,87.50005748051862,27.359846128409306,30.588846997929465,22.218343288990965,137.47024787452892,34.95750045776367,32.62625026702881,96.0,40.0,56.0,35.287331818086706,,0.0,0.0,68.77340471707556,0.8830095092533233,0.9610031697511073,0.8837347206668286,26.995108460548312,65.1097806261542,86.51833950808377,90.0810953844494,-13.481660491916237,0.6451915740966783,3.6875101600639746,1.0251011327403365,0.8002957349035558,0.22480539783678077,12.886745206065573,-0.32695215396346455,13.213697360029037,36.110608786484576,-0.30506200596552846,-0.30552826860450466,86.10814857640953,5.607538703211453,53135088.448400855
2017-05-04,36.630001068115234,36.78499984741211,36.45249938964844,36.63249969482422,34.19615936279297,93487600,-0.13249969482421875,0,5510317143.263807,3937249200,0.007568505196962569,10031694.4554353,0.05290424651947385,0.023733130299063383,48599084.548595846,36.13935842629091,59.69083993687863,1724.039494688171,35.8754997253418,36.874609610378506,34.87638984030509,5.569872992352809,0.8788371933957034,0.0,0.0,36.204083124796554,36.54833285013835,35.85983339945476,1.901717682810294,1.1222467855309115,1.0,0.0,35.01499938964844,37.022499084472656,36.01874923706055,5.595740018099756,0.8057287925602465,0.42011047345401364,1.359669077051129,0.377394541704426,0.30327374282606234,0.07412079887836365,36.09083271026611,35.90615360553448,36.2331028032696,35.85570826156518,1.069725794583434,0.7458396940277198,0.3238861005557142,0.10926677797625231,24.436008458311466,-0.7055015563964844,19.58937482277103,14.681727836292007,4.907646986479024,36.408748626708984,36.01874923706055,36.213748931884766,35.42124938964844,93.75002874025931,26.537790556961795,28.801098701495974,20.919804466420874,134.12758517341445,35.123748779296875,32.781249046325684,92.0,36.0,56.0,35.39144185406986,,0.0,0.0,65.5081895353218,0.7472205417266516,0.8767433503266581,0.9095662455099776,27.622156590145448,65.20400269421047,79.58118215680204,86.16929135168782,-20.418817843197957,0.7392870622522736,3.7747889137762773,1.0525368483906554,0.8507439576009758,0.20179289078967966,10.453782516784996,1.8291947801862274,8.624587736598768,36.17777953119069,-0.3603962927346771,-0.3610472847451529,85.43742170846302,5.462035756863912,-46118324.5478065
2017-05-05,36.689998626708984,37.244998931884766,36.689998626708984,37.2400016784668,34.76326370239258,109310800,0.6075019836425781,1,5617659462.296043,4046560000,0.09375053188172273,18085242.080881275,0.17706932037388937,0.038692269225515816,50411860.86434751,36.25044543769466,61.08752104851447,1724.039494688171,35.94174976348877,37.104816975377794,34.77868255159975,6.471956538245766,1.0581156023087606,1.0,0.0,36.35324974060059,36.73224983215332,35.97424964904785,2.0850960739801803,1.6698571552229076,1.0,0.0,35.01499938964844,37.244998931884766,36.1299991607666,6.20448241087489,0.9977590787247619,0.439349349814667,1.2466416121751052,0.42976180786170914,0.3285713558331917,0.10119045202851745,36.263333002726235,35.952692178579476,36.38801032253071,35.958248514669,1.103507205549127,0.6527257314333418,0.4507814741157853,0.1188978812477651,24.57025258065605,-0.3317491531372099,23.448358898071366,15.566725578439723,7.881633319631643,36.53125,36.1299991607666,36.3306245803833,35.53249931335449,96.87501437012966,26.670208454824568,33.611583930120766,18.746316685641087,176.18243629473756,35.18000030517578,32.8387508392334,100.0,32.0,68.0,35.48930528789403,,0.0,0.0,72.05845869996541,1.0,0.8767433503266581,0.9048299568014745,30.544080410383746,71.29238837640463,99.76566217429726,88.62172794639434,-0.23433782570274514,0.8889410804299729,5.885708323264209,1.1951689128751357,0.9196289486558078,0.2755399642193279,9.581290330078723,3.379613890164727,6.201676439913996,36.38669162001726,1.6583689038518257,1.6447681281172244,88.51265824618075,6.113108660203579,13594104.662937194
2017-05-08,37.25749969482422,38.42499923706055,37.25749969482422,38.252498626708984,35.708412170410156,195009600,1.0124969482421875,1,5755042872.636083,4241569600,0.18612158869283166,43708296.76617391,0.5231042608606488,0.07464447974415792,55713864.51576247,36.511116047413495,68.70460797244971,1724.039494688171,36.06262474060058,37.59882629615401,34.52642318504716,8.519632537028928,1.2127560436948934,1.0,0.0,36.561333084106444,37.037833023071286,36.0848331451416,2.606578583273712,2.274570576311574,1.0,0.0,35.01499938964844,38.42499923706055,36.71999931335449,9.455772761800697,0.9494133084837305,0.5139141706925753,1.0581834099353835,0.5466617096069655,0.3721894265879465,0.17447228301901896,36.48354117075602,36.03999988849346,36.674854677019674,36.12819296741271,1.1604812410497483,0.5360267240149101,0.6244545170348381,0.135211175237501,24.991303379162474,-0.4951236724853487,28.99737688094207,17.159281930571943,11.838094950370127,37.12125015258789,36.71999931335449,36.92062473297119,36.12249946594238,98.43750718506485,28.28483718264434,45.35027950900685,15.410432298369098,234.22281789205104,35.18124961853027,32.84000015258789,100.0,28.000000000000004,72.0,35.62976077941329,,0.0,0.0,79.16145091509475,1.0,0.9157401805755502,0.8897422937429557,36.30646916021064,74.7191633281244,94.79243440448113,91.37975957852682,-5.207565595518868,1.075984999712773,7.420662653932299,1.5131166679165193,1.0383264925079503,0.47479017540856905,14.654263660609704,5.634543844253723,9.01971981635598,36.83178589637916,2.7188423807930295,2.682538423266756,93.63802029173742,6.78815930106725,98267976.4933362
2017-05-09,38.467498779296875,38.720001220703125,38.36249923706055,38.497501373291016,35.93711853027344,156521600,0.24500274658203125,1,5716734604.774328,4398091200,0.1766807326461021,42942571.78520821,0.15988314795029734,0.08955877965634475,56716366.92151744,36.76561588451608,74.8435848400866,1735.0817645157315,36.19787483215332,38.05741138434871,34.338338279957924,10.274285774056723,1.11833324502891,1.0,0.0,36.8031665802002,37.289666748046876,36.31666641235351,2.6437951570635496,2.2413506768046814,1.0,0.0,35.01499938964844,38.720001220703125,36.86750030517578,10.235412571137084,0.9399460897570538,0.5092730130227319,0.7413739204239239,0.6515645672873518,0.4280644547278276,0.22350011255952418,36.727707862854004,36.13932682917668,36.955261861061416,36.303697293774064,1.3255405486253629,0.48165513016912576,0.8438854184562371,0.1563294180899267,25.28128404338042,-0.2878749847412081,34.8685790688972,19.55755387651284,15.311025192384356,37.26875114440918,36.86750030517578,37.06812572479248,36.27000045776367,99.21875359253242,30.047908833607288,46.5980260170507,14.327232425302977,224.28783810009577,35.18124961853027,32.983750343322754,100.0,24.0,76.0,35.90928462517802,,0.0,0.0,80.4561337083833,1.0,1.0,0.9308278436340696,41.13633241094656,74.95064436707926,93.51312455930797,96.02374037936211,-6.486875440692028,1.316132276198445,8.237858205344663,1.7947609082755671,1.1896133756614737,0.6051475326140934,15.554497298184177,7.618534535039814,7.935962763144364,37.23109831216009,0.6404882174440907,0.6384458079498945,94.87824899619798,6.39580417976245,13675708.814845592
2017-05-10,38.407501220703125,38.48500061035156,38.02750015258789,38.314998626708984,35.766754150390625,103222800,-0.18250274658203125,0,5743244560.188691,4294868400,0.1940572628484268,34116712.31448023,-0.126316628354992,0.073671154270611,56227024.91650728,36.93535886024088,68.3884434223427,1726.8563686777509,36.34324970245361,38.3791390217563,34.30736038315092,11.203672406682129,0.9842475731762063,0.0,0.0,37.03358319600423,37.5353333791097,36.53183301289876,2.7097036786848556,1.7769456532867787,1.0,0.0,35.11249923706055,38.720001220703125,36.916250228881836,9.926195409539911,0.887733230409703,0.5053458337907711,0.6169799195344253,0.7117695550043308,0.4848054747831283,0.2269640802212025,36.92812442779541,36.2312498826247,37.1644521326995,36.45268257769517,1.2707737170425946,0.5583098760722591,0.7124638409703354,0.1783900965863384,25.45713599174399,-0.2107500076293931,41.350710133101565,22.770617203747083,18.580092929354482,37.26875114440918,36.86750030517578,37.06812572479248,36.39500045776367,99.60937679626622,30.791797708238686,43.30262940323861,18.35464523896322,164.23938675861527,35.24374961853027,32.983750343322754,96.0,20.0,76.0,36.24657061664103,,0.0,0.0,76.63655881894988,0.8474123317451759,0.9491374439150584,0.9549592081635363,43.41000949489799,73.12049081635656,87.56707192827548,91.95754363068818,-12.432928071724513,1.5826100405524812,6.697295431679579,1.9525848433438793,1.342207669197955,0.6103771741459243,12.685669684012666,8.631961564834384,4.053708119178282,37.50088073014796,-0.47406387446393694,-0.47519112124008167,93.95440161851911,5.909708153871179,-28480315.149736658
2017-05-11,38.11249923706055,38.51750183105469,38.07749938964844,38.48749923706055,36.076080322265625,109020400,0.1725006103515625,1,5837397339.055386,4403888800,0.22193468768265057,31929479.918236125,0.01664844507686123,0.07365703374430159,56717853.21390574,37.08889569474318,69.28685089866148,1726.8563686777509,36.495124626159665,38.6888802712559,34.30136898106343,12.022184703124703,0.9541013068968043,0.0,0.0,37.27583325703939,37.800333531697596,36.751332982381186,2.8141572103376418,1.6550670596033028,1.0,0.0,35.11249923706055,38.720001220703125,36.916250228881836,9.884887421528969,0.9355504211233128,0.498811494552319,0.4095179854478422,0.7645881034145745,0.5407620005094176,0.22382610290515692,37.12437438964844,36.31951904296875,37.36799784106274,36.603409737648164,1.2446252694626239,0.5597470170864045,0.6848782523762194,0.20067057003940164,25.557055990640045,-0.5751264572143526,47.36313460926207,26.718629156360656,20.644505452901413,37.39375114440918,36.86750030517578,37.13062572479248,36.447500228881836,99.8046883981331,31.51856895176894,40.91229458006854,17.133080703231425,145.79792932823167,35.31874942779541,33.048749923706055,92.0,16.0,76.0,36.54338228912848,,0.0,0.0,77.71352760708224,0.8725840760993769,0.9066654692815174,0.9519343043988586,45.55501738672249,75.59155520736314,92.0512225276875,91.04380633842364,-7.9487774723125,1.8294264064115637,6.517676778874142,2.088843932559002,1.4915349218701643,0.5973090106888375,10.6600842007683,9.037586092021169,1.6224981087471306,37.75340978031558,0.4502169294906766,0.4492064847331001,94.82761717009802,6.0632355311519035,6376890.97311151
2017-05-12,38.67499923706055,39.10499954223633,38.66749954223633,39.025001525878906,36.57990264892578,130108000,0.5375022888183594,1,5919924164.59947,4533996800,0.28843058223187634,37358603.90042798,0.19797219056444257,0.08127770953935172,58534893.790193394,37.27899206128906,70.55581517176783,1726.8563686777509,36.68324966430664,39.05962985661404,34.30686947199925,12.956214152529938,0.9927140592134148,0.0,0.0,37.57558326721191,38.1180835723877,37.03308296203613,2.887515019090402,1.8358686113525302,1.0,0.0,35.11249923706055,39.10499954223633,37.10874938964844,10.883714888162006,0.9799629279292191,0.5106803756146652,0.35240080710876204,0.8401345777338634,0.6006365159543068,0.23949806177955657,37.383124669392906,36.43567290672889,37.62292148488061,36.78278690714674,1.27983600466764,0.5480112818741726,0.7318247227934674,0.2246200203004633,25.664423666485902,-0.7357513427734403,54.81491505316478,31.39323359149659,23.421681461668193,37.58625030517578,37.05999946594238,37.32312488555908,36.68375015258789,99.90234419906653,32.79023143968228,45.86844801601371,15.567235945681663,160.30974653884581,35.41187572479248,33.1200008392334,100.0,12.0,88.0,36.80457656091744,,0.0,0.0,80.69904419556879,1.0,0.9066654692815174,0.9208227941593644,48.47198950443638,75.87199816972567,97.56659913343962,92.39496452980086,-2.4334008665603775,2.106558968039117,8.644219140350707,2.2840427503622047,1.6500364875685725,0.6340062627936323,10.332987718757051,9.296666417368346,1.0363213013887052,38.119964082204916,1.396563298404141,1.386901207395752,97.54850816665093,6.4555975838647015,30238476.60573429
2017-05-15,39.002498626708984,39.162498474121094,38.76250076293945,38.92499923706055,36.48616409301758,104038800,-0.10000228881835938,0,5900416579.53791,4429958000,0.2465922082398459,30535357.896664627,0.029315847544381133,0.07837669316205322,58268292.43928719,37.43145153052465,71.16256132839709,1722.431267266446,36.856624603271484,39.35293054334913,34.36031866319384,13.546036659342207,0.914287087288012,0.0,0.0,37.81441650390625,38.34091682434082,37.28791618347168,2.784653944773597,1.5546838150427182,1.0,0.0,35.11249923706055,39.162498474121094,37.13749885559082,10.988524534341268,0.9413582020245215,0.49961210917136273,0.3589939927000899,0.8817718371069603,0.6568635801848375,0.2249082569221228,37.63124974568685,36.551442072941704,37.823241139062134,36.94146930195517,1.2738988844014831,0.5854238736427436,0.6884750107587395,0.24758875349722784,25.779253540908424,-0.9441261291503906,60.02580216137229,36.42932396165517,23.59647819971712,37.614999771118164,37.088748931884766,37.351874351501465,36.71249961853027,99.95117209953327,34.02426703877104,43.980894993521765,14.634222486876252,136.4122546589173,35.41187572479248,33.1200008392334,100.0,8.0,92.0,37.12663577830208,,0.0,0.0,78.58964966697489,0.9030953842085827,0.9252264867693195,0.9128524751107848,50.007026360908256,74.17019407562246,92.89986782548402,94.1725631622037,-7.100132174515978,2.213676643371585,8.282915514440031,2.3869430582185625,1.7974178016985705,0.589525256519992,8.247040728649752,9.086741279624627,-0.8397005509748752,38.30250386924145,-0.256251851142264,-0.256580738171186,97.04228645756996,6.004571755804882,-5181955.324441791
2017-05-16,38.98500061035156,39.01499938964844,38.68000030517578,38.86750030517578,36.43227005004883,80194000,-0.057498931884765625,0,5909992227.856023,4349764000,0.27035551602535124,25514439.719488695,-0.048039526696697976,0.07762887223836994,58149832.08131815,37.5658256205078,70.90680687963108,1719.88693945517,37.03499965667724,39.57042475304913,34.499574560305355,13.692048710008628,0.8613793700947402,0.0,0.0,38.012833277384445,38.54158350626628,37.484083048502605,2.7819564252076634,1.3081954211147377,1.0,0.0,35.11249923706055,39.162498474121094,37.13749885559082,10.935599499405829,0.9271609322179972,0.48315080670149213,0.34030205590487667,0.8997581302306088,0.7054424901939919,0.19431564003661694,37.87749989827474,36.66807673527644,37.98389639538731,37.0841382651567,1.2781906431977317,0.5968943568228744,0.6812962863748573,0.26803933266942565,25.867454871448782,-0.3899991989135714,64.42571625263795,41.65377420891337,22.771942043724586,37.807498931884766,37.088748931884766,37.448123931884766,36.71249961853027,99.97558604976663,34.932115320168506,41.72537122935861,15.146697373678283,112.78927254400423,35.53687572479248,33.21750068664551,96.0,4.0,92.0,37.45237380963312,,0.0,0.0,77.33790330309094,0.8455907311831785,0.9162287051305867,0.916040220393808,50.81263140718163,71.75405808926826,91.18091486661093,93.88246060851152,-8.819085133389061,2.1788971171659597,8.228338201487405,2.4262613945542273,1.923186520269702,0.5030748742845252,4.864474310976719,8.242287885895045,-3.377813574918327,38.41374354093786,-0.14771723317086316,-0.14782644263644507,96.75122104383824,5.900538678638398,-15519683.17444536
2017-05-17,38.400001525878906,38.64250183105469,37.4275016784668,37.5625,35.20903396606445,203070800,-1.3050003051757812,0,5752047705.567204,4146693200,0.2074215401676395,-15988688.236479692,-0.48612863422450747,0.04460348735221316,51331604.670459926,37.64944423049285,65.21059609953866,1719.88693945517,37.15462474822998,39.548605738503085,34.76064375795687,12.88658414124963,0.5851876546696162,0.0,0.0,38.14375,38.71350021362305,37.57399978637695,2.9873843742319464,-0.010091954423171175,0.0,1.0,35.290000915527344,39.162498474121094,37.22624969482422,10.422652859058235,0.5868303465884912,0.5788355887022414,1.0489328284752812,0.7994937129746589,0.7242527347501253,0.07524097822453357,37.9539581934611,36.73615367595966,37.91906618071234,37.11957246773768,1.078193266597642,0.6585578073290831,0.41963545926855883,0.27825674165010855,25.975351676295674,-0.27712612152099325,66.01272357267081,46.81192407001335,19.20079950265746,37.92624855041504,37.088748931884766,37.5074987411499,36.71249961853027,94.86806913315607,32.983316956115274,33.720110600251196,28.928181443773944,46.77963478689779,35.679375648498535,33.26000118255615,92.0,0.0,92.0,,39.162498474121094,0.0,1.0,55.66673752511952,0.0,0.5828953717972535,0.80811685456572,43.20907126059981,53.52138960237429,52.16742257413006,78.74940175540833,-47.83257742586994,2.0736179576200655,2.503750936758264,2.153833300934528,1.9693158764026673,0.18451742453186082,10.372723360264246,8.668374980768885,1.7043483794953609,38.38771981525211,-3.3575617030406235,-3.4152221398028093,90.14517739580552,4.58045139874983,123725806.24891388
2017-05-18,37.817501068115234,38.334999084472656,37.782501220703125,38.1349983215332,35.74565505981445,134272800,0.5724983215332031,1,5789108681.945679,4280966000,0.20153336423445348,-2723025.2559020985,0.009771851832574051,0.045025925395856856,53378085.93841503,37.75452582749038,70.37063346398224,1746.1001144585634,37.28087463378906,39.60088380845997,34.96086545911815,12.446109150927462,0.6840776530259409,0.0,0.0,38.289833323160806,38.881583277384436,37.69808336893717,3.090898564270819,0.3691719361172231,0.0,0.0,35.462501525878906,39.162498474121094,37.3125,9.924651673511814,0.722297027008079,0.5982019382792829,1.2022015235533825,0.7574973124209379,0.7309016502842878,0.0265956621366501,38.05874983469645,36.84105741060697,37.9522865100694,37.19478919764846,1.0896419916754276,0.691172625409671,0.3984693662657567,0.2837445575013683,26.09791851410574,-0.5158752441406236,69.23537375969362,51.899370165749154,17.33600359394446,38.209999084472656,37.13749885559082,37.67374897003174,36.71249961853027,78.59740095342522,31.173718475208698,30.355510967864973,26.04172149691366,52.568417038815575,35.50187587738037,33.26000118255615,88.0,16.0,72.0,,39.127798538208005,0.0,0.0,60.84964939442259,0.2070489123330179,0.3508798811720652,0.616667986033302,39.05669617045844,56.57334373467944,66.80125965230145,70.0498656976808,-33.198740347698546,1.9653163909912124,3.409937608711506,2.0365683708965037,1.9827663753014346,0.05380199559506904,9.938929477560086,8.922485880127125,1.0164435974329606,38.371505452123714,1.5241219874428058,1.5126239306960443,93.04322185255711,5.84175631630238,-8665130.211759895
2017-05-19,38.345001220703125,38.494998931884766,38.157501220703125,38.26499938964844,35.86751174926758,107843200,0.13000106811523438,1,5749964890.262341,4388809200,0.18154845785370752,-331202.9066353927,0.08371470059499064,0.033931215756016625,53745720.18008348,37.87079791211855,70.04643601214646,1752.0525174979407,37.41574954986572,39.633010948645634,35.19848815108581,11.852021811429235,0.6915087324052163,0.0,0.0,38.41458333333334,38.98458302815756,37.84458363850912,2.967621384192472,0.36878594405999426,0.0,0.0,35.79499816894531,39.162498474121094,37.4787483215332,9.000221419292311,0.7334821074572085,0.5743818054865109,1.3100353811683962,0.7263321571652881,0.7299877516604879,-0.00365559449519981,38.18374983469645,36.94932658855732,38.00039618385079,37.2740640266855,1.125,0.7349186610493521,0.3900813389506479,0.285961928609963,26.142161077066195,-0.7832498550415039,71.58120867947162,56.63090703225243,14.950301647219185,38.295000076293945,37.13749885559082,37.71624946594238,36.71249961853027,39.29870047671261,29.743813516571855,31.0273850393236,24.79983163379127,59.63237566390446,35.50187587738037,33.26000118255615,84.0,12.0,72.0,,39.09379260101318,0.0,0.0,61.93781558289094,0.25051938442310834,0.15252276558537511,0.3620993395182314,36.336131072593346,54.39255233986139,71.0016207854955,63.323434337309,-28.99837921450449,1.7822503146003328,4.0799674279944105,1.9486261456365142,1.9759383293684505,-0.027312183731936335,7.8262369645471646,8.703236097011134,-0.8769991324639692,38.366917378782546,0.340897007570673,0.3403172708849045,93.70130041917051,5.798575769017063,-10326242.13831067
2017-05-22,38.5,38.64500045776367,38.227500915527344,38.497501373291016,36.08544921875,91865600,0.23250198364257812,1,5776919799.237625,4480674800,0.18543112742856616,2767388.1126718954,0.04999173190780232,0.03324164080968404,54303904.802302346,38.0015070544049,68.66513398101264,1762.6981647542282,37.54512462615967,39.696839625239264,35.393409627080075,11.46202081098104,0.7213064340627662,0.0,0.0,38.46241683959961,38.95741653442383,37.96741714477539,2.573939629891299,0.5354389447693154,0.0,0.0,35.817501068115234,39.162498474121094,37.489999771118164,8.90927234710848,0.8011965271972731,0.5586935791614926,1.3589330161967823,0.712184889980179,0.7264271793244261,-0.014242289344247094,38.33916664123535,37.07374968895545,38.07687390530313,37.36468901532295,1.0857391045412539,0.7520203368388039,0.33371876770245,0.28656940769546063,26.194611095737944,-0.3051229476928725,71.2912251473522,60.677867707636324,10.61335743971587,38.295000076293945,37.13749885559082,37.71624946594238,36.71249961853027,19.649350238356305,28.650312989065046,31.302887002807868,23.405794841496256,63.163814484357076,35.50187587738037,33.26000118255615,80.0,8.0,72.0,,39.06046678256225,0.0,0.0,63.871873342032046,0.3277818510668343,0.2617833826076532,0.25506200978836463,34.85477234929602,52.86139615911753,78.51380749012431,72.10556264264041,-21.4861925098757,1.602294618943155,5.091112247331299,1.906037247327598,1.96195811296028,-0.05592086563268217,5.019363019473938,7.966461481503695,-2.947098462029757,38.368391540477475,0.6076100544914143,0.6057715481407211,94.87824899619798,5.958586179787261,-8548620.809529036
2017-05-23,38.724998474121094,38.724998474121094,38.32749938964844,38.45000076293945,36.040931701660156,79675600,-0.0475006103515625,0,5746353094.322172,4400999200,0.16366818756655085,1831384.149414917,0.044899843975759926,0.04891362842320884,54205596.09407141,38.179254189582956,77.22950748403431,1760.5232381822534,37.66099967956543,39.74446497817578,35.57753438095508,11.064312239915509,0.6893482660595022,0.0,0.0,38.45983339945475,38.95883280436198,37.96083399454753,2.594911942152623,0.4901476470526752,0.0,0.0,35.817501068115234,39.162498474121094,37.489999771118164,8.881860371382626,0.7869960347645206,0.542574129692609,1.4124871221315474,0.6891955591378292,0.7189808552871068,-0.029785296149277607,38.43999989827474,37.18884585453914,38.134278037247185,37.445082478109356,1.1806601382403221,0.7123368201765746,0.4683233180637475,0.2852343786313925,26.25450907260816,0.5914989471435561,70.16193859825978,63.87911531487613,6.2828232833836495,38.295000076293945,37.13749885559082,37.71624946594238,36.908748626708984,9.824675119178153,27.761811743729456,30.693769553807932,22.13030302431517,60.843563327508434,35.60000038146973,34.05875110626221,76.0,4.0,72.0,,39.02780748048034,0.0,0.0,63.165695278855694,0.29957118424842244,0.292624139912788,0.23564342936860552,33.48091046777506,47.266517856448296,73.70856266099858,74.40799697887279,-26.291437339001423,1.4639635759241472,3.2491918097101253,1.840550249931316,1.9376765403544876,-0.09712629042317156,1.8590623993707385,6.744981665077105,-4.885919265706367,38.36882746308308,-0.12338621639615965,-0.12346239986116281,94.63779609818248,5.775918558820614,-7832220.803350449
2017-05-24,38.459999084472656,38.54249954223633,38.16749954223633,38.334999084472656,35.93313217163086,76712000,-0.11500167846679688,0,5738170293.703683,4324287200,0.17739305655183416,309470.8768492257,-0.0837137880881271,0.03915519737980877,53976155.03858389,38.273508991797996,72.48612604161816,1755.2576172887968,37.7817497253418,39.722662691927425,35.84083675875617,10.274341345730619,0.6425229695137006,0.0,0.0,38.46708335876465,38.957832717895506,37.97633399963379,2.5515288203884228,0.3654259329793947,0.0,0.0,35.817501068115234,39.162498474121094,37.489999771118164,8.853474045862491,0.752615835168457,0.5258167167233481,1.4788145754334352,0.6541559716299332,0.706015878555672,-0.05185990692573883,38.446874936421715,37.30557661790114,38.165158198358796,37.51100222672886,1.1139923052605567,0.7252708366982288,0.3887214685623279,0.28146767069452944,26.240982015615327,0.7157516479492188,68.94753217400624,66.2773817109588,2.6701504630474346,38.295000076293945,37.13749885559082,37.71624946594238,36.908748626708984,4.912337559589076,26.581461624094295,29.083562572622185,23.207646441767498,45.83775916599857,35.60000038146973,34.15500068664551,72.0,0.0,72.0,,38.99580136444007,0.0,0.0,61.39585809883728,0.22886906305286706,0.2854073661227076,0.27993829621438304,31.83257435949074,47.48709759169896,66.53187297404463,72.91808104172249,-33.46812702595537,1.463367574355182,0.21567338272137784,1.7439042755402774,1.8989220873916457,-0.15501781185136831,-0.9624826650184274,5.2034887990579985,-6.165971464076426,38.368670123410574,-0.29909408630660606,-0.2995422665457603,94.05564596033531,5.657040569804451,-596041.0047723055
2017-05-25,38.432498931884766,38.587501525878906,38.25749969482422,38.467498779296875,36.05733108520508,76942400,0.13249969482421875,1,5759153614.330677,4401229600,0.18153119869148007,1721667.111448332,0.028950846446399548,0.028575306384988067,54242095.94800136,38.361740671914454,72.01041284880787,1755.2576172887968,37.90774974822998,39.675458386924205,36.14004110953576,9.326370731234253,0.6583261570414597,0.0,0.0,38.47475001017253,38.954499308268225,37.995000712076816,2.4938397154958056,0.49244268735313573,0.0,0.0,35.817501068115234,39.162498474121094,37.489999771118164,8.824046344671373,0.7922271348921335,0.506235228156482,1.5273069659365832,0.6298183106723485,0.6907763649790074,-0.060958054306658904,38.44437472025553,37.432403564453125,38.21167213388773,37.58185382321538,1.1067743690445224,0.7745853258368515,0.33218904320767095,0.2763847298573631,26.140546065098818,0.4072488784790025,68.46032199316409,67.79353803762541,0.6667839555386763,38.295000076293945,37.22624969482422,37.76062488555908,36.908748626708984,2.456168779794538,25.56657392449802,28.351978650483705,22.108488036638185,49.08991113809634,35.541250228881836,34.20250129699707,68.0,0.0,68.0,,38.9644353707206,0.0,0.0,62.69285642139484,0.2806820397646247,0.2697074290219711,0.28257964501915567,30.858630925941483,46.92025264857167,63.51705300930747,67.91916288145022,-36.48294699069253,1.4647573583266293,-0.07793387343043508,1.675857485995786,1.8543091671124738,-0.17845168111668785,-3.251552408232259,3.5124805575999476,-6.7640329658322065,38.36913040186906,0.3456363583894895,0.34504040874590025,94.72637282828182,5.846774648912536,4581580.570604086
2017-05-26,38.5,38.560001373291016,38.32749938964844,38.40250015258789,35.99639892578125,87710400,-0.06499862670898438,0,5728030662.013165,4313519200,0.17741930055816468,661278.1600848985,0.005632871286556566,-0.008386935727447089,54093891.47074109,38.41413843599869,64.40919488573401,1755.2576172887968,38.03224983215332,39.553940605892286,36.51055905841435,8.002107582142017,0.6216575426572458,0.0,0.0,38.42450002034505,38.88374951680501,37.96525052388509,2.39039933488684,0.47604802190667445,0.0,0.0,36.067501068115234,39.162498474121094,37.614999771118164,8.137823609344506,0.7544429859429213,0.4788619037050917,1.5856901816328997,0.5983878504048974,0.6722986620641854,-0.07391081165928803,38.451666514078774,37.53980739300068,38.24103029061084,37.64264244020594,1.0531526791811734,0.9142437089974355,0.13890897018373793,0.2697428746750012,26.055914163093504,0.455249404907228,65.8464577278638,68.44027754501334,-2.5938198171495515,38.22125053405762,37.3125,37.76687526702881,36.908748626708984,1.228084389897269,24.624178203444334,27.368477613476472,21.341567280286508,44.352211584236606,35.519999504089355,34.295000076293945,64.0,0.0,64.0,,38.93369669687552,0.0,0.0,61.59951255491619,0.2370047278463686,0.24885194355461981,0.2679889128997663,29.750470114773808,53.527032604929566,56.195981258478646,62.08163574727691,-43.804018741521354,1.4143603380988665,0.22837408068679885,1.5896542102627789,1.801378175742535,-0.21172396547975603,-4.244658116106757,1.9610528228586068,-6.205710938965364,38.370471212052585,-0.16897024441829833,-0.16911316014849298,94.397343200167,5.7241361728485245,17602969.42918481
2017-05-30,38.35499954223633,38.60749816894531,38.33250045776367,38.41749954223633,36.01045608520508,80507600,0.0149993896484375,1,5697291274.728004,4394026800,0.14336264507702956,739319.1175099912,0.00896610529847286,-0.01916672448829169,54125336.42503476,38.40422511319067,62.55307452908994,1755.9431922599704,38.12087478637695,39.50972920038607,36.732020372367835,7.286582072379118,0.6067875627810149,0.0,0.0,38.37475001017253,38.821499506632485,37.92800051371256,2.3283513056972907,0.547845081418728,0.0,0.0,36.067501068115234,39.162498474121094,37.614999771118164,8.11890446730226,0.7592893194549724,0.4584754844527466,1.6393618118827362,0.568140143666966,0.6514669583847416,-0.08332681471777559,38.44583320617676,37.64942271892841,38.26817940624553,37.700039262578564,0.9103817032368092,0.9639336662288218,-0.05355196299201259,0.2618907265760044,26.00485863695174,0.9041267395019545,61.89892725865289,68.15952321234835,-6.260595953695457,38.076250076293945,37.4787483215332,37.777499198913574,36.908748626708984,0.6140421949486345,23.84564673502353,26.941226224037056,20.438485141848933,42.59321288080272,35.50125026702881,34.48875045776367,60.0,0.0,60.0,,38.90357279650735,0.0,0.0,61.76522356328472,0.24362461352251188,0.25377046037783474,0.2574432776514753,28.883528865675522,48.077925930573414,57.06050099050392,58.92451175276333,-42.93949900949608,1.343977726207065,-0.18187644355135016,1.5070014641361595,1.74250283342126,-0.23550136928510046,-5.5823919677475775,0.45236386473737,-6.034755832484947,38.37197573564488,0.03905836752513547,0.03905074173036205,94.47327162893322,5.766353752315318,5762917.467720255
2017-05-31,38.49250030517578,38.54249954223633,38.095001220703125,38.189998626708984,35.797210693359375,97804800,-0.22750091552734375,0,5641011556.936531,4296222000,0.11842687716340049,-2544966.691129829,-0.06920278263656016,-0.015087164079832276,53546155.535906196,38.40470164680972,62.78446451252559,1755.9431922599704,38.186499786376956,39.452773369370334,36.92022620338358,6.63204844684467,0.5013815499189983,0.0,0.0,38.31691665649414,38.774916076660155,37.858917236328125,2.390585987238568,0.3614430235095598,0.0,0.0,36.067501068115234,39.162498474121094,37.614999771118164,8.104951811032443,0.685783307758201,0.4573777681607923,1.731607727557515,0.5198190451986946,0.6251373757475321,-0.10531833054883755,38.37624963124593,37.7371149796706,38.25615159400914,37.736332548810445,0.9261688372528811,0.9407885050394186,-0.01461966778653745,0.2518476618772934,26.01151718192379,0.7384994506835909,57.24886707711057,67.1857613795083,-9.93689430239774,38.25374984741211,37.489999771118164,37.87187480926514,36.908748626708984,0.3070210974743173,22.49971022679713,25.0812908989437,22.691442875308717,15.413264597288984,35.505624771118164,34.572500228881836,56.00000000000001,12.0,44.00000000000001,,38.87405137414654,0.0,0.0,57.69824860491248,0.08115556854339608,0.18726163663742523,0.2299613468566267,27.011166304941288,45.3267736941468,43.948032074297686,52.40150477442674,-56.051967925702314,1.2174044889562268,-2.139661413251197,1.377502820461764,1.669502830829361,-0.2920000103675968,-5.198575834018936,-0.6778240750138911,-4.520751759005044,38.364099888698654,-0.5921804340160874,-0.5939407753867254,93.32163896495571,5.53585442928437,26390001.283455133
2017-06-01,38.29249954223633,38.33250045776367,38.05500030517578,38.29499816894531,35.8956298828125,65616400,0.10499954223632812,1,5688892722.119018,4361838400,0.08534731963437547,-1197158.311940453,-0.052864099635893363,-0.020052345845029036,53726561.19736064,38.399868962002245,57.02723301064329,1760.7709806341588,38.2629997253418,39.34847728317728,37.17752216750632,5.673771348964906,0.5147393390920582,0.0,0.0,38.35191650390625,38.716165924072264,37.987667083740234,1.899510915596174,0.4218690108895781,0.0,0.0,36.45249938964844,39.162498474121094,37.807498931884766,7.0825578337440405,0.6798890781379766,0.43939000660350214,1.8023199322422263,0.4844128028142052,0.5969924611608668,-0.11257965834666162,38.32374954223633,37.82028799790602,38.26212799015316,37.777715187338956,0.9108939624614031,0.9756636093837923,-0.06476964692238918,0.24083952130367411,25.96877024640888,0.6045005798339815,56.12480568520384,65.72903159345388,-9.604225908250044,38.38999938964844,37.489999771118164,37.9399995803833,36.908748626708984,0.15351054873715864,21.147007286715525,23.97590969052174,22.326672344419805,-3.7263214826713495,35.58937454223633,34.572500228881836,52.0,8.0,44.0,,38.84512038023294,0.0,0.0,59.03881680752919,0.13470909120773986,0.15316309109121565,0.19806506270215862,25.77574040920925,45.70229416423989,49.99989006615819,50.33614104365325,-50.00010993384181,1.1028384264777742,-1.6184998855835802,1.2822713083944106,1.592056526342371,-0.3097852179479603,-7.509624699108292,-2.044184199832771,-5.465440499275521,38.356434776514604,0.2749398952921034,0.27456262691130107,93.85315727670293,5.756453635417685,-13555087.484310418
2017-06-02,38.39500045776367,38.86249923706055,38.22249984741211,38.86249923706055,36.427581787109375,111082800,0.5675010681152344,1,5799975522.119018,4472921200,0.1316311644025506,7979522.539655462,0.20093052212496426,-0.01984103644784891,55372718.937625326,38.37009307065386,56.40834313613134,1760.7709806341588,38.37449970245361,39.19224441322057,37.55675499168665,4.261917247690783,0.7983813457804223,0.0,0.0,38.408416493733725,38.78141606648764,38.03541692097982,1.942280399999113,1.1086907016732774,1.0,0.0,36.689998626708984,39.162498474121094,37.92624855041504,6.443080343934807,0.8786656195855596,0.45945094490799565,1.8028307327899231,0.4964232359772751,0.5768786161241485,-0.08045538014687337,38.32333278656006,37.933461115910454,38.35449279736968,37.858069561392405,0.8749990747926254,0.966417534416291,-0.09141845962366557,0.23217687125132716,26.081923293249805,-0.8119997024536119,55.19906340854045,63.908793230017096,-8.70972982147665,38.458749771118164,37.489999771118164,37.974374771118164,36.908748626708984,0.07675527436857932,21.01870817203183,29.78084608525685,20.123873739573856,73.79836291372811,35.58937454223633,34.688751220703125,48.0,4.0,44.0,37.4275016784668,,1.0,0.0,65.41774651123987,0.42538264448153595,0.21374910141089032,0.18472460971317717,26.48173975577826,55.44756516722485,82.70894575644377,58.885622632299864,-17.29105424355623,1.0352573731366306,-0.012866966169595448,1.311274562408028,1.5359001335555025,-0.2246255711474745,-5.4689053006891175,-2.7291284200040407,-2.739776880685077,38.41222733433658,1.4819195593419376,1.4710464206010077,96.72590513078828,6.291339665055631,48183910.10212715
2017-06-05,38.584999084472656,38.61249923706055,38.3650016784668,38.48249816894531,36.07138442993164,101326800,-0.3800010681152344,0,5794856082.377957,4371594400,0.08081772868383269,1338977.5727477213,-0.0131285772210626,-0.022872781073952037,54381936.22975512,38.33530180946197,48.98972641498621,1743.5540011170715,38.43662452697754,39.06764276535557,37.805606288599506,3.283421716363984,0.5363489033896127,0.0,0.0,38.42649981180826,38.79049936930338,38.06250025431315,1.8945236192616288,0.5769209137538542,0.0,0.0,37.25749969482422,39.162498474121094,38.209999084472656,4.956207270385598,0.6430442304919661,0.4632556062765711,1.8208770645179788,0.4698623991359838,0.5554753727265156,-0.08561297359053177,38.39999930063883,38.030961110041694,38.374185931458236,37.90432353232225,0.8470017206140336,0.975358068422748,-0.1283563478087144,0.22298793754137344,26.11970705941757,-0.30162620544433594,52.04890288350577,61.77075742292305,-9.72185453941728,38.458749771118164,37.489999771118164,37.974374771118164,36.908748626708984,0.03837763718428966,20.89957327982554,27.508793326968227,18.588574752212786,21.49656213596914,35.58937454223633,34.7762508392334,44.0,0.0,44.0,37.45620162963867,,0.0,0.0,58.81306399512209,0.1451849200102003,0.23509221856649173,0.200668137022866,25.089700126259352,52.271432229665734,66.45656765660706,66.38846782640299,-33.543432343392936,0.9517573749317876,2.449246373232113,1.2396010675017504,1.4766403203447522,-0.23703925284300187,-4.621765298578162,-3.107655795718865,-1.5141095028592972,38.41348728107709,-0.9778091362504404,-0.982621083250601,94.80230125704804,5.598408829733756,16699843.54606612
2017-06-06,38.474998474121094,38.95249938964844,38.44499969482422,38.61249923706055,36.19325256347656,106499600,0.13000106811523438,1,5758656561.098323,4478094000,0.0017175028256357931,3125561.0271902205,0.10007030193844708,-0.012293507600013102,54741711.77481103,38.33110407898066,55.64937309564721,1743.5540011170715,38.454624557495116,39.084143362671405,37.82510575231883,3.2740863416053867,0.6253931401788865,0.0,0.0,38.44783299763998,38.82083257039388,38.07483342488607,1.9402891849681123,0.7207324772583741,0.0,0.0,37.4275016784668,39.162498474121094,38.295000076293945,4.511802717148442,0.6829969724219964,0.46768001513133584,1.825792340602126,0.45406852500302364,0.5351940031818172,-0.08112547817879356,38.43979104359945,38.134807293231674,38.410849516935514,37.95678099193249,0.874102286521792,0.9060253663918841,-0.03192307987009213,0.21408562205161513,26.049851410619556,-0.18962516784667827,48.735750858702005,59.39006989630551,-10.654319037603507,38.50374984741211,37.614999771118164,38.05937480926514,36.908748626708984,0.01918881859214483,21.414453667009585,30.562333074156463,17.151091912433397,74.2018048356636,35.58937454223633,34.8387508392334,40.0,8.0,32.0,37.484327581787106,,0.0,0.0,60.290135625549816,0.47414560965037256,0.348237724714036,0.2656930148971395,24.37950141150261,49.09121638896988,77.70487456506132,75.6234626593707,-22.295125434938676,0.9003015293794476,1.2521330445626881,1.1962777483673694,1.4205678059492757,-0.22429005758190623,-3.4847469159919555,-3.1830740197734833,-0.30167289621847226,38.415611299850354,0.3378186820006013,0.33724935652261756,95.46037982366144,5.869958002759006,23034021.383604676
2017-06-07,38.755001068115234,38.994998931884766,38.619998931884766,38.842498779296875,36.4088249206543,84278400,0.22999954223632812,1,5774388460.512385,4562372400,0.028375848358020428,5448194.22622164,0.04838846147786867,0.025886284950156626,55243725.21096295,38.43343309817384,67.10177576317543,1753.9396697488587,38.47187442779541,39.12366065969217,37.820088195898656,3.3883778297313767,0.7843143452285816,0.0,0.0,38.479666264851886,38.85041592915853,38.10891660054524,1.926990019896788,0.9893227821575229,0.0,0.0,37.4275016784668,39.162498474121094,38.295000076293945,4.509779732491498,0.815561794911822,0.4591619831006241,1.5266063980523032,0.4548673788378892,0.5191286783130317,-0.06426129947514247,38.487915992736816,38.21932645944449,38.477257095760336,38.02238971692245,1.117123731793474,0.8558136684033099,0.26131006339016405,0.20653625175809823,25.990410166963198,0.025626945495602627,46.14502217914861,56.85645767465467,-10.71143549550606,38.52499961853027,37.614999771118164,38.06999969482422,36.908748626708984,0.009594409296072415,21.96653448968838,29.41352477601285,16.1381373278207,110.68853773890366,35.84187412261963,35.22749900817871,36.0,4.0,32.0,37.54305445410156,,0.0,0.0,62.82993891423668,0.6647699593412597,0.42803349633394383,0.33712114653815733,24.526631386288063,53.30731298768775,87.42264408571366,77.194695435794,-12.577355914286343,0.8950733184814439,1.5092105027046319,1.196314545783122,1.375717153916045,-0.1794026081329232,-4.367174576857629,-3.4198941311903126,-0.9472804456673161,38.43016462671509,0.5956608527830642,0.5938938071194055,96.62466078897208,6.043671126314891,-2798368.215059489
2017-06-08,38.8125,38.8849983215332,38.599998474121094,38.747501373291016,36.31977844238281,85003200,-0.09499740600585938,0,5777372805.436158,4477369200,0.016949092522600982,3516297.4078760827,-0.021793464585011527,0.023631619491757655,55035832.21344804,38.491947077416654,59.030874755226165,1753.9396697488587,38.49349956512451,39.15169918914104,37.83529994110798,3.4197962328832676,0.692951954770584,0.0,0.0,38.51924959818522,38.88099924723308,38.157499949137375,1.8782798357779789,0.8154830636416137,0.0,0.0,37.4275016784668,39.162498474121094,38.295000076293945,4.507246198072937,0.7608081456579431,0.4417457695317727,1.4018818197433822,0.44273144698910016,0.5038492320482454,-0.061117785059145224,38.50874932607015,38.29124964200533,38.51883313845737,38.07610169146827,1.0990774401777614,0.8470041416748118,0.2520732985029497,0.19930576453461823,25.67207239872357,-0.04349880218505575,45.43563745282544,54.298159392394815,-8.862521939569376,38.52499961853027,37.614999771118164,38.06999969482422,36.908748626708984,0.004797204648036207,22.412319947747537,28.082657866707024,15.725467395544317,76.9466035810375,35.99749946594238,35.366249084472656,32.0,0.0,32.0,37.63017112276855,,0.0,0.0,61.0919183977756,0.4396231249808948,0.5261795646575087,0.43415026190182965,24.152169079158174,53.53836174124314,73.67043402390277,79.5993175582259,-26.329565976097236,0.9097494461957183,0.6493927945501581,1.162754135327628,1.3331245501983617,-0.17037041487073368,-4.972523661872348,-3.73042003732672,-1.2421036245456278,38.44187005337268,-0.2445707897054561,-0.24487035258986545,96.14377430332482,5.808890873183579,8891366.374744222
2017-06-09,38.79750061035156,38.79750061035156,36.505001068115234,37.244998931884766,34.911434173583984,259530800,-1.50250244140625,0,5685390337.76433,4217838400,-0.07024080455798179,-52692553.73898009,-0.9639258725911076,-0.05119985002153508,44972069.4726353,38.32587299886077,45.20981532137575,1753.9396697488587,38.43137454986572,39.28550114494665,37.577247954784795,4.444944294004763,-0.1944963573394815,0.0,1.0,38.4270829518636,38.98508237202962,37.86908353169759,2.9041986916623603,-0.5592161723278736,0.0,1.0,36.505001068115234,39.162498474121094,37.833749771118164,6.914916359698991,0.2784566645661289,0.6268211468022282,1.7122317319318732,0.3083201210467976,0.46474340984795587,-0.15642328880115824,38.40833250681559,38.30971116286058,38.32285864513851,38.01453852409171,0.7404007729466595,0.9238869448852945,-0.18348617193863503,0.18438224940256878,26.115013869454796,-0.0963754653930664,39.96782341142991,51.42275557945772,-11.45493216802781,37.75,37.807498931884766,37.77874946594238,37.088748931884766,0.0023986023240181037,22.916041545540967,20.17496675394863,37.03011305578194,-243.91627202248372,36.130624771118164,35.39875030517578,28.000000000000004,0.0,28.000000000000004,,38.994998931884766,0.0,1.0,41.526114956480015,0.0,0.3681310281073846,0.4407813630329458,16.40186127851406,47.34070117565198,29.71881520610107,63.60396443857249,-70.28118479389893,0.6701761470121497,-3.1339448820405345,0.8110584345286732,1.228711327064424,-0.4176528925357509,7.752483068680678,-1.4338394161252408,9.186322484805919,38.34369076247986,-3.877675690443194,-3.9548594080967447,88.53795484884701,4.323783737573706,184999757.9331544
2017-06-12,36.435001373291016,36.522499084472656,35.627498626708984,36.35499954223633,34.077178955078125,289229200,-0.8899993896484375,0,5866360914.696292,3928609200,-0.023055754998817256,-81938447.70034091,-0.4877606572610937,-0.08961073496217051,38060703.68257917,37.928824919617945,34.240199091326375,1753.9396697488587,38.297874450683594,39.50204685180792,37.09370204955927,6.2884555260368025,-0.3067262240162709,0.0,1.0,38.20091616312662,38.82516543070476,37.576666895548506,3.268242389331392,-0.9785092404287717,0.0,1.0,35.627498626708984,39.162498474121094,37.39499855041504,9.230276870754668,0.20579941921636294,0.7258890626395835,2.4031017367789573,0.1285013802249182,0.39749500392334836,-0.26899362369843016,38.24333254496256,38.29903808006873,38.020111090845866,37.89160971062095,0.5816530676290601,1.133508908320614,-0.5518558406915539,0.1600088733845296,26.394255518068764,0.16962432861328125,32.42266801207473,48.14761566317126,-15.724947651096528,37.311248779296875,37.39499855041504,37.35312366485596,37.088748931884766,0.0011993011620090518,24.23364457714397,16.619145139870795,40.06519713842394,-382.86023299148945,36.213748931884766,35.42124938964844,24.0,100.0,-76.0,,38.945198974609376,0.0,0.0,34.48147281012126,0.0,0.14654104166029797,0.34695054480839715,6.907579200973384,45.64145640173255,21.603588703739366,41.664279311247725,-78.39641129626064,0.18202141032499242,-5.164991755636468,0.33912884991238446,1.050794831634016,-0.7116659817216316,17.295754753746486,2.3120794178491044,14.98367533589738,38.08288443167839,-2.389580924075485,-2.418594543962671,84.0326878451369,4.253361990782139,119488540.45972389
2017-06-13,36.790000915527344,36.86249923706055,36.287498474121094,36.647499084472656,34.35136032104492,136661600,0.2924995422363281,1,5900823468.20216,4065270800,0.0001727157773189661,-64522461.53725162,0.2103739320114257,-0.07779115724533724,39160234.859710515,37.79181387296003,36.26893348551312,1768.0512515662554,38.1839994430542,39.54937549840331,36.81862338770509,7.151561257407657,-0.06266563067442893,0.0,1.0,38.01558278401693,38.66983235677083,37.361333211263016,3.442007328789275,-0.545536563199915,0.0,1.0,35.627498626708984,39.01499938964844,37.32124900817871,8.871518993162072,0.30110707838736595,0.7108002326695705,2.8178367425506967,0.009486644998993654,0.3198933321384774,-0.3104066871394838,38.09166590372721,38.27624951876127,37.808940012942294,37.7994533679433,0.6542642741132846,1.1010303398466348,-0.4467660657333502,0.1316174345605754,26.262631219766014,0.21850070953369283,25.85907787521837,44.659861307405464,-18.800783432187092,37.311248779296875,37.39499855041504,37.35312366485596,37.088748931884766,0.0005996505810045259,24.79316174382191,19.306235999344175,37.532717945126485,-224.90764740789749,36.3306245803833,35.53249931335449,20.0,96.0,-76.0,,38.81249096069336,0.0,0.0,38.192539026023965,0.11995841036823118,0.0399861367894101,0.18488606885236433,1.0749462884557723,43.65465336197691,30.289543142607926,27.20398235081611,-69.71045685739207,-0.25680961608886577,-4.731266010473597,0.02509730737809828,0.8456553267828325,-0.8205580194047343,15.315708253381432,4.91280518495557,10.402903068425863,37.94878905706951,0.8045648354265911,0.8013454689533628,85.51335013722925,5.215086841981094,-70641450.95324719
2017-06-14,36.875,36.875,35.959999084472656,36.290000915527344,34.01626205444336,126124800,-0.3574981689453125,0,5865674347.537778,3939146000,-0.018452261033974227,-61746307.75458621,-0.11426144256663903,-0.07997313256523095,37929881.187972575,37.66222035658172,35.34105090653067,1750.8038240247615,38.05512447357178,39.611346867779936,36.498902079363624,8.17877968203157,-0.06711803037077313,0.0,1.0,37.82549947102864,38.526499303181964,37.12449963887532,3.7064934605304156,-0.5952203446216066,0.0,1.0,35.627498626708984,38.994998931884766,37.311248779296875,8.849006150313386,0.19673414366142936,0.7312203009553478,3.293438072381195,-0.11238500029329401,0.23343766565212318,-0.3458226659454172,37.91562430063883,38.200768837561974,37.57525707487845,37.687642075171745,0.6563341469985214,1.0741240075101228,-0.4177898605116014,0.09967413069711518,26.287751738441763,0.36237506866454794,19.110156715114623,40.5471225329511,-21.436965817836477,37.311248779296875,37.39499855041504,37.35312366485596,37.088748931884766,0.00029982529050226296,25.62256619509643,17.41933950875727,37.36261290111723,-194.28952614199787,36.92062473297119,36.12249946594238,16.0,92.0,-76.0,,38.68509126733399,0.0,0.0,35.54270672559835,0.0343038701341305,0.051420760167453596,0.07931597953905399,-4.475637920243736,43.64734551499718,19.673414366142936,23.8555154041634,-80.32658563385706,-0.7471623813404804,-5.500941940412149,-0.2982011983374576,0.6168840217587745,-0.9150852200962322,13.010654048089036,6.532374957582263,6.478279090506772,37.783187533027814,-0.9755049536157356,-0.9802941746995142,83.70365821702205,4.889793962296018,-11021097.555885106
2017-06-15,35.83000183105469,36.119998931884766,35.5525016784668,36.0724983215332,33.81238555908203,128661600,-0.21750259399414062,0,5972797501.344427,3810484400,0.09485029484922367,-56923154.03927912,-0.256375908261012,-0.10035361504433178,37158753.300360344,37.50060334099763,29.969527089532377,1750.8038240247615,37.98062438964844,39.751853513046576,36.209395266250304,9.32701424403587,-0.03864461771452295,0.0,1.0,37.59424947102865,38.324249013264975,36.86424992879232,3.8835702401713834,-0.5422959614697922,0.0,1.0,35.5525016784668,38.994998931884766,37.27375030517578,9.063824802090974,0.15105215917024034,0.7318481945658678,3.7924151710373244,-0.22393837660680305,0.14196245720033795,-0.365900833807141,37.72020753224691,38.10749948941744,37.34406342051764,37.568001797124445,0.6018588705102182,1.1360704087293083,-0.5342115382190901,0.06542262608535693,26.282632161418473,0.20937423706054403,12.019260671257554,35.749366673253,-23.730106001995445,37.27375030517578,37.357500076293945,37.31562519073486,37.088748931884766,0.00014991264525113148,26.750775171720665,16.057132277931153,38.76173017741364,-188.15685765741603,37.06812572479248,36.27000045776367,12.0,100.0,-88.0,,38.56278756170899,0.0,0.0,33.997242848408106,0.0,0.051420760167453596,0.0476092190414392,-9.341403180663898,46.0658134148371,15.105215917024035,21.689391141924958,-84.89478408297596,-1.3255443572998047,-6.103992317680704,-0.5960880693525304,0.3742896035365135,-0.970377672889044,11.202040468455007,7.4663080597568126,3.735732408698194,37.57177217977892,-0.5993457936262492,-0.6011490794165297,82.6026380687608,4.936131394499249,8015669.117397577
2017-06-16,35.94499969482422,36.125,35.54999923706055,35.567501068115234,33.33903121948242,201444400,-0.5049972534179688,0,5783616201.092989,3609040000,-0.0022937699831974308,-63323970.42172934,0.0003566026814264657,-0.10073049137326964,34338630.6737081,37.268627086864186,28.325660804624917,1750.8038240247615,37.85224952697754,39.90923731423517,35.795261739719905,10.868510130641534,-0.05536266987474924,0.0,1.0,37.3040828704834,38.02758255004883,36.58058319091797,3.878930261212198,-0.700126172420177,0.0,1.0,35.54999923706055,38.994998931884766,37.272499084472656,9.101175591609016,0.005080357795381614,0.7161634514032263,4.397207582519214,-0.3490704224059158,0.04375588127908721,-0.392826303685003,37.50166606903076,38.00182650639461,37.07074613553266,37.419816557938574,0.6082290204840807,1.128179613940986,-0.5199505934569054,0.02836087603813767,26.267437651116975,0.44274864196777486,2.386824746917196,30.23135799140983,-27.844533244492634,37.272499084472656,37.35624885559082,37.31437397003174,37.088748931884766,7.495632262556574e-05,27.787885674177062,15.121366498707175,36.37343839967897,-159.45176181249747,37.06812572479248,36.39500045776367,8.0,100.0,-92.0,,38.38217040871446,0.0,0.0,30.66344982675581,0.0,0.011434623378043204,0.03809204790431691,-14.55310572140134,42.434974402260835,0.5080357795381614,11.762222020901703,-99.49196422046184,-1.6850960338816918,-6.866974739191665,-0.9328491011318463,0.11286186260284159,-1.0457109637346877,13.689721468067315,8.710990741418914,4.978730726648401,37.07900931202331,-1.3999508681562967,-1.409842608506473,80.0462908518409,4.648687486319556,84677780.05998519
2017-06-19,35.915000915527344,36.685001373291016,35.915000915527344,36.584999084472656,34.29278564453125,130165600,1.0174980163574219,1,5879971800.607482,3739205600,0.053792024583279564,-35357226.10462892,0.27359485658511506,-0.08182843770993806,38062345.74563099,37.15995307629116,29.971907854555354,1800.889980332582,37.76824951171875,39.88723204908237,35.64926697435513,11.22097298529095,0.22079750390056047,0.0,0.0,37.094916280110674,37.8706662495931,36.31916631062826,4.182513655642651,0.17133920999169244,0.0,0.0,35.54999923706055,38.994998931884766,37.272499084472656,9.121417432267553,0.3004353959645039,0.7562971367804818,4.64924821954102,-0.36196240658576073,-0.03738777629388238,-0.32457463029187833,37.35916614532471,37.92865342360277,36.99601581998497,37.35797822657073,0.6397513522127708,1.0391070218182852,-0.3993556696055144,-0.003794351152465108,26.293566039415104,1.0942497253417969,-3.993291821966749,24.372575471335523,-28.365867293302273,37.272499084472656,37.35624885559082,37.31437397003174,37.088748931884766,3.747816131278287e-05,27.625779547376798,19.118252461497903,32.21859431828651,-94.75074646949068,37.13062572479248,36.447500228881836,4.0,96.0,-92.0,,38.155596714982146,0.0,0.0,42.828265724598694,0.35002336569434384,0.11667445523144765,0.059843279592314925,-14.665629264173496,48.170999967792206,30.043539596450394,15.218930431004187,-69.95646040354961,-1.6336250080781767,-4.465332722902051,-0.968902557816462,-0.10349102148101913,-0.8654115363354429,11.530021871037686,9.274796967342668,2.2552249036950176,37.03953673403346,2.8607520511739537,2.8205965737491567,85.19696881044754,6.0295970815680775,-24548153.095145226
2017-06-20,36.717498779296875,36.717498779296875,36.23500061035156,36.252498626708984,33.981109619140625,99600400,-0.3325004577636719,0,5787595508.554732,3639605200,0.004403119864924861,-35037219.317316905,0.0853807844692611,-0.07078675434523654,37157133.78930487,37.06403490387755,35.102432285865376,1784.522705279219,37.65599937438965,39.84525155581843,35.466747192960874,11.627640842365837,0.1794565834885462,0.0,0.0,36.86808293660482,37.64133275349935,36.09483311971029,4.19468415661397,0.10194991550848448,0.0,0.0,35.54999923706055,38.994998931884766,37.272499084472656,9.148607797054535,0.2039185636805354,0.7289172399969649,4.95078250600056,-0.39446228932222027,-0.10880267889954996,-0.2856596104226703,37.141666094462074,37.822018696711616,36.88162855948097,37.27609084880319,0.6920428239930805,1.03003893599214,-0.33799611199905955,-0.0330166847138717,26.28930013042948,0.8264987945556612,-11.253074655767994,17.995009156344786,-29.24808381211278,37.217498779296875,37.35624885559082,37.28687381744385,37.088748931884766,1.8739080656391435e-05,27.41320976065932,18.493720993708152,30.59366461503979,-82.54625210307424,37.32312488555908,36.68375015258789,0.0,92.0,-92.0,,37.94714891674842,0.0,0.0,40.337701104614524,0.2783613020768667,0.20946155592373658,0.11252354484440925,-15.634404709041869,48.98840340477004,20.391856368053542,16.98114391468069,-79.60814363194646,-1.641904269947723,-6.7159875499272585,-1.058217963150192,-0.2944364098148537,-0.7637815533353383,7.982437449783662,9.016325063830868,-1.033887614047206,36.95602503422266,-0.9088436957342738,-0.9129988752694107,83.5138178347228,5.256173309794349,-23722324.52751404
2017-06-21,36.380001068115234,36.51750183105469,36.15250015258789,36.467498779296875,34.18262481689453,85063200,0.21500015258789062,1,5849352407.004823,3724668400,0.04238714150019006,-27419244.989183884,-0.060609069112527426,-0.0713399664507104,37661612.14727769,36.99482045419745,34.81642378690337,1795.106049006289,37.55687427520752,39.772712957206416,35.34103559320862,11.799910001890874,0.2541843851809815,0.0,0.0,36.62408307393392,37.396333058675125,35.85183308919271,4.217170342161187,0.3986181303133881,0.0,0.0,35.54999923706055,38.994998931884766,37.272499084472656,9.172754019890233,0.2663279023260243,0.6925256838439481,5.193566402370194,-0.39827885434438315,-0.16669791398851663,-0.23158094035586652,36.97374947865804,37.72749944833609,36.81791628560649,37.21619513995088,0.6906276445159638,1.028889655608092,-0.33826201109212817,-0.05786573594532106,26.25892012992407,1.0556249618530273,-18.26080907992785,10.917626208261089,-29.178435288188936,37.173749923706055,37.28249931335449,37.22812461853027,37.088748931884766,9.369540328195718e-06,27.315759092181843,17.76384538746146,30.27829457805647,-74.66950176898953,37.351874351501465,36.71249961853027,0.0,88.0,-88.0,,37.75537694237339,0.0,0.0,42.65968192174381,0.3451726330098252,0.324519100260345,0.21688503713850982,-15.601996094807339,51.53745399609146,26.63279023260243,25.689395399035448,-73.36720976739757,-1.6544333850636264,-5.236144963360268,-1.0701761769215317,-0.44958436323618933,-0.6205918136853423,4.152044602001041,8.043468971464902,-3.891424369463861,36.903425549966954,0.5930629907795915,0.5913112945869159,84.60217037126722,5.601458670336736,-16441976.011003792
2017-06-22,36.442501068115234,36.67499923706055,36.279998779296875,36.407501220703125,34.126399993896484,76425200,-0.05999755859375,0,5822265881.902212,3648243200,0.03461180727008322,-24157256.47859177,0.07364950525690066,-0.08043146765557208,37535874.83135182,36.87697375448623,33.42156973033448,1792.1526800075246,37.460499382019044,39.70012091799775,35.22087784604034,11.957243351933101,0.2649160484483904,0.0,0.0,36.39508310953776,37.17833315531412,35.61183306376139,4.304153082541562,0.5079272968015351,0.0,0.0,35.54999923706055,38.994998931884766,37.272499084472656,9.196352829396105,0.24891206374586694,0.6627731612359204,5.456956102187519,-0.401516380282672,-0.21366160724734773,-0.18785477303532427,36.789999643961586,37.632884098933296,36.754775506390594,37.156291886673266,0.6798508344939552,1.0642157929547558,-0.38436495846080054,-0.07893619849413161,25.927062904135582,1.3819993972778306,-26.13312652616721,3.573076215194741,-29.706202741361952,36.21249961853027,37.272499084472656,36.742499351501465,37.088748931884766,4.684770164097859e-06,26.894209429876557,18.73603020683531,28.94687876532157,-62.61216827369642,37.448123931884766,36.71249961853027,56.00000000000001,84.0,-27.999999999999993,,37.57894672594836,0.0,0.0,42.166501634921346,0.3576098024525313,0.32704791251307413,0.287009522899052,-15.73108577468261,48.55805733567903,24.891206374586694,23.971950991747548,-75.1087936254133,-1.5220292147468157,-5.710580925673543,-1.0806147758428033,-0.5757904457575121,-0.5048243300852912,0.40519777005699564,6.515814731183321,-6.1106169611263255,36.85074256327085,-0.164523371775116,-0.16465886010141872,84.29845665620238,5.455041526978366,-11394433.896421269
2017-06-23,36.282501220703125,36.790000915527344,36.27750015258789,36.56999969482422,34.278717041015625,141757600,0.16249847412109375,1,5842318901.932135,3790000800,0.03333953670188958,-17415449.31092604,0.02033679318036412,-0.07804108405547017,38168584.93016984,36.76928213972587,40.04842334719022,1792.1526800075246,37.36562442779541,39.58726525790705,35.14398359768377,11.891361989171054,0.3209375876182446,0.0,0.0,36.29808311462402,36.903333282470705,35.692832946777344,3.3348877731939135,0.7246315611671796,0.0,0.0,35.54999923706055,38.994998931884766,37.272499084472656,9.219703263573898,0.2960814363194646,0.6477459214062737,5.670379819224659,-0.38651437696788804,-0.2482321611914558,-0.13828221577643224,36.60062472025553,37.59471101027269,36.7263484584573,37.11286283542519,0.6900555541768445,1.0534383674800667,-0.3633828133032222,-0.095593322647292,25.6665830718419,1.3818769454956055,-30.98513322283667,-3.4722350331287477,-27.512898189707922,36.21249961853027,37.272499084472656,36.742499351501465,37.088748931884766,2.3423850820489294e-06,26.259060861187017,18.95039587797889,27.271282209709884,-51.150744201484564,37.5074987411499,36.71249961853027,52.0,80.0,-28.0,,37.416630926837335,0.0,0.0,44.05303722496737,0.4162589010506204,0.3730137788376587,0.34152693053702604,-15.259802856068086,51.36624001138485,29.608143631946458,27.044046746378523,-70.39185636805354,-1.370021730310782,-5.850548126125971,-1.04145664720575,-0.6689236860471598,-0.37253296115859025,1.6245833351557413,5.537568451977806,-3.9129851168220644,36.8431109476594,0.44633240039195776,0.44533929128238725,85.12104038168131,5.633833226802047,64699944.727204844
2017-06-26,36.79249954223633,37.06999969482422,36.345001220703125,36.45500183105469,34.170928955078125,102769600,-0.11499786376953125,0,5770734798.534153,3687231200,0.01701662659087567,-16615854.332286494,0.1225736303007369,-0.07643370345816376,37845416.08797481,36.65759420821097,39.75054351400322,1786.5170843972005,37.26824951171875,39.470199767719464,35.066299255718036,11.816762444441215,0.315334683776844,0.0,0.0,36.343583297729495,36.931833267211914,35.75533332824707,3.2371599941779685,0.5947033906548509,0.0,0.0,35.54999923706055,38.994998931884766,37.272499084472656,9.243792611565944,0.26270034083132726,0.6554711766777557,5.901040410293801,-0.37952956718471853,-0.27449164239010837,-0.10503792479461016,36.40958309173584,37.5300957606389,36.68460282347228,37.064132390657,0.6950581126641336,1.0578454355339673,-0.3627873228698336,-0.1090011414191739,25.580675288085235,-0.023250579833984375,-33.89038474938212,-10.111064213639914,-23.779320535742208,36.30999946594238,37.272499084472656,36.79124927520752,37.13749885559082,1.1711925410244647e-06,25.09084582998674,20.544442956858784,25.061254199628806,-41.63485125759092,37.67374897003174,36.71249961853027,48.0,76.0,-28.0,,37.26730039165519,0.0,0.0,42.984420939277385,0.3830374859691129,0.3856353964907546,0.36189902928049594,-15.182704112135692,45.228311411614406,26.270034083132725,26.923128029888616,-73.72996591686727,-1.2551763085757983,-5.916509351533484,-1.023980713171608,-0.7399350914720495,-0.2840456216995586,0.04432607126671536,4.438919975835588,-4.394593904568873,36.84044351726178,-0.31445956994581303,-0.3149550330114881,84.53890955421785,5.424487142554501,-5152133.967791885
2017-06-27,36.252498626708984,36.540000915527344,35.904998779296875,35.932498931884766,33.681148529052734,99047600,-0.5225028991699219,0,5680266143.259075,3588183600,-0.006734375447542225,-21635397.73564882,-0.3109377952078833,-0.10209986465000317,36425784.88357486,36.53786681713052,35.01557936177734,1760.9112605286375,37.14399948120117,39.352963818926796,34.935035143475545,11.894057552114694,0.2257763449083611,0.0,0.0,36.29625002543132,36.89050013224284,35.70199991861979,3.2744435383553863,0.19394107853150186,0.0,0.0,35.54999923706055,38.994998931884766,37.272499084472656,9.274713932105659,0.11103040020551752,0.6534242726330269,6.212253644579247,-0.41141315754838814,-0.3018759454217643,-0.10953721212662382,36.30020809173584,37.44038420457106,36.56889453245881,36.9803076900072,0.6478182859479911,1.1081919834993161,-0.46037369755132507,-0.12216773896069186,25.561338037708605,-0.7889999389648423,-38.293997051301346,-16.489303521019465,-21.80469353028188,36.30999946594238,37.272499084472656,36.79124927520752,37.13749885559082,5.855962705122323e-07,24.67570485560633,19.085561703300684,28.202087071645458,-67.717429101746,37.71624946594238,36.71249961853027,44.0,72.0,-28.0,,37.12991629928762,0.0,0.0,38.423744769571755,0.25503402922508184,0.3514434720816047,0.3700308824700061,-16.484866863215025,44.398572478129324,11.469259365170146,22.44914569341643,-88.53074063482985,-1.2377277374267592,-3.523963049107225,-1.112519563106718,-0.8144519857989833,-0.2980675773077347,-1.4743388401912128,3.2562682126302276,-4.730607052821441,36.80857407750873,-1.43328178007337,-1.4436524768552506,81.89394698643117,4.9435785092076365,6652992.015547305
2017-06-28,36.122501373291016,36.52750015258789,35.790000915527344,36.45750045776367,34.17326354980469,88329600,0.5250015258789062,1,5751828146.132903,3676513200,0.043998959586880236,-11919887.376231357,-0.053226857092154516,-0.10434510697194196,37716348.472491406,36.42984955248346,39.534357824007216,1786.639532321461,37.05737457275391,39.23106757905566,34.883681566452154,11.731500309252569,0.36201498710923286,0.0,0.0,36.28458340962728,36.861083348592125,35.70808347066244,3.1776577531926837,0.6499714366378586,0.0,0.0,35.54999923706055,38.994998931884766,37.272499084472656,9.296394400690012,0.26342563166741595,0.6618317690757789,6.237400721325071,-0.38982424585381636,-0.31946560550817477,-0.0703586403456416,36.30874983469645,37.361922630896935,36.551756982505715,36.94158122835953,0.6533277736018114,1.095655572673027,-0.44232779907121567,-0.1316622462814753,25.6188195573681,-0.4098754882812514,-40.87986018709097,-22.366983616391522,-18.512876570699447,36.30999946594238,37.272499084472656,36.79124927520752,37.13749885559082,2.9279813525611617e-07,24.45427569343824,17.528712121299243,27.173532866708243,-54.603384107931525,37.71624946594238,36.71249961853027,40.0,68.0,-28.0,,37.06999969482422,0.0,0.0,44.76518107740683,1.0,0.5460238383980646,0.42770090232347474,-15.638194688409609,42.64377915589826,27.944598520168256,21.894630656157034,-72.05540147983174,-1.2112866569967835,0.28194448306418146,-1.0552451543534735,-0.8626106195098814,-0.19263453484359216,-3.426752962864996,1.919663977531183,-5.346416940396179,36.805603900468206,1.4610771348636753,1.4505062444027494,84.551557855551,5.756674956961611,315301.35537973046
2017-06-29,36.1775016784668,36.282501220703125,35.56999969482422,35.91999816894531,33.66944885253906,125997600,-0.5375022888183594,0,5749616857.154544,3550515600,0.023545616306232406,-19891903.23471547,-0.13147604329479146,-0.04488440487934796,35858733.508896224,36.24115009742635,42.63798201629193,1786.639532321461,36.93862457275391,39.08825654573518,34.78899259977264,11.638938903896525,0.2630695820001481,0.0,0.0,36.285500081380206,36.87650044759114,35.69449971516927,3.2575015633542534,0.19077691543727215,0.0,0.0,35.54999923706055,38.994998931884766,37.272499084472656,9.326280376355067,0.10740173139656688,0.6843986684621463,6.160298736701067,-0.4113450902626212,-0.3378415024590641,-0.07350358780355715,36.248124758402504,37.264614838820236,36.45456331888104,36.865908409143664,0.7713450370538634,1.1070297299444063,-0.3356846928905429,-0.14083622423282344,25.724449629633817,-0.6486236572265653,-44.556547762365405,-27.5829138952007,-16.973633867164704,36.31999969482422,37.272499084472656,36.79624938964844,37.13749885559082,1.4639906762805809e-07,24.558863258075323,15.852840867725021,26.945539860960448,-73.23787262846183,37.71624946594238,36.908748626708984,36.0,64.0,-28.0,,36.94839965820312,0.0,0.0,40.20050177790515,0.6763036241177165,0.6437792177809324,0.513748842753534,-16.35479618520457,45.565847028564654,24.342027661566185,21.251961848968183,-75.65797233843382,-1.2517937155330898,-1.985131137735895,-1.1157872083265887,-0.9132459372732229,-0.20254127105336583,-2.3309898731687104,1.0695332073912043,-3.400523080559915,36.79882095721829,-1.4743256725486709,-1.485301870358624,81.83066685899809,4.991290982671686,45344171.30742316
2017-06-30,36.11249923706055,36.2400016784668,35.94499969482422,36.005001068115234,33.74911880493164,92096400,0.08500289916992188,1,5694984005.073285,3642612000,-0.04101209987734912,-15931851.200740006,0.05325305582104647,-0.006240568230623659,36076675.08468063,36.24401691142676,53.385433967173896,1790.8675264127921,36.79574966430664,38.78907264021864,34.80242668839464,10.834528412098665,0.3016506592892663,0.0,0.0,36.31708348592123,36.88008397420247,35.75408299763997,3.1004719225292683,0.22284001141924173,0.0,0.0,35.54999923706055,38.994998931884766,37.272499084472656,9.36249356584249,0.1320760149088791,0.64795915256808,5.932550927121819,-0.41673759930710474,-0.35362072182867227,-0.06311687747843248,36.224374771118164,37.174999530498795,36.385399895686305,36.80213749499341,0.9554564358096986,0.9515584810040547,0.0038979548056439217,-0.14870275832802435,25.76467823125484,-0.7232513427734375,-45.38179192723438,-32.181636129119326,-13.200155798115055,36.31999969482422,37.272499084472656,36.79624938964844,37.13749885559082,7.319953381402904e-08,24.655980282381186,15.285377915345139,25.98100639149879,-60.87879656077034,37.71624946594238,36.908748626708984,32.0,60.0,-28.0,,36.83652762451172,0.0,0.0,41.22127250849423,0.7486898235456735,0.8083311492211297,0.6660447351333757,-16.616803713341806,42.51904202163062,29.934321975410267,27.406982719048226,-70.06567802458973,-1.2578746010275452,-0.7853398738553544,-1.1323733556611977,-0.9570714209508179,-0.1753019347103798,-3.806648961098368,0.09429677369328981,-3.900945734791658,36.78364700303898,0.23664505429572547,0.23636549084895542,82.26096013931283,5.330296066447026,-6520380.6083191335
2017-07-03,36.220001220703125,36.32500076293945,35.775001525878906,35.875,33.62725830078125,57111200,-0.13000106811523438,0,5658640226.081892,3585500800,-0.05414420313305981,-14716517.743683258,-0.04092842700801761,-0.02419073673201247,35870467.147419445,36.20352586543426,47.293105045048016,1784.4013499267505,36.665374755859375,38.537773726317376,34.792975785401374,10.21344515323018,0.28894061353119516,0.0,0.0,36.27675018310547,36.81775054931641,35.73574981689453,2.982628617394113,0.12869693978282198,0.0,0.0,35.54999923706055,38.994998931884766,37.272499084472656,9.395784763590026,0.09433985246144885,0.6381631610173267,5.7570656019489,-0.4265838087009257,-0.368213339203123,-0.058370469497802724,36.207916577657066,37.07528803898738,36.30687683481149,36.733460643512416,0.8626467038778685,0.9798990500962513,-0.11725234621838287,-0.1557586329749316,25.863477819897657,-1.0978736877441406,-47.11005279385173,-36.16574481112863,-10.944307982723096,36.31999969482422,37.272499084472656,36.79624938964844,37.22624969482422,3.659976690701452e-08,24.99634198136408,14.33556667016542,26.287212402979094,-66.0559979361155,37.76062488555908,36.908748626708984,28.000000000000004,56.00000000000001,-28.000000000000004,,36.73360535351562,0.0,0.0,40.09405300456261,0.6687549925737968,0.6979161467457287,0.716675504582597,-17.159060863540574,40.49376775906993,21.381622701457363,25.21932411281126,-78.61837729854264,-1.3037127438713512,-0.5475038622853244,-1.1612949099481746,-0.9979161187502893,-0.16337879119788534,-7.5714032270875435,-1.438843226462877,-6.132560000624666,36.73815908366029,-0.3610639196185428,-0.3617173286791786,81.60288157269943,5.2092447130889,-26388287.445693582
2017-07-05,35.92250061035156,36.1974983215332,35.68000030517578,36.022499084472656,33.765533447265625,86278400,0.14749908447265625,1,5686566115.74347,3671779200,-0.028887292472733767,-10796160.207476277,-0.06672887059441507,-0.020795553019710755,36225198.43689026,36.17575687129146,48.57443741327706,1784.4013499267505,36.53587474822998,38.1981611174762,34.87358837898376,9.099474862452823,0.34558146139701584,0.0,0.0,36.23325017293294,36.77775052388509,35.68874982198079,3.0055286144818583,0.3064729544326724,0.0,0.0,35.54999923706055,38.994998931884766,37.272499084472656,9.429087762545265,0.13715526539000716,0.6260966465513362,5.4938901015703,-0.4176704126418471,-0.37810475389086784,-0.03956565875097928,36.24583307902018,36.98374953636756,36.26312641168244,36.68079682432429,0.8834354597561269,0.9953256321719183,-0.11189017241579136,-0.16091001700798838,25.977136514555472,0.0491243362426772,-47.75534411647518,-39.442915370745,-8.31242874573018,36.31999969482422,37.272499084472656,36.79624938964844,37.3125,1.829988345350726e-08,25.45187009503976,13.486408261237253,25.81751822757379,-70.17131496808594,37.76687526702881,36.908748626708984,24.0,52.0,-28.0,,36.63891686419922,0.0,0.0,42.030966595553586,0.8061078860989487,0.7411842340728061,0.7491438433465549,-17.05981024767463,41.84268273454672,31.085506915391544,27.46715053075305,-68.91449308460845,-1.2749113643870587,1.2792521338118645,-1.1386623214381089,-1.0260653592878533,-0.11259696215025561,-8.383991871178878,-2.827872955406077,-5.556118915772801,36.72786838272476,0.41114727379136795,0.4103043729736022,82.34953686941218,5.442244731090984,24470357.028571323
2017-07-06,35.755001068115234,35.875,35.602500915527344,35.682498931884766,33.44682693481445,96515200,-0.3400001525878906,0,5646719176.213275,3575264000,-0.05090861005879953,-13941734.853129778,-0.056467276702610085,-0.006516365051253478,35314234.912396885,36.16871652707685,49.63730895479311,1784.4013499267505,36.377874755859374,37.69881652432265,35.056932987396095,7.262336116820649,0.2367878582628303,0.0,0.0,36.1673334757487,36.70258356730143,35.632083384195965,2.959853769212123,0.04709531907089196,0.0,0.0,35.54999923706055,38.8849983215332,37.217498779296875,9.167657832830074,0.03973005433228482,0.6054867987907339,5.189994865546129,-0.43304972519354834,-0.38909374815140396,-0.04395597704214438,36.17062473297119,36.878557205200195,36.17379910709818,36.60684883229173,0.9217232613618004,0.9453882680490929,-0.023665006687292545,-0.1660401304187879,25.964300182414433,-0.1253761291503892,-49.18025480888405,-42.00370740215798,-7.176547406726073,36.31999969482422,37.272499084472656,36.79624938964844,37.35624885559082,9.14994172675363e-09,25.9911779235648,12.822555409504973,25.45497466838429,-109.49185589666992,37.777499198913574,36.908748626708984,20.0,48.0,-28.0,,36.551803454028125,0.0,0.0,38.908090877178346,0.5846545295664967,0.6865058027464137,0.7085353945216495,-17.866492696017854,41.92117867331677,8.717082560564576,20.394737392471153,-91.28291743943542,-1.2913745767929967,-2.4668584807233964,-1.1829746044995422,-1.0574472083301911,-0.12552739616935105,-8.155565222172408,-3.893411408759343,-4.2621538134130645,36.665331190202245,-0.9438549829388299,-0.948337522160303,80.62842167930435,5.048690434680022,23867446.068664998
2017-07-07,35.724998474121094,36.1875,35.724998474121094,36.04499816894531,33.7866096496582,76806800,0.3624992370605469,1,5676195928.52683,3652070800,-0.04047695507140473,-7972571.816816665,0.13096954605790653,0.002813130904209384,36094516.765812226,36.22085701856894,59.73446641103629,1802.5291197668907,36.24274959564209,36.99838656085154,35.487112630432634,4.16986555181406,0.36914918419722803,0.0,0.0,36.120500055948895,36.66250025431315,35.57849985758464,3.0010669704169346,0.4303488382186524,0.0,0.0,35.54999923706055,38.79750061035156,37.173749923706055,8.960416661327216,0.15242454890269502,0.595438225723184,4.685818439227028,-0.4112466864848514,-0.39352433581809343,-0.01772235066675798,36.153333028157554,36.7960571875939,36.15398357815159,36.56523026463644,0.9311505675119542,0.902080900511132,0.029069667000822252,-0.16872916559131215,25.984932596978755,0.22474918365478658,-49.38006263748793,-44.04758844823035,-5.3324741892575815,36.31999969482422,37.272499084472656,36.79624938964844,37.35624885559082,4.574970863376815e-09,25.604486647175587,15.762128840020322,23.929718812118868,-61.05440957093259,37.87187480926514,36.908748626708984,16.0,44.0,-28.0,,36.47165911667072,0.0,0.0,43.71015590974132,0.8336299354829141,0.7414641170494528,0.7230513846228909,-17.161792355462545,48.991212825095786,31.66656494140625,23.823051472454114,-68.33343505859375,-1.223536558712233,-0.5723756034040539,-1.124693276942339,-1.0708964220526207,-0.053796854889718304,-9.471377277321539,-5.009004582471783,-4.462372694849756,36.653332214769904,1.0159020469741487,1.0107764469491354,82.46342951256149,5.595739860931413,-2620637.6919433624
2017-07-10,36.02750015258789,36.48749923706055,35.842498779296875,36.26499938964844,33.99282455444336,84362400,0.220001220703125,1,5702354893.470674,3736433200,0.007298314605023492,-4182228.5599220977,0.15960154989578004,-0.005329248145028833,36609424.01853157,36.20213393002056,58.30737851912893,1802.5291197668907,36.193749618530276,36.794234003364735,35.59326523369582,3.3181662091568787,0.5593269141693029,0.0,0.0,36.0857499440511,36.64100011189779,35.53049977620443,3.0773929803734905,0.6614132295470321,0.0,0.0,35.54999923706055,37.06999969482422,36.30999946594238,4.199621409176878,0.47039469556466285,0.6003944489272327,4.421923886246142,-0.3719280067967645,-0.38920507001382765,0.017277063217063127,36.13645807902018,36.717980311467095,36.17106293376649,36.54299094056326,0.9399153754434166,0.9749922442357079,-0.035076868792291216,-0.16818688190962372,25.941183535874384,0.21375160217284872,-47.77133099111255,-45.58991580842261,-2.181415182689939,36.05500030517578,37.272499084472656,36.66374969482422,37.35624885559082,2.2874854316884076e-09,24.486874065250788,18.10346253876397,22.10764904102648,1.8509734696374631,37.9399995803833,36.908748626708984,12.0,40.0,-28.0,35.54999923706055,,1.0,0.0,46.460706596403895,1.0,0.8060948216831365,0.7446882471596677,-15.766937080696858,44.801274558926536,46.33331298828125,28.905653496750684,-53.66668701171875,-1.1454706865198503,-0.5552873008208595,-1.01778206223377,-1.0602735500888505,0.04249148785508039,-9.839088083288852,-5.975021282635197,-3.8640668006536547,36.647162903640215,0.6103515935053316,0.6084964927645764,83.57709796215589,5.661916346550964,14775727.568451405
2017-07-11,36.182498931884766,36.462501525878906,36.095001220703125,36.38249969482422,34.10296630859375,79127200,0.11750030517578125,1,5747031396.167429,3815560400,-0.056438017218400624,-2256557.3159753587,0.05283142698495443,-0.007654202251050736,36865799.87139755,36.19356025533584,57.63651938410343,1808.369398967924,36.19512462615967,36.797203478576236,35.5930457737431,3.3268505558973627,0.6556067514350339,0.0,0.0,36.05474993387858,36.574250284830725,35.535249582926426,2.8817304344357977,0.8154471025331719,0.0,0.0,35.54999923706055,37.06999969482422,36.30999946594238,4.199461870798772,0.5476975046366126,0.5771050345520876,4.043567557019187,-0.3275110339012386,-0.37686626279130986,0.04935522889007127,36.13437461853027,36.622595713688774,36.20359166623691,36.53110270013815,0.930102409408223,0.9821955739977904,-0.052093164589567476,-0.1645525147444609,25.925747794484245,0.3748750686645508,-46.265281372018976,-46.47561406628013,0.21033269426115453,36.048749923706055,37.272499084472656,36.660624504089355,37.35624885559082,50.00000000114374,23.449090953463475,17.29540816050077,21.120866398620034,32.34205309809599,37.974374771118164,36.908748626708984,8.0,36.0,-28.0,35.568749237060544,,0.0,0.0,47.92430939799738,1.0,0.9445433118276377,0.8307007501867424,-14.190385896705873,49.15783427781661,54.166666666666664,44.05551486545138,-45.833333333333336,-1.0362647785859949,-0.06867135903490441,-0.8965265477737688,-1.027524149625834,0.13099760185206522,-10.487314968281924,-6.877480019764542,-3.6098349485173813,36.6455057264713,0.32400470744065046,0.32348094323060295,84.1718964013362,5.6369392034268415,7275540.963324845
2017-07-12,36.467498779296875,36.54499816894531,36.20500183105469,36.435001373291016,34.15217208862305,99538000,0.052501678466796875,1,5782163637.48329,3915098400,-0.057124267420361,-1187633.1178034465,0.03287606804241243,-0.0009766924542693198,37009437.94231249,36.19682375200582,64.6550223350311,1808.369398967924,36.184499740600586,36.76123801088508,35.60776147031609,3.1877642328566926,0.7171709817061923,0.0,0.0,36.08166669209798,36.57166646321615,35.59166692097982,2.716059517425096,0.8605457614671271,0.0,0.0,35.54999923706055,37.06999969482422,36.30999946594238,4.200694962374082,0.5822380721730467,0.5533941648859414,3.6942316820355416,-0.2847909237048114,-0.35845119497401023,0.07366027126919883,36.123124758402504,36.543845836932846,36.23919315962985,36.52398408333466,0.9553426716664488,0.9447574215620903,0.010585250104358512,-0.15839685167100118,25.818324732755922,0.27050209045410156,-42.65679078072209,-46.673050798905805,4.016260018183715,36.057498931884766,37.272499084472656,36.66499900817871,37.35624885559082,75.00000000057186,22.270852393579098,17.5921148981855,20.221585512121017,60.76253336161407,37.974374771118164,36.908748626708984,4.0,32.0,-28.0,35.58712423706054,,0.0,0.0,48.60043736034548,1.0,1.0,0.9168793778369247,-12.69489949822909,51.15469801659167,57.666778564453125,52.72225273980033,-42.333221435546875,-0.8857426138485138,-0.36915045846256744,-0.7797367424512629,-0.9779666681909199,0.19822992573965703,-9.177454209410737,-7.337474857693781,-1.8399793517169556,36.63832400346361,0.14430475890105932,0.14420073964167557,84.43766521240165,5.587043715846164,30509044.01062146
2017-07-13,36.375,37.122501373291016,36.36000061035156,36.942501068115234,34.62786865234375,100797600,0.5074996948242188,1,5835371517.858505,4015896000,-0.014768212222528915,6289850.361741856,0.2770568552138784,0.013552403971229091,38413438.19786106,36.228368454036875,65.33267428275917,1808.369398967924,36.21712474822998,36.88124564900037,35.553003847459586,3.667441329962834,1.0461176715292406,1.0,0.0,36.13666674296061,36.62916666666666,35.64416681925455,2.7257628779610377,1.31810604059665,1.0,0.0,35.54999923706055,37.122501373291016,36.33625030517578,4.34187458878088,0.8855325528477374,0.5743048246912925,3.292456268843642,-0.20759096514665032,-0.3282791490085383,0.12068818386188795,36.16374969482422,36.47961513812725,36.347394376319905,36.554985341466555,0.9608835850552421,0.89432156384793,0.06656202120731203,-0.1478195279894572,25.83784610135342,-0.284625816345212,-38.64593813464702,-46.016316395825996,7.370378261178978,36.36250114440918,37.272499084472656,36.81750011444092,37.35624885559082,87.50000000028592,21.488143543336314,23.01391858892153,18.336028629387062,161.46102920832126,38.05937480926514,36.908748626708984,0.0,28.000000000000004,-28.000000000000004,35.62543919433593,,0.0,0.0,54.72033731983203,1.0,1.0,0.9815144372758793,-9.542685226328144,57.983458822897994,88.40578997933554,66.74641173681843,-11.594210020664457,-0.637779314377731,1.3372629613894687,-0.567886878376524,-0.8959507102280407,0.3280638318515168,-7.939509470702781,-7.4578817802955815,-0.48162769040719944,36.64832586299897,1.39289056043852,1.383278989478498,87.00668004103842,6.036650523298462,21197748.785356224
2017-07-14,36.99250030517578,37.33250045776367,36.83250045776367,37.2599983215332,34.92548370361328,80528400,0.31749725341796875,1,5892545993.749619,4096424400,-0.040050410964298656,9043806.856084956,0.2118814393073641,0.02723416440887195,39105528.475533426,36.25085580372429,63.682922843158096,1823.9111814877049,36.27649974822998,37.07668016892214,35.47631932753782,4.411563553516215,1.1145480118424382,1.0,0.0,36.258416748046876,36.729666519165036,35.78716697692871,2.5993951936334785,1.5626865357513235,1.0,0.0,35.54999923706055,37.33250045776367,36.44124984741211,4.913652731311536,0.9593256176274204,0.5668743422221633,2.897472329158555,-0.11941354189939801,-0.28650602758671023,0.16709248568731222,36.274374643961586,36.41874973590557,36.4877949832758,36.607208525175196,1.0208532002965942,0.882148611474033,0.1387045888225612,-0.13274572780470403,25.89362467713836,0.1810007095336914,-32.84783191913107,-44.6236541727034,11.77582225357233,36.46750068664551,37.217498779296875,36.84249973297119,37.35624885559082,93.75000000014296,21.15846729711883,24.186856292649157,17.20323949453308,211.76863257425532,38.06999969482422,36.908748626708984,0.0,24.0,-24.0,35.71526292507324,,0.0,0.0,58.08286136716054,1.0,1.0,1.0,-5.809910191860728,60.28490947809669,95.88640539879532,80.65299131419465,-4.113594601204686,-0.37311730104334373,3.6944254619332324,-0.3262022610035287,-0.7820010203831383,0.4557987593796096,-8.579564098952973,-7.6822182440270605,-0.8973458549259128,36.75541012529743,0.8594362705236502,0.8557641417460182,88.61388327761321,6.049197934560858,-1631224.5594957173
2017-07-17,37.20500183105469,37.724998474121094,37.14250183105469,37.38999938964844,35.04734420776367,95174000,0.13000106811523438,1,5878249138.440446,4191598400,0.04987264101638176,9519366.113329865,0.214976535727412,0.03383437193934874,39437592.9471963,36.3086450932259,63.52244174976809,1823.9111814877049,36.36762466430664,37.23625241481088,35.4989969138024,4.776928702504795,1.0884999211390092,1.0,0.0,36.39399998982747,36.89399922688802,35.89400075276693,2.747701473870976,1.4960009195977586,1.0,0.0,35.56999969482422,37.724998474121094,36.647499084472656,5.925596733877205,0.8445479005876938,0.5684365723065875,2.386779465041749,-0.03859737247541517,-0.23692429656445124,0.19832692408903607,36.35208288828532,36.36653812115009,36.62659566117928,36.665193033654695,1.0524454822083817,0.8655085430599482,0.18693693914843357,-0.11433564468695846,25.309572538990047,-0.4476264953613267,-27.41061536593108,-42.434827791823324,15.024212425892244,36.66374969482422,37.173749923706055,36.91874980926514,37.35624885559082,96.87500000007148,21.517622401340606,27.294034465063838,15.965750777005065,235.73887606813733,38.06999969482422,36.908748626708984,0.0,20.0,-20.0,35.84464192768848,,0.0,0.0,59.41194434121345,1.0,1.0,1.0,-2.308837360828939,61.98366546653755,84.45479005876939,89.58232847896674,-15.545209941230617,-0.08966118307674265,2.557769787221353,-0.10526979208860825,-0.6466547747242324,0.5413849826356242,-7.759938759358833,-7.697762347093416,-0.06217641226541648,36.86907254206181,0.3489025066329754,0.3482952539073825,89.27196184422661,5.92646359130476,23004170.647983044
2017-07-18,37.29999923706055,37.532501220703125,37.16749954223633,37.52000045776367,35.1692008972168,71475200,0.13000106811523438,1,5944828500.508943,4263073600,0.0352711787402512,9486864.146247027,-0.04276841062262148,0.05298932798115315,39686104.64806364,36.38690899244856,64.8019418545023,1830.2527275056589,36.41437473297119,37.415332054452044,35.413417411490336,5.497594446264337,1.0522841489169477,1.0,0.0,36.53549995422363,37.01699943542481,36.05400047302246,2.6357897486250743,1.5223276887900823,1.0,0.0,35.56999969482422,37.724998474121094,36.647499084472656,5.91798924215948,0.9048732563902854,0.5480930829226084,1.3880596555885765,0.03553045085428863,-0.18243334708070327,0.2179637979349919,36.485416412353516,36.377115102914665,36.7640425529615,36.72851210210721,1.1163335756091184,0.8156666135999622,0.3006669620091562,-0.09355018495853265,24.80700855063401,-0.4093736648559556,-22.021046309372867,-39.57546136881196,17.55441505943909,36.66374969482422,36.63749885559082,36.65062427520752,37.35624885559082,98.43750000003573,21.851123569546548,26.030465181331238,15.226621048881658,187.56271529015388,37.77874946594238,37.088748931884766,96.0,16.0,80.0,36.03267758233174,,0.0,0.0,60.752118884881185,1.0,1.0,1.0,1.0210129602486682,65.27165387422926,90.48732563902854,90.27617369886441,-9.512674360971465,0.15752976361442705,4.454349583463074,0.09673806212326841,-0.49797620735473225,0.5947142694780007,-9.073205599605098,-7.972850997595753,-1.1003546020093449,37.02571380846275,0.34768940956770855,0.34708636734510634,89.93004041084001,5.903573887624582,-7190739.847346947
2017-07-19,37.619998931884766,37.85499954223633,37.48749923706055,37.755001068115234,35.38947296142578,83692000,0.2350006103515625,1,5982974566.651067,4346765600,0.10718074876593661,10941265.137003591,0.14106379169226846,0.0668672314657548,40210296.30162406,36.48547134885486,64.76462011440178,1830.2527275056589,36.4894998550415,37.64429656568039,35.33470314440261,6.329474041718557,1.0479324635301372,1.0,0.0,36.708750025431314,37.17524973551433,36.24225031534831,2.5416267770481173,1.6213844511261803,1.0,0.0,35.56999969482422,37.85499954223633,36.71249961853027,6.262074998258456,0.956236988709497,0.5300338051479256,1.267825985793042,0.11194938732749193,-0.12355680019906423,0.23550618752655617,36.63124974568685,36.43096131544847,36.916497709138994,36.8045483218115,1.1833800049863945,0.7591164879518653,0.42426351703452925,-0.07062398607056325,24.4485583526656,-0.6144998550415011,-15.407606549142963,-35.82294489550739,20.41533834636443,36.78999900817871,36.70249938964844,36.746249198913574,37.35624885559082,99.21875000001786,22.669430379561152,28.980742511913288,14.498821864819902,188.3473672306627,37.35312366485596,37.088748931884766,100.0,12.0,88.0,36.20190967151068,,0.0,0.0,63.12256750743003,1.0,1.0,1.0,4.583557999227151,65.384843808841,95.6236988709497,90.1886048562492,-4.376301129050299,0.43582378836239144,4.860435906360071,0.30417269721293466,-0.33754642644119887,0.6417191236541335,-8.975689570133962,-8.173418712103395,-0.8022708580305675,37.20581186137576,0.626334241696247,0.6243809207536533,91.11963728920061,6.005708403889848,17018341.9194239
2017-07-20,37.875,37.935001373291016,37.54750061035156,37.584999084472656,35.23012924194336,68974800,-0.17000198364257812,0,5927349158.446776,4277790800,0.04316833309384261,7703105.428667352,0.03932693425564708,0.07906744414792898,39899718.828716695,36.61660199872022,67.67119786983454,1822.0115254015495,36.54537487030029,37.79477243571003,35.295977304890556,6.8375140210976335,0.9160502000944035,0.0,0.0,36.905666732788085,37.383666610717775,36.4276668548584,2.590387440447012,1.2105988757014883,1.0,0.0,35.56999969482422,37.935001373291016,36.75250053405762,6.471411736396737,0.8520075939035858,0.5157805009270784,1.1577491006789435,0.15698458515890223,-0.06744852312747095,0.2244331082863732,36.773749669392906,36.46701900775616,37.01934407457494,36.862359489416036,1.2658373292735272,0.7183256291376249,0.5475117001359023,-0.04800481629357878,24.104527184767534,-0.5228757858276367,-9.555737172045115,-31.39801984379153,21.842282671746418,36.888750076293945,36.74250030517578,36.81562519073486,37.35624885559082,99.60937500000892,23.548974081977537,28.55163447838651,13.752397213609472,152.42879234184664,37.35312366485596,37.088748931884766,100.0,8.0,92.0,36.40028045599775,,0.0,0.0,60.285954095317514,0.8828546470185249,0.9609515490061747,0.986983849668725,6.858185227330055,60.92527833655923,84.9945457608214,90.36852342359987,-15.00545423917861,0.6491325939402799,4.766547970655488,0.4258668933115251,-0.18486376249065412,0.6107306558021792,-10.141652893773886,-8.567065548437494,-1.5745873453363917,37.33134195125234,-0.45027672846802425,-0.4512935275502006,90.25907003895483,5.64931258864895,-1853806.6439939886
2017-07-21,37.497501373291016,37.61000061035156,37.220001220703125,37.567501068115234,35.213714599609375,105010400,-0.017498016357421875,0,6009472887.090307,4172780400,0.10199848816224058,6340165.553586386,-0.1211664088770206,0.0666089109552099,39850830.34284046,36.7348179545174,59.09130441830889,1822.0115254015495,36.6033748626709,37.927264905005636,35.27948482033616,7.233704800727965,0.8641262395720033,0.0,0.0,37.05366694132486,37.52441660563151,36.582917277018225,2.540907301034911,1.0457615435023035,1.0,0.0,35.56999969482422,37.935001373291016,36.75250053405762,6.461157440645422,0.8446088607370345,0.5032023897992144,1.0669831517637618,0.1890837207856748,-0.016142074344841793,0.20522579513051661,36.90249983469645,36.51615362900954,37.10367591973498,36.91459219894931,1.161940897183555,0.7671643048731953,0.39477659231035966,-0.026563502909269083,23.866558263795156,-0.9208759307861314,-4.69900975400045,-26.612206373001293,21.913196619000843,37.01500129699707,36.74250030517578,36.878750801086426,37.35624885559082,99.80468750000446,23.40424933509427,27.042670458452513,17.463651500687085,105.42897365685823,37.35312366485596,37.088748931884766,96.0,4.0,92.0,36.615141384418806,,0.0,0.0,59.987145418060045,0.8705145629514524,0.9177897366566588,0.9595804285542778,8.670379455031972,63.55058817140235,84.24436299883392,88.28753587686833,-15.755637001166079,0.7487944098079922,4.288991666068346,0.5122194490639846,-0.045447120179726366,0.557666569243711,-7.709165286088436,-8.395485495967684,0.6863202098792476,37.40217473646264,-0.046555851493024214,-0.04656669209430753,90.1704933088555,5.661863273109738,41824195.872125335
2017-07-24,37.64500045776367,38.11000061035156,37.474998474121094,38.022499084472656,35.64020919799805,85972800,0.4549980163574219,1,6071752062.282243,4258753200,0.1289236288757239,11022635.254601669,0.27882357487981474,0.08944833966148365,40892088.14142993,36.85008658279406,64.78242224398406,1844.0787805094938,36.67599983215332,38.13687191089221,35.215127753414436,7.9663653911251355,0.9608546059288476,0.0,0.0,37.22075030008952,37.69050013224284,36.7510004679362,2.5241287634773393,1.3533784681816108,1.0,0.0,35.56999969482422,38.11000061035156,36.84000015258789,6.925512398166611,0.9655505927797118,0.5163823644423398,0.9324349741626505,0.24837395403988438,0.036761131332103444,0.21161282270778092,37.09749984741211,36.59115365835336,37.24503332969462,36.99665937565474,1.2225496248269752,0.7089167827662165,0.5136328420607587,-0.0043685925221849066,23.781324928803514,-0.6310016632080107,0.6245197634659388,-21.402228469058524,22.026748232524465,37.157501220703125,36.829999923706055,36.99375057220459,37.35624885559082,99.90234375000223,24.059443943919835,31.427186287037006,15.982534077440915,129.21871339168726,37.31562519073486,37.088748931884766,100.0,0.0,100.0,36.79992178286091,,0.0,0.0,64.86395017819781,1.0,0.9177897366566588,0.9321770074398308,11.74216372749135,66.26051276431623,96.51040731691732,88.58310535885755,-3.4895926830826713,0.8410222558414233,6.557837098390381,0.6713415703779035,0.09791061793179962,0.5734309524461039,-7.414345058052367,-8.199257408384621,0.7849123503322541,37.59724971143265,1.2111479428254857,1.2038722336178864,92.47373932642677,6.110295361916684,4727961.782908201
2017-07-25,37.95000076293945,38.459999084472656,37.95000076293945,38.185001373291016,35.79252624511719,75415600,0.16250228881835938,1,6065837522.508283,4334168800,0.16841348088340888,11198717.020031411,0.27895356157262763,0.11413994195912955,41214402.768498056,36.997918068771895,71.57627704516187,1851.9600884142797,36.76249980926514,38.35933021767135,35.165669400858924,8.687278703521507,0.9454141017535074,0.0,0.0,37.409250259399414,37.893249893188475,36.92525062561035,2.5875933381875345,1.3013963851775279,1.0,0.0,35.56999969482422,38.459999084472656,37.01499938964844,7.861270056831336,0.9048450625399289,0.5157439601514261,0.8370072574969265,0.30495908912723735,0.09040072289113023,0.21455836623610713,37.275833447774254,36.69182674701397,37.38964379794022,37.08468470881298,1.3068982596753496,0.6381408019452012,0.6687574577301484,0.0182422996042802,23.708392545781262,-0.4975004196166992,6.947222350270773,-15.890671454503758,22.83789380477453,37.40999984741211,37.01499938964844,37.21249961853027,37.35624885559082,99.95117187500111,25.130129657847494,33.96953001117054,14.890252190705619,137.49990692117663,37.31437397003174,37.088748931884766,100.0,32.0,68.0,37.009534395259415,,0.0,0.0,66.4373072381703,1.0,0.9568381876504838,0.9308058869879338,14.804384842020351,62.424585833131566,90.37627690648212,90.37701574074445,-9.623723093517881,1.0265442118925208,5.937032356931648,0.8223316215892365,0.242794818663287,0.5795368029259494,-8.060169848477425,-8.171439896403182,0.1112700479257569,37.78352685189578,0.42738455580559886,0.4264738618676933,93.29634236228945,6.009431195830302,1021434.693622604
2017-07-26,38.337501525878906,38.48249816894531,38.26499938964844,38.3650016784668,35.96125793457031,63124000,0.18000030517578125,1,6060760234.308479,4397292800,0.22169083049728064,11222091.626300642,0.05814376481013253,0.12232644492432544,41511963.03706632,37.17740743082194,78.83201059348735,1860.6900443943546,36.88412494659424,38.57720462988087,35.191045263307615,9.180533282207959,0.937332260994905,0.0,0.0,37.60683352152506,38.07858339945476,37.13508364359538,2.508851896077201,1.303570061606596,1.0,0.0,35.56999969482422,38.48249816894531,37.026248931884766,7.896346946926889,0.9596578362108936,0.4939192437017132,0.5156649883900555,0.3601758536213566,0.14435574903717552,0.2158201045841811,37.45083363850912,36.760288385244515,37.539698856482765,37.17952300286141,1.3816683452111613,0.5897824503157517,0.7918858948954096,0.04106838584809591,23.61589699485885,-0.5016252517700224,13.705970873555884,-10.073792675814552,23.779763549370436,37.65749931335449,37.026248931884766,37.34187412261963,37.35624885559082,99.97558593750055,26.153078322179475,32.88248953328821,14.277290790591044,132.83153252313699,37.31437397003174,37.088748931884766,100.0,28.000000000000004,72.0,37.270618039317796,,0.0,0.0,68.13918990614636,1.0,1.0,0.9582093081023809,17.91456148152361,65.26383457394792,95.7390207259477,94.20856831644903,-4.260979274052309,1.1798014472512648,5.790713702363356,0.9687479142581705,0.38798543778226374,0.5807624764759067,-9.662695057204148,-8.469690928563377,-1.193004128640771,37.971589195369404,0.47139007123797594,0.47028250750811296,94.20752212825145,6.0320681932505025,-4576036.3397946805
2017-07-27,38.4375,38.497501373291016,36.82500076293945,37.63999938964844,35.281673431396484,129905200,-0.7250022888183594,0,6057458945.777428,4267387600,0.17386099510173564,-3835573.9388004113,-0.9173249853165117,0.04744826411186699,39057080.63881353,37.30287137523124,69.09806044245711,1860.6900443943546,36.94324989318848,38.65509197718961,35.231407809187345,9.267414691184275,0.7035086948065405,0.0,0.0,37.691416803995764,38.25416666666667,37.12866694132487,2.98609025814726,0.4543159245714437,0.0,0.0,35.56999969482422,38.497501373291016,37.03375053405762,7.924320916353825,0.7070874493600042,0.6117773803666982,0.6044637565957449,0.3414973428933834,0.1837840678084171,0.1577132750849663,37.55562527974447,36.81365379920373,37.55512970773902,37.21363236484564,1.130393734577835,0.6944709404960451,0.4359227940817899,0.05911044322319309,24.006241917495927,-0.5082485198974638,17.94344487847037,-4.430317476081058,22.373762354551427,37.661251068115234,37.03375053405762,37.347500801086426,37.35624885559082,99.98779296875028,24.581998421175758,26.322212975356813,28.606110535278933,63.472187190610924,37.28687381744385,37.088748931884766,100.0,24.0,76.0,,38.48249816894531,0.0,1.0,55.854091727038,0.43330453502771826,0.8111015116759058,0.92264656644213,17.06125002411193,58.712691510569975,67.70240505292438,84.60590089511805,-32.297594947075616,1.1956028545603985,3.4563312179539736,0.9176673202586466,0.49392181427754034,0.4237455059811063,-4.68507943842416,-7.7127686305355345,3.0276891921113744,37.953892623725544,-1.8897491387972032,-1.907833087790145,90.53748715135343,5.154753606564796,70604521.84878337
2017-07-28,37.47249984741211,37.557498931884766,37.29750061035156,37.375,35.03328323364258,68854800,-0.2649993896484375,0,6029652141.340612,4198532800,0.1646529894428808,-5894274.801023958,-0.08826537129647831,0.02974348402670569,38572317.613568015,37.38614290164113,63.06546321454743,1847.5901045940093,37.015999984741214,38.670420073469174,35.361579896013254,8.938945804030405,0.6084972364953607,0.0,0.0,37.71825014750162,38.25699984232585,37.17950045267741,2.8567056675077724,0.18143819773891245,0.0,0.0,35.602500915527344,38.497501373291016,37.05000114440918,7.8209435351119865,0.6122621085324025,0.5848495202597158,0.8895652192288719,0.3018319220047232,0.20739363864767832,0.09443828335704488,37.63395849863688,36.84855769230769,37.527417445009945,37.22558552300522,1.171875610314099,0.8361038105919838,0.33577179972211524,0.07163901160423394,24.239849675094433,-0.0734989166259794,20.654376665136603,0.910237194037574,19.74413947109903,37.661251068115234,37.03375053405762,37.347500801086426,37.28249931335449,98.87607032528022,23.123138513100876,25.212891210692952,27.400536328852056,37.720353509670836,37.22812461853027,37.088748931884766,96.0,20.0,76.0,,38.48249816894531,0.0,0.0,52.152830570227216,0.20917863801001652,0.5474943910125779,0.7861986342294948,15.177326114918257,55.28361694863565,53.27778139444047,72.2397357244375,-46.72221860555953,1.2046835394466626,2.5799330074900406,0.8108184673635089,0.557301144894734,0.2535173224687749,-6.245925717106074,-7.419400047849643,1.173474330743569,37.94893392141971,-0.7040366470391524,-0.706526679082442,89.19603341546039,5.23724477060486,-25002650.844046682
2017-07-31,37.474998474121094,37.58250045776367,37.032501220703125,37.182498931884766,34.852840423583984,79383600,-0.19250106811523438,0,5993568086.150883,4119149200,0.17688131607047058,-7235296.656710896,-0.08313974295030917,0.020031257602758288,38163449.98036848,37.448516529929826,56.59454377594107,1847.5901045940093,37.07487487792969,38.66369879384705,35.48605096201233,8.570892935707091,0.5338690942642746,0.0,0.0,37.70291684468587,38.238416798909505,37.167416890462235,2.840628784396623,0.014082206080107554,0.0,0.0,35.602500915527344,38.497501373291016,37.05000114440918,7.808523878490653,0.5457677949999143,0.5813644919397989,1.2046314046147604,0.25195913471233666,0.21630673786061,0.035652396851726664,37.653958320617676,36.87836529658391,37.4743530583753,37.22239392366296,1.1006169886319177,0.8334957769609372,0.26712121167098046,0.078770480322721,24.42748166890331,0.18512344360351562,22.453321170061024,5.8518335806413395,16.601487589419683,37.661251068115234,37.03375053405762,37.347500801086426,37.272499084472656,87.65062998479331,22.19681148328311,23.50014351425053,28.81223547631257,20.677282974603287,36.742499351501465,37.088748931884766,92.0,16.0,76.0,,38.497501373291016,0.0,0.0,49.582459893013485,0.05026024718651005,0.23091447340808133,0.5298367920321884,12.819142720605056,54.7922662209647,42.63892239980698,54.539702949057265,-57.36107760019302,1.0714337405036503,0.6496524513243404,0.6769020155690781,0.5812213190296028,0.09568069653947531,-6.482363583081809,-7.231992754896076,0.7496291718142674,37.93899895959945,-0.5150530250574881,-0.5163839952524008,88.2215735220653,5.250768733441074,12069208.346443325
2017-08-01,37.275001525878906,37.55500030517578,37.102500915527344,37.51250076293945,35.162166595458984,141474400,0.3300018310546875,1,6108467434.888026,4260623600,0.25379398997463554,467861.586728272,0.00679664197984811,0.018168441455432265,39419062.496700145,37.52579906684284,58.13740358882018,1847.5901045940093,37.15674991607666,38.656053316597536,35.65744651555579,8.070153627038122,0.6186387113973059,0.0,0.0,37.70125020345053,38.24549992879232,37.15700047810873,2.8871707033841805,0.32659665983980646,0.0,0.0,35.602500915527344,38.497501373291016,37.05000114440918,7.79131776676487,0.659758046769894,0.5684779817106628,1.3394370256966952,0.2363386168356243,0.22031311365561287,0.01602550318001142,37.67500019073486,36.91461533766527,37.480221936000554,37.24388331916493,1.0940500445658468,0.8499678325378517,0.24408221202799507,0.08357611092774027,24.494762691385873,0.2332494735717745,24.711051771590633,10.309462282945072,14.40158948864556,37.661251068115234,37.03375053405762,37.347500801086426,37.272499084472656,58.30314061172081,21.336650669880896,22.16601125460822,27.176529175282983,28.113674516577806,36.742499351501465,37.088748931884766,88.0,12.0,76.0,,38.46405136108398,0.0,0.0,53.78727888007886,0.22659266929515925,0.16201051816389497,0.3134731275281848,12.077010587299329,55.62793515416214,53.918116548552376,49.94494011426659,-46.081883451447624,0.874014708575082,0.6776770069265527,0.6345702858380757,0.5918911123912974,0.042679173446778296,-1.0850986696683136,-6.0026139378505246,4.9175152681822105,37.93713161798677,0.8875192376371022,0.8836039346431512,89.8920761964569,5.743538363583188,72532081.69161429
2017-08-02,39.81999969482422,39.9375,39.040000915527344,39.28499984741211,36.8236083984375,279747200,1.7724990844726562,1,5981450786.670203,4540370800,0.15000138916276212,71236975.05773695,0.6929820514784224,0.047877384045756845,52637366.94985635,37.94746607921097,63.787627590672976,1847.5901045940093,37.319874954223636,38.99022106769191,35.64952884075536,8.951509701021854,1.0882388318634524,1.0,0.0,37.873416900634766,38.47066650390625,37.27616729736328,3.153925112373348,1.6817361945870515,1.0,0.0,35.602500915527344,39.9375,37.77000045776367,11.615792094131997,0.849480901870302,0.7541301072456512,1.3394370256966952,0.3628029401455848,0.24881107895360727,0.11399186119197752,37.8329168955485,37.023461415217476,37.75788007621772,37.39507713607213,1.1044581777668299,0.8380377610015505,0.2664204167652794,0.09583539521575205,24.63224546229064,0.20012550354003622,30.26581891135421,14.734079625544998,15.531739285809211,38.38125038146973,37.75374984741211,38.06750011444092,37.74374961853027,54.71013042182176,22.193759053817246,40.94199042260675,20.46968957826482,218.42468092056453,36.79124927520752,37.13749885559082,100.0,8.0,92.0,36.82500076293945,,1.0,0.0,68.82603809285419,1.0,0.4256176388272228,0.2728475434663998,17.283201689111788,59.01947208467703,79.0361345372051,58.531057828521476,-20.963865462794896,1.0066841349882267,5.068201360517566,0.9701890407270131,0.6675506980584406,0.3026383426685725,12.717992606625838,-2.2584926289552523,14.976485235581091,38.04301185765375,4.7250890994284145,4.616853163890067,98.86464598949398,7.38839318487706,177062846.73511732
2017-08-03,39.26250076293945,39.3025016784668,38.755001068115234,38.89250183105469,36.45570755004883,108389200,-0.3924980163574219,0,5927503891.984994,4431981600,0.14197153567144127,54982757.76455055,-0.2323568948843051,0.01614607446063761,51554446.08540914,38.069096982239955,56.973775242363615,1829.1307574154062,37.480375099182126,39.10685779619798,35.853892402166274,8.679116432062306,0.9341044434298087,0.0,0.0,38.00283368428548,38.61608327229818,37.389584096272785,3.2273887421520384,1.225371988958261,1.0,0.0,35.724998474121094,39.9375,37.83124923706055,11.239219230681682,0.7519293079122905,0.7334671575562424,1.3657936076696817,0.4264397854209392,0.2843368202470737,0.1421029651738655,37.94729200998942,37.13730768057016,37.932437269269556,37.50599748384862,1.024409672716787,0.9275591528763436,0.09685051984044346,0.11026531119549204,24.682107371315908,0.2746259689331083,34.9415352778983,19.138584629089305,15.802950648808999,38.38125038146973,37.75374984741211,38.06750011444092,37.74374961853027,65.6929053848529,22.5286835047924,38.62436640738836,22.25763876923061,162.77461126365543,36.79124927520752,37.13749885559082,96.0,4.0,92.0,36.88725074768067,,0.0,0.0,63.86948239402519,0.7424306619405101,0.6563411104118895,0.4146564224676692,19.372876406477893,56.833622008242784,66.42575341055468,66.46000149877071,-33.57424658944533,1.1862871057847002,3.658052656038858,1.1369909188645868,0.7614387422196698,0.375552176644917,10.729199041462616,0.33904570512832133,10.390153336334295,38.09184741867738,-0.9991040292272713,-1.0041285684628587,96.8777812987044,6.008801136646213,-77852666.45133424
2017-08-04,39.01750183105469,39.349998474121094,38.92250061035156,39.09749984741211,36.647850036621094,82239600,0.20499801635742188,1,5912595001.566848,4514221200,0.11920164087451401,49536500.207618736,0.05587969491979199,0.00478201440295047,51987921.79595256,38.171999706952256,56.70531136759713,1838.7719005477593,37.633000183105466,39.26493933718501,36.00106102902592,8.672915505748973,0.9486992240628779,0.0,0.0,38.16858355204265,38.78558298746744,37.55158411661783,3.2330224389046562,1.252769161555157,1.0,0.0,35.842498779296875,39.9375,37.88999938964844,10.881410466289342,0.7948718187576853,0.7058701061072588,1.3717373770920331,0.48779111809059117,0.3250276798157772,0.162763438274814,38.05916690826416,37.23884611863356,38.111677665906875,37.623886547816284,1.0063831289628238,0.9601067628944968,0.04627636606832697,0.12636928180665175,24.648523601419733,-0.04800109863280966,39.27114623558347,23.432654237102366,15.838491998481107,38.38125038146973,37.75374984741211,38.06750011444092,37.74374961853027,77.57393289535888,22.884661246166676,37.25541910741035,21.178783875328886,154.90262505303033,36.79124927520752,37.13749885559082,92.0,0.0,92.0,36.948255732727056,,0.0,0.0,65.27602698907981,0.8155222970017204,0.8526509863140767,0.6448699118510631,21.46735680935094,56.5517581142007,73.01203667502938,72.8246415409297,-26.987963324970615,1.4310150034287403,3.555817087317312,1.2964931665702752,0.868449627089791,0.42804353948048424,7.2603240475736435,1.723301373617386,5.537022673956257,38.16054934363428,0.5270887875712171,0.5257045366450441,97.91550200914887,6.208959152521018,-30185804.76063621
2017-08-07,39.26499938964844,39.72999954223633,39.16749954223633,39.70249938964844,37.21494674682617,87481200,0.6049995422363281,1,5991522436.771926,4601702400,0.14558062039069036,50020726.742856726,0.20093602968409213,0.022189474424858587,53341616.69104411,38.2910635891385,62.09679546629585,1838.7719005477593,37.804875183105466,39.54480089965614,36.06494946655479,9.204769004650617,1.0453175927260072,1.0,0.0,38.33500022888184,38.944749450683595,37.725251007080075,3.1811619572777303,1.6213619565808974,1.0,0.0,36.095001220703125,39.9375,38.01625061035156,10.164029799558868,0.9388417215334641,0.6985330649789547,1.3717373770920331,0.578561600125937,0.3757344638778092,0.20282713624812787,38.23562526702881,37.38432693481445,38.35641946955942,37.77785786943348,1.021722583381835,0.894750964279725,0.12697161910211008,0.1458147571272181,24.708996473862978,-0.23737411499023153,44.29135264938129,27.582002048114642,16.709350601266646,38.38125038146973,37.77000045776367,38.0756254196167,37.74374961853027,86.70926666510701,23.572854813603904,38.791687049204505,19.753243704356883,165.9056363233346,36.79624938964844,37.13749885559082,88.0,12.0,76.0,37.00804061807251,,0.0,0.0,69.09931880395644,1.0,0.8526509863140767,0.7872143610133477,24.590346229080556,61.17605054512732,92.44977773637953,77.29585594065452,-7.550222263620464,1.7666544970344091,5.6338974504606965,1.5314833417118079,1.0010563700141946,0.5304269716976133,4.760038779907416,2.330648854875392,2.429389925032024,38.27627877948046,1.5474123527015493,1.5355620204057008,100.97807093514976,6.648389681390057,249621.49739316106
2017-08-08,39.650001525878906,40.45750045776367,39.567501068115234,40.02000045776367,37.5125617980957,144823600,0.3175010681152344,1,5993963186.318448,4746526000,0.12033703587317929,49443715.44934769,0.34644784575120546,0.036859764000496946,54499771.67864375,38.4878051216959,63.80635910794599,1838.7719005477593,37.98675022125244,39.8500142851102,36.12348615739469,9.810073528297323,1.0456151588899132,1.0,0.0,38.516666920979816,39.1644162495931,37.86891759236654,3.363475504992122,1.6604284793333774,1.0,0.0,36.20500183105469,40.45750045776367,38.33125114440918,11.194689205948025,0.8971193083397696,0.717679697445903,1.3717373770920331,0.6684125006001409,0.43427007122227557,0.23414242937786534,38.440000216166176,37.53874998826247,38.61235500620623,37.94394250560609,1.0284597631441519,0.8604025463781869,0.16805721676596497,0.1680005560002436,24.85124355425973,0.03574886322021342,49.17175164414637,31.522644355958032,17.649107288188336,38.64125061035156,38.03000068664551,38.335625648498535,38.00374984741211,92.87434355722857,24.812754505345122,42.76703594091987,17.924932799631137,173.07408644887275,36.79624938964844,37.13749885559082,100.0,8.0,92.0,37.06662980571107,,0.0,0.0,70.90954709438054,1.0,0.9385074323339065,0.8812698016540201,27.690973215801346,60.9011498023538,87.95595218842348,84.47258886661079,-12.044047811576517,2.199397143195654,6.528247341237062,1.7615789410954996,1.1531608842304557,0.6084180568650439,6.819239494222167,3.228366982744747,3.5908725114774196,38.41907804861107,0.7997004546217878,0.7965197964422188,102.58529348210827,6.572226990213352,61586873.322916776
2017-08-09,39.814998626708984,40.317501068115234,39.77750015258789,40.26499938964844,37.74220657348633,104526000,0.24499893188476562,1,6078164070.98763,4851052000,0.14389982015676817,46038721.57861045,0.018081577450449072,0.03534223851441137,55139670.680674344,38.63281946570604,69.08945997832063,1850.0287008091527,38.17825012207031,40.1484184095118,36.20808183462882,10.320893603777623,1.0295865538187183,1.0,0.0,38.69158363342285,39.37158317565918,38.01158409118652,3.514973947196768,1.6569241289862162,1.0,0.0,36.36000061035156,40.45750045776367,38.40875053405762,10.732550167466691,0.9530198718038235,0.6999118192540471,1.3664484442670757,0.7507353431094828,0.49756312559971705,0.2531722175097657,38.626875241597496,37.70759611863356,38.86660798827426,38.11587264516478,1.042543177947066,0.8837325014329332,0.15881067651413272,0.19196674466422012,24.95297726986668,0.006751251220705967,54.09649216132091,35.53964960960809,18.55684255171282,38.7450008392334,38.03000068664551,38.38750076293945,38.00374984741211,96.43717177861427,25.964089933390543,40.328055166574494,16.90268364165517,153.28549666753256,36.79624938964844,37.22624969482422,96.0,4.0,92.0,37.20226463179317,,0.0,0.0,72.25998811325287,1.0,1.0,0.9303861395493277,30.604710432625236,65.48810952107436,94.70058955849272,91.7021064944319,-5.29941044150727,2.2019560084623464,5.897824601675267,1.9696134208925635,1.3164513915628775,0.653162029329686,5.502843906789587,3.6832623675537155,1.8195815392358714,38.57546512269403,0.6121912270923957,0.610324949518315,103.82550287618511,6.5318481970326445,-7801047.111547634
2017-08-10,39.974998474121094,40.0,38.657501220703125,38.83000183105469,36.54005432128906,163217200,-1.43499755859375,0,5956891142.452248,4687834800,0.05733655614675284,6002292.278736416,-0.5911883046759955,0.0017692459573417363,49322800.27037151,38.76226615316916,66.37628797822094,1850.0287008091527,38.27262516021729,40.17669380464736,36.36855651578722,9.95002896435369,0.6463646472168642,0.0,0.0,38.842417017618814,39.48941637674967,38.195417658487955,3.331406275965691,0.49040556502188465,0.0,0.0,36.82500076293945,40.45750045776367,38.64125061035156,9.491117161725406,0.5519617994660999,0.7906704542231736,1.6603607223256724,0.6922051684000863,0.5364915341597909,0.15571363424029538,38.68062527974447,37.815576993502106,38.86097627177894,38.16877110337885,0.9465833020391489,0.8724051951206152,0.07417810691853366,0.20811491873157228,25.29921485329137,0.09237651824950888,56.94757078353712,39.572226733874814,17.375344049662303,38.7450008392334,38.03000068664551,38.38750076293945,38.00374984741211,98.21858588930714,25.200527501433072,34.09464054265124,25.05933466438581,69.47493706412068,36.79624938964844,37.3125,92.0,0.0,92.0,37.33247406483199,,0.0,0.0,55.893424242280915,0.2782915442978031,0.759430514765934,0.8993126490332802,27.098434777453722,54.37182502214108,55.19617994660999,79.28424056450872,-44.80382005339001,2.178095514634073,1.6891460902626172,1.813538000805086,1.4158687134113193,0.39766928739376683,8.409243856677614,4.628458665378496,3.7807851912991186,38.584549649349114,-3.563883224502584,-3.6289399189897598,96.5613999719227,4.855834672580073,67905989.70493841
2017-08-11,39.150001525878906,39.64250183105469,39.01750183105469,39.369998931884766,37.0482063293457,105028400,0.5399971008300781,1,5970333803.267677,4792863200,0.036283164192802995,13246969.311034326,0.0007445728388256177,-0.01809353990272891,50783398.48902685,38.84662592266513,66.84066499853188,1875.7564908627296,38.37812519073486,40.27989268257212,36.47635769889761,9.910684705861422,0.760776815622102,0.0,0.0,39.035750452677405,39.71924997965495,38.35225092569986,3.5019156493796144,0.7445125899979906,0.0,0.0,36.82500076293945,40.45750045776367,38.64125061035156,9.465026435687292,0.7006189629063322,0.7928534088008562,1.7634361383022379,0.6815365077293194,0.5655005288736966,0.11603597885562278,38.76437505086263,37.957403916579025,38.93928745025676,38.25775094252744,0.9403626103053971,0.9314166280998611,0.008945982205535996,0.2207415152938542,25.55074167840145,-0.7381258010864258,61.52913732152277,43.913984084037224,17.615153237485544,38.78000068664551,38.09124946594238,38.435625076293945,38.00374984741211,99.10929294465356,24.491505243186847,31.448706069717147,23.11459037607618,74.17076083745556,36.79624938964844,37.35624885559082,88.0,0.0,88.0,37.45747512054926,,0.0,0.0,59.60150950052107,0.44180518750565223,0.5733655772678182,0.7775986973445842,25.69900435226354,50.574240092325674,70.06189629063323,73.3195552652453,-29.938103709366775,2.1346032871919505,2.61956785989676,1.7814338034484962,1.4889817314187548,0.29245207202974144,6.639964434153528,5.030759819133502,1.609204615020026,38.63911421601388,1.3906697794647371,1.3810886926219013,99.29491995942503,6.087902633272883,-20175933.077502996
2017-08-14,39.83000183105469,40.0525016784668,39.6875,39.962501525878906,37.605751037597656,88490800,0.5925025939941406,1,6015185431.326998,4881354000,0.06407197595694332,18844692.058688954,0.22273563393667484,-0.022109106162439822,52115149.313692346,38.93296853117807,67.1769149411825,1903.9858689854054,38.50675029754639,40.47075464456759,36.54274595052519,10.200831448227126,0.8706079445650029,0.0,0.0,39.299250539143884,39.964250310262045,38.63425076802572,3.38428729298942,0.9986851240713974,0.0,0.0,36.82500076293945,40.45750045776367,38.64125061035156,9.433410159921175,0.8637304959474417,0.7818183425789738,1.7748299935912561,0.7126762368360318,0.5949356704661637,0.11774056636986807,38.9579168955485,38.10807712261494,39.09670500035247,38.38402876351644,0.930940482035839,0.9082700833052275,0.022670398730611496,0.23310449936633748,25.617981593219994,-1.1317502975463896,66.30409491379517,48.53543332205996,17.76866159173521,39.5575008392334,38.14999961853027,38.853750228881836,38.00374984741211,99.55464647232677,24.267328912667644,33.32640969815044,21.59831345258278,102.62758631226214,36.79624938964844,37.35624885559082,84.0,0.0,84.0,37.57747613403784,,0.0,0.0,63.252094545660775,0.6027832716110271,0.44096000113816053,0.5912520310573044,25.90706779289308,55.30381396547392,86.37304959474417,70.54370861066245,-13.62695040525583,2.125838829489311,6.1703033312726125,1.8566999343055464,1.5625253719961132,0.2941745623094332,4.026938174603536,4.8299954902275095,-0.8030573156239731,38.77859879272379,1.5049596394941522,1.4937474743263568,102.29422806837651,6.497219995441043,-11036310.796348214
2017-08-15,40.165000915527344,40.54999923706055,40.03499984741211,40.400001525878906,38.01746368408203,117862000,0.4375,1,6064390921.860612,4999216000,0.054754405795602125,23518968.19316196,0.18461130319675997,-0.01307571056339501,53405474.56939757,39.0504847073844,68.32849363270805,1903.9858689854054,38.65075035095215,40.723553768319306,36.577946933585,10.725812040107478,0.9219529841253902,0.0,0.0,39.59308382670084,40.264333597819004,38.92183405558268,3.390742555221143,1.1010562192326023,1.0,0.0,36.82500076293945,40.54999923706055,38.6875,9.637583851019155,0.9597321415770426,0.7623862794392404,1.7748299935912561,0.7638520788787773,0.6287189521486864,0.1351331267300908,39.210000356038414,38.26711566631611,39.29721215812577,38.53336007924699,0.9358608322611005,0.8721309630083595,0.06372986925274104,0.2465373732791773,25.68305464418812,-1.4682514190673857,70.56944628703765,53.01361414158034,17.55583214545731,39.603750228881836,38.322500228881836,38.963125228881836,38.04999923706055,99.77732323616338,24.540701937302174,36.270277110258625,20.3601989781933,118.48586126862382,36.66374969482422,37.35624885559082,100.0,0.0,100.0,37.69267710698687,,0.0,0.0,65.71566796502356,0.7114182778355623,0.5853355789840803,0.5332203857966865,26.942577147214863,57.33453844329936,95.97321415770426,84.13605334769387,-4.026785842295742,2.0621327119715076,8.09364956756898,1.9823137076752544,1.6464830391319416,0.3358306685433128,3.9631644595062085,4.65662928408325,-0.6934648245770414,38.95546148123016,1.0947763110291886,1.0888270167655367,104.50889735584848,6.5838652892256135,32100805.251547962
2017-08-16,40.48500061035156,40.627498626708984,40.037498474121094,40.23749923706055,37.864540100097656,110686400,-0.16250228881835938,0,6028746415.832746,4888529600,0.02070555509892472,17589573.688272472,0.021320976135102178,0.0539704295402917,52960256.929256074,39.2405836996982,68.77433538764367,1896.3274024036716,38.774875259399415,40.91449370328922,36.635256815509614,11.036107425625499,0.8417955154195852,0.0,0.0,39.68108367919922,40.3215835571289,39.040583801269534,3.228237832957339,0.9343603933695148,0.0,0.0,36.82500076293945,40.627498626708984,38.72624969482422,9.806602441223246,0.8974360003290524,0.7451476667541055,1.7048447973949281,0.7822790992757191,0.6594309815740931,0.12284811770162607,39.46458371480306,38.41538487947904,39.44187170873112,38.6595926094554,1.059365890013121,0.8540590395774887,0.20530685043563235,0.2587192618616764,25.773306823552,-1.2623744964599624,70.94443949000573,57.01393683181449,13.930502658191244,39.642499923706055,38.416250228881836,39.029375076293945,38.088748931884766,99.8886616180817,24.86735990477564,34.9197173009561,19.171613926244383,104.9090996288785,36.660624504089355,37.35624885559082,100.0,0.0,100.0,37.86411643479129,,0.0,0.0,63.99943912548411,0.6357385642939544,0.6499800379135142,0.5587585393452518,27.173355672198724,53.345938040900066,89.15160859373923,90.49929078206254,-10.848391406260777,1.9963750053854525,8.216231810487743,2.0235058014666936,1.7218875915988923,0.3016182098678013,3.366414444081705,4.398586316082941,-1.032171872001236,38.997367521245586,-0.40223337297219386,-0.40304450723631646,103.68629431998579,6.108123017545367,13991988.83434835
2017-08-17,40.130001068115234,40.1775016784668,39.459999084472656,39.46500015258789,37.13759994506836,111762400,-0.7724990844726562,0,5918542007.064556,4776767200,-0.0039083925205736884,2743012.9215954356,-0.32982080187791396,0.0367164702130463,50814588.0056032,39.343465786654725,66.88838573968471,1896.3274024036716,38.86887531280517,40.955671051870276,36.78207957374007,10.73761832453957,0.6428325802624518,0.0,0.0,39.75283355712891,40.41033363342285,39.09533348083496,3.307940679745763,0.2811153071164555,0.0,0.0,36.82500076293945,40.627498626708984,38.72624969482422,9.782886263541604,0.6942803084263475,0.748382915337484,1.6773345878770283,0.7261775033977145,0.6727802859388174,0.05339721745889703,39.627291997273765,38.53192329406738,39.44542993086293,38.719252427465214,0.9681889911461995,0.8190866713533836,0.14910231979281585,0.26497628517567656,25.77744690586597,0.41612453460693644,71.29435014426258,60.57207059944551,10.72227954481707,39.642499923706055,38.49374961853027,39.068124771118164,38.088748931884766,82.01870748220873,24.228672981596194,32.24803652505421,23.38764144604926,58.37810770642743,36.66499900817871,37.35624885559082,96.0,0.0,96.0,38.08518701014471,,0.0,0.0,56.45185962374591,0.3029165993761868,0.5500244805019009,0.595113365799832,24.77850425165645,48.20269860882332,67.66344053047145,84.26275442730497,-32.33655946952856,1.9798896677353852,5.204929956515756,1.8754946386377178,1.7526090010066575,0.12288563763106031,2.936110225048753,4.106091097876104,-1.1699808728273506,39.005198524422475,-1.9198486464614861,-1.9385170637244098,99.775825755456,5.333567121741403,17128731.587549537
2017-08-18,39.46500015258789,39.875,39.18000030517578,39.375,37.05289077758789,109712400,-0.09000015258789062,0,5870394769.402775,4667054800,-0.061590857259764924,940563.5412555607,-0.18449949157101644,0.02947648816871007,50564388.26652791,39.445744215445714,65.56231550052226,1892.0028172037971,38.95925025939941,40.96787252043849,36.95062799836033,10.311401003177538,0.6034912707742066,0.0,0.0,39.7881669362386,40.47241719563802,39.1039166768392,3.439466113108143,0.19808784829598763,0.0,0.0,36.82500076293945,40.627498626708984,38.72624969482422,9.760192607536462,0.670611615947801,0.7430445932861576,1.6107924990815594,0.6667682351569653,0.6715778757824471,-0.004809640625481837,39.63479200998942,38.62548094529372,39.434594556884015,38.76782632172705,0.9673010421245828,0.8493269693597894,0.11797407276479344,0.26600799002368836,25.80072456749276,-0.06674842834472372,71.44551771771044,63.58920005148208,7.856317666228364,39.642499923706055,38.72624969482422,39.18437480926514,38.088748931884766,41.00935374110436,23.216343377194498,30.035845991676652,24.5469664324588,38.22591071501547,36.81750011444092,37.35624885559082,92.0,36.0,56.0,38.28857193946985,,0.0,0.0,55.62874419923543,0.09968571994028864,0.34611362787014294,0.5153727154285195,22.650056101367216,44.343476681441736,64.46810099376987,73.76105003932683,-35.531899006230134,1.9183599359848955,0.22909546375833667,1.7199010066326095,1.7460674021318479,-0.026166395499238382,2.4213219609741996,3.7691372704957233,-1.3478153095215237,39.008654038120234,-0.22805055679694375,-0.22831098809787953,99.32023587247501,5.640723461087717,14456881.62251243
2017-08-21,39.375,39.47249984741211,38.77750015258789,39.3025016784668,36.984683990478516,105474000,-0.07249832153320312,0,5924270511.144912,4561580800,-0.06475310881785563,-286186.67397995736,-0.26521937464710305,0.010046772695356409,50370186.66740683,39.598843743943696,58.90724892561312,1888.519210128664,39.02325038909912,40.989526838566086,37.05697393963215,10.077461153857309,0.5710101800393785,0.0,0.0,39.75325037638346,40.4507506052653,39.05575014750163,3.5091481691580397,0.17688275985280902,0.0,0.0,36.82500076293945,40.627498626708984,38.72624969482422,9.74418539167033,0.6515456429662059,0.7382401034399637,1.664059651297813,0.6068406718812938,0.6586304350022165,-0.05178976312092276,39.66895866394043,38.70403876671424,39.41427257558906,38.807431903707766,0.9283922865126432,0.8837941749483545,0.04459811156428861,0.2626058209776034,25.80999553515066,0.07424945831299112,69.9952844623849,65.90292592017526,4.092358542209638,39.642499923706055,38.72624969482422,39.18437480926514,38.088748931884766,20.50467687055218,21.704920975641738,27.96956381553219,26.842394397295543,11.617338839809126,36.84249973297119,37.35624885559082,88.0,32.0,56.0,38.47568607444898,,0.0,0.0,54.933892300648616,0.0,0.13420077310549153,0.3434462938258453,20.745670146986907,52.55632714612075,32.74118309990066,54.95757487471399,-67.25881690009933,1.678918625326716,1.0541873834527526,1.5637228286247786,1.709598487430434,-0.14587565880565534,1.688894363975486,3.3530886891916762,-1.6641943252161902,39.01261809394231,-0.18412272135416297,-0.1842924355904163,98.95324202997706,5.696882352709409,11133898.335980937
2017-08-22,39.557498931884766,40.0,39.505001068115234,39.94499969482422,37.58928680419922,86418400,0.6424980163574219,1,5991484674.260178,4647999200,-0.03248834320433028,7686647.218986069,0.35942819366667345,-0.013778502862625655,51782912.2753343,39.64380885215602,53.75410570234088,1919.3917957031683,39.11125030517578,41.077123955447,37.14537665490456,10.05272720729701,0.7120556907442682,0.0,0.0,39.73341700236003,40.3914171854655,39.075416819254556,3.312074484137061,0.6607770771929071,0.0,0.0,36.82500076293945,40.627498626708984,38.72624969482422,9.722261073475138,0.8205130005758415,0.7341659252492876,1.6910635837794825,0.6042267170940292,0.647749691420579,-0.043522974326549835,39.73958365122477,38.802308009221,39.495922901625235,38.891696184531206,0.9275403190863099,0.8910652546146192,0.03647506447169069,0.2591843215398045,25.827195232874868,0.5912490844726577,69.77871792537927,67.64539544951508,2.1333224758641904,39.642499923706055,38.72624969482422,39.18437480926514,38.088748931884766,10.25233843527609,20.952383416542716,31.267795032431184,24.984728408453734,60.054157562613156,36.91874980926514,37.35624885559082,84.0,28.000000000000004,56.0,38.64783107862978,,0.0,0.0,59.73408910230271,0.27705011293785436,0.1255786109593807,0.20196433731167188,20.56004218787135,53.982520578542044,65.35533854998712,54.188207547885874,-34.644661450012876,1.4587496701408824,2.1676573968148656,1.5536136923088342,1.678401528406114,-0.12478783609727984,-0.29520531176333975,2.6234298890006733,-2.918635200764013,39.017664183504095,1.634750941845109,1.6215327504212507,102.20563202789346,6.427001853736101,-5019556.70571813
2017-08-23,39.76750183105469,40.11750030517578,39.720001220703125,39.994998931884766,37.63634490966797,77596400,0.049999237060546875,1,6021253715.990663,4725595600,-0.01715382659909214,7142806.301794491,0.08516414907637382,0.008901571705994269,51880039.84645174,39.70727019877598,59.99362039331204,1921.7943023032087,39.19275016784668,41.163261579343235,37.22223875635013,10.055489359933405,0.7035635925165223,0.0,0.0,39.71583366394043,40.35958366394043,39.07208366394043,3.2417801194715103,0.716827392578126,0.0,0.0,36.82500076293945,40.627498626708984,38.72624969482422,9.70204399406771,0.8336620512398651,0.7004992411716244,1.691206356834029,0.5992815153926685,0.638056056214997,-0.03877454082232845,39.7639586130778,38.89750025822566,39.57270382935747,38.973422313964804,0.976149641636168,0.8146588359639126,0.16149080567225538,0.25562704438588985,25.823633364094086,0.8272502899169893,66.74419327523957,68.73390905970422,-1.98971578446465,39.70249938964844,38.72624969482422,39.21437454223633,38.088748931884766,30.138571075362634,20.39212502323327,31.198209069459942,23.966762130431185,66.20397103314767,36.65062427520752,37.35624885559082,80.0,24.0,56.0,38.77750015258789,,0.0,0.0,60.090345954136744,0.29761197844334614,0.19155403046039987,0.1504444715084242,20.51631411000739,52.4506188508663,67.89337423004011,55.32996529330929,-32.1066257699599,1.2530589271994188,0.7367282834404905,1.5376671583135164,1.6502546543875947,-0.11258749607407825,-2.5711107965204505,1.5845217518964487,-4.155632548416899,39.02713161652376,0.12517020263496104,0.12509193004599517,102.4587332272421,6.161163954467398,-2768106.660509214
2017-08-24,40.10749816894531,40.185001373291016,39.63750076293945,39.817501068115234,37.46931838989258,79275600,-0.17749786376953125,0,5994104568.17427,4646320000,-0.028126954034790506,4112226.8802455855,-0.005179509828636074,0.004540199938249405,51528214.6176772,39.74862504738511,54.626196258345395,1921.7943023032087,39.30162525177002,41.15401717274114,37.4492333307989,9.426541060857001,0.6392458611228355,0.0,0.0,39.787583669026695,40.35183385213217,39.22333348592123,2.83631289499351,0.5265107570934927,0.0,0.0,37.032501220703125,40.627498626708984,38.829999923706055,9.147197814278565,0.7746875819046336,0.6851993780896183,1.7298552654376331,0.574418276888423,0.6253285003496822,-0.050910223461259285,39.74708366394043,38.97682718130258,39.61036494301251,39.03594666612409,0.9546914123909979,0.8172863618464757,0.13740505054452212,0.25070472070805266,25.839082628827047,0.963374137878418,67.00028342932444,69.34181418279331,-2.3415307534688736,39.70249938964844,38.72624969482422,39.21437454223633,38.088748931884766,52.587888324268135,19.740677905591863,29.420186233896793,23.459643064220323,56.33810933379625,36.746249198913574,37.35624885559082,76.0,20.0,56.0,38.925500030517576,,0.0,0.0,58.12428158672415,0.18413780695790774,0.2529332994463691,0.19002198028871672,19.916898878380344,49.13349477477502,58.88331851989551,64.04401043330758,-41.11668148010449,1.1552354812622099,-0.5059954705951376,1.4715110710685306,1.614505937723782,-0.1429948666552514,-4.273822577177895,0.4128528860815801,-4.6866754632594745,39.06989563328628,-0.4438001462928609,-0.44478786254957825,101.56022107299694,5.888245393474655,6890027.931515068
2017-08-25,39.912498474121094,40.13999938964844,39.817501068115234,39.96500015258789,37.60812759399414,101920400,0.14749908447265625,1,5985413587.897244,4748240400,-0.01935610385789232,5672360.995794347,0.021358203119423432,-0.008286787673512644,51905766.32950789,39.77638022478834,55.09235871797656,1921.7943023032087,39.431125259399415,41.07730602123283,37.784944497566,8.34965145429627,0.662155610600709,0.0,0.0,39.85066693623861,40.3846669514974,39.31666692097982,2.6800054117698697,0.6070535703017453,0.0,0.0,37.032501220703125,40.627498626708984,38.829999923706055,9.117156516219126,0.8157165640747575,0.6489292724339768,1.7536278688422708,0.5601587631249245,0.6122945529047307,-0.05213578977980615,39.722083727518715,39.0683656839224,39.66492420602411,39.104765442899186,0.9537724730064249,0.8618239785190867,0.09194849448733822,0.24533674995791824,25.80527555008395,-0.601123428344728,66.4475073434393,69.3577488971982,-2.910241553758908,39.70249938964844,38.72624969482422,39.21437454223633,38.088748931884766,70.065647413152,19.13576272492485,28.393690728159598,22.641116016832854,62.403284716121334,36.81562519073486,37.35624885559082,72.0,16.0,56.0,39.06165991821289,,0.0,0.0,59.31553062062196,0.25289242119888466,0.24488073553337922,0.2297893551467162,19.745791611411878,49.11752329816899,66.37059154995033,64.38242809996198,-33.62940845004967,1.1333163429709074,-0.7450620678207993,1.4324565223204544,1.5780960546431166,-0.14563953232266225,-3.7919695406224245,-0.4281115992592208,-3.3638579413632037,39.09839550312073,0.37043782386125823,0.36975339269504914,102.30687636970966,6.099616581515015,30949863.64345616
2017-08-28,40.03499984741211,40.5,39.98249816894531,40.36750030517578,37.98687744140625,103864000,0.4025001525878906,1,6036091502.448328,4852104400,0.01840848820161122,10834205.974736392,0.13078991606139712,-0.023690925508498956,52951813.51301283,39.78872558535649,53.851833917032586,1921.7943023032087,39.59037532806396,40.92175218540521,38.258998470722716,6.725760219795088,0.7918501147239905,0.0,0.0,39.88891677856445,40.438166809082034,39.339666748046874,2.753897948979837,0.9356700045699943,0.0,0.0,37.102500915527344,40.627498626708984,38.864999771118164,8.903673385189952,0.926241563020463,0.63753632993179,1.753759671689493,0.5747114780394469,0.604777937931674,-0.030066459892227115,39.850208600362144,39.17605796227088,39.77301283666283,39.19830135862338,0.9254285128403074,0.8935446646482436,0.0318838481920638,0.241461815328439,25.710217926812884,-0.2203763961791978,65.4607916959721,68.79012060930204,-3.329328913329931,39.70249938964844,38.72624969482422,39.21437454223633,38.088748931884766,81.93107718980944,19.055378572625976,30.675967625129886,21.312622584103124,97.16119036670801,36.878750801086426,37.35624885559082,68.0,12.0,56.0,39.186927014892575,,0.0,0.0,62.45431665597456,0.4340518739285189,0.29036070069510345,0.2627249118916174,20.484185463306872,57.06301161541967,86.80209827989846,70.68533611658142,-13.197901720101544,1.240022109536568,3.959563228481395,1.4661642421222265,1.5557096921389386,-0.0895454500167121,-3.2170751652319898,-0.9859043124537747,-2.231170852778215,39.12583611606081,1.0071316177933998,1.002093843755647,104.34437288659919,6.428875287706717,21384979.381840795
2017-08-29,40.025001525878906,40.779998779296875,40.0,40.727500915527344,38.32564163208008,118067600,0.3600006103515625,1,6138266008.907892,4970172000,0.013031924328244297,15358520.5587375,0.09827002196804796,-0.017963179471527608,54004749.853916116,39.82228487612301,54.31278955842757,1921.7943023032087,39.75112533569336,40.782774721437825,38.719475949948894,5.190541787344703,0.9732109538985505,0.0,0.0,39.906333414713544,40.48208338419597,39.33058344523112,2.8855067364828018,1.2131285665129932,1.0,0.0,38.657501220703125,40.779998779296875,39.71875,5.339465337570998,0.9752659956865565,0.6517825748682985,1.753759671689493,0.6082817566126124,0.6054787016678617,0.002803054944750749,39.96333376566569,39.28009649423453,39.919857156488135,39.31157539987552,0.9074793608166889,0.8529947404004072,0.05448462041628166,0.24008600988499754,25.694623642729095,0.21137619018554688,63.905807829416204,68.00805042479209,-4.102242595375884,39.77874946594238,38.802499771118164,39.29062461853027,38.16499900817871,89.42706719424596,19.330994247807098,31.116418745228707,19.514785584906054,131.410194034693,36.99375057220459,37.35624885559082,100.0,8.0,92.0,39.302172743837886,,0.0,0.0,65.05139344742504,0.938389135678884,0.5417778102687621,0.35900641549908174,21.870873880050503,64.6606200537934,97.52659956865564,83.56642979950146,-2.4734004313443565,1.249433663312125,3.448062028122565,1.547334978120817,1.5540347493353144,-0.006699771214497385,-1.6235992434463953,-1.1134432986522989,-0.5101559447940964,39.1541889857805,0.8918080327738442,0.8878549103950917,106.16673241852324,6.555138616483703,32588380.90955189
2017-08-30,40.95000076293945,40.97249984741211,40.65250015258789,40.837501525878906,38.42916488647461,109078400,0.1100006103515625,1,6155310565.415534,5079250400,0.08216769620378186,14878544.846942412,0.12394760683650125,0.0331179570650793,54299358.90938108,39.974265330720414,63.97699850557376,1926.984862525943,39.828750419616696,40.93905933683109,38.7184415024023,5.575414269926685,0.954265966265055,0.0,0.0,39.958333587646486,40.50708351135254,39.40958366394043,2.7466106538322017,1.3010642919955635,1.0,0.0,38.657501220703125,40.97249984741211,39.81500053405762,5.812380760930895,0.9416853556733562,0.6186042868638906,1.472562348103545,0.63642624855283,0.6116682110448554,0.024758037507974673,40.03625043233236,39.38211573087252,40.06103321331749,39.424606964764656,1.1347755067358374,0.8015407047431541,0.3332348019926833,0.24049523446404053,25.70111454213179,0.5712511062622099,61.2955729231572,66.8970751780026,-5.601502254845393,39.875,38.89875030517578,39.38687515258789,38.271249771118164,94.71353359712299,19.820402777823723,32.15984573901361,18.813611407611695,164.66387262773068,37.21249961853027,37.35624885559082,100.0,4.0,96.0,39.449955347383785,,0.0,0.0,65.8291735033907,1.0,0.7908136698691339,0.5409840602776667,23.241711526168313,65.82055989014849,93.84973392700111,92.72614392518506,-6.150266072998892,1.3084408928366287,2.189552622058376,1.6142868567380508,1.5660851708158618,0.048201685922188986,-1.061562975850915,-1.1030672340920222,0.04150425824110715,39.21650617878494,0.27008927107929903,0.26972518543102453,106.72356664332044,6.411343314950997,14786490.57368052
2017-08-31,40.90999984741211,41.130001068115234,40.869998931884766,41.0,38.582069396972656,107140400,0.16249847412109375,1,6155310565.415534,5186390800,0.10772706404330026,15240202.942625444,0.04550141733950302,0.0363148745294134,54725686.44819221,40.09768524095717,64.14101456288103,1934.6526210350303,39.93412532806396,41.06877207411202,38.79947858201591,5.682592202667703,0.9696944999174633,0.0,0.0,40.088250223795576,40.591250101725265,39.58525034586589,2.509462873144402,1.4063121247236876,1.0,0.0,38.657501220703125,41.130001068115234,39.89375114440918,6.191446105555602,0.9474212027752792,0.5859938124011344,1.3474162621193742,0.6641868968854041,0.6221719482129652,0.042014948672438934,40.08625030517578,39.48346182016226,40.20548964203787,39.541302745152464,1.1452027980246404,0.7430563549674667,0.40214644305717373,0.24239881549332795,25.237443364216677,0.30337390899658345,62.49793489349328,65.90289930864513,-3.404964415151852,39.95375061035156,38.977500915527344,39.46562576293945,38.35000038146973,97.3567667985615,20.46475861602892,32.90068324755172,18.170924484682114,176.22016924119643,37.34187412261963,37.35624885559082,100.0,0.0,100.0,39.63266068738719,,0.0,0.0,66.99762583016943,1.0,0.9794630452262943,0.7706848417880637,24.72537724616873,62.009199208223286,94.47392061541056,95.28341803702243,-5.52607938458944,1.4109701044419225,1.4851446818306544,1.679729424106619,1.5888140214740134,0.09091540263260556,-0.7585920555402138,-1.0341721983816605,0.2755801428414467,39.63052658422068,0.3979148284037892,0.39712524124699833,107.54615036879937,6.435214253689381,15559954.932757884
2017-09-01,41.20000076293945,41.23500061035156,40.907501220703125,41.01250076293945,38.593833923339844,66364400,0.012500762939453125,1,6131500330.956232,5252755200,0.10430073012992379,13181546.183967387,0.03516136866617864,0.02291671272437796,54745920.73189999,40.15513517030653,63.62849630234155,1935.2424901517559,40.02987537384033,41.18890135714964,38.87084939053103,5.790804855049503,0.9239013634075232,0.0,0.0,40.24575030008952,40.71200014750163,39.779500452677404,2.3170140645188786,1.322252776173263,1.0,0.0,38.657501220703125,41.23500061035156,39.946250915527344,6.438939331129776,0.913676081435481,0.5601443701258646,1.33237235454017,0.6793648230000002,0.6336105231703723,0.045754299829627976,40.15083376566569,39.61317341144268,40.32964519909965,39.65028037609965,1.1103782580654595,0.8013894288637534,0.3089888292017061,0.24477328448665484,24.95243087762791,-0.5648752212524428,62.51712120836239,65.07199228042042,-2.5548710720580274,40.3700008392334,39.133750915527344,39.75187587738037,38.40250015258789,98.67838339928073,21.191206070498858,32.867464104852765,17.452064847555246,161.47781630263808,37.347500801086426,37.35624885559082,100.0,4.0,96.0,39.842288340689116,,0.0,0.0,67.09085333293967,1.0,1.0,0.9234255716984764,25.985105656403867,58.6636001196234,90.94609131366818,93.08991528535995,-9.053908686331821,1.5224849252139805,1.9260678237306932,1.7133922296537076,1.6137296631099523,0.09966256654375538,-3.700036085622291,-1.5673449758297866,-2.1326911097925043,40.01261594066253,0.03048966570597944,0.030485018551962284,107.60943049623246,6.300464454092946,-24168072.410511702
2017-09-05,40.9375,41.0625,40.13999938964844,40.52000045776367,38.13038635253906,117874000,-0.49250030517578125,0,6110736826.928576,5134881200,0.05599067875085625,3005185.1616448984,-0.36783040616642537,-0.01654340937299242,53330425.94635039,40.17575763620106,55.17608680950001,1935.2424901517559,40.0707504272461,41.23834096446171,38.90315989003048,5.82764497677944,0.6923833810733485,0.0,0.0,40.384750239054355,40.87375017801921,39.89575030008952,2.4217058967568126,0.6382926744281585,0.0,0.0,38.657501220703125,41.23500061035156,39.946250915527344,6.432371148946259,0.7225992931523393,0.5963799941484343,1.3704815601461486,0.6442265376569551,0.6357337260676889,0.008492811589266291,40.23875045776367,39.73413496751051,40.3589306235095,39.714704085852546,0.9737350647243566,0.9037985722397989,0.06993649248455769,0.24437024001989416,24.88517977431939,-0.6957504272460966,60.494645011678394,64.04042862334254,-3.5457836116641417,40.43625068664551,39.133750915527344,39.785000801086426,38.40250015258789,85.91151265942845,20.320841276307682,29.34575692839154,24.496655946802754,77.23079662164812,37.347500801086426,37.28249931335449,96.0,0.0,96.0,40.06512230383511,,0.0,0.0,59.91034256104318,0.409349857022345,0.803116619007448,0.9275265547445809,25.171286909495986,57.20395551647304,70.90539086863318,85.44180093257063,-29.094609131366816,1.4988600674797468,2.673255545665063,1.6221360639231002,1.615410943272582,0.006725120650518113,-1.9175812631250615,-1.6373922332888418,-0.28018902983621974,40.07518701906891,-1.2008541201194545,-1.2081226212117269,105.11634409636193,5.744015024944858,49816740.96622504
2017-09-06,40.6775016784668,40.747501373291016,40.130001068115234,40.477500915527344,38.09039306640625,86606800,-0.042499542236328125,0,6121606415.304721,5048274400,0.061634632816893575,2050051.6593308812,-0.11586025272885522,-0.026342068577560804,53239588.10545772,40.18303534952611,56.127880898482815,1933.212704391179,40.093625450134276,41.27419678468794,38.913054115580614,5.889072496185091,0.6625803770418496,0.0,0.0,40.44825032552084,40.94950040181478,39.94700024922689,2.4784759402939223,0.5291776414507271,0.0,0.0,38.657501220703125,41.23500061035156,39.946250915527344,6.428701222976595,0.7061106210669019,0.5984920252511691,1.4100393139019936,0.6059646521795088,0.6297799112900528,-0.02381525911054405,40.33062553405762,39.86086581303523,40.37717220689686,39.77120755471735,0.9722497708292732,0.9536432732075962,0.018606497621676987,0.24142710704389217,24.8947667298782,-0.791123771667479,56.58581875638099,62.91172034346937,-6.3259015870883815,40.43625068664551,39.16875076293945,39.80250072479248,38.40250015258789,42.95575632971423,19.494601811668566,27.241614715835443,22.856299426684362,53.16159178194364,37.347500801086426,37.272499084472656,92.0,0.0,92.0,,41.23500061035156,0.0,1.0,59.32033436542059,0.360817317183201,0.5900557247351816,0.7977241145808768,24.335135799852857,58.099246432772034,69.17601002143681,77.0091640679127,-30.82398997856319,1.4272133210126086,2.8000023251488098,1.523626486185567,1.5970540518551792,-0.07342756566961217,-2.9728170536625567,-1.904477197363585,-1.0683398562989717,40.096159686115,-0.10488534490671331,-0.1049403880760913,104.90120711139639,5.939896892509438,-4949311.635552615
2017-09-07,40.522499084472656,40.560001373291016,40.09000015258789,40.314998626708984,37.93745803833008,87714000,-0.16250228881835938,0,6117873117.012403,4960560400,0.019331094954307508,-279059.40077546914,-0.0609513350257257,-0.007137106659547359,52887448.63441776,40.23170648750905,57.0533811755101,1933.212704391179,40.0961254119873,41.278348355414295,38.91390246856031,5.896943563896329,0.5925685023872145,0.0,0.0,40.486000315348306,40.9945006052653,39.97750002543132,2.511980862304238,0.3318568425327347,0.0,0.0,38.657501220703125,41.23500061035156,39.946250915527344,6.4283003985164555,0.6430641313292169,0.5856429447963647,1.3461875430343333,0.5561186658492332,0.615047662201889,-0.058928996352655805,40.41500027974447,39.96865419241098,40.367607040714105,39.81148837486487,1.049541535171331,0.925197843743492,0.12434369142783908,0.2356212886108483,24.78202290706143,-0.1511257171630831,53.40772810154824,61.4014364181609,-7.993708316612661,40.5262508392334,39.946250915527344,40.23625087738037,38.40250015258789,21.477878164857113,18.65058532453321,25.72942478153048,22.05997720245042,31.81406460107012,37.347500801086426,37.272499084472656,88.0,24.0,64.0,,41.21290061950683,0.0,0.0,57.00850484086806,0.17065223247067313,0.31360646889207267,0.5689262708782342,23.001600302125464,57.49087305829447,62.56350713033922,67.54830267346973,-37.43649286966078,1.2537208332734906,2.5761641244249804,1.3968798669691052,1.5570192148779645,-0.1601393479088593,-3.700253465588408,-2.26363245100855,-1.436621014579858,40.10159530194724,-0.4014632453655853,-0.40227127239860216,104.0786040755337,5.839603594515744,9140164.773575187
2017-09-08,40.21500015258789,40.287498474121094,39.63249969482422,39.657501220703125,37.31874084472656,114446000,-0.6574974060058594,0,6012164002.396552,4846114400,0.0275622489353665,-10988900.647485627,-0.20889821735758562,-0.008879872787159444,51020948.55526622,40.261226469483034,56.813383435631934,1933.212704391179,40.13750038146973,41.19043342177366,39.084567341165794,5.246629861335567,0.2720656763567562,0.0,0.0,40.4839168548584,41.00316696166992,39.964666748046874,2.5652167435928743,-0.29577801074506416,0.0,1.0,38.77750015258789,41.23500061035156,40.00625038146973,6.122704290021573,0.3580878552169371,0.5953285435052048,1.4601762643237968,0.4582780724806099,0.5836937442576332,-0.12541567177702329,40.39104207356771,39.98298116830679,40.25835999148165,39.80008191900104,1.0226755902819042,0.9175167317785704,0.10515885850333384,0.22440685308761557,24.750597852671167,-0.14250144958496236,50.24146796626001,59.600765376252085,-9.359297409992074,40.43375015258789,39.946250915527344,40.19000053405762,38.40250015258789,10.738939082428557,17.6048140378507,23.674299474889672,25.65218665674742,-43.10678545716607,38.06750011444092,37.74374961853027,84.0,20.0,64.0,,41.167984600830074,0.0,0.0,48.73299819810335,0.0,0.17715651655129103,0.3602729033928486,19.326450197248437,46.55894762696661,35.80878552169371,55.849434224489904,-64.19121447830629,0.9708677628461047,-0.7197358275567736,1.1514500734276691,1.4759053865879055,-0.32445531316023635,-2.0785908657384145,-2.226624133954523,0.14803326821610874,40.096947901342226,-1.6309002316826637,-1.6443457991349053,100.75028564885109,5.288142923864456,37312157.73836863
2017-09-11,40.125,40.51250076293945,39.97249984741211,40.375,37.99393844604492,126323200,0.717498779296875,1,6074155695.254603,4972437600,0.051227630870802406,3529048.273137318,0.12076239187835623,0.018690253393230504,53306436.52114838,40.34571069461072,64.96221503799217,1933.212704391179,40.18775043487549,41.18376109477424,39.19173977497674,4.956787325096947,0.5939997796527324,0.0,0.0,40.5151668548584,41.05616722106934,39.97416648864746,2.6706066305935163,0.370455859540261,0.0,0.0,38.77750015258789,41.23500061035156,40.00625038146973,6.11504856870769,0.6500506815228982,0.6212956433783171,1.3332548030996592,0.43363616465730104,0.5536822283375668,-0.12004606368026571,40.42270882924398,40.04000032865084,40.27630460817678,39.84266844351948,1.0772457742404733,0.797876635029334,0.27936913921113926,0.21322421666868202,24.77062014926483,-0.3702493667602553,48.62086308139319,57.729662196854434,-9.108799115461245,40.43375015258789,39.946250915527344,40.19000053405762,38.40250015258789,5.369469541214278,16.46480785187586,23.931283727951737,23.156812884719162,17.69157208344302,38.06750011444092,37.74374961853027,80.0,16.0,64.0,,41.07585550646972,0.0,0.0,56.204328496122656,0.4069827462491259,0.1925449929065993,0.22776932611665446,18.23391985662107,51.40914464075741,50.288968906901516,49.55375385297814,-49.711031093098484,0.7330587948069791,0.9501214608416714,1.0883712903718252,1.3983985673446895,-0.31002727697286425,0.11229155065258149,-1.7588409970331025,1.871132547685684,40.10268518732643,1.8092384976648557,1.7930665461206363,104.3823371009823,6.394833833916323,35345051.081201136
2017-09-12,40.65250015258789,40.9900016784668,39.692501068115234,40.21500015258789,37.8433723449707,286856000,-0.15999984741210938,0,6018331567.116116,4685581600,0.0014139664140911904,-3531803.798632019,0.04466686112627427,-0.003792698931083722,52169670.7941082,40.36615627850441,69.41380160028595,1933.212704391179,40.200375366210935,41.19103210509141,39.20971862733046,4.928594471349825,0.5073813591544752,0.0,0.0,40.51675033569336,41.13575057983398,39.89775009155274,3.0555275979046717,0.2562600451600805,0.0,0.0,38.77750015258789,41.23500061035156,40.00625038146973,6.113128137179636,0.5849439398713792,0.6889161400756416,1.3989469247685438,0.39662458335365613,0.5222706993407846,-0.1256461159871285,40.455833752950035,40.08298110961914,40.2668731534708,39.87024857011714,0.9755011308467925,0.8347778356764041,0.1407232951703884,0.2013300496736062,24.99474539591249,-0.23537521362304403,46.1721868580716,55.75925986670504,-9.587073008633439,40.43375015258789,39.946250915527344,40.19000053405762,38.40250015258789,2.684734770607139,16.182656855411533,25.69671720490311,19.980369607291504,16.95948109497459,38.06750011444092,37.74374961853027,76.0,12.0,64.0,39.63249969482422,,1.0,0.0,54.303804492676726,0.30345627273210546,0.23681300632707672,0.20217150526165584,16.764654676830563,48.07150006781578,36.34946177687426,40.815738735156486,-63.65053822312574,0.6182282055125512,0.9983024394038698,0.9947883386183033,1.3176765215994122,-0.3228881829811089,12.480095314916456,1.0889462653568094,11.391149049559647,40.10372954489154,-0.39628445179469285,-0.39707173924856676,103.5724016768365,5.937893258495251,186574667.9294806
2017-09-13,39.967498779296875,39.9900016784668,39.477500915527344,39.912498474121094,37.55870819091797,179629600,-0.3025016784667969,0,6143632000.792585,4505952000,0.03465135497545887,-10789868.327730207,-0.1733256949781233,-0.022256259220690657,50818477.07792908,40.32452758269532,60.716994687513285,1918.670864637536,40.17600021362305,41.16979530432821,39.182205122917885,4.94720771316694,0.36742652385463953,0.0,0.0,40.445833714803065,41.03808415730795,39.85358327229818,2.9286103813858197,0.049738419420790055,0.0,0.0,38.77750015258789,41.23500061035156,40.00625038146973,6.11683702881496,0.4618507060487195,0.6937744497741322,1.5489052475046743,0.33897577939642787,0.48561171535191333,-0.14663593595548546,40.4514586130778,40.091057997483475,40.21235397203238,39.873378192635954,0.9012353359169164,0.9437273341400094,-0.04249199822309302,0.18758011372226746,25.03003704169387,0.19150009155273295,41.682965736749,53.58008129043745,-11.897115553688451,40.35625076293945,39.946250915527344,40.1512508392334,38.41875076293945,1.3423673853035696,15.51187956717495,23.706212624508648,20.690863207303227,-64.50796461281757,38.0756254196167,37.74374961853027,72.0,8.0,64.0,,40.9900016784668,0.0,1.0,50.805879646200786,0.1129152307212558,0.27445141656749533,0.2346031386003906,14.460193104363043,49.654716552019295,24.750932240546277,37.12978764144068,-75.24906775945372,0.43722814672133836,-0.1313691436665669,0.8501305752393757,1.224167332327405,-0.3740367570880292,14.210672370772695,3.713291486439987,10.497380884332708,40.09284801924557,-0.7522110588561781,-0.7550544340037657,102.04110755864417,5.687022166153788,-11523796.702010393
2017-09-14,39.747501373291016,39.849998474121094,39.522499084472656,39.56999969482422,37.23641586303711,95042800,-0.342498779296875,0,6076159273.606265,4410909200,0.02087599104280545,-13898750.421048325,-0.016368463001487817,-0.02305547016160864,50002891.87967186,40.30741540343993,60.17970033559349,1902.2062870206544,40.14262523651123,41.17017768076941,39.115072792253045,5.11950794550221,0.221364323112285,0.0,0.0,40.32850023905436,40.92150065104167,39.73549982706706,2.9408503091966685,-0.13954470258140694,0.0,1.0,38.77750015258789,41.23500061035156,40.00625038146973,6.121922627841696,0.32248195101355287,0.6633969437615627,1.7703809058626898,0.2626245257607138,0.44101427743367344,-0.17838975167295962,40.385000228881836,40.073750275831955,40.11353023707728,39.850905711316564,0.9070181543993968,0.959650296921917,-0.05263214252252013,0.1711279916225207,24.993678660543885,0.5848756790161147,36.631248802161466,50.70600505806725,-14.074756255905783,40.35625076293945,39.946250915527344,40.1512508392334,38.41875076293945,0.6711836926517848,14.889014942383836,22.704629516932386,19.816678056015878,-79.52178939377274,38.335625648498535,38.00374984741211,68.0,4.0,64.0,,40.9900016784668,0.0,0.0,47.106120293890996,0.0,0.13879050115112004,0.21668497468189749,11.361374932823457,48.49519604246752,5.263089351837784,22.121161123086097,-94.73691064816222,0.24991899378159133,-1.975600679562786,0.6590177088149233,1.1111374076249085,-0.45211969880998526,10.422531648907308,5.055139518933451,5.367392129973856,40.041116618027864,-0.8581241275059437,-0.8618272125266113,100.30734406720323,5.522234708490004,-58386650.484604746
2017-09-15,39.61750030517578,40.24250030517578,39.5,39.970001220703125,37.612831115722656,196458400,0.40000152587890625,1,6128416428.801958,4607367600,0.08908601202811947,-686977.5363659207,0.06991993018701044,-0.01958677537106671,51988832.24807696,40.28220930765681,62.252783424472774,1902.2062870206544,40.16787528991699,41.15145976732974,39.184290812504244,4.897368707274636,0.3994117568150519,0.0,0.0,40.218916956583655,40.8601671854655,39.577666727701825,3.1887990896128175,0.305913725508857,0.0,0.0,38.77750015258789,41.23500061035156,40.00625038146973,6.118074306958819,0.48524958127593254,0.6713072799029846,1.8742886151430667,0.23172124904203883,0.39915567175534655,-0.16743442271330772,40.32187525431315,40.06240419241098,40.09144884994279,39.859727600900754,0.8887966519111129,0.9127654606918085,-0.023968808780695627,0.15523943354268427,24.819080721764237,0.6696262359619141,32.37172838466329,47.35651696654513,-14.984788581881837,40.27000045776367,39.946250915527344,40.10812568664551,38.41875076293945,0.3355918463258924,14.957914559806325,25.108763290949515,18.23690954671231,-40.99714570490576,38.38750076293945,38.00374984741211,64.0,0.0,64.0,,40.95975166320801,0.0,0.0,51.54417636599894,0.22207232207887476,0.11166251760004314,0.17496814510621964,10.040748816021214,49.40184114602148,28.022781831836394,19.345601141406807,-71.9772181681636,0.16029419618494245,-1.8599218655604333,0.5813417777516432,1.0051782816502555,-0.42383650389861227,13.25691633129828,6.695494881406417,6.561421449891863,40.03656347456247,1.0108706822437252,1.0057955578683941,102.33219228275962,6.157291047864675,92334902.23207164
2017-09-18,40.02750015258789,40.125,39.5,39.66749954223633,37.328147888183594,113077600,-0.3025016784667969,0,6075948256.760942,4494290000,0.08712743633008987,-5475432.7164560845,-0.03247225389239924,-0.031248358939195024,51133036.33233204,40.24968511788944,56.224933236063414,1887.809975360904,40.18250026702881,41.1263899836199,39.23861055043771,4.698013863341352,0.22719232144384924,0.0,0.0,40.090166854858396,40.76116714477539,39.419166564941406,3.3474557107545517,0.18504684798693774,0.0,0.0,38.77750015258789,41.23500061035156,40.00625038146973,6.1158475491385484,0.36215634745327285,0.6666765519126862,2.0689886731901206,0.18073739408228562,0.3554720162207344,-0.17473462213844876,40.224375089009605,40.09461564284105,40.026225879526415,39.84548848544413,0.8736210665660642,0.9682676890844051,-0.09464662251834088,0.13861748802284216,24.718150563698867,0.8174997329711928,27.850910010832408,43.72943529978446,-15.878525288952055,40.23375129699707,40.00625038146973,40.1200008392334,38.41875076293945,0.1677959231629462,15.02189277598435,23.41655555543519,17.00783111504198,-68.81107685960411,38.38750076293945,38.00374984741211,60.0,24.0,36.0,,40.930106648254394,0.0,0.0,48.24723932245047,0.05709953824901295,0.09305728677596219,0.1145034351757086,7.919004729427161,46.994315555743626,10.810734549116813,14.698868577596988,-89.18926545088318,0.0006176892448834792,-2.865018524458806,0.4535956288961306,0.8948617510994306,-0.44126612220329997,10.486631076174632,7.4537221203600605,3.0329089558145714,40.00536591398183,-0.7568217894126872,-0.7597002177625711,100.80089816456734,5.702987403684219,-36775919.53259176
2017-09-19,39.877498626708984,39.942501068115234,39.61000061035156,39.682498931884766,37.3422737121582,83242400,0.0149993896484375,1,6029006163.358926,4577532400,0.04481635154166735,-4514858.729409345,-0.014479234799145573,-0.039301877279708845,51164512.60906438,40.20908266260991,50.66943988445699,1888.523809046652,40.20150012969971,41.08727921153406,39.31572104786536,4.4066966604560225,0.2070368851225577,0.0,0.0,40.007250213623045,40.61925048828125,39.395249938964845,3.059446832213472,0.23468044444942954,0.0,0.0,39.477500915527344,41.23500061035156,40.35625076293945,4.371726649886452,0.11664185032926866,0.6332589424977847,2.243188355019772,0.13992962547800403,0.31236353807218836,-0.17243391259418434,40.114583333333336,40.106634873610275,39.973344810658475,39.83341518518047,0.8777945843474486,1.0203196594787207,-0.1425250751312721,0.12203211278335534,24.65046793255185,0.8110006332397433,24.251390522345346,40.13672105155828,-15.885330529212936,40.23375129699707,40.00625038146973,40.1200008392334,38.47999954223633,0.0838979615814731,15.08130111957823,22.546003322577423,16.375534647774792,-82.79025699569708,38.435625076293945,38.00374984741211,56.00000000000001,20.0,36.00000000000001,,40.901054533599854,0.0,0.0,48.42340213002842,0.06591440744109792,0.11502875592299483,0.10658285343300021,6.2616677367683105,47.66161816941003,11.664185032926866,16.832567137960016,-88.33581496707313,-0.18436771841609811,-3.2134172393054494,0.35128704086126944,0.7861468090517983,-0.4348597681905289,6.369904369965389,7.236958570281127,-0.8670542003157378,39.98871965692232,0.037812793398961375,0.03780564616389093,100.87682659333356,5.868946980214616,-28693550.891748697
2017-09-20,39.474998474121094,39.564998626708984,38.45750045776367,39.01750183105469,36.71649169921875,211805600,-0.6649971008300781,0,6031397625.162979,4365726800,0.01620907112230551,-23991323.188004468,-0.40000714601740683,-0.07672721676927372,47615086.19362252,40.038198121346404,42.155288028199465,1888.523809046652,40.15512523651123,41.176503696516605,39.13374677650586,5.087163613558748,-0.05690591196262358,0.0,1.0,39.863416798909505,40.52441685994466,39.202416737874344,3.3163241594144495,-0.1398751057073061,0.0,1.0,38.45750045776367,41.23500061035156,39.84625053405762,6.916925638330312,0.2016206453739502,0.6924328956601156,2.5926901534343294,0.05331488561665054,0.2605538075810808,-0.20723892196443028,39.948333422342934,40.070288731501655,39.826292044565584,39.77297715894893,0.69687509393957,1.065931850474257,-0.36905675653468695,0.10267440467730934,24.773827838361175,0.36487522125244,18.892088080373913,36.30164993809447,-17.409561857720558,39.723751068115234,39.84625053405762,39.785000801086426,38.53874969482422,0.04194898079073655,15.046680089696764,19.647887912886222,26.364072862847898,-188.8429268747881,38.853750228881836,38.00374984741211,52.0,100.0,-48.0,,40.872583461238406,0.0,0.0,41.65375933835965,0.0,0.04100464856336992,0.0830302304207758,2.6308076189464598,44.412418387760674,20.16206453739502,14.212328039812888,-79.83793546260497,-0.3148239247939131,-4.864367923858783,0.13404801306068354,0.6557270498535754,-0.5216790367928918,10.697396697911774,7.929046195807256,2.768350502104518,39.901002824912965,-1.6757944149927373,-1.6899947184095598,97.51054395226781,5.231251366392186,122832382.6177451
2017-09-21,38.95000076293945,38.95000076293945,38.1875,38.34749984741211,36.08600616455078,150046800,-0.6700019836425781,0,5944321162.430908,4215680000,-0.030350134785850788,-34925656.10960686,-0.2248671399087494,-0.0960392565727203,45038507.762883365,39.863516882299685,35.638768784364174,1856.094395608132,40.0727502822876,41.362884092791795,38.782616471783406,6.438958151941178,-0.16863236232885398,0.0,1.0,39.68075014750163,40.37100016276041,38.990500132242836,3.4790169676378784,-0.46577346658199975,0.0,1.0,38.1875,41.23500061035156,39.71125030517578,7.604920023916044,0.05250199027643563,0.7061897891995728,3.1205868068345946,-0.06860069428742577,0.1947229072073795,-0.26332360149480527,39.76729170481364,39.99134635925293,39.59878555269582,39.66738624698325,0.6611145213437143,1.1357535193474004,-0.47463899800368614,0.07880752228355381,24.902967626978032,0.40475063323974325,12.345910922193157,32.091032488753704,-19.74512156656055,39.5887508392334,39.71125030517578,39.65000057220459,38.665000915527344,0.020974490395368275,15.393892389266385,17.96306330877158,26.892815738233615,-222.55886249457708,38.963125228881836,38.04999923706055,48.0,100.0,-52.0,,40.77598014109942,0.0,0.0,36.1675698551887,0.0,0.02197146914703227,0.05933495787779916,-2.4225684811626587,41.50018633851363,5.250199027643562,12.358816199321806,-94.74980097235644,-0.5247941634234223,-5.361551297651354,-0.1729397895295986,0.4899936819769406,-0.6629334715065391,10.262863609337758,8.395809678513357,1.867053930824401,39.71670875842556,-1.717183192669991,-1.7320977702588891,94.1189260877684,4.94320667735046,-3267183.893755406
2017-09-22,37.8849983215332,38.067501068115234,37.63999938964844,37.97249984741211,35.733116149902344,186581600,-0.375,0,6047976866.914833,4029098400,0.02038964579490889,-39931719.52252017,-0.16382310224338256,-0.1102524330662604,43213927.27449667,39.64420665381647,30.34389540553026,1856.094395608132,39.98050022125244,41.56150777959426,38.399492662910625,7.908893333462598,-0.13503819549931542,0.0,1.0,39.48416684468587,40.15166714986166,38.816666539510095,3.3811036601149405,-0.6323343117241569,0.0,1.0,37.63999938964844,41.23500061035156,39.4375,8.991886546712413,0.09248966477364369,0.7063208560559826,3.5442054434310486,-0.1932513543913288,0.11712805488763786,-0.3103794092789667,39.55854161580404,39.9042309981126,39.348587751882945,39.541839106274274,0.6135604336069118,1.198610624195523,-0.5850501905886112,0.050963382120738907,24.9152478094035,0.33449840545654297,5.345556949405683,27.282665140755096,-21.937108191349413,39.31500053405762,39.4375,39.37625026702881,38.720001220703125,0.010487245197684137,16.4003251178784,16.652240871732573,30.57740687802361,-242.3482397694027,39.029375076293945,38.088748931884766,44.0,100.0,-56.0,,40.62067133263345,0.0,0.0,33.507469090478935,0.0,0.0,0.020992039236800875,-7.502045982787106,40.400055013417095,9.715132168508719,11.709131911182425,-90.28486783149128,-0.8905735801248014,-6.18862580805799,-0.488726267566712,0.2942496920682101,-0.7829759596349222,11.770176201942306,9.070682983199147,2.699493218743159,39.53655455402366,-0.9778994758254278,-0.982712314938583,92.22063812707817,5.024804830707787,54746876.05385317
2017-09-25,37.497501373291016,37.95750045776367,37.290000915527344,37.63750076293945,35.41787338256836,177549200,-0.33499908447265625,0,6055291673.566984,3851549200,0.025711563717170028,-42724162.36913908,-0.08646875860736858,-0.09015517252632776,41647561.62335805,39.42108021876232,29.646576509657777,1839.719652683064,39.86412525177002,41.74648908677938,37.98176141676066,9.443898859543031,-0.09144370695463813,0.0,1.0,39.218333562215165,39.89858373006185,38.53808339436849,3.4690416754579574,-0.6619495841359494,0.0,1.0,37.290000915527344,41.23500061035156,39.26250076293945,9.896115040550288,0.08808615317968821,0.7039386636388609,3.9968301524237675,-0.3154334070301985,0.03061576250407058,-0.3460491695342691,39.33541679382324,39.8339425600492,39.0853435997378,39.400777006767996,0.6439437422873516,1.1956844341638235,-0.5517406918764719,0.01991125809286591,24.918782889220605,-0.20662403106689453,-3.720649939518425,21.73901660768954,-25.459666547207963,38.76625061035156,39.26250076293945,39.01437568664551,38.79750061035156,0.005243622598842069,17.717941075346594,15.478801310821746,32.03639854486366,-214.35887486371195,39.068124771118164,38.088748931884766,40.0,100.0,-60.0,,40.38221757719465,0.0,0.0,31.293222031959957,0.0,0.0,0.007323823049010904,-12.430789251895842,42.60968136882592,9.391885831289377,8.119072342480543,-90.60811416871063,-1.274647005866555,-6.641443519721886,-0.8005766154713536,0.07528443056029738,-0.8758610460316509,12.238728806632503,9.70429214788582,2.5344366587466833,39.009987559112226,-0.8822149866846041,-0.8861295433079786,90.5248388500203,5.028459641445821,27805412.105089754
2017-09-26,37.94499969482422,38.47999954223633,37.92250061035156,38.28499984741211,36.027191162109375,146640000,0.6474990844726562,1,6099349395.41857,3998189200,0.022915003216118387,-23056529.78110917,0.21955489149830057,-0.0661969479386738,44170291.980644785,39.29858022917018,35.528890555467996,1871.3693841118732,39.760000228881836,41.74695157339049,37.77304888437318,9.994725015445669,0.12882825854135999,0.0,0.0,39.01133346557617,39.617583465576175,38.40508346557617,3.1080711482726495,-0.099038035599224,0.0,1.0,37.290000915527344,41.23500061035156,39.26250076293945,9.922031368497212,0.25221774622446475,0.7177946752046623,4.215102959927365,-0.3559130551280205,-0.046690001022347646,-0.30922305410567286,39.221041679382324,39.79201947725736,38.96221379168769,39.31812684681571,0.6859408978085622,1.0837337179759403,-0.39779282016737816,-0.00881765568172193,24.88898149954133,0.6149997711181641,-10.338485161655681,15.958855396755686,-26.297340558411367,38.76625061035156,39.26250076293945,39.01437568664551,39.03000068664551,0.0026218112994210343,17.89204648548449,19.465076201632534,29.292335824896682,-132.94788551926797,39.18437480926514,38.088748931884766,36.0,96.0,-60.0,,40.072995911027924,0.0,0.0,39.60116042546853,0.323073965596466,0.1076913218654883,0.035897107288496245,-13.971014950978311,44.90659413145048,26.891857478815545,15.332958492871205,-73.10814252118445,-1.5363750794354587,-3.4608871740373393,-0.9052136601386573,-0.12081518757949355,-0.7843984725591637,10.834312812422349,9.930296280793126,0.9040165316292228,38.92061078796334,1.7203562174623155,1.7057256500929707,93.80254476098668,5.977482322418481,-796016.0720055699
2017-09-27,38.45000076293945,38.68000030517578,38.3849983215332,38.557498931884766,36.28360366821289,102016800,0.27249908447265625,1,6116639998.364272,4100206000,-0.007879780587468186,-15791384.869403563,0.09578734288171353,-0.05500132808814241,44896411.47161062,39.22159227093757,39.98420491584162,1884.6891293361928,39.651500129699706,41.65221922979314,37.65078102960627,10.091517816723703,0.2265980022473295,0.0,0.0,38.88608334859212,39.47058347066243,38.30158322652181,3.0062175037305483,0.2189184361985243,0.0,0.0,37.290000915527344,41.23500061035156,39.26250076293945,9.94918144816756,0.32129229769532314,0.6855152534605633,4.359807155474127,-0.3618340711996879,-0.1097188150578157,-0.25211525614187225,39.06958325703939,39.763365525465744,38.89994996710262,39.26178403830231,0.7225716929110775,1.0372166309780047,-0.31464493806692717,-0.03341684760907618,24.820117969501002,0.563500022888185,-15.46384318236361,10.170511842919563,-25.63435502528317,38.76625061035156,39.26250076293945,39.01437568664551,39.03000068664551,0.0013109056497105172,17.68482943252443,20.757141345432846,28.078024898943966,-91.31541515872041,39.18437480926514,38.088748931884766,32.0,92.0,-60.0,,39.794696411477865,0.0,0.0,42.73922227725806,0.4594737797682492,0.2608492484549047,0.12284685677346448,-14.200305319048645,47.83326530353956,34.25669608106952,23.51347979705814,-65.74330391893048,-1.587566263535443,-4.501550633102748,-0.9215935548081471,-0.2809708610252243,-0.6406226937829228,7.220898673817263,9.388416759397954,-2.1675180855806904,38.89468073208814,0.7117646220679674,0.7092435334244307,95.18196271126284,6.001861737921814,-29067002.097109273
2017-09-28,38.47249984741211,38.56999969482422,38.17499923706055,38.31999969482422,36.060123443603516,88022000,-0.23749923706054688,0,6093241874.323981,4012184000,-0.022790568468157715,-16521923.865852121,-0.07180024649508174,-0.04520861588367785,44354230.09512989,39.15195778288122,40.54914955614072,1873.0801753658018,39.52562503814697,41.52881189464639,37.52243818164755,10.136142588845098,0.1990731694821548,0.0,0.0,38.75683339436849,39.348083623250325,38.16558316548665,3.0510760405299133,0.13058475227112992,0.0,0.0,37.290000915527344,41.23500061035156,39.26250076293945,9.980866060984035,0.2610896980925545,0.6564637738908742,4.480921503755199,-0.3812953867911588,-0.16403412940448434,-0.21726125738667448,38.911666552225746,39.700865525465744,38.81072684829056,39.192022235081716,0.7419842041362967,1.0248574537656368,-0.28287324962934,-0.05531310333803858,24.777252564426878,0.38687343597412394,-20.22446379006213,4.326490490172294,-24.550954280234425,38.70750045776367,39.26250076293945,38.98500061035156,39.03000068664551,0.0006554528248552586,17.77384604142001,19.870067208043178,29.15010670250979,-91.60210845300303,39.18437480926514,38.088748931884766,28.000000000000004,88.0,-60.0,,39.54422686188281,0.0,0.0,40.75192478110923,0.37969821865426306,0.387415321339659,0.25198529722001745,-15.006150844653012,49.116579301834406,27.837799105711426,29.66211755519882,-72.16220089428857,-1.5986914129818146,-4.712173195507811,-0.972890310441425,-0.4193547509084644,-0.5535355595329606,3.404139738392973,8.191561355196958,-4.787421616803986,38.856862768809385,-0.6159612102437206,-0.6178660774970091,93.97971753156911,5.596983536249844,-15912588.17274569
2017-09-29,38.3025016784668,38.532501220703125,38.0,38.529998779296875,36.25774383544922,105199200,0.20999908447265625,1,6197452326.040412,4117383200,0.015484775443713841,-11005686.786836697,-0.05378144063873286,-0.057676032492041354,44930736.7721443,39.044865851346295,34.92322759316721,1873.0801753658018,39.40212497711182,41.329622459751896,37.47462749447174,9.783723511154466,0.2737672277993332,0.0,0.0,38.60183334350586,39.17208366394043,38.03158302307129,2.954524544780477,0.43701488483667855,0.0,0.0,37.290000915527344,41.23500061035156,39.26250076293945,10.01214959121067,0.31432140930109326,0.6440675185720993,4.600007598911733,-0.37544554597990754,-0.20631641271956896,-0.16912913326033857,38.79645824432373,39.644519365750824,38.767537914599224,39.14298346057913,0.7128922260902549,1.0850028918812589,-0.37211066579100394,-0.0733342434088264,24.751779628154953,0.16787471771240092,-25.231054363595558,-1.5715055514308132,-23.659548812164743,38.61625099182129,39.26250076293945,38.93937587738037,39.03000068664551,0.0003277264124276293,18.08774718711213,18.7092686040087,29.367048797058114,-80.25441901107189,39.21437454223633,38.088748931884766,24.0,84.0,-60.0,,39.318804267247266,0.0,0.0,43.26401224561542,0.5202297783679213,0.4531339255968108,0.367132831797125,-14.898139052944458,53.09060770115222,33.513448867086694,31.869314684622537,-66.4865511329133,-1.4849045360789574,-3.4638264896411317,-0.959164357918753,-0.5273166723105221,-0.43184768560823084,1.281962539438158,6.809641592045199,-5.5276790526070405,38.82803383778917,0.5480143166624929,0.5465181817395859,95.04275415506353,5.911947351833916,16184650.593863562
2017-10-02,38.564998626708984,38.61249923706055,38.18000030517578,38.45249938964844,36.18480682373047,74795200,-0.0774993896484375,0,6216907640.991416,4042588000,0.031285563232302256,-10261529.00995043,0.0751712652382387,-0.0554971464840439,44780293.4154799,38.831833325816376,27.301731807495187,1869.312654603994,39.27412490844726,41.0938518638525,37.454397953042026,9.266798227317556,0.274244834820327,0.0,0.0,38.46691665649414,39.01791687011719,37.915916442871094,2.8648005169919237,0.4869171857929916,0.0,0.0,37.290000915527344,41.0625,39.17625045776367,9.605558604467465,0.30815076374858685,0.622910659903366,4.68183393350661,-0.37276604313986184,-0.23960633880362753,-0.1331597043362343,38.70333321889242,39.59201930119441,38.71907044922218,39.09183649236204,0.7367536019218851,1.1381066799356792,-0.40135307801379405,-0.08823744367998741,24.77133581397229,0.6958763122558622,-30.87353123929401,-7.69649685827963,-23.17703438101438,38.427499771118164,39.26250076293945,38.84500026702881,39.03000068664551,0.00016386320621381465,18.210980493370624,18.69893459475274,27.93939265766303,-67.07610751532715,39.21437454223633,38.088748931884766,20.0,80.0,-60.0,,39.115923932075276,0.0,0.0,42.54705123170707,0.5557184621581523,0.48521548639344525,0.4419215777766385,-15.016897492394188,58.2179933201274,39.37336882089976,33.574872264565954,-60.62663117910024,-1.2870590995339768,-2.824109966626942,-0.9535649296310107,-0.6125663237746198,-0.34099860585639086,-2.3767496986907948,4.9723633338980004,-7.349113032588795,38.79999422127048,-0.2011403895763375,-0.20134294852205414,94.65044439951562,5.741277385548813,-18911081.72352153
2017-10-03,38.502498626708984,38.772499084472656,38.477500915527344,38.619998931884766,36.34242630004883,64921200,0.16749954223632812,1,6214706438.56034,4107509200,0.03883847810862945,-7242128.9683242105,0.10394277780750008,-0.035692255570785085,45063090.93070099,38.72809591743016,32.73004310873513,1877.4554026415124,39.17912483215332,40.925676038391174,37.43257362591547,8.915723430373836,0.33993429500617506,0.0,0.0,38.35474993387858,38.90199991861979,37.807499949137366,2.853623009846959,0.7423471954335671,0.0,0.0,37.290000915527344,40.9900016784668,39.14000129699707,9.443806564823918,0.3594588492194822,0.5926195633954513,4.713870073162351,-0.35305688463220264,-0.26229644796934254,-0.0907604366628601,38.590833028157554,39.54028848501352,38.70382867732412,39.05688556195632,0.8080452320906664,1.0313520524674922,-0.2233068203768258,-0.09942608939573884,24.72589423040313,0.4883747100830078,-35.72315295477729,-13.764856973296432,-21.95829598148086,38.1200008392334,39.26250076293945,38.691250801086426,39.03000068664551,8.193160310690732e-05,17.984183449766864,19.866191740333345,26.89749662950508,-44.99582467379906,39.21437454223633,38.088748931884766,16.0,76.0,-60.0,,38.93333163042048,0.0,0.0,44.68080653320748,0.6610841286993023,0.5790107897417917,0.5057867339106827,-14.505498154349578,59.27757508780826,45.04651282978888,39.311110172591775,-54.95348717021112,-1.1532650106093456,-3.3775387730513833,-0.9039555498406164,-0.6708441689878192,-0.23311138085279726,-6.093053399505291,2.759279987217342,-8.852333386722634,38.78967477153814,0.43560118300507433,0.4346551872361548,95.49834403804454,5.939386489208033,-11824954.580596864
2017-10-04,38.407501220703125,38.46500015258789,38.1150016784668,38.369998931884766,36.10717010498047,80655200,-0.25,0,6251576633.638269,4026854000,0.04865934440303026,-9088081.972849322,-0.1453708730464906,-0.04490671343114243,44540983.200051814,38.66040036373623,33.05222156261138,1877.4554026415124,39.073749732971194,40.747011913151546,37.40048755279084,8.5646358059586,0.2897069540499101,0.0,0.0,38.285083262125646,38.75658327738444,37.81358324686686,2.463100377923076,0.5900484273712115,0.0,0.0,37.290000915527344,40.9900016784668,39.14000129699707,9.469274866694763,0.2918912955843342,0.583857332397703,4.741467599114,-0.3535348158910807,-0.2805441215536902,-0.07299069433739053,38.48270797729492,39.463461509117714,38.65247025494883,39.00600507083991,0.7551802870808284,1.0396848860911219,-0.28450459901029346,-0.10869216018222613,24.57913340850808,0.6087491989135714,-39.08456617760641,-19.479354428829716,-19.605211748776696,38.03125,39.26250076293945,38.64687538146973,39.03000068664551,4.096580155345366e-05,18.31164495422915,18.682172052501265,29.572625851570532,-63.50833911800987,39.21437454223633,38.088748931884766,12.0,72.0,-60.0,,38.772499084472656,0.0,0.0,42.1638067881976,0.5367937025054531,0.5845320977876356,0.5495861246409577,-14.773138226414034,60.27690217989323,36.57911057133259,40.3329974073404,-63.42088942866741,-1.1416912303251436,-3.2709412625568626,-0.9063599700841347,-0.7179473292070823,-0.18841264087705245,-8.031439906424879,0.6011360084888975,-8.632575914913776,38.77534842295624,-0.6473330059923899,-0.6494372921707292,94.23281873091771,5.599795000459245,14598534.931100056
2017-10-05,38.54499816894531,38.86000061035156,38.51250076293945,38.84749984741211,36.5565071105957,85135200,0.47750091552734375,1,6330586622.586071,4111989200,0.0797144349192513,-1982336.556213203,0.16173889883461282,-0.03834821567059941,45600460.319552645,38.518115294803174,28.32481653727116,1877.4554026415124,39.00037479400635,40.575293469954914,37.42545611805778,8.076428415198734,0.45146576489031653,0.0,0.0,38.309583282470705,38.73958320617676,37.87958335876465,2.2448687083621235,1.125484488817165,1.0,0.0,37.290000915527344,40.9900016784668,39.14000129699707,9.487090271522407,0.42094557046723846,0.5744717670046124,4.726124785217061,-0.3117891355431013,-0.28679312435157245,-0.024996011191528833,38.41312472025553,39.39115377572867,38.68247480763549,38.99426394317859,0.7811189199381391,1.0348768446690801,-0.25375792473094105,-0.11371119898431141,24.497713610015246,0.017127037048339844,-38.426654120971634,-24.34293343664942,-14.083720684322213,38.07500076293945,39.26250076293945,38.66875076293945,39.03000068664551,2.048290077672683e-05,17.790697419904447,22.312948333115674,27.838865493463334,-23.12545577867176,39.29062461853027,38.16499900817871,8.0,68.0,-60.0,37.290000915527344,,1.0,0.0,48.169540969120696,0.9851804733251842,0.7276861015099795,0.6304096630131357,-13.2242193044308,62.175410658278885,54.93825167052846,45.521291690549965,-45.06174832947154,-1.0456321716308565,-2.104199853708651,-0.7995769223838465,-0.7342732478424352,-0.06530367454141128,-9.226836753735066,-1.3644585439558952,-7.862378209779171,38.777270815636726,1.2444642398218742,1.2367844329271183,96.64997670202204,6.190048957919629,14227910.942148164
2017-10-06,38.74250030517578,38.872501373291016,38.63999938964844,38.82500076293945,36.535343170166016,69630400,-0.02249908447265625,0,6371765768.560575,4042358800,0.13706276626827962,-1922948.512677723,0.023373509129641604,-0.03435923259759648,45560132.87872329,38.442650865123696,33.4577991146986,1876.3680475256467,38.958749771118164,40.50575541032951,37.411744131906815,7.941762239804792,0.4567716481476774,0.0,0.0,38.39816665649414,38.80866661071777,37.98766670227051,2.1381226759908603,1.0198954373241935,1.0,0.0,37.290000915527344,40.9900016784668,39.14000129699707,9.497226642735919,0.41486473807984675,0.5402747886684091,4.6799114372440895,-0.2773240521452891,-0.28489930991031576,0.007575257765026655,38.39708296457926,39.313749900230995,38.70440187768225,38.98172592982754,0.7863683025525366,1.0201956244980346,-0.23382732194549793,-0.11555702979596373,24.441426012006808,-0.6112499237060547,-37.51652359520534,-28.09803050950352,-9.418493085701822,38.39750099182129,39.26250076293945,38.83000087738037,39.03000068664551,1.0241450388363415e-05,17.281573479678098,21.820327765543187,27.02912665279146,-15.597877575068875,39.38687515258789,38.271249771118164,4.0,64.0,-60.0,37.32140090942383,,0.0,0.0,47.91705812495282,0.9704414079608715,0.8308051945971693,0.7143411312982616,-12.0342337706777,63.42647813059615,57.86992494286943,49.795762394910156,-42.13007505713057,-0.9249484006096296,-0.4933710747263156,-0.7114206606565099,-0.7297027304052501,0.01828206974874025,-11.326781272479888,-3.356923089660694,-7.969858182819194,38.780369987368076,-0.05791642849869438,-0.05793320654059464,96.53608405887273,5.91949249448615,-3052262.2886461914
2017-10-09,38.95249938964844,39.182498931884766,38.872501373291016,38.959999084472656,36.66238021850586,65051600,0.13499832153320312,1,6343436174.595227,4107410400,0.1050909378977283,-393690.60900243185,0.12926164278164462,-0.024092027056111468,45786323.64860042,38.39798248614717,37.98496997383484,1882.8923625808131,38.8879997253418,40.29229725145139,37.48370219923221,7.222266694239156,0.52563536493948,0.0,0.0,38.53583323160807,38.91058298746745,38.1610834757487,1.9449417564533007,1.065932127016181,1.0,0.0,37.290000915527344,40.9900016784668,39.14000129699707,9.51450521773252,0.45135076340324537,0.5219971266960994,4.5991241141257495,-0.23639200899454949,-0.2751978497271625,0.038805840732613006,38.44812456766764,39.23528832655687,38.743724524880776,38.980116533875325,0.7964772781271284,0.9521865575751816,-0.15570927944805313,-0.1143014439671057,24.41027732260541,-0.9154998779296903,-35.56160266126266,-30.90059912057096,-4.661003540691702,38.59124946594238,39.26250076293945,38.92687511444092,39.03000068664551,50.00000512072519,16.18623475184079,24.80221966809914,25.78710853901362,13.855010886570986,39.46562576293945,38.35000038146973,0.0,60.0,-60.0,37.383444927978516,,0.0,0.0,49.62328742443744,1.0,0.9852072937620182,0.8478995299563891,-10.554129928646969,63.604591250764614,73.40658677313176,62.07158779550988,-26.59341322686824,-0.7958306817447465,1.5972338209732897,-0.6064425404914198,-0.7050506924224841,0.09860815193106431,-13.364826658872733,-5.358503803503103,-8.00632285536963,38.8067709501754,0.3477097717460076,0.3471066589695315,97.21945922815239,6.008565293556003,1239884.4465338439
2017-10-10,39.01499938964844,39.5,38.775001525878906,38.974998474121094,36.67649459838867,62468000,0.0149993896484375,1,6315432824.68415,4169878400,0.12707665627019119,-203594.54020799964,0.12766580434345873,0.013598897969664642,45810373.491890386,38.33798277454214,46.30492802872219,1883.6172659913905,38.825999641418456,40.09328146875091,37.558717814086,6.528006176461992,0.5587867787137258,0.0,0.0,38.62124989827474,39.012749608357744,38.22975018819173,2.027379803161139,0.9517865106098722,0.0,0.0,37.290000915527344,40.24250030517578,38.76625061035156,7.604438821708524,0.5707020853252022,0.5422972614385989,4.411552377736656,-0.2004322858817602,-0.26024473695808203,0.059812451076321826,38.531666119893394,39.156922853910004,38.77930513245621,38.97973741833797,0.9281638176587101,0.8714332764607386,0.056730541197971496,-0.11071903770901788,24.36291431128184,-1.1884988784790025,-34.438699202201875,-33.00891645610855,-1.4297827460933235,38.75,39.17625045776367,38.963125228881836,39.133750915527344,75.00000256036259,15.473064408845557,26.53427299650672,23.435238851021737,32.81315422962644,39.75187587738037,38.40250015258789,0.0,56.00000000000001,-56.00000000000001,37.49138816821289,,0.0,0.0,49.81998661053201,1.0,0.9901471359869568,0.9353865414487149,-9.271328876770376,54.458616982381386,76.24426500592055,69.17359224064057,-23.75573499407945,-0.6752423005945545,2.6400648646715483,-0.5141960904730648,-0.6668797720326002,0.15268368155953538,-15.192524089210032,-7.3253078606444895,-7.8672162285655425,38.82065627572164,0.03849946098797297,0.03849205184707216,97.29538765691859,5.9269921130275804,3417256.47549174
2017-10-11,38.99250030517578,39.244998931884766,38.9375,39.13750076293945,36.82941436767578,67622400,0.16250228881835938,1,6335775163.3510475,4237500800,0.08631917215394017,1395318.2191632323,-0.02103182440268933,0.028158563362954643,46092318.20531192,38.35863272571222,54.06086596327506,1883.6172659913905,38.78724975585938,39.96339076033659,37.61110875138217,6.0645754049604195,0.6488983913267103,0.0,0.0,38.677833302815756,39.07058270772298,38.28508389790853,2.0308759378133634,1.085191797085324,1.0,0.0,37.290000915527344,40.24250030517578,38.76625061035156,7.61203593508823,0.6257409752189979,0.5188174284832157,4.055339023341839,-0.15701143948159313,-0.23959807746278428,0.08258663798119115,38.656666119893394,39.10374978872446,38.834412152530554,38.99142359201215,0.9949458670688673,0.8194950163770433,0.1754508506918241,-0.10470384683541303,24.253119308389223,-0.5022499084472685,-32.295754888525316,-34.35017102260446,2.0544161340791405,38.75,39.14000129699707,38.945000648498535,39.133750915527344,87.5000012801813,14.8108348046357,25.473106053296796,22.498009450457147,43.17785423940394,39.785000801086426,38.40250015258789,16.0,52.0,-36.0,37.65207711475586,,0.0,0.0,52.00637287830215,1.0,1.0,0.9917848099163251,-7.575838959017073,55.77726527224038,83.59731279494872,77.74938819133367,-16.402687205051283,-0.49065431707045803,3.9853868338596117,-0.40268198751727236,-0.6140402151295346,0.2113582276122622,-16.14950243140566,-9.090146774796725,-7.059355656608936,38.842658571515955,0.41693982086044024,0.4160730352702924,98.11799069278126,6.052543883398606,11487888.967854008
2017-10-12,39.087501525878906,39.342498779296875,38.932498931884766,39.0,36.70002365112305,64500400,-0.13750076293945312,0,6292513043.908179,4173000400,0.09854781733798848,-70992.12784578698,0.029398643572384923,0.04196011663550947,45865710.62851187,38.465550675227604,59.15811599411435,1876.9996024689156,38.75874977111816,39.884170450587916,37.633329091648406,5.807311567662507,0.6071822445076736,0.0,0.0,38.75149993896484,39.14574928283692,38.35725059509277,2.034756561645515,0.8151559601780717,0.0,0.0,37.290000915527344,40.24250030517578,38.76625061035156,7.617633197881295,0.5791700043928784,0.507935670376105,3.692053748758543,-0.13217167550533304,-0.21811279707129402,0.08594112156596098,38.71624946594238,39.046922830434944,38.85988720598739,38.992058881492724,1.0826104924834146,0.7057716371640157,0.37683885531939887,-0.09778821948918555,24.18772925525267,-0.2012508392333956,-28.985090856473466,-34.76728618847979,5.782195332006321,38.8075008392334,39.14000129699707,38.973751068115234,39.16875076293945,93.75000064009065,14.381353364377238,25.381184364597026,21.276221628298426,47.8213553198246,39.80250072479248,38.40250015258789,12.0,48.0,-36.0,37.79991094557539,,0.0,0.0,50.02039879390681,0.9041201360851358,0.9680400453617115,0.9860623937828897,-6.6184534190262445,52.516843565686266,77.37555623832719,79.07237801306547,-22.624443761672804,-0.3776472652659635,1.8675725621981984,-0.338970752755165,-0.5590263226546607,0.2200555698994957,-17.103730876749992,-10.69286359518738,-6.410867281562613,38.857967522223824,-0.3513273976596287,-0.35194600166996715,97.42194791178476,5.8055983329282554,6618954.750537336
2017-10-13,39.182498931884766,39.31999969482422,39.102500915527344,39.247501373291016,36.932926177978516,65576800,0.24750137329101562,1,6314372744.006397,4238577200,0.09007165343195409,2257770.755565079,0.024461166534664732,0.04988368271708327,46281873.39917931,38.63919292241011,70.49331955717571,1876.9996024689156,38.72262477874756,39.730444830336154,37.71480472715896,5.205329222112677,0.7604019406619815,0.0,0.0,38.83841667175293,39.201165771484376,38.475667572021486,1.8679911840755945,1.0638672871151753,1.0,0.0,37.290000915527344,40.125,38.70750045776367,7.321298854794087,0.6904765749255225,0.4891420728209163,3.1804084998765156,-0.09146039274852313,-0.19278231620673986,0.10132192345821672,38.773749669392906,39.00586524376502,38.91952015480333,39.01098054755185,1.1564246184234481,0.6608138067174035,0.4956108117060446,-0.08914130890376047,24.025692272051323,-0.40262508392333984,-26.484348445944132,-34.27959921144091,7.795250765496778,38.8075008392334,39.14000129699707,38.973751068115234,39.26250076293945,96.87500032004533,13.982549169851525,24.273210608218186,20.347443252142895,77.11275099748669,40.23625087738037,38.40250015258789,8.0,44.0,-36.0,37.93591806992936,,0.0,0.0,53.4651105444881,1.0,0.9680400453617115,0.9786933635744745,-4.840346757992772,54.89210230128349,83.99374171769053,81.6555369169888,-16.00625828230947,-0.2640737533569322,1.7895414913327246,-0.2344478181906729,-0.49411062176186316,0.25966280357119026,-17.661208614523826,-12.08653259905467,-5.574676015469155,38.89780246225281,0.6346189058743956,0.6326136793223469,98.67482491757846,6.096822084438358,9587544.905551627
2017-10-16,39.474998474121094,40.0,39.412498474121094,39.970001220703125,37.612831115722656,96486000,0.7224998474121094,1,6401005281.192294,4335063200,0.15872343530119978,11893963.544399323,0.30140396305238953,0.05573004497094678,48058065.96783146,38.796292195518106,69.2631894062688,1876.9996024689156,38.737749862670896,39.80892590683116,37.66657381851063,5.530398889753233,1.0751862006017108,1.0,0.0,38.97633336385091,39.354582722981775,38.59808400472006,1.9409181238257305,1.8135089761096475,1.0,0.0,37.290000915527344,40.0,38.64500045776367,6.995757611321947,0.988930336003153,0.5154777282097232,2.8637403551212195,-0.000886489453208128,-0.15440315085603354,0.1535166614028254,38.91124979654948,39.017884474534256,39.08113262648022,39.08201911593343,1.1259110492247664,0.6797566993546825,0.44615434987008384,-0.07592983701026298,23.981816811796445,-0.2077510833740206,-20.994613169127383,-32.64309479081314,11.648481621685754,39.0575008392334,39.14000129699707,39.098751068115234,39.26250076293945,98.43750016002267,14.803914658606903,30.8523963049961,18.32195288150689,163.7936592269468,40.19000053405762,38.40250015258789,4.0,40.0,-36.0,38.06104462433501,,0.0,0.0,61.752346845303286,1.0,0.9680400453617115,0.9680400453617115,-0.5691390924853619,57.694893585982335,98.50006103515625,86.62311966372465,-1.49993896484375,-0.11258864683263425,4.305849527712203,-0.002268279565030747,-0.39574215332249674,0.393473873757466,-15.023463412298543,-12.673918761703446,-2.3495446505950977,39.1201953186557,1.840881131617178,1.8241420340845416,102.33219228275962,6.6812924849662565,40329484.37790012
2017-10-17,39.94499969482422,40.217498779296875,39.807498931884766,40.11750030517578,37.75162124633789,75989200,0.14749908447265625,1,6439927130.569382,4411052400,0.20136346206075476,11796016.956600787,0.165237029561344,0.06069073687663467,48338484.70907494,38.90992578714173,68.60470865946147,1883.9261902713774,38.75949993133545,39.92042971026162,37.59857015240927,5.990427022963787,1.084876190830613,1.0,0.0,39.11875,39.50849952697754,38.72900047302246,1.9926481647677345,1.7812719914260984,1.0,0.0,37.290000915527344,40.217498779296875,38.75374984741211,7.552981511515247,0.9658416576972894,0.5049299401299618,2.598765715259424,0.0818523815703216,-0.1071520443707625,0.1890044259410841,39.04354159037272,39.007980640117935,39.240573807818,39.15872142624768,1.1308565512396236,0.6938607357010359,0.4369958155385877,-0.05933083129466549,23.739276109569857,-0.3070005416870103,-15.998509694643115,-30.077977403817215,14.0794677091741,39.364999771118164,39.14000129699707,39.25250053405762,39.26250076293945,99.21875008001133,15.88212238833643,32.07731170593475,17.310836694527225,193.46852562995346,40.19000053405762,38.40250015258789,0.0,36.0,-36.0,38.25494016190151,,0.0,0.0,63.19344146375787,1.0,1.0,0.9786933635744745,3.4120730042203435,58.351911952958005,95.49048346476198,92.66142873920292,-4.509516535238016,0.07351392858168992,4.12017019510499,0.2090272066836605,-0.2747882813212653,0.4838154880049258,-14.695789465685314,-13.07829290249982,-1.6174965631854938,39.32540117781952,0.36902446827111746,0.3683452434711576,103.07884757947238,6.397293560007583,2868793.194723904
2017-10-18,40.10499954223633,40.1775016784668,39.900001525878906,39.939998626708984,37.5845832824707,65496800,-0.17750167846679688,0,6393310911.997659,4345555600,0.19104536716667733,8450044.257914376,0.011122896358852486,0.06661381850905854,48048691.18141828,39.02551850867256,69.8779925238659,1875.5906743908533,38.80562477111816,40.07237272794367,37.53887681429265,6.528682191290544,0.9477504184942915,0.0,0.0,39.2876667022705,39.670166397094725,38.90516700744629,1.9471744032185725,1.3527221501944768,1.0,0.0,37.290000915527344,40.217498779296875,38.75374984741211,7.544003945398087,0.9052091015941602,0.48218696137575473,2.2174636382803503,0.1315838146418784,-0.059404872568234325,0.19098868721011272,39.16749986012777,38.99740365835336,39.34817762610892,39.21659381146704,1.1832036324619881,0.6764090992469225,0.5067945332150656,-0.041934851643280466,23.549110559573947,-0.1856258392333956,-10.799992221669234,-27.008348303894728,16.208356082225492,39.428749084472656,38.76625061035156,39.09749984741211,39.26250076293945,99.60937504000567,16.88331528022814,30.836904469937153,16.6414387320698,160.46041802329316,40.19000053405762,38.40250015258789,8.0,32.0,-24.0,38.49044719598895,,0.0,0.0,60.25137493728684,0.86009901874852,0.9533663395828396,0.9738021283148505,5.928302339860387,57.53286487296766,87.48589378363128,93.82547942784983,-12.514106216368717,0.2857716616462298,3.8684071534267743,0.3355309624146984,-0.1527244325740726,0.48825539498877096,-15.310210194316232,-13.524676360863104,-1.7855338334531279,39.47033887061221,-0.4424544827482557,-0.44343620946092344,102.18031611484348,6.028745280937258,-1582.6524109616876
2017-10-19,39.1875,39.27000045776367,38.755001068115234,38.994998931884766,36.69530487060547,170336800,-0.9449996948242188,0,6381733399.651358,4175218800,0.22845259152234218,-15752565.49569253,-0.31027855157041634,0.04829259629965258,44018440.065944016,39.086325450432334,65.67011586897326,1875.5906743908533,38.837999725341795,40.089260953417984,37.58673849726561,6.443489556233456,0.5627363827073728,0.0,0.0,39.31433334350586,39.71358299255371,38.915083694458005,2.0310640679542544,0.10008178794564479,0.0,0.0,37.290000915527344,40.217498779296875,38.75374984741211,7.537715341862312,0.5824079455217832,0.5524680210975543,2.0548387800361296,0.0936630664396958,-0.0287912847666483,0.1224543512063441,39.19874986012777,38.962115214421196,39.29384244238213,39.20017937594243,1.1089229435775727,0.7375462018610076,0.3713767417165651,-0.029379920612285757,23.536940370316515,-0.46800079345702983,-8.178699036609242,-23.748590019606272,15.56989098299703,39.486249923706055,38.76625061035156,39.12625026702881,39.26250076293945,99.35139022842039,16.007360976113077,26.18111459953826,28.71740134422446,25.670840892085963,40.1512508392334,38.41875076293945,4.0,28.000000000000004,-24.000000000000004,38.6976933859859,,0.0,0.0,47.55705771980138,0.25645956360200506,0.7055195274501745,0.8862952890110048,4.163353316865822,50.610652259384246,41.85486168188012,74.94374631009111,-58.14513831811988,0.31922790302949977,0.9709995089885906,0.23893530063073595,-0.07439248593311087,0.31332778656384686,-6.025763934189528,-12.02489387552839,5.999129941338862,39.46584242794603,-2.3660483908786945,-2.3944888212438453,97.39663199873479,5.109677404914848,111482451.73008424
2017-10-20,39.15250015258789,39.4375,38.9900016784668,39.0625,36.75883865356445,95896400,0.06750106811523438,1,6316908973.3618145,4271115200,0.14744175317687322,-12577469.077964205,0.09391288030621546,0.04963128309022235,44184438.51717394,39.137306591626604,66.3551955645641,1878.8373567177205,38.89249973297119,40.08163207400197,37.703367391940404,6.114969977220032,0.5714808020785344,0.0,0.0,39.35275001525879,39.7734992980957,38.932000732421876,2.1383475496567277,0.15507960785842487,0.0,0.0,37.290000915527344,40.217498779296875,38.75374984741211,7.527152751479585,0.6054655432575909,0.5419710511411192,1.9200931583542382,0.06827039374986299,-0.009378949063346045,0.07764934281320904,39.2564582824707,38.942595995389496,39.258251297400264,39.1899809036504,1.116840837468758,0.7251478338827109,0.3916930035860471,-0.020219504317121325,23.502054795599033,-0.04499988555907919,-5.770085136031705,-20.43842140569172,14.668336269660015,39.486249923706055,38.76625061035156,39.12625026702881,39.26250076293945,96.6364098255104,14.89370049755021,26.831871587821748,27.05610716056715,40.209592216698844,40.1512508392334,38.41875076293945,0.0,24.0,-24.0,38.755001068115234,,0.0,0.0,48.39345162178549,0.2962317191761639,0.4709301005088959,0.7099386558473034,3.0353154417896726,46.74081480174265,45.06538064471648,58.13537870340929,-54.93461935528352,0.3743603650261349,1.8047982470486303,0.1742036923103064,-0.02467325028442742,0.19887694259473382,-5.373878687268951,-10.694690837876502,5.320812150607551,39.46037958897056,0.17310185912080556,0.17295221052413545,97.73832923856646,5.676060781073119,-19196816.6789003
2017-10-23,39.22249984741211,39.42250061035156,38.875,39.04249954223633,36.740013122558594,87937200,-0.020000457763671875,0,6282777889.618329,4183178000,0.13116308754322878,-11031942.67460583,-0.04046959883840165,0.0393161133298008,44139413.64025987,39.16442328517977,59.43145881469337,1877.8753699734557,38.96274967193604,40.00380251131877,37.92169683255331,5.343836603670584,0.5383025084238645,0.0,0.0,39.363583374023435,39.80808296203613,38.919083786010745,2.2584305081636677,0.13882550125339915,0.0,0.0,37.92250061035156,40.217498779296875,39.06999969482422,5.89023667033014,0.48801735314650446,0.5425240070621635,1.8397837532036398,0.04600236132226598,0.001697313013776361,0.04430504830848962,39.27270825703939,38.906922853910004,39.225058719682735,39.17905635836047,1.0574102402098893,0.7628270898326075,0.2945831503772818,-0.013790006390713582,23.523134920765255,-0.13774890899658487,-3.5207335978780745,-17.00309189410019,13.482358296222117,39.486249923706055,38.75374984741211,39.11999988555908,39.26250076293945,91.58550092084681,14.064822912593714,24.931544045102587,26.6275357945018,26.00912967344005,40.10812568664551,38.41875076293945,84.0,20.0,64.0,,40.217498779296875,0.0,1.0,48.14842129777778,0.28458005105220596,0.27909044461012456,0.4851800241897318,2.062472268197045,46.67993538740526,44.114109046968466,43.67811712452167,-55.885890953031534,0.3055811489329585,0.5019620196670365,0.11741569501188223,0.0037445387748345077,0.11367115623704772,-5.477306069737111,-9.651213884248623,4.173907814511512,39.457478879484945,-0.05120117187500384,-0.05121428415097995,97.63708489675027,5.718136425868167,1399302.076112613
2017-10-24,39.0724983215332,39.35499954223633,39.04999923706055,39.275001525878906,36.95880889892578,71028800,0.23250198364257812,1,6316546640.970356,4254206800,0.13093908238257815,-7096759.878840433,0.023080056494096765,0.05134832258269989,44562397.237349674,39.228104041809836,66.0478024026027,1889.0583053303492,39.01224975585937,40.01306005770627,38.011439454012475,5.130748973002166,0.6312695170776377,0.0,0.0,39.377916717529295,39.78041648864746,38.97541694641113,2.0442918502033933,0.3721549687289444,0.0,0.0,38.0,40.217498779296875,39.10874938964844,5.684108948276744,0.5749728197294359,0.5195216063559471,1.5985152739781412,0.04657882052202922,0.010673614515426933,0.03590520600660228,39.310208320617676,38.891826776357796,39.232742228328306,39.186163407806276,1.1564579082264654,0.7424353499727481,0.41402255825371737,-0.008281203726623134,23.565016000165866,-0.05225067138671591,-1.387650276496838,-13.568858048319246,12.181207771822407,39.486249923706055,38.75374984741211,39.11999988555908,39.26250076293945,86.36114968522259,13.295150869419826,23.891455755870304,25.51669452045664,39.09333758534777,40.1200008392334,38.41875076293945,80.0,16.0,64.0,,40.190648803710936,0.0,0.0,51.239250575243055,0.23548877513733668,0.27210018178856843,0.3407069089691965,2.143016955006615,47.011134390202066,44.72150440200915,44.63366469789802,-55.27849559799085,0.1799416037166779,1.1590489480917228,0.11886547819772082,0.02676872665941177,0.09209675153830905,-6.978623525438936,-9.116695812486686,2.13807228704775,39.45450413610458,0.5955099862165802,0.5937438337723311,98.81403347377776,5.995459451616426,-7896437.11556533
2017-10-25,39.227500915527344,39.38750076293945,38.817501068115234,39.102500915527344,36.796478271484375,84828400,-0.1725006103515625,0,6316546640.970356,4169378400,0.1217771802666876,-8173358.578312727,-0.06719341603980622,0.03499601437738425,44189820.52935121,39.255141807020806,58.66840483696903,1889.0583053303492,39.039499855041505,40.01874465622468,38.06025505385833,5.016687226113219,0.5321681873673044,0.0,0.0,39.37750015258789,39.80625,38.94875030517578,2.1776387315126837,0.17930106713691935,0.0,0.0,38.0,40.217498779296875,39.10874938964844,5.680141363313369,0.49718219726683455,0.5245694152027742,1.6420173572945507,0.03273891712601795,0.015086675037545138,0.017652242088472814,39.322083473205566,38.86951916034405,39.212705103282005,39.17996618615599,1.0835166486272916,0.8052515449403032,0.2782651036869884,-0.004470841393940293,23.514199933906614,-0.06450138092041158,0.290111372755876,-10.316057800627096,10.606169173382971,39.486249923706055,38.75374984741211,39.11999988555908,39.26250076293945,80.15499202558502,13.01817213239336,22.08192008219817,26.67343010164557,13.653379955082555,40.1200008392334,38.47999954223633,76.0,12.0,64.0,,40.16433582763672,0.0,0.0,48.90977912493653,0.08651114140492874,0.20219332253149006,0.25112798297672784,1.5336279944794595,40.549413107305604,29.31865006819303,39.38475450572354,-70.68134993180696,0.02864734425264004,0.3657644620209476,0.0835603506405936,0.03812705145564814,0.04543329918494546,-6.900150902755979,-8.673386830540544,1.7732359277845644,39.45268647228721,-0.439212230807684,-0.4401796013050241,97.94081792219885,5.71774288015088,17015449.08919406
2017-10-26,39.307498931884766,39.45750045776367,39.19499969482422,39.352500915527344,37.0317268371582,68002000,0.25,1,6330147436.25613,4237380400,0.1460975671608437,-4577093.067125196,0.08637146761609256,0.039495868554987885,44624588.11715143,39.288941440752815,58.645036703307504,1901.1359107334615,39.09112491607666,40.020811760986945,38.16143807116637,4.756511084836763,0.6405720651430254,0.0,0.0,39.40183359781901,39.815833536783856,38.98783365885417,2.101424736679048,0.4404194570474811,0.0,0.0,38.0,40.217498779296875,39.10874938964844,5.672639976612451,0.6099218309180738,0.5076124279061296,1.6193885870431053,0.041465614839957254,0.02036246299802756,0.021103151841929693,39.35354200998942,38.882403740516075,39.23421215131975,39.192746536479795,1.1046231849749633,0.7871731943511232,0.31744999062384005,-0.0007065845043730605,23.383805740652956,0.04637584686279439,1.9817166722298745,-7.15316167638554,9.134878348615414,39.486249923706055,38.75374984741211,39.11999988555908,39.26250076293945,72.57269072665846,12.603639163526136,21.96765083336255,25.383930366417612,51.05406254655404,39.785000801086426,38.53874969482422,72.0,8.0,64.0,,40.11046243725586,0.0,0.0,52.29474940938628,0.30299152074826957,0.20833047909684463,0.22754132780563452,1.9929384478196026,40.173385603209,40.85475435919506,38.298302943132406,-59.14524564080494,0.11003688363467745,0.9685758978461714,0.10579920649695197,0.051661482463908906,0.054137724033043066,-8.297067783547906,-8.598123021142015,0.30105523759410957,39.45084204111913,0.6393452954328138,0.6373101531837566,99.20634322932567,6.0467183178745,-4633639.712220609
2017-10-27,39.8224983215332,40.900001525878906,39.67499923706055,40.76250076293945,38.35858154296875,177816800,1.4099998474121094,1,6468046032.206019,4415197200,0.15972006322228846,31894157.494936913,0.6622174192582919,0.07756413830331985,50995762.88455693,39.46771996219483,62.534380327534265,1901.1359107334615,39.202750015258786,40.34739140650292,38.05810862401465,5.839597430275223,1.1813272521908977,1.0,0.0,39.52408358256022,40.03883387247721,39.00933329264323,2.604742441867133,1.7029300465075377,1.0,0.0,38.1150016784668,40.900001525878906,39.50750160217285,7.104093070838426,0.9506280895967653,0.6116012461506729,1.6189095011313177,0.16030884885565655,0.04835174016955336,0.11195710868610319,39.48895867665609,38.97528839111328,39.46933347618432,39.30902462732866,1.086012576019624,0.6991119815007433,0.3869005945188807,0.009900802293999493,23.635658218550862,-0.20275001525878622,5.982006143953665,-4.155759530487646,10.137765674441312,39.82750129699707,39.095001220703125,39.4612512588501,39.26250076293945,74.1974058628395,13.552920699667022,35.146313102961464,20.688643558139695,221.2986583204544,39.65000057220459,38.665000915527344,100.0,4.0,96.0,38.817501068115234,,1.0,0.0,65.98364915443358,1.0,0.46316755405106574,0.2912304518931336,7.5069311220818795,54.05348375105114,93.5897093894885,54.587704605625525,-6.410290610511489,0.3234632604262373,4.152028025097516,0.4078169081412559,0.1228925675993783,0.28492434054187754,0.2017451016426754,-6.838149396585077,7.039894498227753,39.55708431364676,3.5829993383108327,3.5203031320515166,106.34390518910561,7.3372185495684334,114040341.2234318
2017-10-30,40.97249984741211,42.01750183105469,40.93000030517578,41.68000030517578,39.22197723388672,178803200,0.9174995422363281,1,6535867589.613362,4594000400,0.17737904545741742,50773828.445716016,0.7214912438937838,0.11998024112834305,55020340.647939496,39.75596575412873,65.96365151584641,1901.1359107334615,39.36412506103515,40.88754716028571,37.840702961784594,7.740154757096479,1.260089815317735,1.0,0.0,39.69891700744629,40.263667297363284,39.1341667175293,2.8451672362299654,2.2539462423478067,1.0,0.0,38.1150016784668,42.01750183105469,40.06625175476074,9.913849594108742,0.9135165886783895,0.675941228347129,1.6189095011313177,0.32478360994258537,0.10363811412415977,0.2211454958184256,39.71229203542074,39.11788456256573,39.80943606525992,39.48465245531734,1.2170174859955896,0.6131067773803112,0.6039107086152784,0.029191878112160154,23.97631640150173,-0.11662368774413778,10.484797827940623,-1.2131698057561187,11.697967633696742,40.38625144958496,39.653751373291016,40.02000141143799,39.653751373291016,87.09870293141975,15.518755304091973,42.642361799179554,17.811270873161543,285.54784406290975,39.37625026702881,38.720001220703125,100.0,0.0,100.0,38.85915107727051,,0.0,0.0,71.67858442246037,1.0,0.7676638402494228,0.4797206244657779,14.534596763461035,63.02837512479331,89.65512806271887,74.69986393713413,-10.34487193728113,0.7551545984604786,6.871795654296875,0.8225565878036424,0.2628253716402311,0.5597312161634113,6.163997281992108,-4.237720060869641,10.40171734286175,39.750406206661495,2.250842134471065,2.2258844934850863,110.98838074901502,7.46376659350566,56894566.78078315
2017-10-31,41.974998474121094,42.412498474121094,41.73500061035156,42.2599983215332,39.76776885986328,144187200,0.5799980163574219,1,6615143677.188952,4738187600,0.2132879674953655,55467322.95120385,0.2819235580426136,0.14161991130300758,57026777.53305982,40.02347369009162,67.98020458852949,1927.5911662271699,39.54612503051758,41.48385323278826,37.608396828246896,9.79983854688846,1.200271918382421,1.0,0.0,39.90775032043457,40.499250411987305,39.316250228881835,2.9643369360755987,2.4883750101574744,1.0,0.0,38.1150016784668,42.412498474121094,40.263750076293945,10.867049027781956,0.964514190506878,0.6815969224069474,1.6189095011313177,0.4962120125555316,0.18215289381043415,0.31405911874509745,39.963333447774254,39.29567293020395,40.18644564314812,39.69023363059259,1.2713084807395814,0.5538500974530893,0.717458383286492,0.05629365351112665,24.25223930262362,0.42387619018554545,16.5101556469758,1.8212910685377741,14.688864578438025,40.583749771118164,40.16749954223633,40.375624656677246,39.85124969482422,93.54935146570988,17.64863998899153,43.54936496993971,16.379383734557983,253.6776106322431,39.01437568664551,38.79750061035156,100.0,0.0,100.0,38.98548510742188,,0.0,0.0,74.5762365406673,1.0,1.0,0.7436104647668297,21.269855971343777,67.27575188667866,95.83047817511846,93.02510520910859,-4.169521824881543,1.2605811511769076,7.675640086205012,1.2502118711970984,0.46030267155160465,0.7899091996454938,7.9369094382083425,-1.8027941610540446,9.739703599262388,40.031770891353894,1.3915499330872105,1.3819567703298397,113.92438942014974,7.362381760148608,9178958.060906738
2017-11-01,42.467498779296875,42.48500061035156,41.40250015258789,41.72249984741211,39.261966705322266,134551200,-0.5374984741210938,0,6560142268.839262,4603636400,0.15976724363303405,37211839.002294436,-0.10458780823860313,0.13204945045936556,55315441.338938124,40.226879878897826,64.51307230717126,1903.0744281361399,39.71375007629395,41.79054205209087,37.636958100497026,10.458805687235301,0.9836184351943454,0.0,0.0,40.094166946411136,40.766167068481444,39.42216682434082,3.352109163253051,1.7115569979246252,1.0,0.0,38.51250076293945,42.48500061035156,40.49875068664551,10.0028323685891,0.8080551813145606,0.7216872759426198,1.6515449800889828,0.5819898056978232,0.26212027618791195,0.31986952950991127,40.109375,39.42788446866549,40.422761674573344,39.84077186887552,1.21924571376941,0.587033760577077,0.6322119531923329,0.08464225850116008,24.654840283395842,0.4037502288818331,21.952851134079708,5.169241087503213,16.783610046576495,40.6512508392334,40.24250030517578,40.44687557220459,39.88750076293945,96.77467573285494,18.987519385216054,38.609507985201255,18.005599394408968,181.4712046134733,39.01437568664551,39.03000068664551,100.0,8.0,92.0,39.19110590942383,,0.0,0.0,67.66680425804097,0.7442767476970682,0.9147589158990224,0.8941409187161486,24.026118992048108,64.32924869166415,79.55761778774122,88.3477413418595,-20.44238221225878,1.7624339384191146,4.384534834092646,1.4607894837310778,0.6604000339874994,0.8003894497435784,8.500700464139047,0.25790476398457396,8.242795700154474,40.158371787832884,-1.2718847502821928,-1.2800424492073414,111.20351773398056,6.30755447984545,12446909.363589704
2017-11-02,41.650001525878906,42.125,41.31999969482422,42.02750015258789,39.548980712890625,165573600,0.30500030517578125,1,6685608056.129928,4769210000,0.1764710201098494,39110147.50611705,-0.10756953248385395,0.12261868624375706,56525819.40146415,40.43114172552571,56.283117172322015,1903.0744281361399,39.87275009155273,42.13826347324522,37.607236709860246,11.363717709416024,0.9755544766249451,0.0,0.0,40.37591692606608,41.07691713968913,39.674916712443036,3.472368020306143,1.678019060783,1.0,0.0,38.63999938964844,42.48500061035156,40.5625,9.643180397325315,0.8810142230123896,0.730018578865936,1.6580773932252206,0.6668927756017169,0.34307477607067294,0.32381799953104395,40.26854165395101,39.56134605407715,40.669644517344814,40.0027517417431,1.194310309447058,0.64931893890507,0.544991370541988,0.11392255626913263,25.020569416939587,0.06724853515625284,29.60095316777533,9.099356454592883,20.501596713182447,40.6512508392334,40.24250030517578,40.44687557220459,39.88750076293945,98.38733786642747,20.07315100375596,35.39423590044498,17.35961383673587,147.31930945072472,39.01437568664551,39.03000068664551,96.0,4.0,92.0,39.45461748549805,,0.0,0.0,69.39933325683023,0.8083989406873042,0.8508918961281239,0.9218836040090489,26.783003582608856,66.3095431951177,87.73457067264474,87.70755554516813,-12.26542932735527,2.187235372206743,4.761014103278239,1.6671172521009612,0.8617434776101918,0.8053737744907694,10.799147747396685,2.366153360666996,8.432994386729689,40.572979286366404,0.7310211667355349,0.7283621577532262,112.74746015350598,6.722969207219215,50203040.93598789
2017-11-03,43.5,43.564998626708984,42.779998779296875,43.125,40.58175277709961,237594400,1.0974998474121094,1,6656855373.239698,5006804400,0.13079021488323278,70774386.11181056,0.4790722678592287,0.1353092794442456,62730323.99486704,40.83444747304486,60.189150114309996,1903.0744281361399,40.08775005340576,42.703762498046956,37.47173760876457,13.051430629836219,1.0805113719577164,1.0,0.0,40.775250116984054,41.510000483194986,40.040499750773115,3.603903662652904,2.0990123932387212,1.0,0.0,38.755001068115234,43.564998626708984,41.15999984741211,11.998671794215857,0.9085241476011015,0.8107665683914519,1.6580773932252206,0.8133621241735156,0.4371322456912415,0.3762298784822741,40.533958435058594,39.74615375812237,41.047391514676384,40.23402939050287,1.23136106669535,0.6540893642811784,0.5772717024141717,0.14775504460181774,25.309364861051375,-1.0927511215209975,39.49898987534167,13.879325729395077,25.619664145946594,41.19124984741211,40.78249931335449,40.9868745803833,40.427499771118164,99.19366893321373,22.17745353674409,43.91474779192902,14.820961777565106,194.67257898155492,38.98500061035156,39.03000068664551,100.0,0.0,100.0,39.69704813548633,,0.0,0.0,74.6608685063881,1.0,0.8508918961281239,0.8721809027184234,31.218250358910034,67.09200386127085,90.85241476011014,86.0482010734987,-9.147585239889857,2.6654115452485883,7.9744654051167565,2.0215775961169515,1.0937103013115437,0.9278672948054079,16.429463479111377,5.178815384355872,11.250648094755505,41.23020182057594,2.6113850298672414,2.5778705795779455,118.3031154793774,7.610577661850115,106002939.82190982
2017-11-06,43.092498779296875,43.747501373291016,42.93000030517578,43.5625,40.993446350097656,140105200,0.4375,1,6733548657.546497,5146909600,0.1730141673496265,69420334.52440906,0.09700660571117106,0.1304356777406618,64151681.09631633,41.065555289592076,61.8061316316478,1922.3809803056372,40.31787509918213,43.283023316797674,37.35272688156659,14.708851646180591,1.0471269330723492,1.0,0.0,41.20525016784668,41.967000579833986,40.44349975585938,3.6973463764174106,2.047258652610093,1.0,0.0,38.755001068115234,43.747501373291016,41.251251220703125,12.382845804483026,0.9629441438192357,0.8114400183638303,1.6580773932252206,0.9537485126651077,0.5404554990860148,0.413293013579093,40.9145835240682,39.93971149738018,41.43433128164925,40.48058276898414,1.2017878292744075,0.6694264834680324,0.5323613458063752,0.1849831525619553,25.574601794629213,-1.2553750991821317,49.42616204312898,19.52530487602017,29.900857167108814,41.282501220703125,40.931251525878906,41.106876373291016,40.51875114440918,99.59683446660686,24.242639684105455,42.24651927346917,13.675782147774276,168.25640982063186,38.93937587738037,39.03000068664551,100.0,8.0,92.0,40.08384318460859,,0.0,0.0,76.4026852187754,1.0,0.9361329802291011,0.8793055908284497,35.31527265489114,67.72635910802978,96.29441438192357,91.62713327155946,-3.70558561807643,2.9336320877075224,11.713043193291533,2.356064185409557,1.3461810781311465,1.0098831072784105,14.830744387585392,7.109201185001776,7.721543202583616,41.867466143977,1.0144927536231974,1.0093813169218535,120.51778476684932,7.364098176614547,-34928027.466655135
2017-11-07,43.477500915527344,43.8125,43.400001525878906,43.70249938964844,41.12519836425781,97446000,0.1399993896484375,1,6779022976.928005,5244355600,0.20246067098003429,61452055.381448,0.11323534096448962,0.13772942378392158,64464849.085382186,41.23820728945335,66.04838131154969,1928.559050065512,40.554250144958495,43.794479163849175,37.314021126067814,15.979725958727853,0.9858065936598167,0.0,0.0,41.6464168548584,42.41891708374023,40.87391662597656,3.7098040466437707,1.8307973628474785,1.0,0.0,38.755001068115234,43.8125,41.28375053405762,12.470946728905279,0.9782499983029025,0.7715458639395567,1.653855301531191,1.0640369619377026,0.6451717916563524,0.4188651702813502,41.30125013987223,40.14163457430326,41.78328022134143,40.719243259403726,1.2319629555989726,0.6642256316888691,0.5677373239101036,0.22310918454426248,25.76481494110589,-1.5117506027221665,58.82599424647572,26.02929186198904,32.79670238448668,41.50374984741211,40.9637508392334,41.233750343322754,40.55125045776367,99.79841723330344,26.201160831326433,41.17913027162773,13.124713430869999,148.91118758101507,38.84500026702881,39.03000068664551,100.0,4.0,96.0,40.52348216725048,,0.0,0.0,76.948742396831,1.0,1.0,0.9290082921190751,38.625769278424684,65.87418799615895,97.82499983029025,94.99060965744131,-2.175000169709751,3.104985237121582,11.8783984375,2.613105934113776,1.5995660493276724,1.0135398847861037,10.98475506060528,7.884311960122478,3.100443100482803,42.364501549419636,0.3213759303263952,0.3208606216403176,121.22647584917897,7.07539979779834,-35066055.48198408
2017-11-08,43.665000915527344,44.060001373291016,43.58250045776367,44.060001373291016,41.46161651611328,97638000,0.3575019836425781,1,6876660976.928005,5341993600,0.23316109978408409,57659730.13822601,0.1051463259174055,0.167402629318766,65263562.641045816,41.59752245195351,73.93442773364916,1928.559050065512,40.80037517547608,44.3094201374241,37.291330213528056,17.20104262206494,0.9644605915800778,0.0,0.0,42.126250203450525,42.88950055440267,41.362999852498376,3.623632994942575,1.766786950984138,1.0,0.0,38.755001068115234,44.060001373291016,41.407501220703125,13.002332165721024,1.0,0.7421413690983354,1.4751350473057085,1.1668381905536904,0.7495050714358201,0.4173331191178703,41.71937529246012,40.35086543743427,42.13354501394906,40.96670682339537,1.3146793431299912,0.5979353734151942,0.716743969714797,0.26140799058618763,25.903197070624696,-1.5253736495971708,69.29291867556863,33.50831430680446,35.78460436876417,41.86750030517578,41.087501525878906,41.477500915527344,40.67500114440918,99.89920861665172,28.177761312142007,41.68869280978237,12.496952548421357,135.7310032416651,38.691250801086426,39.03000068664551,100.0,0.0,100.0,40.98394466383541,,0.0,0.0,78.32789889344158,1.0,1.0,0.9787109934097004,41.75850107608662,68.54523397337137,100.0,98.0398047374046,-0.0,3.326000034107878,12.851384747092675,2.8482596748228968,1.8493047744267175,0.9989549003961793,7.7853952602546865,7.864528620148921,-0.07913335989423409,42.895001061937045,0.8180355554841645,0.8147077805707781,123.03618707976986,7.195235151908179,-5041741.663941026
2017-11-09,43.77750015258789,44.025001525878906,43.28499984741211,43.970001220703125,41.376922607421875,117930400,-0.09000015258789062,0,6977061124.826575,5224063200,0.28844641952880556,47906375.26208644,-0.10432038593784787,0.15324311030133292,65022669.457570225,41.86836662415678,67.58482019835465,1928.559050065512,41.04887523651123,44.71322007869749,37.38453039432497,17.85357002389669,0.8985877571567559,0.0,0.0,42.56875025431315,43.37975069681803,41.75774981180827,3.810308912804921,1.3639027138271531,1.0,0.0,38.755001068115234,44.060001373291016,41.407501220703125,12.923619160354505,0.9830348449744513,0.7454273847763925,1.2980846379821955,1.2269036630172678,0.8449847897521098,0.38191887326515805,42.11062526702881,40.56625014085036,42.416076738065065,41.1891730750478,1.2549546041718906,0.6245821755885217,0.630372428583369,0.29708112111342666,26.068166952796712,-1.9463743209838853,80.48720136777257,41.786669331673224,38.70053203609935,42.4950008392334,41.286251068115234,41.890625953674316,40.67500114440918,99.94960430832586,29.39861430413663,38.47232377880271,14.494431065899189,112.97186306378786,38.64687538146973,39.03000068664551,96.0,0.0,96.0,41.47611373734831,,0.0,0.0,77.07764890950686,0.9585728420920593,0.9861909473640194,0.9953969824546732,43.83250121496165,70.41959059481356,98.28325899191583,98.70275294073535,-1.7167410080841743,3.541875188490927,11.954168077448987,2.978704284210358,2.075184676383446,0.9035196078269121,6.40934034074066,7.573490964267268,-1.1641506235266084,43.20613320215005,-0.20426724871245305,-0.20447615879533032,122.58059719678882,6.794276492096429,22437057.738947913
2017-11-10,43.77750015258789,43.845001220703125,43.567501068115234,43.66749954223633,41.239990234375,100582000,-0.3025016784667969,0,6948969510.3651,5123481200,0.26351173756800633,36716003.96413876,0.014139716698433306,0.15714377569682111,64330692.58745767,42.10284257440952,66.74048240962178,1915.2910870573041,41.2698751449585,45.00544851141918,37.53430177849781,18.103148378034383,0.8209178567880049,0.0,0.0,42.89350026448568,43.609750493367514,42.17725003560385,3.339667895906659,1.0403134592773313,1.0,0.0,38.755001068115234,44.060001373291016,41.407501220703125,12.85441326522607,0.9260128541987555,0.7111346615575422,1.108522162271458,1.2358505099641164,0.9231579337945112,0.3126925761696052,42.491041819254555,40.751634744497444,42.60860332332218,41.37275281335806,1.2828789371925138,0.623279686053784,0.6595992511387297,0.3272613110694096,26.17356722304885,-1.9173742294311538,87.76961066841436,50.373870758392535,37.395739910021824,42.69000053405762,41.35000038146973,42.02000045776367,40.67500114440918,99.97480215416293,30.53226351098878,36.880859823596055,13.894847720603169,98.31739456030125,38.66875076293945,39.03000068664551,92.0,0.0,92.0,41.88953575909914,,0.0,0.0,72.86762812155341,0.8143908987095115,0.9243212469338565,0.9701707314326254,44.25798044823551,73.32745429368,92.51307948104112,96.93211282431896,-7.486920518958881,3.469728604485013,11.674441582574719,2.9871121110536696,2.2575701633174905,0.7295419477361791,4.150813190778663,6.888955409569547,-2.738142218790884,43.29208356201753,-0.6879728680206698,-0.6903503117426713,121.04930307859654,6.431253265950872,-1836580.7652066648
2017-11-13,43.375,43.625,43.349998474121094,43.49250030517578,41.074710845947266,67928400,-0.17499923706054688,0,6951440147.968096,5055552800,0.23130703171521286,29772657.94429842,-0.08855958378203395,0.1491695156770975,64058466.8291853,42.26746708569598,62.95830264366952,1907.6154820307395,41.44600009918213,45.25132616339577,37.64067403496849,18.362814530267446,0.7688994545355152,0.0,0.0,43.08816680908203,43.72316703796387,42.4531665802002,2.9474460201355885,0.8183727168143974,0.0,0.0,38.755001068115234,44.060001373291016,41.407501220703125,12.799788381220573,0.8930252525034623,0.6717713022133115,1.0160203951439595,1.2148163282912776,0.9814896126938645,0.23332671559741314,42.83604176839193,40.931153957660385,42.74458747437658,41.5297711460853,1.2441942637970742,0.6340471532642794,0.6101471105327948,0.3508637396807089,26.20792397607526,-0.6834993362426758,93.16103344182041,58.89063495781971,34.2703984840007,42.69000053405762,41.407501220703125,42.04875087738037,40.67500114440918,99.98740107708147,31.115254033706965,35.62883250812203,15.748730904476464,81.7236565973557,38.83000087738037,39.03000068664551,88.0,32.0,56.0,42.23681025736984,,0.0,0.0,70.4696194059096,0.7328762154287972,0.8352799854101223,0.9152640599026661,43.891896441226656,70.77878426841686,89.17499217777907,93.32377688357866,-10.825007822220929,3.3440003675572996,10.520295517012276,2.9251698113578195,2.3910900929255563,0.5340797184322632,0.08732325889063736,5.528628979433766,-5.441305720543129,43.31468819425119,-0.4007539678137162,-0.40155913841601887,120.16343922568451,6.371843666324395,-24796495.79551655
2017-11-14,43.2599983215332,43.369998931884766,42.79499816894531,42.834999084472656,40.45376205444336,99130000,-0.657501220703125,0,6866102445.341598,4956422800,0.17736517583567807,16208264.522498539,-0.23491950349255458,0.13718908085904405,62559861.424783096,42.45413432334396,62.19089247793692,1907.6154820307395,41.581875038146975,45.38181447904882,37.78193559724513,18.27690279678731,0.664887370682449,0.0,0.0,43.174583435058594,43.79933395385742,42.54983291625977,2.894066226434126,0.2282240347404292,0.0,0.0,38.755001068115234,44.060001373291016,41.407501220703125,12.75796317580437,0.7690853499813759,0.6743443856150273,1.0617042404228991,1.1320422557759429,1.0116001413102802,0.12044211446566266,43.00874996185303,41.080192419198845,42.7584969528529,41.62645469707696,1.2017387394190233,0.6529201556763288,0.5488185837426945,0.3650704352352224,26.119822719231717,0.09812526702880575,95.6285304260723,67.07682154581887,28.55170888025343,42.69000053405762,41.407501220703125,42.04875087738037,40.67500114440918,99.99370053854074,30.56066297044681,32.98003412869256,20.49345162143651,57.445072825633346,38.92687511444092,39.03000068664551,84.0,28.000000000000004,56.0,42.52852083591723,,0.0,0.0,62.18879867272221,0.3800557926883108,0.6424409689422061,0.8006807337620617,40.96975570890852,62.90532958261201,74.82010552554591,85.50272572812202,-25.179894474454084,3.10542641808005,5.084325747299298,2.71952599377971,2.456777273096387,0.262748720683323,-1.0567797787872484,4.211547227789564,-5.268327006576812,43.3040437424873,-1.5117576963605384,-1.5233012410653668,116.83510148861815,5.814198294493025,26874274.212769702
2017-11-15,42.49250030517578,42.58000183105469,42.095001220703125,42.27000045776367,39.92017364501953,116632400,-0.5649986267089844,0,6833637283.818867,4839790400,0.1794358723358691,4478920.186459757,-0.3097972875548496,0.10889131263254817,61021466.48517261,42.55855244337774,57.07962996360493,1907.6154820307395,41.698375129699706,45.432113518731725,37.964636740667686,17.90831598314564,0.5765486582754612,0.0,0.0,43.21908353169759,43.78408406575521,42.654082997639975,2.61458822301605,-0.3398957317066318,0.0,1.0,38.755001068115234,44.060001373291016,41.407501220703125,12.7223190080548,0.6625823162006337,0.6809097334304777,1.4305304014664244,1.0092188924919725,1.0111238915466187,-0.0019049990546462503,43.05791664123535,41.20692326472356,42.683343645916096,41.674124753424124,1.1252154399183656,0.7245687173181631,0.4006467226002025,0.3688903494228224,26.079899048817,0.5616231918334975,97.9931491408776,74.67595443171915,23.317194709158457,43.07750129699707,41.407501220703125,42.2425012588501,40.67500114440918,49.99685026927037,28.89471938820271,30.398000273375214,26.29487982453969,26.899114150708797,38.963125228881836,39.133750915527344,80.0,24.0,56.0,,44.060001373291016,0.0,1.0,56.089390594773235,0.0,0.3709773360390356,0.6162327634637882,36.480744626562704,55.700306264473795,59.1790183923125,74.39137203187916,-40.8209816076875,2.692058832505168,1.4155473806813408,2.4216918734665227,2.4497601931704143,-0.028068319703891564,-0.7171753983804513,3.2258027025555607,-3.942978100936012,43.282485650902274,-1.3190116465154555,-1.3277878634444296,113.97502124624967,5.6199369946734095,32619060.044193566
2017-11-16,42.79499816894531,42.967498779296875,42.57500076293945,42.775001525878906,40.3971061706543,94550000,0.5050010681152344,1,6835444826.2667,4934340400,0.1907824205955324,10660196.015579136,0.1800585149179495,0.0744513908939523,62151058.40552295,42.77940157424458,55.317892811628134,1930.4058261411271,41.88737525939941,45.432526097887504,38.34222442091132,16.927061275784133,0.6251887870105467,0.0,0.0,43.31391690572103,43.83766721089681,42.79016660054525,2.4183927134357264,-0.014477389813885059,0.0,1.0,38.817501068115234,44.060001373291016,41.438751220703125,12.515704965303067,0.7548879785198175,0.6825685922407503,1.629103168041351,0.9417736772047007,0.9972538486782352,-0.055480171473534456,43.100833574930824,41.34682714022123,42.69744485821806,41.75567118101336,1.1367439447447312,0.7620931226153707,0.3746508221293605,0.3673469970490809,26.009658602558343,-0.16487541198730327,100.87508649542013,81.49552072283896,19.379565772581174,43.07750129699707,41.407501220703125,42.2425012588501,40.67500114440918,24.998425134635184,27.826490658245465,32.25008333923009,24.359044276172444,41.209450358382895,38.945000648498535,39.133750915527344,76.0,20.0,56.0,,44.02070137023926,0.0,0.0,59.87726555585329,0.17032954325029417,0.18346177864620128,0.39896002787581447,33.86225951383543,55.72650788319681,58.94570578578471,64.3149432345477,-41.05429421421529,2.382808674083037,1.2186541050648547,2.255438963301667,2.410895947196665,-0.15545698389499796,-2.011154604691655,2.178411241106118,-4.189565845797773,43.26807237819182,1.1947032473298203,1.1876230042254132,116.53138777355329,6.516291134548467,189623.25996233523
2017-11-17,42.7599983215332,42.84749984741211,42.40999984741211,42.537498474121094,40.172794342041016,87598000,-0.2375030517578125,0,6798903396.335059,4846742400,0.20338491393648653,6165197.680799138,-0.07117025117171502,0.01783271267498809,61664681.04524878,42.90006390986191,47.94291112214027,1919.6874799462778,42.06112518310547,45.36807034689515,38.75418001931578,15.724473129967398,0.5720261854099984,0.0,0.0,43.25808359781901,43.74708391825358,42.76908327738444,2.2608505960685914,-0.23679412219764806,0.0,1.0,38.817501068115234,44.060001373291016,41.438751220703125,12.464003952232634,0.7095845854950557,0.6580617330166753,1.8726663558172658,0.8592534083669889,0.969653760615986,-0.11040035224899702,43.16875012715658,41.48288477384127,42.67283772220315,41.81358431383616,1.0218973056117246,0.8779262178131884,0.1439710877985363,0.36041243312584215,26.00649603552201,-0.033625030517576704,99.96120064904294,87.11052501238495,12.850675636657982,43.07750129699707,41.407501220703125,42.2425012588501,40.67500114440918,12.499212567317592,26.573570600247905,30.72227050821241,24.99174431391046,28.360113310593952,38.973751068115234,39.16875076293945,72.0,16.0,56.0,,43.982187367248535,0.0,0.0,57.37070645656318,0.057616987820476584,0.07598217702358988,0.21014043056960904,30.94363206314583,50.36359168223526,44.43423479864954,54.18631965891558,-55.56576520135046,2.0428231183220333,1.95337918314963,2.0549623345317016,2.3397092246636726,-0.28474689013197096,-3.5449622951572652,1.0337365338534412,-4.5786988290107065,43.24780977875818,-0.5552379737827073,-0.5567851494827636,115.32912328347584,6.114900069870799,4054092.8696297705
2017-11-20,42.5724983215332,42.63999938964844,42.38999938964844,42.494998931884766,40.132667541503906,65049600,-0.042499542236328125,0,6788495222.116309,4781692800,0.2154761781494371,4889515.40887694,-0.04371681676892397,-0.005427314097264592,61599689.48904953,42.95227986519137,41.501645888937,1917.7695054047292,42.23375015258789,45.23906509947617,39.228435205699604,14.231816668092554,0.5434644594516418,0.0,0.0,43.16758346557617,43.59983367919922,42.73533325195312,2.0026611587732077,-0.2780037030565168,0.0,1.0,38.817501068115234,44.060001373291016,41.438751220703125,12.4130589545919,0.7014778540191663,0.6172555597150077,2.0995385873694348,0.7814184375793687,0.9320066960086626,-0.1505882584292939,43.20770835876465,41.60778852609488,42.64547790830802,41.86405947072865,0.9415338149674176,0.9412698137176503,0.00026400124976733164,0.3492746949301955,25.848663407688385,0.8912498474121122,97.32743381362492,91.3884627420682,5.938971071556722,43.07750129699707,41.407501220703125,42.2425012588501,40.67500114440918,6.249606283658796,25.37730522317574,29.85199004429324,24.510418437711273,17.8710546225492,38.973751068115234,39.26250076293945,68.0,12.0,56.0,,43.94444364431763,0.0,0.0,56.91159672176068,0.03697217978584831,0.08830623695220598,0.11591673087399916,28.46731854489105,44.085853957554946,42.88315756499948,48.75436604981123,-57.11684243500052,1.7339114020852477,1.1123639940504246,1.8665615505484758,2.2450796898406336,-0.3785181392921577,-6.499869343883785,-0.472984641694004,-6.026884702189781,43.191405030467735,-0.09991076993439707,-0.09996071401325857,115.11398629851035,6.204252525524964,-12860158.611655802
2017-11-21,42.69499969482422,43.42499923706055,42.69499969482422,43.28499984741211,40.87875747680664,100525200,0.7900009155273438,1,6850462955.076882,4882218000,0.22466762247000066,15536013.212404424,0.39577121578802527,0.03031261619035172,63468497.63188214,43.05552969142808,48.62994112113605,1917.7695054047292,42.434250068664554,45.14373407148985,39.724766065839255,12.770269291626338,0.6569947964004292,0.0,0.0,43.11725006103516,43.58125038146973,42.653249740600586,2.1522723261699217,0.6807647311750143,0.0,0.0,38.817501068115234,44.060001373291016,41.438751220703125,12.354407811361536,0.8521694838789484,0.648530034261085,2.124502481745924,0.7745515854934695,0.9005156739056239,-0.12596408841215445,43.221041679382324,41.73528847327599,42.74386589893941,41.96931431344594,0.987630493615024,0.8539932153987799,0.13363727821624405,0.3389295667925041,25.810224693350534,1.1282499313354464,95.44340072942515,94.29407185916337,1.1493288702617832,43.060001373291016,41.407501220703125,42.23375129699707,40.67500114440918,3.124803141829398,25.231408844169014,35.41227243994475,22.01237185700031,47.89382272859085,39.098751068115234,39.26250076293945,64.0,8.0,56.0,,43.90745479584534,0.0,0.0,62.861131381040465,0.30450517162937246,0.13303144641189876,0.09910662012923166,28.05081473218523,53.29915777189575,71.71529010476489,53.010894156137965,-28.28470989523511,1.5891175101785109,0.37101413892663043,1.8455187990653499,2.165167511685577,-0.319648712620227,-6.051576678262567,-1.5887030490077165,-4.46287362925485,43.19303707707946,1.8590444414262386,1.841975432703702,119.1130509035232,7.059406001902005,36392986.76596769
2017-11-22,43.34000015258789,43.75,43.26250076293945,43.7400016784668,41.30845642089844,102355600,0.4550018310546875,1,6948620049.226106,4984573600,0.2640240682852988,19969723.527589675,0.21254037967356026,0.05317760991588131,64544435.84564848,43.22469639683718,57.214942170599436,1917.7695054047292,42.66612510681152,44.95678579703119,40.37546441659185,10.737608275816779,0.734403239257643,0.0,0.0,43.08558336893717,43.55058352152506,42.62058321634928,2.158495330589561,1.2036753707364987,1.0,0.0,39.19499969482422,44.060001373291016,41.62750053405762,11.402492413566081,0.9342241347540364,0.6324269545410311,2.128278288757949,0.7966412168437103,0.8797407824932413,-0.08309956564953103,43.235833485921226,41.8746154491718,42.89711755732824,42.100476340484526,1.0595763986622222,0.7725501507400215,0.28702624792220066,0.3310471756189458,25.82864110903857,1.036374282836917,94.0788921991294,95.80425972931413,-1.7253675301847267,42.970001220703125,41.407501220703125,42.188751220703125,40.67500114440918,1.562401570914699,25.438801977323656,37.11265118985834,20.8148104291864,73.45671799498349,39.25250053405762,39.26250076293945,60.0,4.0,56.0,,43.871205724342495,0.0,0.0,65.79090718880411,0.4362485317691838,0.2592419610614678,0.1601932148085243,28.61799111739,56.755345733941546,83.71502951779513,66.10449239585316,-16.284970482204876,1.6811025843900822,0.4074643982021163,1.8922380127030693,2.1105816118890757,-0.21834359918600632,-5.487978929068784,-2.36855822501993,-3.1194207040488537,43.20026539041309,1.0511766955265234,1.0456902479801133,121.41631623147822,7.114471732585045,22182697.489946976
2017-11-24,43.775001525878906,43.875,43.662498474121094,43.74250030517578,41.31081771850586,56106800,0.002498626708984375,1,6934759032.789815,5040680400,0.25381410573748486,17136933.01636767,0.09942004775627193,0.026059594194241538,64547640.919806145,43.259080594470085,51.47422877761047,1917.8790570719445,42.88562507629395,44.64349341852678,41.127756734061116,8.19793736994887,0.7437256557545817,0.0,0.0,43.085583241780604,43.49783337910971,42.6733331044515,1.913633778685113,1.2967457180866313,1.0,0.0,39.67499923706055,44.060001373291016,41.86750030517578,10.224876350594183,0.9275938623856244,0.5904344116748186,2.136974469557024,0.8050686963360008,0.8648063652617932,-0.059737668925792464,43.2391668955485,42.02086551372822,43.027176441612475,42.222107745276475,1.0297182506915539,0.8321359357317165,0.19758231495983736,0.32447208967708774,25.703519790966677,1.1743762969970675,91.32558180107888,96.19936763294352,-4.873785831864637,42.98500061035156,41.407501220703125,42.196250915527344,40.67500114440918,15.459421033649521,25.761140399924756,37.65330655768904,20.29645931423218,83.67714826717969,39.09749984741211,39.26250076293945,56.00000000000001,0.0,56.00000000000001,42.095001220703125,,1.0,0.0,65.80685928021796,0.43696585017919637,0.3925731845259171,0.261615530666428,29.072640693754487,60.31100802537816,83.84218608344189,79.75750190200063,-16.157813916558116,1.7331760406494112,0.09153004081230773,1.9067468189720265,2.069814653305666,-0.16306783433363958,-8.732872454419734,-3.6414210708998906,-5.091451383519844,43.20582062806375,0.005712452247608191,0.005712289093295908,121.42896453281136,6.792630509815439,-27531644.761936545
2017-11-27,43.76250076293945,43.77000045776367,43.334999084472656,43.522499084472656,41.10304641723633,82867200,-0.220001220703125,0,6923328848.643121,4957813200,0.19906081392541858,12084387.563136576,-0.11351754935412954,0.011022154546720068,64130863.528732024,43.26053778774319,42.83261283576338,1917.8790570719445,43.02362499237061,44.5046771628707,41.542572821870515,6.884832092891884,0.6684188113149314,0.0,0.0,43.07049980163574,43.49850006103516,42.64249954223633,1.9874404122106801,1.0280362253415143,1.0,0.0,40.93000030517578,44.060001373291016,42.4950008392334,7.275075191061372,0.8282740877331322,0.5748911078364383,2.1617035898250685,0.7849468954680461,0.8488344713030438,-0.06388757583499771,43.19437503814697,42.1950001349816,43.103379925129424,42.31843302966138,0.965622890377525,0.8628398541157538,0.10278303626177121,0.3173385125783317,25.585846203501028,0.9463762283325181,86.34525296507513,95.44205869108293,-9.096805726007801,42.98500061035156,41.438751220703125,42.211875915527344,40.67500114440918,37.10960751487992,25.442486978914882,35.69375337761717,23.158275613092673,59.41271022567826,39.12625026702881,39.26250076293945,52.0,12.0,40.0,42.130601196289064,,0.0,0.0,63.02032059640881,0.3116634402160238,0.3949592740548009,0.3489248065473954,28.649738732648927,62.61626634181518,72.64619607736554,80.06780389286752,-27.35380392263445,1.7848378013162076,-1.2199325285182379,1.854858129831673,2.0268233486108675,-0.17196521877919446,-9.076773703347895,-4.728491597389492,-4.348282105958403,43.20829741510717,-0.5029461488672449,-0.5042151798269501,120.31529608321696,6.48347926575795,23428427.469856575
2017-11-28,43.57500076293945,43.717498779296875,42.96500015258789,43.26750183105469,40.86222839355469,105715200,-0.25499725341796875,0,6902607891.301907,4852098000,0.16564105832080978,6507034.247755459,-0.15037153080789634,-0.007806907722736073,63511480.7678246,43.2366842561375,34.98551847396186,1917.8790570719445,43.10300006866455,44.45175640072671,41.75424373660239,6.258294457061197,0.5609827581452855,0.0,0.0,43.05324986775716,43.52899983723958,42.57749989827474,2.2100536937106523,0.7251728607892682,0.0,0.0,41.31999969482422,44.060001373291016,42.69000053405762,6.356869995364316,0.7107667676029376,0.5926518597236929,2.214509499787502,0.7398950267607418,0.8270465823945834,-0.08715155563384158,43.135833422342934,42.35673097463754,43.12862944911792,42.38873442235718,0.8568134850559138,0.8844010639555977,-0.027587578899683884,0.3082913364621979,25.54531536202498,0.5644994735717788,79.94447683703375,93.69938607007866,-13.754909233044913,42.98500061035156,41.438751220703125,42.211875915527344,40.67500114440918,38.90955544127551,24.497371491319523,32.53904973765677,25.45720266357933,29.589882340300036,39.12625026702881,39.26250076293945,48.0,8.0,40.0,42.16548917236328,,0.0,0.0,59.85657972507838,0.16939936257013824,0.30600955098845245,0.3645140031897236,27.384350480552,57.9733063882773,59.66923762358939,72.05253992813226,-40.33076237641061,1.82644814883961,-1.5976788040607741,1.7454992154011972,1.9705585219689337,-0.22505930656773643,-7.323388192282124,-5.247470916368019,-2.0759172759141054,43.20889943071006,-0.5858975444471781,-0.5876206578593557,119.02447417342384,6.3042270197233705,36385074.89783004
2017-11-29,43.157501220703125,43.22999954223633,41.790000915527344,42.369998931884766,40.014610290527344,166665600,-0.8975028991699219,0,6870200360.166795,4685432400,0.11404049808340215,-15791521.957908824,-0.7182032523928624,-0.0666175918877552,60054316.548453525,43.094610224265224,26.029971643658882,1917.8790570719445,43.10850009918213,44.44429588675813,41.772704311606134,6.197366108784378,0.22357257966897515,0.0,0.0,42.99958330790202,43.5618330637614,42.437333552042645,2.6151404855872262,-0.05987963485636486,0.0,1.0,41.31999969482422,44.060001373291016,42.69000053405762,6.3560589493086574,0.38321116563990115,0.6811367653040581,2.4186472045706733,0.6245704536031624,0.7865513566362993,-0.16198090303313684,43.02770837148031,42.48471172039326,43.01191706185128,42.387346608248116,0.711465038118169,0.9788100009035681,-0.2673449627853991,0.2935104674666219,25.84666020244789,0.3840002059936509,73.04694435128101,90.92758553790127,-17.880641186620252,42.83250045776367,41.438751220703125,42.1356258392334,40.67500114440918,19.454777720637754,23.510324641001688,27.415516967513444,33.97078563134033,-77.79857430199533,39.11999988555908,39.26250076293945,44.0,4.0,40.0,,43.875,0.0,1.0,50.287588661493935,0.0,0.16035426759538696,0.28710769754621357,23.1724016985726,54.57386279802535,25.95068715736006,52.75537361943832,-74.04931284263994,1.6158968083998744,-2.971318770145258,1.473483252857417,1.8711434681466304,-0.39766021528921325,-1.060939166611958,-4.410164566416807,3.3492253998048485,43.19360026798761,-2.07431180721821,-2.096127870718334,114.48122364494692,5.541233883913165,83873502.06942445
2017-11-30,42.60749816894531,43.03499984741211,42.11000061035156,42.962501525878906,40.57417297363281,166108800,0.5925025939941406,1,7010271064.762169,4851541200,0.19846052626323538,524394.7339715641,0.03480396722887901,-0.05668013809013186,62377184.08129147,42.992895301482505,36.88732824838539,1944.698701748098,43.17050018310547,44.34907479745102,41.99192556875992,5.460092467526139,0.41175838394327685,0.0,0.0,43.03833325703938,43.64458287556967,42.43208363850912,2.817254166928574,0.4374583267002081,0.0,0.0,41.31999969482422,44.060001373291016,42.69000053405762,6.346930581867757,0.599452855800355,0.705523012479707,2.4645471152742155,0.5743639954809083,0.7441138844052211,-0.16974988892431275,42.9835418065389,42.62653864347018,43.00431467170168,42.42995067622077,0.7908692807299142,1.0014266204680202,-0.21055733973810598,0.2777850968984962,26.079695609845334,-0.3355010986328111,68.31519843818799,87.3098201982088,-18.994621760020806,42.83250045776367,41.438751220703125,42.1356258392334,40.67500114440918,9.727388860318877,22.593781137135128,24.78439339403447,30.710539436087675,-58.639648824880354,39.11999988555908,39.26250076293945,40.0,0.0,40.0,,43.833300018310545,0.0,0.0,55.361080907897396,0.22468925509973833,0.13136287255662513,0.19924223038015496,21.14782265066653,59.30970948878195,56.23506595678504,47.28499691257815,-43.76493404321496,1.32811732572668,-1.2185980929539777,1.353675850023559,1.7676499445220162,-0.4139740944984571,3.4159100077885363,-2.8449496515757384,6.260859659364275,43.18701324126824,1.3984012483612807,1.38871382632475,117.4805317538984,6.644169467083344,46974969.13766457
2017-12-01,42.48749923706055,42.91749954223633,42.125,42.76250076293945,40.38529586791992,159037200,-0.20000076293945312,0,7107098583.749023,4692504000,0.1863710931359491,-4094456.1331321443,-0.025538656564069433,-0.05951430760888205,61636827.719206855,42.902659215612,35.495256288324754,1935.6456622317025,43.20725021362305,44.282256610825456,42.13224381642064,4.976046343553071,0.29314102137391496,0.0,0.0,43.021249898274746,43.66749966939291,42.37500012715658,3.0043281989539787,0.2998071744864248,0.0,0.0,41.790000915527344,44.060001373291016,42.92500114440918,5.253748957733837,0.4284139433038633,0.718720863819627,2.5250406518099937,0.51252851591439,0.6977968107070549,-0.18526829479266493,42.97750027974447,42.767307868370644,42.9671125318921,42.45458401597771,0.780373858909115,1.0032616224331936,-0.22288776352407857,0.2606301795421473,26.337735232951523,-0.9372497558593764,62.10695695075452,83.10379312062119,-20.99683616986667,42.83250045776367,41.62750053405762,42.230000495910645,40.67500114440918,4.8636944301594385,21.742705026401893,22.66358099343241,28.082623883354792,-85.30865821496442,39.11999988555908,39.26250076293945,36.0,0.0,36.0,,43.79243403625488,0.0,0.0,53.380683357801274,0.15325983472516483,0.125983029941634,0.13923339003121546,18.89140182885288,59.44012721906046,46.64269901385001,42.94281737599837,-53.35730098614999,0.9812645070693051,-0.16925019979627637,1.2072395191094105,1.6555678594394951,-0.4483283403300846,6.146168700368346,-1.0467259811869214,7.192894681555267,43.185132852848874,-0.46552401707563584,-0.4666109547438513,116.46810764612022,6.235358970966004,31270063.516146243
2017-12-04,43.119998931884766,43.154998779296875,42.407501220703125,42.45000076293945,40.09016799926758,130169600,-0.3125,0,6991730766.97757,4562334400,0.1554565660495564,-9320676.685541838,0.14930485791074766,-0.042523990345111944,60685573.71688587,42.856971370485574,42.546944904467246,1921.5003419474492,43.17350025177002,44.29796227465461,42.049038228885436,5.209038027156417,0.17829082970068938,0.0,0.0,43.02849998474121,43.70574951171875,42.35125045776367,3.147911394623132,0.0729054072702652,0.0,0.0,41.790000915527344,44.060001373291016,42.92500114440918,5.257855963787895,0.29074877282726147,0.7215985332970393,2.6231581674998954,0.4333123593774957,0.6448999204411431,-0.2115875610636474,42.99250030517578,42.88644247788649,42.88755687513015,42.454244515752656,0.8465324585118181,0.9600101593198486,-0.11347770080803044,0.24129856094368082,26.247527059479744,-0.3984987258911161,56.41259868270109,78.55770032829633,-22.145101645595247,42.83250045776367,41.86750030517578,42.35000038146973,40.67500114440918,2.4318472150797192,20.565242901183687,23.355851716671573,25.948384454266133,-67.51208435534414,39.11999988555908,39.26250076293945,32.0,0.0,32.0,,43.75238537384033,0.0,0.0,50.34993560679994,0.004017388886226536,0.12732215957037618,0.12822268735621187,16.076447228279203,51.835419414760466,31.65468284025834,44.844149270297784,-68.34531715974167,0.7365733539356967,0.4258346421255381,1.02065733195821,1.5285857539432381,-0.5079284219850282,6.225227702807515,0.4076647556119659,5.817562947195549,43.18060270912297,-0.7307804605076629,-0.7334637415025824,114.88620101221167,6.012550665075416,1844175.8600372225
2017-12-05,42.26499938964844,42.880001068115234,42.099998474121094,42.40999984741211,40.052391052246094,109400800,-0.04000091552734375,0,6969289673.266419,4452933600,0.11101861648056646,-8614313.181810696,-0.2076547283285124,-0.04057650640482321,60582484.62193245,42.81986785201959,42.30031769127496,1919.6896995096968,43.115875244140625,44.27235900432012,41.95939148396113,5.364538020536471,0.19481828408080853,0.0,0.0,43.024000040690105,43.754249827067056,42.29375025431315,3.3946159617251546,0.07959577343782262,0.0,0.0,41.790000915527344,44.060001373291016,42.92500114440918,5.264883166374226,0.2731272276903273,0.7274389393667494,2.644170024083615,0.363119430260916,0.5885438224050976,-0.22542439214418164,42.96208349863688,42.94980782728929,42.81408656317353,42.450967132912616,0.885941326729048,0.9750253200063801,-0.08908399327733207,0.22070646192859328,26.032199307540868,-0.5783767700195312,51.1070562544682,73.63143983107888,-22.52438357661068,42.83250045776367,42.4950008392334,42.663750648498535,40.67500114440918,1.2159236075398596,19.904468924614147,21.51812537281353,27.008641378191133,-86.71981415552546,39.4612512588501,39.26250076293945,28.000000000000004,0.0,28.000000000000004,,43.713137684674074,0.0,0.0,49.95892964372875,0.0,0.052425741203796734,0.10191031023860242,13.69266379489801,51.93026898742103,29.73617285983497,36.01118490464776,-70.26382714016503,0.49345574098475,-0.8533060559821852,0.8553855301435199,1.3939457091832945,-0.5385601790397746,4.852133293289931,1.296558463147559,3.555574830142372,43.17590108928055,-0.09423065914822004,-0.0942750841440354,114.68371232857932,6.164099215448999,-5143277.153901339
2017-12-06,41.875,42.54999923706055,41.6150016784668,42.252498626708984,39.90364456176758,114240000,-0.157501220703125,0,7010831152.475245,4338693600,0.10830989608561788,-9954116.934855597,-0.333517912390651,-0.04227083675023761,60158222.90257706,42.80761153191475,42.378144774766476,1919.6896995096968,43.043375205993655,44.22519072650465,41.86155968548266,5.491277181936376,0.16539761681979318,0.0,0.0,42.92441673278809,43.675166320800784,42.17366714477539,3.498007172403722,0.052501848280906316,0.0,0.0,41.6150016784668,44.060001373291016,42.837501525878906,5.680315921144957,0.2607349807002818,0.7481948012894495,2.577106773596142,0.29142265701935344,0.5291195893279488,-0.23769693230859534,42.93833351135254,42.971826993502106,42.727688419102066,42.43626576208271,0.8922256421632514,0.954820576337089,-0.06259493417383766,0.19900976954225422,25.916615421588354,-0.5483762741088896,45.25983396900548,68.20710002773178,-22.947266058726306,42.7450008392334,42.69000053405762,42.71750068664551,40.67500114440918,0.6079618037699298,19.911320671638602,19.533973799063663,29.30120083516276,-117.69286068918228,40.02000141143799,39.653751373291016,24.0,8.0,16.0,,43.67467494929114,0.0,0.0,48.366260209646335,0.0,0.00133912962874179,0.06036234346763835,11.247075142884004,54.804613990130306,28.207850517769582,29.866235405954285,-71.79214948223041,0.3478455263025637,-0.6699967267362871,0.6867302100830532,1.2525026093632463,-0.5657723992801931,4.03884998700997,1.845016767920041,2.1938332190899286,43.112035073180685,-0.3713775554581522,-0.37206887403375966,113.88642520576661,6.083743863663841,13301259.862719938
2017-12-07,42.25749969482422,42.61000061035156,42.227500915527344,42.33000183105469,39.976844787597656,102693200,0.07750320434570312,1,6963176673.608187,4441386800,0.040328281021821746,-7395092.792088489,0.12524260526917727,-0.04618625886800704,60346591.693138555,42.782005638616674,42.64685175817952,1923.2109611604196,42.956875228881835,44.0801888547081,41.83356160305557,5.229959673933681,0.22097133720511725,0.0,0.0,42.80491676330566,43.545166397094725,42.0646671295166,3.45871310944185,0.1792197452229309,0.0,0.0,41.6150016784668,44.025001525878906,42.82000160217285,5.610277364382776,0.2966805800239645,0.7116252906429265,2.6035977501516823,0.2381115073104425,0.47091797292444754,-0.23280646561400503,42.924583752950035,42.97451943617601,42.66650586709478,42.428394359784335,0.9343060612316579,1.0192902753861337,-0.08498421415447577,0.17749680452028724,25.633250199025074,0.32812461853027486,38.82609277107547,62.37382346884252,-23.547730697767044,42.692501068115234,42.69000053405762,42.691250801086426,40.99125099182129,0.3039809018849649,19.807275832648493,19.383783690813104,28.157354815587745,-77.66107182944526,40.375624656677246,39.85124969482422,20.0,4.0,16.0,,43.59228801845816,0.0,0.0,49.22406966209335,0.049184632303969314,0.01639487743465605,0.023386582755731633,9.440455675494968,53.65592377565947,31.63719838972394,29.860407255776153,-68.36280161027607,0.2169118095846727,-0.3882741616126452,0.5612079148961056,1.1142436704698182,-0.5530357555737127,2.57404130435433,1.9908216752068992,0.5832196291474308,43.0034101325301,0.18342868910647958,0.1832606641258394,114.27875427169826,6.286977182892663,2322233.751943141
2017-12-08,42.622501373291016,42.75,42.20500183105469,42.342498779296875,39.98863983154297,93420800,0.0124969482421875,1,6916893921.529345,4534807600,-0.028370366294736514,-6171868.835741027,0.03427365809932917,-0.03865455106293246,60374172.01092365,42.771350613927474,48.46031949823213,1923.778744453611,42.87550010681152,43.926952763519985,41.82404745010306,4.904678215246854,0.2465405008423348,0.0,0.0,42.67216682434082,43.44566612243652,41.89866752624512,3.625310621229035,0.28689829075762296,0.0,0.0,41.6150016784668,43.875,42.7450008392334,5.271071628093179,0.3219016111200196,0.694962578473165,2.5802131874463505,0.19462689862550775,0.4156597580646596,-0.22103285943915185,42.846041997273765,42.998365548940804,42.61665862281818,42.42203172419267,0.9497289882819245,0.9922655745688378,-0.04253658628691326,0.1567537762866257,25.371464842364265,0.8645015716552749,32.412447940655596,56.381289577240345,-23.96884163658475,42.666250228881836,42.69000053405762,42.67812538146973,41.03000068664551,0.15199045094248245,19.445396064124818,19.740070756632672,26.566034829536882,-66.27936928957511,40.44687557220459,39.88750076293945,16.0,0.0,16.0,,43.51319656485851,0.0,0.0,49.370130252468726,0.05755937848008161,0.035581336928016585,0.017771781330471585,7.972991428716025,53.71495077459566,32.19016111200196,30.678403339831817,-67.80983888799804,0.1121693891637463,-2.1774311457496376,0.45878731101536296,0.9831523985789272,-0.5243650875635643,0.7339256670786147,1.7394424735812424,-1.0055168065026276,42.91322358106709,0.02952267352140936,0.029518316437693315,114.34201508874762,6.302371321544456,-128533.95341441035
2017-12-11,42.29999923706055,43.22249984741211,42.1974983215332,43.16749954223633,40.76778030395508,141095200,0.8250007629394531,1,7042847136.150965,4675902800,0.043435930930247474,11338919.233235508,0.16890083995273905,-0.023467575582813673,63123269.27733272,42.78973250160968,54.848907581144424,1923.778744453611,42.85050010681152,43.8478229242655,41.853177289357546,4.654894645187315,0.6589251894557366,0.0,0.0,42.60416679382324,43.436666107177736,41.77166748046875,3.9080652246211227,0.8383382660960875,0.0,0.0,41.6150016784668,43.875,42.7450008392334,5.274146896535178,0.6869464676045878,0.7279664732137391,2.4248178604362174,0.22415181708547038,0.37735816986882176,-0.15320635278335137,42.798333485921226,43.0422116793119,42.701403379651744,42.47725156256627,0.954642529440284,0.9279059542789995,0.02673657516128458,0.14094348803570508,25.24706871376493,0.8920001983642578,29.12460547348312,50.73463720351249,-21.610031730029373,42.42250061035156,42.837501525878906,42.630001068115234,41.03000068664551,0.07599522547124123,18.27098079152214,22.447239521009582,23.837437874665405,4.203433140365923,40.44687557220459,39.88750076293945,12.0,88.0,-76.0,,43.43726876940284,0.0,0.0,57.9663470321014,0.5504447859622988,0.21906293224878284,0.09034638220381859,9.059077501690211,55.79649806715683,68.69464676045878,44.17400208739489,-31.305353239541223,-0.006823405097506452,-1.3088754326964545,0.5276984946997079,0.8920616178030834,-0.3643631231033755,2.5825472191015186,1.9080634226852977,0.6744837964162209,42.91738620289621,1.9483988586493917,1.9296605746214723,118.5182524643429,7.137840684620322,54476575.19803944
2017-12-12,43.037498474121094,43.09749984741211,42.8650016784668,42.92499923706055,40.538753509521484,77636800,-0.24250030517578125,0,7005279627.691295,4598266000,0.02479941470383455,7029509.672363138,0.08123147600992432,-0.04593469985267803,62687132.18594409,42.77648538596476,54.19184697745391,1912.971610902495,42.82212505340576,43.77612159466409,41.868128512147436,4.455624470147368,0.5539174825094711,0.0,0.0,42.56875012715658,43.349249394734706,41.788250859578454,3.6670057976647477,0.7282187342785094,0.0,0.0,41.6150016784668,43.875,42.7450008392334,5.277641683392962,0.5796453679244487,0.6854196122693182,2.4306844837653627,0.22538468535676515,0.34696347296641045,-0.1215787876096453,42.73020839691162,43.034519342275765,42.73580274233002,42.51041805697326,1.0017773510378731,1.017775060281532,-0.015997709243658953,0.1277045680776801,25.024006402006542,0.7003740310668931,26.277878358271234,45.538074315400294,-19.26019595712906,42.41875076293945,42.837501525878906,42.62812614440918,41.03000068664551,0.03799761273562061,17.180452324105364,21.737649154414175,23.083901286598632,27.480561905506924,40.9868745803833,40.427499771118164,8.0,84.0,-76.0,,43.3643780857654,0.0,0.0,55.00981004273882,0.3809244055327475,0.32964285665837556,0.19476237527839177,9.128811584657104,51.388292448348075,57.96453679244487,52.949781554968524,-42.03546320755513,-0.01971295300651832,-1.8688942388108174,0.5301869415979404,0.8196866825620548,-0.28949974096411435,-0.40715985805150157,1.445018766537938,-1.8521786245894396,42.91750695627655,-0.5617659298021493,-0.5633497690328948,117.29069137159915,6.452737501065698,-32959707.198586807
2017-12-13,43.125,43.3849983215332,43.0,43.067501068115234,40.67333221435547,95273600,0.1425018310546875,1,6943414327.953866,4693539600,0.03567458748992918,7964817.212192957,0.08536496845929041,-0.05501865779655445,63003420.192757845,42.74711496384013,53.957530364552554,1912.971610902495,42.83375015258789,43.79373846428373,41.87376184089205,4.48239207763058,0.6217467508090904,0.0,0.0,42.63750012715657,43.312499364217125,41.96250089009603,3.1662233247611438,0.8185195755414504,0.0,0.0,41.6150016784668,43.875,42.7450008392334,5.276209329050916,0.6426993222999603,0.6628775594896521,2.4577706642103547,0.23514978878328918,0.32460073612978624,-0.08945094734649706,42.6922918955485,43.01548092181866,42.786833253989286,42.551683465206,0.9500885530685057,1.014005295310301,-0.06391674224179522,0.11716153939220506,24.86995726073732,0.4337516784667983,24.70575817546397,40.69258095287541,-15.98682277741144,42.5,42.837501525878906,42.66875076293945,41.087501525878906,0.018998806367810307,16.234082846607553,23.74397300248842,21.947705354462116,58.82567453730917,41.106876373291016,40.51875114440918,4.0,80.0,-76.0,41.6150016784668,,1.0,0.0,56.41657511861955,0.4615847699037415,0.4643179871329289,0.33767459201336253,9.586383395481306,53.248521828148064,64.26993222999603,63.64303859429989,-35.73006777000397,0.08199272155761861,-1.0454317328476885,0.5526215877582572,0.7662736636012953,-0.21365207584303814,-1.5562585599082168,0.844763301248707,-2.4010218611569236,42.9251612351968,0.33197864551539613,0.3314288129584231,118.01205006564564,6.628808301870464,15434196.120177597
2017-12-14,43.099998474121094,43.282501220703125,42.912498474121094,43.05500030517578,40.661537170410156,81906000,-0.012500762939453125,0,6924598427.052779,4611633600,0.042656394136521496,6680716.540548414,-0.04291505733959557,-0.06518545101768784,62979646.17606486,42.729103112167735,49.59055620849056,1912.4163522033666,42.873000144958496,43.80124736058017,41.94475292933682,4.330218144208078,0.5980343151880043,0.0,0.0,42.675583394368495,43.29508298238118,42.056083806355794,2.9032975708280233,0.8062285416721852,0.0,0.0,41.6150016784668,43.875,42.7450008392334,5.271378988855203,0.6371680071567825,0.63359007819889,2.466973863182897,0.23912352930994274,0.30750529476581756,-0.06838176545587482,42.674583435058594,42.9905771108774,42.82808972340259,42.58896619409265,0.9020045233329483,1.0365908877098275,-0.1345863643768792,0.10858467293125709,24.74225037863774,-0.5030012130737305,22.129661764818227,36.25065926554915,-14.120997500730926,42.5,42.837501525878906,42.66875076293945,41.087501525878906,0.009499403183905153,15.195027630519931,22.773021921139076,22.017270911154547,40.95571937631632,41.233750343322754,40.55125045776367,0.0,76.0,-76.0,41.65040161132813,,0.0,0.0,56.250413685228544,0.5380183558342807,0.46017584375692283,0.4180455625160759,9.919147728933506,53.684302937170564,66.82131983289669,63.01859628511253,-33.17868016710331,0.10682342753690932,-0.49113426217361605,0.5614682643860714,0.7253125837582506,-0.16384431937217914,-3.464516964138495,-0.017092751828733377,-3.4474242123097616,42.92626151499307,-0.02902597696504694,-0.029030190317103077,117.94876993821255,6.525341375972673,-1379562.3438361734
2017-12-15,43.407501220703125,43.54249954223633,43.1150016784668,43.49250030517578,41.074710845947266,160677200,0.4375,1,7047690702.804568,4772310800,0.09653936014054824,15768653.463327212,0.06152659316423892,-0.05268229798066153,64612354.9091211,42.75123644070882,56.870253605760105,1912.4163522033666,42.90887508392334,43.87392958609408,41.943820581752604,4.498158016416114,0.8023794096290248,0.0,0.0,42.75375010172526,43.33674952189128,42.17075068155925,2.7272434290740213,1.133577133953368,1.0,0.0,41.6150016784668,43.875,42.7450008392334,5.266971732801162,0.8307522217252234,0.6189809940850557,2.4453338248393575,0.2744120892176056,0.3008866536561752,-0.026474564438569548,42.768125216166176,42.968750146719124,42.93030673598308,42.655894646765475,0.9493888112824539,0.9940159351879749,-0.04462712390552104,0.10349544152872187,24.585754771289523,0.053626441955564985,20.40359907033276,32.24965930861933,-11.846060238286569,42.57875061035156,42.82000160217285,42.69937610626221,41.087501525878906,12.80564568845826,14.684004685105505,24.448955240071417,20.809829260557706,84.09307560722198,41.477500915527344,40.67500114440918,0.0,72.0,-72.0,41.68509354553223,,0.0,0.0,60.621676838355604,1.0,0.666534375246007,0.5303427353786198,11.461259532497172,55.01455083939451,89.29851203921932,73.46325470070401,-10.701487960780685,0.18762483035816757,2.649283459023875,0.6433157515274711,0.7089132173120948,-0.06559746578462367,0.8560755670271912,0.15754091194245157,0.6985346550847397,42.964249910298356,1.016142136567133,1.0110141217139823,120.16343922568451,6.940407830659346,85516184.62044828
2017-12-18,43.720001220703125,44.29999923706055,43.71500015258789,44.10499954223633,41.65317153930664,117684400,0.6124992370605469,1,7086918836.137901,4889995200,0.12923437039081576,23813360.856270216,0.3374003631774114,-0.017841448410282394,66269689.04048053,42.804786694407305,63.45886187696139,1939.348663485716,42.9872501373291,44.06674919840689,41.90775107625131,5.022415053901664,1.0177167100966487,1.0,0.0,42.89066670735677,43.45741628011068,42.323917134602866,2.6427641081955726,1.5713134100648396,1.0,0.0,41.6150016784668,44.29999923706055,42.95750045776367,6.24603237010074,0.9273743492987202,0.6378327878650267,2.3976170671141332,0.3477929560422055,0.3102679141333813,0.03752504190882422,42.86333338419596,42.97394238985502,43.11102870617589,42.76323575013368,1.0238030378356047,0.9258611022199219,0.09794193561568276,0.10357135776419249,24.57009378171657,-0.2247493743896456,20.915747741271908,28.89506947381975,-7.979321732547842,42.95750045776367,42.95750045776367,42.95750045776367,41.40625,56.40282284422913,15.316820338629187,30.629485148741892,18.955485379173968,165.10660239223347,41.890625953674316,40.67500114440918,100.0,68.0,32.0,41.759389785400394,,0.0,0.0,65.7770759550695,1.0,0.8460061186114265,0.6575721125381189,14.457422240793827,59.785914884561706,92.73743492987202,82.95242226732934,-7.262565070127981,0.3726029339958643,2.659291185987451,0.813298970345382,0.7297903679187522,0.08350860242662983,1.0867706226961116,0.3433868540931836,0.743383768602928,43.19916537139076,1.408287021354937,1.3984627878464995,123.2639723660685,7.294212762991094,1406005.3822758049
2017-12-19,43.75749969482422,43.84749984741211,43.522499084472656,43.6349983215332,41.20930099487305,109745600,-0.470001220703125,0,7053150265.60138,4780249600,0.11641761154634306,13042799.88154635,-0.09550525983250803,0.026636979629742912,65100194.27793322,42.89620969128139,65.49611984678592,1918.6821574508529,43.044250106811525,44.134101256721216,41.954398956901834,5.063864033896728,0.7710224303431847,0.0,0.0,43.011166636149085,43.53241602579753,42.48991724650065,2.4237863346415285,1.0984003989000926,1.0,0.0,41.6150016784668,44.29999923706055,42.95750045776367,6.237761261797109,0.75232718055966,0.6322995548548913,2.2099500763486604,0.36382866080833054,0.32098006346837116,0.04284859733995938,42.936041514078774,42.9726923429049,43.19163941623086,42.82781075542253,1.1091151268846688,0.8908840427046972,0.2182310841799716,0.10471917689872329,24.58041727533598,-0.5942493438720717,21.335138985774314,26.236770031238507,-4.9016310454641925,43.248748779296875,42.95750045776367,43.10312461853027,41.46999931335449,78.20141142211456,15.515254722347683,28.64644507040477,19.867833963559885,96.65789177456801,42.02000045776367,40.67500114440918,96.0,64.0,32.0,41.9118263525,,0.0,0.0,59.35546617322969,0.6311712285205316,0.87705707617351,0.7965325233436479,15.098270685250508,58.86952475718339,75.23271805596599,85.7562216750191,-24.767281944034007,0.4659629709580386,2.0403333365150353,0.8495149632701346,0.7537352869890287,0.09577967628110595,0.6979290390967684,0.4142952910939005,0.2836337480028679,43.24137810201458,-1.0656415952414622,-1.0713602182570447,120.88477860934725,6.419826122688008,8453141.630596519
2017-12-20,43.717498779296875,43.85499954223633,43.3125,43.587501525878906,41.164432525634766,93902400,-0.047496795654296875,0,7054449064.029091,4686347200,0.08999246877278347,10542390.883575724,-0.058494685006673514,0.019972790184346303,64997981.30037371,42.95724499335405,57.97349167499057,1916.593667526172,43.05937519073486,44.170362494734604,41.94838788673512,5.160257430947557,0.7376833350132356,0.0,0.0,43.15575002034505,43.637749608357744,42.673750432332355,2.2337676336778483,0.9478753885599644,0.0,0.0,41.6150016784668,44.29999923706055,42.95750045776367,6.235570178852674,0.7346374826669091,0.623319553593035,2.1806185027725933,0.3684571334269222,0.33047547746008143,0.03798165596684078,43.03083324432373,42.976346236008865,43.252541279253634,42.88408414582671,1.0536622624694727,0.8631456773029105,0.19051658516656222,0.1061042423693128,24.59209392318056,-0.6493753433227525,22.37389466766945,24.40874801974895,-2.034853352079498,43.248748779296875,42.95750045776367,43.10312461853027,41.52750015258789,89.10070571105729,15.283994072118462,26.899709466404282,21.016719313974015,77.07455113113846,42.04875087738037,40.67500114440918,92.0,60.0,32.0,42.05511672557363,,0.0,0.0,58.73145819785669,0.595330979304349,0.7421674026082931,0.82174353246441,15.431139158009403,51.051317019096025,73.46374826669091,80.47796708417631,-26.536251733309086,0.4959778168622222,2.679624835089607,0.8591931966507411,0.7748268689213712,0.08436632772936992,-0.7473924177245973,0.18195774933020095,-0.9293501670547982,43.28225092260683,-0.10885022913099673,-0.108909514017963,120.64434502171548,6.517323054727186,-1655523.682195723
2017-12-21,43.54249954223633,44.005001068115234,43.525001525878906,43.752498626708984,41.320255279541016,83799600,0.16499710083007812,1,7050083564.994687,4770146800,0.045132084734967666,11011576.621739224,0.10381988631390959,0.029212686104201947,65315198.17600745,43.039202440003585,66.37960850548669,1923.8487839595687,43.060000038146974,44.172530830642316,41.94746924565163,5.167351562980714,0.8112267063677295,0.0,0.0,43.29291661580404,43.78466618855794,42.80116704305013,2.2717322425645685,0.9672927404198723,0.0,0.0,41.6150016784668,44.29999923706055,42.95750045776367,6.235479693950541,0.796088972744425,0.6089875524573644,2.1076529476258075,0.3810466498361791,0.340589711935301,0.040456937900878065,43.14270814259847,43.01163467994103,43.329457794246764,42.948411144410585,1.084640499263929,0.8310147846427571,0.2536257146211718,0.10813291335855674,24.610310608067515,-0.8075014114379897,22.354044539031054,23.291147641790666,-0.9371031027596111,43.248748779296875,42.95750045776367,43.10312461853027,41.52750015258789,94.55035285552864,15.29801360386851,27.13860524288697,19.862680477171416,98.84306911109225,42.04875087738037,40.67500114440918,88.0,56.00000000000001,31.999999999999993,42.18980967626285,,0.0,0.0,60.29313688829563,0.6850268736997314,0.6371763605082036,0.752133613096669,16.15995577323111,51.571439735599704,79.6088972744425,76.1017878656998,-20.391102725557502,0.5694045347325911,3.165524131400805,0.8872194329958804,0.7973053817362731,0.08991405125960727,-2.6508034683031116,-0.3845944941964616,-2.2662089741066502,43.340902042796486,0.3785422312680975,0.3778275631431516,121.47957704852756,6.705296291214246,-1913619.261646852
2017-12-22,43.66999816894531,43.85499954223633,43.625,43.752498626708984,41.320255279541016,65397600,0.0,0,7057191363.12714,4835544400,0.0542351087469303,9438494.247205049,-0.008792890728953583,0.017919989772794718,65315198.17600745,43.10420699932355,60.34046791274202,1923.8487839595687,43.06049995422363,44.174265324810804,41.946734583636456,5.173025727853536,0.8106572940585028,0.0,0.0,43.42408320109049,43.8843329111735,42.96383349100749,2.1197901079530306,0.856779611614811,0.0,0.0,41.6150016784668,44.29999923706055,42.95750045776367,6.235407302395683,0.796088972744425,0.5710887514352607,1.9657567215629517,0.38656781910455607,0.349785333369152,0.03678248573540405,43.26770814259847,43.06865384028508,43.39454099924095,43.007973180136396,1.0671497656581848,0.8688522855242036,0.19829748013398119,0.11028577180512826,24.581740774192326,-0.7304981231689425,22.081307487050335,22.50855897663147,-0.4272514895811348,43.58250045776367,42.95750045776367,43.27000045776367,41.52750015258789,97.27517642776432,15.311031740493558,26.390816104862928,19.315375389826738,96.79842986735657,42.2425012588501,40.67500114440918,84.0,52.0,32.0,42.31642104991071,,0.0,0.0,60.29313688829563,0.6850268736997314,0.6551282422346034,0.6781573351170335,16.75633618923115,54.55004772089395,79.6088972744425,77.56051427185864,-20.391102725557502,0.6349631590001721,3.5500859091249297,0.8988282649020432,0.8176099583694272,0.08121830653261597,-5.611549227773994,-1.429985440911968,-4.181563786862025,43.39185324244493,0.0,0.0,121.47957704852756,6.608010546143902,-12464234.834089547
2017-12-26,42.70000076293945,42.86750030517578,42.41999816894531,42.64250183105469,40.271976470947266,132742000,-1.1099967956542969,0,7056451330.154674,4702802400,0.05769592694439303,-12958889.880787482,-0.3695698843128595,0.0063546214881984985,61947546.05844824,43.11028423224159,59.374128399249244,1923.8487839595687,43.016500091552736,44.12329058481844,41.90970959828703,5.145888163426151,0.3310437870700688,0.0,0.0,43.4021666208903,43.804666392008464,42.99966684977214,1.8547450620791408,-0.44368350536601875,0.0,1.0,41.6150016784668,44.29999923706055,42.95750045776367,6.241785251889914,0.38268196903912166,0.6472299220681018,1.9966887553880373,0.29794143732127054,0.3394165541595757,-0.04147511683830518,43.29374980926514,43.06355769817646,43.278842665673835,42.980901228352565,1.0312407387003713,0.8570588248521003,0.17418191384827098,0.10711798158599325,24.577283057560383,-0.6740013122558608,18.634190602161794,21.659260337063753,-3.025069734901958,43.35999870300293,42.95750045776367,43.1587495803833,41.52750015258789,73.63103846842407,15.205237726883208,22.519372083173128,29.747890336017196,-50.99678898947792,42.2425012588501,40.67500114440918,80.0,48.0,32.0,,44.29999923706055,0.0,1.0,46.54948320973805,0.0,0.45668458246648713,0.5829963950697649,12.912317312748023,47.34003549648387,38.26819690391216,65.82866381759905,-61.73180309608784,0.3826542910407582,0.7382470741372369,0.693194951260659,0.7927269569476736,-0.09953200568701459,-2.6851245218718223,-1.681013257103939,-1.0041112647678834,43.37216623962489,-2.5369906416651933,-2.569727116790421,115.8606609056068,5.474837455404433,67705684.33218396
2017-12-27,42.525001525878906,42.69499969482422,42.4275016784668,42.650001525878906,40.2790412902832,85992800,0.00749969482421875,1,7113512935.858936,4788795200,0.09219533146817953,-11015488.50394926,-0.0256628445502248,0.028344269191086086,61962669.93086162,43.156243345573614,60.47276003201674,1924.1871383747202,42.98562507629394,44.09712676086128,41.874123391726606,5.17150411373367,0.3490224733461915,0.0,0.0,43.365000025431314,43.77099978129068,42.95900026957194,1.8724766776030215,-0.3805405535761703,0.0,1.0,41.6150016784668,44.29999923706055,42.95750045776367,6.246268499825757,0.3854751540087745,0.6092567314970339,1.9837706432604638,0.22570773565571756,0.3166747904588041,-0.09096705480308653,43.31937503814697,43.06788473862868,43.182097874936154,42.95639013928044,1.0969290080218523,0.8246961175484001,0.2722328904734522,0.10036064432449221,24.587322346032067,0.18187446594238565,15.70676557981064,20.659372270880052,-4.952606691069413,43.35999870300293,42.95750045776367,43.1587495803833,41.52750015258789,49.3056946160249,15.107000428530739,21.827135124069297,28.833451466678294,-53.55754188811012,42.2425012588501,40.67500114440918,76.0,44.0,32.0,,44.262399215698245,0.0,0.0,46.637989280166096,0.004603075985657951,0.22987664989512932,0.44722982486540674,9.911174709309234,45.71013467982067,21.522140656581236,46.4664116116453,-78.47785934341877,0.1886398315429716,0.7262272077631445,0.5254345975625279,0.7392684850706445,-0.2138338875081166,-3.955847938437831,-2.1359801933707177,-1.8198677450671132,43.361832638091705,0.01758737058612514,0.017585824189403354,115.89862511998992,6.077477047064541,-12778581.204919547
2017-12-28,42.75,42.962501525878906,42.619998931884766,42.77000045776367,40.39237594604492,65920800,0.11999893188476562,1,7105333132.631226,4854716000,0.10752149191064024,-8311786.49067233,0.11950012717292159,0.027934092184210675,62148142.974378146,43.19484715457821,59.47462616668934,1929.600981120101,43.00562515258789,44.08605824532256,41.92519205985322,5.0246128914587205,0.390958220176397,0.0,0.0,43.328333409627284,43.73008359273275,42.92658322652181,1.8544455855585888,-0.19487579015866627,0.0,1.0,41.6150016784668,44.29999923706055,42.95750045776367,6.243363627588561,0.43016753426837306,0.5825813177467445,1.9608586616778227,0.17611477608910775,0.2885627875848648,-0.11244801149575706,43.28625011444092,43.07846172039326,43.11869827229423,42.942583496205124,1.0434080785253823,0.7971061280983078,0.24630195042707448,0.09185315727912281,24.482049221234348,-0.08062591552734233,13.876799171325397,19.74238753826974,-5.865588366944342,43.35999870300293,42.95750045776367,43.1587495803833,41.52750015258789,30.891385253460797,14.51705999699503,24.11543659787554,27.661001317848132,-29.104868036799168,42.2425012588501,40.67500114440918,72.0,40.0,32.0,,44.225551194763185,0.0,0.0,48.11830310385714,0.08159211165422692,0.028731729213294515,0.2384309871916371,7.870774248022128,41.80747149164856,27.229578451188225,29.006638670560545,-72.77042154881177,0.06043406093822057,-0.9208295330697385,0.4101168624488351,0.6734381605462826,-0.2633212980974475,-6.56458840000971,-3.0217018346985167,-3.5428865653111936,43.352647287102634,0.2813573917739509,0.28096232272827315,116.50607186050333,6.32071335867311,-13621526.583314762
2017-12-29,42.630001068115234,42.647499084472656,42.30500030517578,42.307498931884766,39.95559310913086,103999600,-0.46250152587890625,0,7002850946.379778,4750716400,-0.003492255591375664,-13995813.233547125,-0.10373818590898194,0.018076103326474167,61023523.54075678,43.18823254453605,52.55616320531516,1929.600981120101,42.97287502288818,44.0954388288544,41.850311216921966,5.2245227035348085,0.20363551387143097,0.0,0.0,43.26200002034505,43.660999806722,42.863000233968094,1.8445739271846646,-0.6961172926024068,0.0,1.0,41.6150016784668,44.29999923706055,42.95750045776367,6.248121767891184,0.2579135504989657,0.5708232012308592,2.07357050591588,0.09835817862534668,0.2505218657929612,-0.15216368716761453,43.23479175567627,43.04086553133451,42.9938983737697,42.895540195144356,0.9899281081976088,0.8382067600701567,0.15172134812745208,0.08025230708286898,24.37804671233703,0.0946260452270522,10.792329626582806,18.674468711186407,-7.882139084603601,43.302499771118164,42.95750045776367,43.13000011444092,41.52750015258789,17.742501602268895,14.449464526166583,22.762164212184317,29.910182726342804,-78.41851903857751,42.23375129699707,40.67500114440918,68.0,36.0,32.0,,44.18944013424683,0.0,0.0,43.149848181643165,0.0,0.028731729213294515,0.09578003610723956,4.545235883339624,40.270580736501024,5.23189357679649,17.994537561521984,-94.7681064232035,-0.16264711267807286,-1.4385563567876418,0.22929698093994516,0.5846099246250152,-0.35531294368507,-5.502260141794622,-3.5178134961177383,-1.9844466456768837,43.312641029914644,-1.0813689991320818,-1.0872582888103555,114.16484231816524,5.849785839866229,38335093.83962019
2018-01-02,42.540000915527344,43.07500076293945,42.314998626708984,43.064998626708984,40.67097091674805,102223600,0.7574996948242188,1,7102383884.539694,4852940000,-0.002279921641773725,-934361.9424928222,0.16263413468163423,0.017628481521395255,62853798.261758424,43.19414938507148,51.22344906026483,1964.149753589121,42.98799991607666,44.10696387202694,41.86903596012638,5.205936345653559,0.534406251525293,0.0,0.0,43.205499903361,43.637750116984044,42.77324968973795,2.000903656200589,0.33747691473145097,0.0,0.0,41.6150016784668,44.29999923706055,42.95750045776367,6.245923429411784,0.5400365983951263,0.590491064213242,2.1385575723119272,0.09674420266534867,0.2197663331674387,-0.12302213050209004,43.23458321889242,43.01490387549767,43.0048368742219,42.90809267155655,0.9909242261357668,0.8376469972754726,0.15327722886029416,0.07039109230096775,24.517321414910903,0.0670003890991211,8.842558990673579,17.333003294453263,-8.490444303779684,43.15500068664551,42.95750045776367,43.05625057220459,41.52750015258789,8.871250801134448,13.612656848599627,25.749669519308295,27.197323455313583,-23.483763667216717,42.188751220703125,40.67500114440918,64.0,32.0,32.0,,44.11406254108399,0.0,0.0,51.90843324321118,0.3870816676824277,0.15622459311221776,0.0712293505129357,4.358354116012916,46.225558978763566,38.095174357572134,23.51888212851895,-61.904825642427866,-0.3419044382431977,-0.0058105098837570295,0.22546842947759282,0.5127816255955308,-0.28731319611793793,-4.750650881823612,-3.7643809732589135,-0.9862699085646982,43.30825283943251,1.7904620077962896,1.7746220298711535,117.9993824539288,6.884192181031963,19826768.585076764
2018-01-03,43.13249969482422,43.63750076293945,42.9900016784668,43.057498931884766,40.66389465332031,118071600,-0.00749969482421875,0,7008928562.45507,4734868400,0.008365404248447356,-927381.80319488,0.339320417884276,0.03606340594099181,62833236.29738724,43.209686062556564,52.63201944202245,1964.149753589121,43.018374824523924,44.10991831854859,41.92683133049926,5.07477792211897,0.5179214605625039,0.0,0.0,43.12433331807454,43.56283353169759,42.685833104451504,2.0336556179954073,0.4237920711171688,0.0,0.0,41.6150016784668,44.29999923706055,42.95750045776367,6.241513236020915,0.5372434134254734,0.5961918662391834,2.1741325394456092,0.09377892729572324,0.19456885199309565,-0.10078992469737241,43.23479143778483,42.988557668832634,43.012938729246954,42.91915980195123,1.0012847182736837,0.7654994568989518,0.23578526137473188,0.06194572744294759,24.697466918188812,0.4741254806518569,5.973022753201352,15.626101490834044,-9.653078737632692,43.15500068664551,42.95750045776367,43.05625057220459,41.52750015258789,4.435625400567224,13.319018342661037,30.40304235614377,25.126757498254392,32.16807007763625,42.196250915527344,40.67500114440918,60.0,28.000000000000004,31.999999999999996,,44.04170005164766,0.0,0.0,51.8233050838661,0.38331946754914176,0.25680037841052267,0.14725223357867842,4.185884615380957,41.89983782006177,37.71924960371106,27.01543917935989,-62.28075039628894,-0.2027938057394607,0.0058033368744025,0.21850131206776272,0.4539255628899772,-0.2354242508222145,-2.8501762504245174,-3.581540028692035,0.7313637782675175,43.290654969557394,-0.017414826572337283,-0.017416343129328382,117.9614182395457,6.5406380165066835,33906447.550383046
2018-01-04,43.1349983215332,43.36750030517578,43.02000045776367,43.25749969482422,40.85277557373047,89738400,0.20000076293945312,1,7041853822.27394,4824606800,0.03563772308769997,1769065.3779709341,-0.04646870606443955,0.026646714903582523,63250068.415141195,43.21399545610255,46.09459598546966,1973.2731689985162,43.06074981689453,44.11985168054976,42.0016479532393,4.919105534199033,0.5928852477185984,0.0,0.0,43.079000091552736,43.51975021362305,42.63824996948242,2.0462411900629895,0.70249523974381,0.0,0.0,41.6150016784668,44.29999923706055,42.95750045776367,6.2353711210581695,0.6117316610215726,0.571322664356476,2.195564839225884,0.10634147694379692,0.1769233769832359,-0.07058190003943898,43.21520805358887,42.97836538461539,43.05056349318192,42.94422201623812,0.9973923790624402,0.8445240208987663,0.15286835816367383,0.055601882445803705,24.68816126009223,1.0442497253417997,5.059361404967529,13.702264461644939,-8.64290305667741,43.15500068664551,42.95750045776367,43.05625057220459,41.55875015258789,2.217812700283612,13.04635401571806,29.12165877540679,24.067751162037627,25.696303718972807,42.211875915527344,40.67500114440918,56.00000000000001,24.0,32.00000000000001,,43.97223206178879,0.0,0.0,53.99029797780986,0.4790887290619771,0.41649662143118177,0.27650719765130755,4.69410905532523,43.195241553511195,47.744355870334644,41.186259943872614,-52.255644129665356,-0.0795659794526884,-0.5403244437607017,0.24762697273590603,0.41266584485916297,-0.16503887212325694,-3.5696240545905957,-3.5791568338717474,0.009532779281151704,43.28997211004335,0.4644969352628925,0.4634214772755385,118.97384234732388,6.693431824855651,-4004612.3789052963
2018-01-05,43.36000061035156,43.842498779296875,43.26250076293945,43.75,41.31789779663086,94640000,0.49250030517578125,1,7106307220.851974,4919246800,0.047345981057617836,8174945.878523078,0.21985834146822653,0.045416243389855525,64327574.72527619,43.24837054233258,52.346644245044125,1973.2731689985162,43.13562488555908,44.166949674198825,42.10430009691934,4.781777435128845,0.7978572420678662,0.0,0.0,43.082333374023435,43.52683334350586,42.63783340454101,2.06349069175735,1.2510311269019883,1.0,0.0,42.1974983215332,44.29999923706055,43.248748779296875,4.874163573856601,0.7384071355219375,0.572690306368094,2.1873193031999802,0.15425983532091436,0.17239066865077163,-0.018130833329857265,43.185624758402504,42.996923006497894,43.15816910961547,43.00390927429456,1.0386810868865823,0.7748892721594771,0.2637918147271052,0.053072299507806904,24.43834039443256,0.4993734359741211,5.15344880082375,11.791087157399684,-6.637638356575934,43.079999923706055,42.95750045776367,43.01875019073486,41.55875015258789,2.330447485439416,13.468404083626103,32.8182153349581,22.35928904973487,79.18193075159493,42.211875915527344,40.67500114440918,52.0,20.0,32.0,,43.90554279152427,0.0,0.0,58.89360825879905,0.6957882881103766,0.5193988282404981,0.39756527602740094,6.676663415942145,53.75726579292081,72.43110117653357,52.63156888352643,-27.568898823466423,0.03694868648753413,-0.8048963743812523,0.358711191433758,0.40187491417408205,-0.04316372274032404,-3.7138003260479717,-3.6060855323069925,-0.10771479374097925,43.29403401577903,1.138531604115589,1.1320991109820877,121.46692874719443,7.059916608828502,13946082.245686308
2018-01-08,43.587501525878906,43.90250015258789,43.48249816894531,43.587501525878906,41.164432525634766,82271200,-0.16249847412109375,0,7065172741.702828,4836975600,0.051096671061137,5097247.258146735,0.07147096597727269,0.04612655573364365,64021998.85181078,43.25726570529927,49.58142032039393,1965.943937478828,43.198499870300296,44.17770902224972,42.21929071835087,4.533533131425471,0.6986305248496602,0.0,0.0,43.07199999491373,43.51050020853678,42.633499781290695,2.0361265493816187,1.0878007751762664,1.0,0.0,42.1974983215332,44.29999923706055,43.248748779296875,4.8670692774978725,0.6611189531858378,0.5574214740955424,2.2096836870878356,0.17708192061159878,0.17332891904293707,0.003753001568661707,43.181666692097984,43.043750029343826,43.22422025057907,43.047138329967474,1.0489281519496065,0.8062041339747847,0.2427240179748218,0.052356746799804295,24.16539667575462,0.38900165557861044,4.597292957532064,9.848418876342098,-5.251125918810034,43.103750228881836,42.95750045776367,43.030625343322754,41.55875015258789,3.1191289227455643,13.941416600910426,31.8540008113945,21.195956962607752,77.69259080237485,42.1356258392334,40.67500114440918,48.0,16.0,32.0,42.30500030517578,,1.0,0.0,56.7448198915994,0.6008235673449275,0.5919001948390933,0.5092652148369244,7.664176929913741,49.35284765347328,64.28580989221324,61.487088979693816,-35.71419010778677,0.25310300939223396,-0.10885022913099994,0.411367462464566,0.4037734238321789,0.007594038632387112,-4.798516471120768,-3.844571720069748,-0.9539447510510204,43.29665152673173,-0.37142508370535676,-0.3721165794595027,120.64434502171548,6.59688543229521,987639.8250667453
2018-01-09,43.63750076293945,43.76499938964844,43.352500915527344,43.58250045776367,41.15971374511719,86336000,-0.005001068115234375,0,7075114627.437195,4750639600,0.07954569060949253,4307387.33315479,-0.0639029625983691,0.017462032463945048,64012092.979675844,43.207521222662834,41.69870692436451,1965.943937478828,43.26049995422363,44.16957543970882,42.35142446873844,4.202796946161664,0.6771032816753285,0.0,0.0,43.05425008138021,43.51100018819173,42.597499974568684,2.1217422482016692,1.0782706654094407,1.0,0.0,42.1974983215332,44.29999923706055,43.248748779296875,4.860093891083363,0.6587403249159043,0.5429291740980975,2.2121223683522646,0.19254549857532055,0.17717223494941378,0.015373263625906769,43.181249936421715,43.06759614210863,43.279340282453624,43.086794783878304,0.9831593142847745,0.8999662857366053,0.08319302854816923,0.052758747032381474,23.92353868029465,0.49199867248535156,3.6484080745048324,8.183331928824657,-4.534923854319825,43.103750228881836,42.95750045776367,43.030625343322754,41.55875015258789,6.675069889136713,14.109099451466614,30.19250028227896,21.734176155570527,56.39264876628238,42.1356258392334,40.67500114440918,44.0,12.0,32.0,42.33695030212402,,0.0,0.0,56.67628290490354,0.7890221622419176,0.6952113392324067,0.6021701207706661,8.441852697995406,49.36117220421627,75.14703407420704,70.62131504765128,-24.85296592579295,0.39850015079273504,-0.011473628770084758,0.44687821301426883,0.4123943816685969,0.034483831345671956,-5.287097424423624,-4.133076860940523,-1.1540205634831011,43.29924776700867,-0.01147362877008673,-0.01147428704122433,120.61902910866552,6.6071200292564,11880886.51990351
2018-01-10,43.290000915527344,43.57500076293945,43.25,43.5724983215332,41.1502685546875,95839600,-0.01000213623046875,0,7169478335.619408,4654800000,0.06514624840206865,3555103.3233507304,-0.04959462184016181,0.020741363749112635,63990097.89620415,43.187676505057475,42.16382005128806,1965.943937478828,43.28074989318848,44.19863702084232,42.362862765534636,4.24154909477804,0.6589239131669961,0.0,0.0,43.13650004069011,43.581000010172524,42.69200007120768,2.0608995586713372,0.9904367950247331,0.0,0.0,42.30500030517578,44.29999923706055,43.302499771118164,4.609437074930947,0.635337691714932,0.521886302464655,2.1964656336363797,0.2016686955305076,0.18207152706563257,0.019597168464875026,43.166249910990395,43.09874989436223,43.3244415192351,43.122772823704594,1.0299756199780026,0.8947367021446335,0.13523891783336905,0.05374068014536434,23.690047416422413,0.4717487335205064,3.968639848895064,6.879095736500705,-2.9104558876056412,43.103750228881836,42.95750045776367,43.030625343322754,41.74749946594238,14.350060820782375,14.047371337992486,28.884649537017772,22.12806369178768,34.5039053209135,42.230000495910645,40.67500114440918,40.0,8.0,32.0,42.3682612991333,,0.0,0.0,56.529225634783536,0.7804440374353899,0.7234299223407445,0.6701804854707483,9.042175515849628,57.23932914470553,74.55867338352276,71.33050578331434,-25.44132661647724,0.39185289495132025,-0.41140577298572595,0.46766170708681865,0.42344784675224123,0.044213860334577415,-4.825860425350268,-4.271633573822473,-0.5542268515277957,43.326568078373974,-0.022949890725432187,-0.02295252461586017,120.56839728256557,6.574446590310984,21192800.946224242
2018-01-11,43.647499084472656,43.872501373291016,43.622501373291016,43.81999969482422,41.384002685546875,74670800,0.24750137329101562,1,7212786396.95974,4729470800,0.10691635532357323,5687392.21212045,0.11215930183595497,0.032930934237871815,64414244.46242492,43.1925900474357,48.69592322698744,1977.1109314103808,43.32549991607666,44.256817737641555,42.39418209451176,4.29916711114193,0.7654839021101575,0.0,0.0,43.25458335876465,43.69733352661133,42.811833190917966,2.0471826727558495,1.1385275231057226,1.0,0.0,42.30500030517578,44.29999923706055,43.302499771118164,4.604676081635904,0.7593985968790214,0.49969797739397065,2.1739652750020677,0.22626197995415964,0.19090961764333797,0.03535236231082167,43.171875,43.15144216097318,43.4006812385565,43.17441925860234,1.1078639414441565,0.855699391024953,0.2521645504192035,0.05608727650733448,23.433004351307133,-0.6829980850219712,5.6284402553787745,5.962611412506636,-0.3341711571278614,43.103750228881836,42.95750045776367,43.030625343322754,41.98749923706055,50.44778596458595,14.458728476999127,31.72329592448898,21.234314901176617,79.89635383399681,42.35000038146973,40.67500114440918,36.0,4.0,32.0,42.39894607620239,,0.0,0.0,59.340581571340344,0.9444356719848249,0.8379672905540435,0.7522028507090651,10.343264231866614,53.3112056417168,89.11757116090162,79.6077595395438,-10.882428839098386,0.48238244898178806,0.15427934457217019,0.5240649065802495,0.44357125871784286,0.08049364786240665,-6.204900033056073,-4.658286865669194,-1.5466131673868793,43.387125061536516,0.568021992828216,0.5664148310559725,121.82127428835928,6.808046565744931,-4953338.019995183
2018-01-12,44.04499816894531,44.34000015258789,43.912498474121094,44.272499084472656,41.81135177612305,101672400,0.4524993896484375,1,7282351341.2769785,4831143200,0.17406096600071255,11447293.173830643,0.15925204882837232,0.036890374417476286,65464146.31693191,43.232809090405965,49.44860118854779,1977.1109314103808,43.38574981689453,44.39514641211803,42.37635322167103,4.653125044437691,0.9392472055950327,0.0,0.0,43.393666585286454,43.8449166615804,42.94241650899251,2.0797969464371158,1.4737754577283764,1.0,0.0,42.30500030517578,44.34000015258789,43.322500228881836,4.690479837275221,0.9668299394709661,0.5017282254309408,2.1634459901386616,0.27904855604203505,0.2085374053230774,0.07051115071895764,43.3077081044515,43.22307674701397,43.53480706100514,43.255758504963104,1.1050923708846314,0.8091815373164144,0.295910833568217,0.06119032327094096,23.19808098878477,-0.735748291015625,7.941884320391883,5.645895267374311,2.295989053017572,43.32749938964844,42.977500915527344,43.15250015258789,42.635000228881836,75.22389298229297,15.490666412283995,35.80219352756636,19.74562043018538,132.2071455152503,42.663750648498535,40.67500114440918,100.0,0.0,100.0,42.4290171577301,,0.0,0.0,63.93311344430399,1.0,0.9082932364734045,0.8232301497893976,12.87339518721837,63.068513134670816,96.6829939470966,86.78641283050699,-3.317006052903388,0.5788970947265639,3.822470970103617,0.6451130801694702,0.48387962300816834,0.16123345716130189,-4.928533734077681,-4.712336239350892,-0.2161974947267895,43.52035946964174,1.032632115015475,1.0273368918431114,124.11187200459742,7.1114114333102165,32550944.416624606
2018-01-16,44.474998474121094,44.84749984741211,44.03499984741211,44.04750061035156,41.59885787963867,118263600,-0.22499847412109375,0,7167726843.376588,4712879600,0.12256994357693073,6010661.356988069,0.21641310929298105,0.05297651727618591,64863115.652426235,43.30227980266348,56.387716962115086,1977.1109314103808,43.43537483215332,44.47206894929627,42.39868071501037,4.7735014197484515,0.7952296960482483,0.0,0.0,43.58266665140788,44.08091684977214,43.08441645304362,2.2864603598006865,0.9664664063052263,0.0,0.0,42.30500030517578,44.84749984741211,43.576250076293945,5.853522738231849,0.6853493093033619,0.5328054028878466,2.1571556901257676,0.2992769233486072,0.2266853089281834,0.07259161442042383,43.42416636149088,43.29211528484638,43.61368299167382,43.31440606832521,1.099966462004077,0.7368413875032578,0.3631250745008192,0.06677018696254562,23.25180680839952,-0.6653743743896499,10.680758640187932,5.850139672875906,4.830618967312026,43.91875076293945,43.522499084472656,43.720624923706055,43.083749771118164,87.61194649114648,17.043632898811833,38.61532710086334,17.662030373672323,137.77231482603614,42.71750068664551,40.67500114440918,100.0,8.0,92.0,42.50545647752441,,0.0,0.0,60.28675638696631,0.8245532157120316,0.9229962958989516,0.8897522743087999,13.992167204148526,52.00346753818783,68.53493093033619,84.7784986794448,-31.465069069663812,0.7088678023394408,3.2766683106088297,0.6909408451232609,0.5252918674311868,0.1656489776920741,-2.500220998370109,-4.269913191154735,1.7696921927846265,43.6386907612306,-0.5082127252220237,-0.5095085182133641,122.97290695233679,6.5923552542320465,36658684.90615691
2018-01-17,44.037498474121094,44.8125,43.76750183105469,44.775001525878906,42.285919189453125,137547200,0.7275009155273438,1,7295402619.152306,4850426800,0.12635402784599511,19447097.43859301,-0.11490954150612616,0.07116654176238114,67134883.91490753,43.48321643773242,66.31471229133717,1977.1109314103808,43.49949989318848,44.68969057979402,42.30930920658294,5.47220400017477,1.0358391924273067,1.0,0.0,43.74600016276042,44.27274996439616,43.21925036112468,2.4082192642798317,1.4767458477659394,1.0,0.0,42.30500030517578,44.84749984741211,43.576250076293945,5.844893730914948,0.9714854141254101,0.5840246794935932,1.9667049199243052,0.3697490571112283,0.2552980585647924,0.11445099854643592,43.591249783833824,43.38615373464731,43.79234738155153,43.4225983244403,1.146249075205424,0.7171359906157964,0.4291130845896276,0.07559599159394267,23.515328916879263,-1.1920009613037124,13.361588068040975,6.671091374524753,6.690496693516222,43.93375015258789,43.522499084472656,43.72812461853027,43.083749771118164,93.80597324557326,17.874639704102236,33.691144993062224,18.674008590933973,140.2130373526754,42.691250801086426,40.99125099182129,96.0,4.0,92.0,42.64597907971768,,0.0,0.0,66.86688347205417,1.0,0.9415177385706767,0.9242690903143443,17.158593269256667,60.021346367921005,97.14854141254102,87.4554887633246,-2.8514585874589837,0.8334267447976487,4.687867773336167,0.8515129710768966,0.5905360881603288,0.26097688291656784,0.8915214641161959,-3.237626260100549,4.129147724216745,43.891310340186024,1.651628141089967,1.6381371086274576,126.6555902305679,7.366874692651777,44630316.44932003
2018-01-18,44.842498779296875,45.025001525878906,44.5625,44.814998626708984,42.323699951171875,124773600,0.039997100830078125,1,7306867110.863099,4975200400,0.11178798688011807,17381880.98452713,0.18672625706829551,0.08633719187798974,67246343.03473018,43.65595834832915,73.38988264096982,1978.8770665880686,43.53499984741211,44.832803492830955,42.237196201993264,5.962116228173098,0.9931403852251377,0.0,0.0,43.90325012207031,44.41150016784668,43.39500007629395,2.315318544131515,1.3969487678510144,1.0,0.0,42.30500030517578,45.025001525878906,43.665000915527344,6.247849386095295,0.9227930864252937,0.5718723641321245,1.7580017495590836,0.42393925477366423,0.28902629780656675,0.13491295696709749,43.80020809173584,43.4812498826247,43.94967834234498,43.52573908757132,1.2479883370593927,0.6729211964025289,0.5750671406568638,0.08623577468034406,23.595371301901928,-0.470001220703125,17.242383603327106,8.024760507675817,9.21762309565129,44.13750076293945,43.611249923706055,43.874375343322754,43.17250061035156,96.90298662278663,18.9042155888442,34.393318110406106,17.604044577270706,173.53175879828507,42.67812538146973,41.03000068664551,100.0,0.0,100.0,42.77807032577934,,0.0,0.0,67.18876874078245,1.0,0.9415177385706767,0.9353439243467685,19.781046227740422,61.35496827243869,92.27930864252937,85.9875936618022,-7.720691357470632,1.0669561947093271,5.9268445503273615,0.9739966825622938,0.6672282070407218,0.30676847552157194,2.4511355282207035,-2.0998739024362987,4.551009430657002,44.10191987114093,0.08932908870358247,0.08928921401780698,126.8580596038166,6.993431625496385,18440497.2163264
2018-01-19,44.65250015258789,44.89500045776367,44.352500915527344,44.6150016784668,42.13480758666992,129700400,-0.1999969482421875,0,7302683697.70959,4845500000,0.12555121023614418,11193085.960195968,-0.07110615200076961,0.0727224576512975,66667526.009611905,43.78105801513069,65.56969998931933,1978.8770665880686,43.58400001525879,44.96456913280322,42.203430897714355,6.3352107060439335,0.8733973366874286,0.0,0.0,44.043833541870114,44.5715835571289,43.516083526611325,2.3964762956298316,1.04113512087404,1.0,0.0,42.30500030517578,45.025001525878906,43.665000915527344,6.240825118738186,0.8492648296289648,0.5689350819425448,1.5653668082771517,0.4456105732559905,0.32034315289645154,0.12526742035953897,43.92937501271566,43.53692304171049,44.05203577867142,43.60642520541543,1.188968358943917,0.7333542826181361,0.455614076325781,0.09654211978512169,23.76596589193526,-0.526501083374022,20.386546107132535,9.71732687504346,10.669219232089075,44.13750076293945,43.665000915527344,43.9012508392334,43.32000160217285,98.4514933113933,19.377144621133883,32.07203045357522,19.028505250914865,132.62196177485944,42.630001068115234,41.03000068664551,96.0,48.0,48.0,42.957824821787305,,0.0,0.0,63.84859031980917,0.8610512309504101,0.9536837436501363,0.9455730735971634,20.99901953058764,60.67016346303603,84.92648296289647,91.45144433932228,-15.073517037103525,1.1800369262695298,3.5992176969361336,1.0218920059529453,0.7381609668231666,0.2837310391297787,3.961578644719937,-0.8875833930050517,4.849162037724988,44.177383898036325,-0.44627235160282774,-0.4472711192521128,125.84565480642209,6.669407036785877,26420279.571591824
2018-01-22,44.32500076293945,44.44499969482422,44.150001525878906,44.25,41.79010009765625,108434400,-0.3650016784667969,0,7267763479.7196245,4737065600,0.10654878380286893,3939968.2510908246,-0.08875705046090758,0.07379253875473138,65780408.75051647,43.91480688188639,65.17200166626515,1962.6875916668403,43.61712493896484,45.02790160089791,42.20634827703177,6.46891175843078,0.7243002305439266,0.0,0.0,44.11016693115234,44.60941696166992,43.61091690063476,2.2636506059785027,0.6400431249875846,0.0,0.0,42.30500030517578,45.025001525878906,43.665000915527344,6.236085538671634,0.7150730962986234,0.5585415890070794,1.1736680693189327,0.4283944003002773,0.3419534023772167,0.08644099792306059,44.02875010172526,43.587884609515854,44.08249181272197,43.65409741242169,1.1974538152930443,0.7447769548571133,0.452676860435931,0.10432724563438486,23.88118571338423,-0.3596252441406236,21.53254757332218,11.599021832353472,9.933525740968708,44.13750076293945,43.665000915527344,43.9012508392334,43.32000160217285,99.22574665569665,19.364255330858015,30.19110209219026,20.466514218946646,81.1084198547163,42.62812614440918,41.03000068664551,92.0,44.0,48.0,43.123198958114635,,0.0,0.0,58.16537998924767,0.4127486841262257,0.7579333050255448,0.8843782624154527,20.341468057753932,56.810554905294275,71.40218831071027,82.86932663871204,-28.59781168928972,1.163551880331596,2.7695548921727275,0.98133835239571,0.7867964439376753,0.19454190845803465,3.5280383372891877,-0.004459046946203915,3.5324973842353917,44.179954842792405,-0.8181142322873924,-0.8214791519307596,123.99797936144807,6.359892558430715,1912307.147786975
2018-01-23,44.32500076293945,44.86000061035156,44.20500183105469,44.2599983215332,41.79953384399414,130756400,0.009998321533203125,1,7158964809.519746,4867822000,0.05313893100854393,3563879.1480384385,0.11771898959767477,0.07058431410587715,65809953.259662785,44.03604622784437,65.93178317868703,1962.6875916668403,43.642499923706055,45.08010461922873,42.20489522818338,6.588095081793351,0.714766409622307,0.0,0.0,44.18858362833659,44.71133333841959,43.665833918253576,2.3659944137597906,0.5683067745606966,0.0,0.0,42.30500030517578,45.025001525878906,43.665000915527344,6.232459702029248,0.7187489481537995,0.568187308036059,1.0439770772147732,0.41082154514047886,0.3557270309298692,0.05509451421060968,44.11229165395101,43.63374988849346,44.10980050638524,43.69897896124476,1.207353229566163,0.7436225443914983,0.46373068517466476,0.1099240899221892,24.07638626463888,0.10750007629394531,23.049144281441038,13.754659188679717,9.29448509276132,44.13750076293945,43.665000915527344,43.9012508392334,43.32000160217285,98.91124278725248,19.930200194039333,32.90081006217627,18.79446928403578,90.8785425852259,42.66875076293945,41.087501525878906,88.0,40.0,48.0,43.27534316353578,,0.0,0.0,58.27494106696107,0.41987903047695785,0.564559648517864,0.7587255657311817,19.842193740354897,48.74167108055503,62.40770212742027,72.91212446700901,-37.59229787257973,1.1226477005902495,2.3175140352111794,0.9401170345531951,0.8174605620607793,0.12265647249241574,4.748821598006315,0.9461970820443,3.802624515962015,44.18463975699215,0.02259507691120266,0.02259252460814487,124.04859187716433,6.560104810962002,34610407.32468039
2018-01-24,44.3125,44.32500076293945,43.29999923706055,43.55500030517578,41.13374710083008,204420400,-0.7049980163574219,0,7056256297.801758,4663401600,-0.000427357861282738,-17533243.08782287,-0.3610218695665297,0.020559865002248167,62553830.75699029,44.05639019031583,54.96084579783029,1962.6875916668403,43.63262500762939,45.06978487988957,42.19546513536922,6.587547148533372,0.4729937135207046,0.0,0.0,44.204583613077794,44.78858362833659,43.620583597819014,2.642259998965415,-0.05615007785074337,0.0,1.0,42.30500030517578,45.025001525878906,43.665000915527344,6.233870229507206,0.45955861728505876,0.6138687298203437,1.118754929133542,0.336132753666071,0.3518081754771096,-0.015675421811038592,44.096041679382324,43.652980657724235,44.02444662927609,43.68831387561002,0.9981063705660479,0.8943206520169512,0.10378571854909668,0.11040914422931983,24.410066564104707,-0.04512348175048686,22.836721329955896,15.851112686575366,6.98560864338053,44.16250038146973,43.665000915527344,43.913750648498535,43.32000160217285,90.44831866744423,18.724769582010243,28.919197443556925,27.20506611097935,10.90856991279978,42.66875076293945,41.087501525878906,84.0,36.0,48.0,,45.025001525878906,0.0,1.0,48.60828540851044,0.0,0.277542571534394,0.5333451750259344,16.294915662796214,43.583979416485874,26.683269945338555,53.49772012782302,-73.31673005466145,0.9968166351318359,-0.44571358816964285,0.7693882501922891,0.8078460996870813,-0.03845784949479225,10.447293720826478,2.8464164098007356,7.600877311025743,44.18154850269948,-1.5928559491481753,-1.6056782422488425,120.4798205524662,5.881681723520558,97766156.00361113
2018-01-25,43.627498626708984,43.73749923706055,42.63249969482422,42.77750015258789,40.399471282958984,166116000,-0.7775001525878906,0,6933736507.793161,4497285600,-0.0552423881679393,-33479239.124889605,-0.41741181035343883,-0.0059360710183946385,59588494.64305753,44.000930078884906,52.491179763565974,1927.651662581518,43.63937492370606,45.05903163416481,42.219718213247305,6.506310931083287,0.19644958363220866,0.0,0.0,44.16291694641113,44.82491683959961,43.50091705322266,2.997989892704643,-0.5463874753442032,0.0,1.0,42.30500030517578,45.025001525878906,43.665000915527344,6.2329060062350905,0.1737131012352882,0.6629818110619421,1.569817298036846,0.21176251736240204,0.3237990438541681,-0.11203652649176604,44.028541564941406,43.62548065185547,43.832608709785596,43.620846192423194,0.9179377926650634,0.9401085030047459,-0.022170710339682542,0.1037330118539721,24.784241867055428,-0.056874465942385655,21.794192259386495,17.64730735368734,4.146884905699157,43.82875061035156,43.665000915527344,43.74687576293945,43.32000160217285,64.70130909601974,18.13605335407954,25.35660754889059,31.29527886085507,-69.7442961932859,42.69937610626221,41.087501525878906,80.0,32.0,48.0,,44.99050148010254,0.0,0.0,40.60803390781197,0.0,0.1399596768256521,0.32735396562597013,10.262559816876022,41.94684216135352,6.060620555502408,31.71719754275375,-93.93937944449759,0.6546252082375901,-1.8583340291025836,0.4854617364098373,0.7433692270316326,-0.25790749062179524,11.97750481880799,4.672634091602187,7.304870727205803,44.129696883498745,-1.7850996375621597,-1.8012247286530059,116.54403607488644,5.500749351686267,16883326.140303344
2018-01-26,43.0,43.0,42.51499938964844,42.877498626708984,40.493900299072266,156572000,0.09999847412109375,1,7011214648.488458,4653857600,-0.044633383786544516,-26459781.951321393,-0.13242319822028387,-0.031099038139002524,59954503.901060924,43.912297907093034,45.22651985873295,1932.1578217588324,43.65074977874756,45.04187406527314,42.25962549222198,6.373884955363971,0.22207689868968575,0.0,0.0,44.06550013224284,44.751000086466476,43.38000017801921,3.111277312938298,-0.3665219437391031,0.0,1.0,42.30500030517578,45.025001525878906,43.665000915527344,6.23128178665885,0.21047722963345264,0.6451836909909041,1.9373009132664591,0.11988528722688585,0.28301629252871163,-0.16313100530182578,43.969791412353516,43.57826907818134,43.68566869700458,43.565783409777694,0.8756184851270217,1.0812689012432817,-0.20565041611626,0.09281650074473081,25.072230476934905,-0.07825145721435689,20.070808679478777,18.994965615808102,1.0758430636706748,43.77000045776367,43.665000915527344,43.71750068664551,43.32000160217285,32.35065454800987,17.744742618974872,23.96134584781414,30.90633381715187,-101.96210335636428,42.95750045776367,41.40625,76.0,28.000000000000004,48.0,,44.896181408691405,0.0,0.0,41.93179410740257,0.04980148998546932,0.01660049666182259,0.14470091500728968,5.959163070016704,36.68050716643497,14.442188388132198,15.728692962991053,-85.5578116118678,0.2615220911362641,-1.6176259362124328,0.27518221375534674,0.6497318243763754,-0.3745496106210287,12.369539541297652,6.21201518154128,6.157524359756372,44.067953672102135,0.2337641838920046,0.23349138048534002,117.05023847358369,6.120316653430351,18109938.849114418
2018-01-29,42.540000915527344,42.540000915527344,41.76750183105469,41.9900016784668,39.655738830566406,202561600,-0.8874969482421875,0,6925339076.983416,4451296000,-0.07411405889981541,-48361641.93414044,-0.23024849015623014,-0.05265042786282415,55761796.593292,43.723847865545444,37.97808523647535,1932.1578217588324,43.61174983978272,45.136746815792435,42.086752863773,6.993514278203129,-0.03172176300288842,0.0,1.0,43.85791702270508,44.5779167175293,43.13791732788086,3.2833282732122444,-0.7971639833085687,0.0,1.0,41.76750183105469,45.025001525878906,43.3962516784668,7.469316656156552,0.06830387360147272,0.6916650014572434,2.548159580060716,-0.02426198908922572,0.22156063620512417,-0.2458226252943499,43.837916692097984,43.51499997652494,43.42479684799877,43.449058837087996,0.7441361237159207,1.0949035886338672,-0.3507674649179464,0.07536397984775947,25.312081034371285,0.20824985504150106,15.744941986354993,19.55765265427111,-3.8127106679161162,43.3962516784668,43.3962516784668,43.3962516784668,43.32000160217285,16.175327274004935,18.271665947480138,21.099763575649085,35.25769887124334,-170.20397004141924,43.10312461853027,41.46999931335449,72.0,100.0,-28.0,,44.75331048754882,0.0,0.0,34.56782650313342,0.0,0.01660049666182259,0.057720223383099206,-0.6242549123033443,33.280255210193666,6.830387360147271,9.111065434593959,-93.16961263985273,-0.15943365658031183,-3.631870340297536,-0.05584007971310936,0.5086174435584785,-0.5644575232715878,15.025515781565241,7.974715301546073,7.050800480019168,43.72723938598875,-2.0698431034159137,-2.0915646126741017,112.55763908159042,5.3218601544552655,69108193.99211483
2018-01-30,41.38249969482422,41.842498779296875,41.17499923706055,41.74250030517578,39.4219970703125,184192800,-0.24750137329101562,0,7054343827.318595,4267103200,0.020524888348629,-47965403.22216572,-0.23374354668250463,-0.06478189815454813,54676110.260164365,43.527475375204006,36.220649225874695,1920.7691174200677,43.583499908447266,45.220884475594545,41.946115341299986,7.513781915572708,-0.06217691317286317,0.0,1.0,43.58558362325032,44.291083272298174,42.88008397420247,3.237307340638703,-0.8062255385682914,0.0,1.0,41.17499923706055,45.025001525878906,43.10000038146973,8.833623497208308,0.14740278720442307,0.7039987454521441,3.136841677269707,-0.15666509872661294,0.14591548921877676,-0.30258058794538967,43.66479174296061,43.44403839111328,43.16598199525677,43.322647093983385,0.6917307640747499,1.133590853245981,-0.4418600891712312,0.05304189525983826,25.502338781722578,0.6889991760253906,12.016809617946834,19.40823282648287,-7.391423208536036,43.10000038146973,43.10000038146973,43.10000038146973,43.10000038146973,8.087663637002468,19.341721820594504,19.279199784574757,38.48831155124009,-207.0830719773607,43.10312461853027,41.52750015258789,68.0,100.0,-32.0,,44.514445795029296,0.0,0.0,32.8359631887883,0.0,0.01660049666182259,0.01660049666182259,-6.438764473681778,36.09616854279838,14.740278720442307,12.004284822907259,-85.2597212795577,-0.7356913959278799,-4.74098449136644,-0.36162402169642693,0.3345691505074974,-0.6961931722039243,15.72694780349062,9.525161801934983,6.201786001555638,43.399472899327634,-0.5894293007802864,-0.5911732917225798,111.30476207579672,5.6243909961568335,25943564.126722604
2018-01-31,41.717498779296875,42.11000061035156,41.625,41.85749816894531,39.53059768676758,129915600,0.11499786376953125,1,7048985345.279898,4397018800,-0.021052105488834603,-38978914.69466534,0.13392894926243942,-0.05167307164721946,55034019.25845416,43.420762173218506,42.04106016839621,1926.0607109682003,43.523124885559085,45.31435221124865,41.73189755986952,8.23115219966151,0.03505992993587158,0.0,0.0,43.326833470662436,43.97633336385091,42.67733357747396,2.9981415264435025,-0.6311282088931315,0.0,1.0,41.17499923706055,45.025001525878906,43.10000038146973,8.845877447774402,0.17727234445209586,0.6820989319420859,3.59701344364211,-0.2494407527717044,0.06684424082068052,-0.31628499359238493,43.463541666666664,43.37115375812237,42.96467679120886,43.214117543980564,0.7534974678026458,1.0857278936861394,-0.3322304258834936,0.028841431455700367,25.686013830562437,0.5243757247924776,7.078397002387557,18.27890098193403,-11.200503979546472,43.03499984741211,43.10000038146973,43.06750011444092,43.10000038146973,4.043831818501234,19.858035372788247,21.159048493712728,36.47156743319822,-159.59251144663756,43.10312461853027,41.52750015258789,64.0,96.0,-32.0,,44.18050113923242,0.0,0.0,34.47852620470407,0.047814523137846586,0.01593817437928168,0.016379722567642394,-10.495619881143721,37.048115607401414,17.727234445209586,13.099300175266388,-82.27276555479041,-1.099911959031047,-5.4548556450799905,-0.5772205171558566,0.1522112169748266,-0.7294317341306833,13.202540831104633,10.260637607768913,2.9419032233357196,42.89125604714517,0.27549347290840576,0.2751146851711628,111.88689290326019,6.032770569845013,-23851592.83603829
2018-02-01,41.79249954223633,42.154998779296875,41.689998626708984,41.94499969482422,39.613243103027344,188923200,0.08750152587890625,1,7067269035.529862,4585942000,0.022375427743369977,-31048917.127723757,0.013536856977710272,-0.058717531994236946,55428956.10363309,43.27303456236142,45.031793001287596,1926.0607109682003,43.46749992370606,45.378220495781356,41.55677935163076,8.791490540882204,0.10159003594434547,0.0,0.0,43.039750035603845,43.68949979146321,42.39000027974446,3.019300787397145,-0.34243997855118496,0.0,1.0,41.17499923706055,45.025001525878906,43.10000038146973,8.857197436189946,0.2,0.6603890540066664,3.9834624446288154,-0.3123054226483646,-0.008985691873128497,-0.3033197307752361,43.28833325703939,43.301634568434494,42.80780339176506,43.12010881441343,0.7317984450313307,1.1050783477904342,-0.3732799027591035,0.004758270081215788,25.789422045291396,1.3075016021728487,1.6691734950954245,16.199192913929906,-14.530019418834481,43.017499923706055,43.10000038146973,43.05875015258789,43.10000038146973,2.021915909250617,20.25607743309979,20.569725869455834,34.59963998216647,-132.354571616997,43.27000045776367,41.52750015258789,60.0,92.0,-32.0,,43.87995094901523,0.0,0.0,35.76577436232449,0.08528593593620248,0.044366819691349174,0.02563516357748459,-13.353322848024899,39.6039444615957,20.0,17.489171055217298,-80.0,-1.32127234515022,-4.773258156294201,-0.7242686329770407,-0.023084753015546883,-0.7011838799614938,14.177711662919853,11.044052418799103,3.13365924412075,42.5955826666848,0.20904623951898404,0.20882804190405224,112.32983448490805,6.176040631756429,64344159.525682166
2018-02-02,41.5,41.70000076293945,40.025001525878906,40.125,37.89441680908203,346375200,-1.8199996948242188,0,6762251456.12696,4239566800,-0.09762712443588327,-116670894.43728861,-0.5125930210738452,-0.10670646555868105,40399685.3232958,42.838513694343405,36.20570419904333,1926.0607109682003,43.310874938964844,45.71469870329116,40.907051174638525,11.100324192082791,-0.16266815942259769,0.0,1.0,42.63933334350586,43.40233306884765,41.87633361816406,3.5788539149756855,-1.147663334596567,0.0,1.0,40.025001525878906,45.025001525878906,42.525001525878906,11.54444468518858,0.01999969482421875,0.7863499655005309,4.867332353274399,-0.5031844938180683,-0.10782545226211646,-0.3953590415559518,42.90083312988281,43.20480757493239,42.39506440841659,42.898248902234656,0.5797674515942708,1.152731899647578,-0.5729644480533072,-0.026415721825165266,26.18843279146879,1.5041236877441406,-7.590742772809084,12.963271764359767,-20.55401453716885,42.442501068115234,42.525001525878906,42.48375129699707,42.525001525878906,1.0109579546253085,22.031985670700745,16.74749551306178,44.28430883364309,-192.27968575196297,43.1587495803833,41.52750015258789,56.00000000000001,100.0,-43.99999999999999,,43.60945577781976,0.0,0.0,24.83618440096022,0.0,0.044366819691349174,0.03489060458732678,-20.650478503772618,32.2847730449656,1.999969482421875,13.242401309210488,-98.00003051757812,-1.6317427018109498,-10.38526268545477,-1.1729721065417578,-0.25306222372078907,-0.9199098828209686,21.83646300934737,13.202534536908757,8.633928472438612,41.72653830817083,-4.339014681287024,-4.435964757246014,103.11681179385546,4.366778928152705,195301238.55433643
2018-02-05,39.775001525878906,40.970001220703125,39.0,39.122501373291016,36.947635650634766,290954000,-1.0024986267089844,0,6507482473.872068,3948612800,-0.195675408100962,-141672336.00845966,-0.594141040597878,-0.1646031905508853,33130377.27505941,42.403564505590374,29.11096091341544,1877.9392600596957,43.07950000762939,46.08518790157635,40.073812113682436,13.954144748266101,-0.15825175034095026,0.0,1.0,42.18091672261556,43.111416753133135,41.25041669209798,4.4119478798273,-1.143425711455022,0.0,1.0,39.0,45.025001525878906,42.01250076293945,13.985774033616632,0.020332172990304022,0.9047150910207904,5.932723491263834,-0.7269707278472524,-0.23165450737914367,-0.4953162204681087,42.42645835876465,43.06913449214055,41.891593172243425,42.61856390009068,0.5270914952915082,1.2372507794293273,-0.710159284137819,-0.06548113264981131,26.761508169935173,1.5355016708374052,-19.440536991104942,8.242196067410214,-27.682733058515154,41.66250038146973,42.01250076293945,41.83750057220459,42.01250076293945,0.5054789773126542,24.265003205052274,13.894605993228156,45.603851417181126,-199.47878333121795,43.1587495803833,41.52750015258789,52.0,100.0,-48.0,,43.17932126758686,0.0,0.0,21.02492991837876,0.0,0.028428645312066975,0.03905409489825522,-28.28798350598729,28.952796101952686,2.0332172990304023,8.011062260484092,-97.9667827009696,-1.973948759191174,-12.70221449928894,-1.7057607326972968,-0.5436019255160907,-1.1621588071812061,24.166980565480216,15.39542374262305,8.771556822857166,40.78519160201321,-2.4984389450691147,-2.5301797292657913,98.04206226401504,4.396748715477145,48389782.19180867
2018-02-06,38.70750045776367,40.93000030517578,38.5,40.75749969482422,38.49175262451172,272975200,1.6349983215332031,1,6741701803.339424,4221588000,-0.09949889220665879,-57674288.89008108,-0.2403519421410162,-0.173563362024806,44538492.2511864,42.05435010115706,32.19363376090645,1956.421653320856,42.93799991607666,46.09723947556029,39.77876035659303,14.715355003299823,0.15490109562808188,0.0,0.0,41.74300003051758,42.851000213623045,40.63499984741211,5.308675381718745,0.05527970540075603,0.0,0.0,38.5,45.025001525878906,41.76250076293945,15.196333174885126,0.34597688381691794,1.0572436124362894,6.407215608009735,-0.7635900396526907,-0.3380416138338531,-0.42554842581883756,42.10499986012777,42.991730616642876,41.71711725264047,42.48070729229316,0.5574092035071669,1.2140292698256792,-0.6566200663185122,-0.10072022944937845,27.454185833276064,1.312000083923337,-27.597677205263693,2.63837400794137,-30.236051213205062,41.11874961853027,41.76250076293945,41.44062519073486,41.76250076293945,0.2527394886563271,26.58064367748008,11.330631428942766,40.98548055827092,-148.06480196868637,43.1587495803833,41.52750015258789,48.0,100.0,-52.0,,42.5942162901247,0.0,0.0,37.79170623215948,0.36320151749693014,0.1210671724989762,0.06462087916746423,-27.59591554179064,40.392356899505714,34.597688381691796,12.876958387714689,-65.4023116183082,-2.2264117521398177,-8.64619934667487,-1.7974984135709553,-0.7943812231270636,-1.0031171904438918,24.668849552810272,17.250108904660497,7.418740648149775,40.78179178053807,4.179176341340529,4.094208018655188,106.31858927605565,6.8363531819500665,39341616.676130354
2018-02-07,40.772499084472656,40.849998474121094,39.76750183105469,39.8849983215332,37.667762756347656,206434400,-0.8725013732910156,0,6580081061.967186,4015153600,-0.14684635332254556,-75165718.69071333,0.31134945620530236,-0.1646617049435912,40119322.80156043,41.78499390135236,33.80662429171798,1914.5402672682299,42.75312480926514,46.16269471342344,39.343554905106835,15.950038362666799,0.07940054488485851,0.0,0.0,41.38708330790202,42.50083300272623,40.273333613077796,5.382112513406183,-0.1743368789905182,0.0,1.0,38.5,45.025001525878906,41.76250076293945,15.262045885508831,0.212260229524873,1.059768915499301,7.005775217340634,-0.8531797520174607,-0.4410692414705747,-0.41211051054688597,41.74124972025553,42.89855751624474,41.43525280170089,42.28843255371835,0.6087254504973785,1.2250087472038433,-0.6162832967064649,-0.13566733353457783,27.797407996478633,1.506873512268065,-36.86774799371733,-3.87961935351461,-32.98812864020272,40.75,41.76250076293945,41.25625038146973,41.76250076293945,0.12636974432816356,28.730881259020183,10.409147914885978,37.65226432164803,-122.16995467217963,43.13000011444092,41.52750015258789,44.0,96.0,-52.0,,41.93914168370475,0.0,0.0,33.68216754103584,0.29556645798158576,0.21958932515950477,0.12302838099018276,-28.794536449581376,38.78454339233071,21.65751716017134,19.429474280297843,-78.34248283982866,-2.429375031415155,-9.864410572806321,-2.0175251256562405,-1.039010003632899,-0.9785151220233415,22.22509583922498,18.245106291573393,3.979989547651588,40.6672327328183,-2.1407136841659957,-2.1639593063639495,101.9018990024449,5.3154001612044866,-20501232.07192737
2018-02-08,40.0724983215332,40.25,38.75749969482422,38.787498474121094,36.63126754760742,217562000,-1.0974998474121094,0,6371264915.349934,3797591600,-0.2285297112458762,-98538367.70670763,-0.5522394541057034,-0.1990283693796579,34132754.62177031,41.458549989166585,33.006000922554776,1914.5402672682299,42.51387481689453,46.30955243115803,38.718197202631025,17.85618286082521,0.009128972285428914,0.0,0.0,41.008666610717775,42.16116638183594,39.85616683959961,5.620761982136504,-0.4636306193977306,0.0,1.0,38.5,45.025001525878906,41.76250076293945,15.347934183797204,0.04406105852708873,1.103042054466949,7.7451024442037335,-1.0011981213045829,-0.5530950174373763,-0.44810310386720653,41.28520806630453,42.73403827960674,41.02790598207323,42.02910410337781,0.5811026186960302,1.2415349626107934,-0.6604323439147632,-0.17367335088249541,28.020316428568407,1.0411254882812528,-47.463811388309345,-11.38346602771329,-36.080345360596056,40.52000045776367,41.76250076293945,41.14125061035156,41.76250076293945,0.06318487216408178,31.177146852283435,9.28761916766034,40.88670734866453,-138.51387340410858,43.05625057220459,41.52750015258789,40.0,92.0,-52.0,,41.38887901431199,0.0,0.0,29.357621950262214,0.22369636343586935,0.2941547796381279,0.21160375909886975,-31.540298252246508,32.68501909833369,4.5204158259538545,20.258540455938995,-95.47958417404615,-2.7901468725765426,-12.36443753941502,-2.382154325350271,-1.3076388679763735,-1.0745154573738975,20.478877722616723,18.69186057778206,1.787017144834664,40.40990545547149,-2.7516607586757447,-2.7902280845386596,96.34624367657348,4.630798196283408,26341134.98328346
2018-02-09,39.26750183105469,39.47249984741211,37.560001373291016,39.102500915527344,37.079322814941406,282690400,0.31500244140625,1,6544574683.187971,4080282000,-0.18055673018190066,-71740291.43973377,-0.6680774388072748,-0.24040839711868414,36428550.16582998,41.09530261321053,31.3509479660851,1914.5402672682299,42.27799987792969,46.299308439048936,38.25669131681044,19.02317315260926,0.10516596598614293,0.0,0.0,40.60008341471354,41.895332972208664,39.304833857218426,6.380526582985876,-0.07810577526170866,0.0,1.0,37.560001373291016,45.025001525878906,41.29250144958496,17.656937826154902,0.2066308788622851,1.1839876964323635,8.340988258559271,-1.0806288640663126,-0.6586017867631636,-0.42202707730314903,40.91416645050049,42.58192297128531,40.73168981798924,41.812318682055555,0.5682051847493078,1.2502581573561626,-0.6820529726068548,-0.2104368042219801,28.317897923772684,0.4995002746582031,-57.41882207734788,-19.5127731459025,-37.90604893144538,39.857500076293945,41.29250144958496,40.57500076293945,41.29250144958496,0.03159243608204089,33.86254934378832,8.085437486770815,43.69911416768353,-139.32425024741485,43.05625057220459,41.52750015258789,36.0,100.0,-64.0,,40.92665837202207,0.0,0.0,32.05410566759552,0.29608516639696414,0.2717826626048059,0.26184225580081294,-32.496346325167345,39.26605812168558,21.130132923923956,15.769355303349714,-78.86986707607605,-3.1103528864243444,-10.222705449319749,-2.58447485843468,-1.563006066068035,-1.021468792366645,21.20461261071682,19.19441098436901,2.0102016263478077,40.25353063240447,0.8121236320935088,0.8088436544735789,97.94081792219885,5.650576837293954,92163533.15388638
2018-02-12,39.625,40.97249984741211,39.377498626708984,40.6775016784668,38.57283020019531,243278000,1.5750007629394531,1,6697863329.433068,4323560000,-0.15211351076853308,-6754101.861716911,1.0875237729841838,-0.17113662687679063,46227489.533777975,40.89462213742483,33.52376237465829,1991.655600329404,42.098250007629396,46.06793462489508,38.12856539036371,18.859143154626455,0.32105022613342904,0.0,0.0,40.424416605631514,41.80191637674967,39.04691683451335,6.815186893389893,0.5918639255489128,0.0,0.0,37.560001373291016,45.025001525878906,41.29250144958496,17.732328900215617,0.41761557152748857,1.2525888199776039,8.519400026173416,-1.0049049821315705,-0.7278624258368451,-0.2770425562947254,40.739166577657066,42.48269227834848,40.72335318113963,41.7282581632712,0.6789595800524935,1.1586626771653543,-0.47970309711286085,-0.23734484631826175,28.523792227889768,0.7792486190795884,-62.48022184333269,-27.790221086044667,-34.690000757288026,39.857500076293945,41.29250144958496,40.57500076293945,41.29250144958496,0.015796218041020445,34.25465564177619,16.737212995536733,38.45742936313124,-69.67727840622703,43.05625057220459,41.55875015258789,32.0,96.0,-64.0,37.560001373291016,,1.0,0.0,43.638350296081036,0.8198212282690746,0.44653425270063546,0.33749056498118984,-28.57843377172045,44.59927261060604,46.08278767838575,23.91111214275452,-53.91721232161425,-2.966764865202066,-4.909119201987896,-2.4082121477480647,-1.732047282404041,-0.6761648653440238,20.03341018600919,19.362210824697048,0.6711993613121408,40.26367169024252,4.027877312353767,3.9488728314334143,105.91363121917459,7.239673288142384,18597529.82364714
2018-02-13,40.48749923706055,41.1875,40.412498474121094,41.084999084472656,38.959251403808594,130196800,0.4074974060058594,1,6793620736.081949,4453756800,-0.09706000604990733,1790035.2999946,0.3720336856776176,-0.11877551578792298,47531769.690647796,40.702860930743974,38.84315237120121,2011.6075260205753,41.95012493133545,45.838061622160104,38.0621882405108,18.53599576729977,0.38874229242152375,0.0,0.0,40.35524991353353,41.74349988301596,38.96699994405111,6.8801455694460225,0.7628306093934915,0.0,0.0,37.560001373291016,45.025001525878906,41.29250144958496,17.794941409129788,0.47220330062011184,1.204830090567734,8.559432247382563,-0.9016183301978202,-0.7626136067090402,-0.13900472348878,40.58979161580404,42.380192243135895,40.778991012421635,41.680609342619455,0.7827543494052754,1.1190179443572486,-0.3362635949519731,-0.2542171283356702,28.61529095241025,0.039876747131344814,-66.3060292324767,-35.94404622325181,-30.361983009224893,39.857500076293945,41.29250144958496,40.57500076293945,41.29250144958496,0.007898109020510222,34.35793660218412,17.29641996758317,36.50320190178996,-43.35814204040126,43.01875019073486,41.55875015258789,28.000000000000004,92.0,-64.0,37.560001373291016,,0.0,0.0,46.194351950639216,1.0,0.7053021315553457,0.47453968228692905,-24.689087146621734,51.14611470948789,57.06190093331209,41.42494051187393,-42.93809906668791,-2.6632944443646593,-4.1805133220149076,-2.1631601466917454,-1.818269855261582,-0.3448902914301635,14.826000603967113,18.454968780551063,-3.6289681765839497,40.27340552926931,1.00177589377759,0.9967913805295936,107.9764243387304,6.841428051125874,-80064772.60220414
2018-02-14,40.7599983215332,41.8849983215332,40.720001220703125,41.842498779296875,39.67755126953125,162579600,0.7574996948242188,1,6944338403.426422,4616336400,-0.09049418203735096,19127744.169230163,0.3600769502094297,-0.06324060431914665,50529311.37566606,40.61563467250975,44.47929017351342,2011.6075260205753,41.80349979400635,45.469067568732946,38.13793201927975,17.537133459108865,0.505319637732443,0.0,0.0,40.31708323160807,41.773332850138345,38.8608336130778,7.2239829958164785,1.0237479647302279,1.0,0.0,37.560001373291016,45.025001525878906,41.29250144958496,17.857356894453602,0.5736768008666747,1.2008467915939685,8.49727125757848,-0.7499935608028068,-0.7600895975277936,0.010096036724986823,40.57749970753988,42.313076752882736,40.9426075919409,41.692601152743705,0.8377139859765925,1.0471424824707407,-0.2094284964941482,-0.2597018149723782,28.687167799028675,-0.06099948883056783,-68.29704580156155,-43.718070589547025,-24.578975212014527,39.72249984741211,41.29250144958496,40.507500648498535,41.29250144958496,50.00394905451026,33.6409116547736,20.532521539682634,33.728603149217975,-14.702748414492532,43.030625343322754,41.55875015258789,24.0,88.0,-64.0,37.705101318359375,,0.0,0.0,50.67259821040959,1.0,0.9399404094230244,0.6972589312263353,-19.944629088638017,60.59856737144476,78.72239865980676,60.622362423834865,-21.277601340193247,-2.425096006954419,-0.3512810032717001,-1.7988648826566467,-1.814388860740595,0.015523978083948231,11.714158037245683,17.106806631889988,-5.392648594644305,40.280129091561875,1.8437378890206801,1.826947113248023,111.81096447449397,7.227865676313698,15487061.912902266
2018-02-15,42.4474983215332,43.272499084472656,42.25,43.247501373291016,41.00986099243164,204588800,1.4050025939941406,1,7138923768.096138,4820925200,-0.0424182130207029,57459179.95964706,0.7290576539101943,-0.0017062577383982044,57399068.27566207,40.65824019632689,50.78713512607072,2011.6075260205753,41.72512493133545,45.191393775934905,38.258856086735996,16.614779945194588,0.719598725633684,0.0,0.0,40.41641667683919,41.92841618855794,38.90441716512044,7.482105718616102,1.4362055590988985,1.0,0.0,37.560001373291016,44.89500045776367,41.227500915527344,17.579334026065656,0.7753920531550956,1.2237621429521497,8.41834513201503,-0.5105723116327852,-0.710186140348792,0.19961382871600686,40.70291646321615,42.30019217271071,41.297206635225535,41.80777894685832,0.9113490032493229,0.9495312693406079,-0.038182266091285055,-0.2503654127372003,28.756620227133105,0.13237323760986186,-66.29492791848541,-50.24075782795551,-16.0541700905299,40.416250228881836,41.29250144958496,40.8543758392334,41.29250144958496,75.00197452725513,31.622641597112892,27.516777554405774,30.649085382129442,55.13146034582398,43.030625343322754,41.55875015258789,20.0,84.0,-64.0,37.955895138549806,,0.0,0.0,57.704233712533394,1.0,1.0,0.8817475136594567,-13.238445238992652,60.701177507392096,99.56240313002297,78.44890090771395,-0.437596869977035,-1.7794783872716522,3.60544063511362,-1.2212375890184728,-1.6957586063961707,0.4745210173776979,10.780757015072306,15.841596708526453,-5.060839693454147,40.33546090154005,3.3578362549641083,3.3026919761329765,118.92322983160769,8.109833754402331,53997907.51444632
2018-02-16,43.09000015258789,43.70500183105469,42.942501068115234,43.10749816894531,40.87710189819336,160704400,-0.14000320434570312,0,7047768833.170556,4660220800,-0.06388473543563945,46036564.11506125,0.26689258882036215,0.03380381933135839,56878827.10014878,40.69957853471167,57.09087679247216,2005.0954388343605,41.649749755859375,44.92147829985849,38.37802121186026,15.710675637559351,0.7227795481015205,0.0,0.0,40.67991663614909,42.10066630045573,39.25916697184245,6.985017580120263,1.354331200557046,1.0,0.0,37.560001373291016,44.86000061035156,41.21000099182129,17.527114280040944,0.7599311473199659,1.17763600495088,8.24849693393735,-0.3283414197621184,-0.6338171962314573,0.3054757764693389,40.80708312988281,42.28230755145733,41.57571302502858,41.904054444790695,1.0053834988183166,0.9187080177864525,0.08667548103186407,-0.23155639880110285,28.81626995836687,0.29524993896484375,-61.65569193574417,-54.93133059958208,-6.72436133616209,40.63250160217285,41.29250144958496,40.962501525878906,41.29250144958496,87.50098726362756,29.382391679877262,28.971684104757045,29.122230275442167,77.08479826014579,43.030625343322754,41.74749946594238,16.0,80.0,-64.0,38.38122345422364,,0.0,0.0,56.83481675467334,0.9762967977053423,0.9920989325684468,0.9773464473304906,-8.537877432048194,62.42296277302177,90.27658881042912,89.52046353341962,-9.723411189570886,-0.83364002003389,2.986322772934846,-0.7835552528567703,-1.5133179356882906,0.7297626828315203,8.184140803539734,14.31010552752911,-6.125964723989377,40.52222404224989,-0.3237255330366118,-0.32425065775512074,118.21451943889434,7.03713809026614,-8923567.57094559
2018-02-20,43.01250076293945,43.564998626708984,42.85499954223633,42.962501525878906,40.73960494995117,135722000,-0.14499664306640625,0,6953146560.03788,4524498800,-0.07831125013820599,36648592.90001553,-0.05950698861373665,0.04624928776484182,56422311.7553442,40.75545906276172,57.942144258984726,1998.3510876191885,41.58537483215332,44.696650184467416,38.474099479839225,14.963315179299496,0.7213122494447993,0.0,0.0,41.02291653951009,42.31766599019369,39.7281670888265,6.312322769331093,1.2490194281776916,1.0,0.0,37.560001373291016,44.86000061035156,41.21000099182129,17.554246574726733,0.7400685913993722,1.1308723129030578,8.044332144056934,-0.1933928301962382,-0.5457323230244135,0.35233949282817534,40.89187494913737,42.24932685265174,41.789065102082475,41.98245793227871,1.0407418896864347,0.8960479144317876,0.1446939752546471,-0.20734844552649317,28.79513463278505,-1.4603748321533203,-54.23826583313053,-57.89139600267841,3.653130169547886,40.63250160217285,41.29250144958496,40.962501525878906,41.29250144958496,93.75049363181378,27.376869223899764,27.593251987664697,28.323002327614553,77.09833166399198,43.030625343322754,41.98749923706055,12.0,76.0,-64.0,38.913601291906744,,0.0,0.0,55.8955215679934,0.9506884821290355,0.9756617599447921,0.9892535641710798,-5.211492233006392,65.76406035929071,87.91700162954916,92.58533119000042,-12.082998370450841,-0.24822091495289555,2.425800067845135,-0.46065151904206597,-1.3027846523590458,0.8421331333169799,4.977889037279957,12.44366222947928,-7.465773192199323,40.80670336371748,-0.3363606083056414,-0.3369275723191123,117.4805317538984,6.6996786929693,-12191278.002277136
2018-02-21,43.20750045776367,43.529998779296875,42.752498626708984,42.76750183105469,40.554691314697266,149886400,-0.19499969482421875,0,6809044792.440476,4374612400,-0.0866857718906014,27237679.30597035,-0.03566262988715994,0.034135603539870434,55742002.15464054,40.820575770976276,53.01188531043894,1998.3510876191885,41.5107500076294,44.427344176603555,38.59415583865524,14.052235473645295,0.7154485249943641,0.0,0.0,41.31833318074545,42.44783261617025,40.18883374532064,5.467303971260666,1.141509240668282,1.0,0.0,37.560001373291016,44.32500076293945,40.942501068115234,16.296981838210765,0.7697710166436976,1.0955350968715412,7.854199492110527,-0.1010155025713857,-0.456788958933808,0.3557734563624223,41.112083435058594,42.1914423429049,41.93959382961666,42.04060933218805,1.0106596048571965,0.9137911649444187,0.09686843991277783,-0.18100527801064126,28.58981895692978,-2.3882486343383817,-49.72139413041938,-59.319578906756405,9.598184776337028,40.63250160217285,41.29250144958496,40.962501525878906,41.29250144958496,96.87524681590689,25.606640649898395,26.127255875880927,27.518653292540705,79.03098567028472,43.15250015258789,42.635000228881836,8.0,72.0,-64.0,39.39274134582154,,0.0,0.0,54.58889171232912,0.915065399886332,0.9473502265735694,0.9717036396956029,-2.963030644104734,59.897292010954914,84.74369519670987,87.64576187889605,-15.256304803290137,0.20690400740679138,6.585674345307632,-0.24028077655393068,-1.0902838771980228,0.8500031006440921,2.9521870634434477,10.545367196272114,-7.593180132828666,40.919336335573114,-0.45388347488741765,-0.4549166534010052,116.49342355917018,6.466953437437233,20609123.379145324
2018-02-22,42.95000076293945,43.48749923706055,42.9275016784668,43.125,40.893699645996094,123967600,0.3574981689453125,1,6772518262.669359,4498580000,-0.07171991355645646,29677752.263481002,0.029927836723924215,0.035306387807457144,56778260.71806134,40.84888820819427,52.00274708756279,2015.055520287617,41.4892499923706,44.35107481154448,38.62742517319673,13.79550037515806,0.7857879344448466,0.0,0.0,41.619583257039395,42.696832784016934,40.542333730061856,5.17664735047695,1.1987316797364413,1.0,0.0,37.560001373291016,43.73749923706055,40.64875030517578,14.889393915063545,0.900849947572981,1.057981327784973,7.665814591202359,0.0010294428348558426,-0.36522527858007525,0.3662547214149311,41.44562498728434,42.155961550199066,42.12196400967564,42.12093456684078,1.0078877568766385,0.9111347092795028,0.09675304759713566,-0.15233641773166126,28.1743362090786,-0.7317502975463839,-42.30502109458877,-58.7463799852319,16.44135889064313,40.63250160217285,41.29250144958496,40.962501525878906,41.29250144958496,98.43762340795345,23.962856974039983,24.812584903887068,26.133970000734934,90.95637503060642,43.720624923706055,43.083749771118164,4.0,68.0,-64.0,39.823967394344855,,0.0,0.0,56.5922887411892,0.9696846761982053,0.9451461860711904,0.9560527241965174,-0.5017745352302708,55.8452072757545,90.56140296422751,87.74069993016218,-9.438597035772483,0.591029167175293,10.230681797461692,0.0024440170794934346,-0.8717382983425195,0.874182315422013,0.11705463221051454,8.459704683459796,-8.342650051249281,41.22062827061169,0.8359108052594433,0.8324364193052602,118.3031154793774,6.863752836770459,-7920813.112277776
2018-02-23,43.41749954223633,43.912498474121094,43.3849983215332,43.875,41.604888916015625,135249600,0.75,1,6888538849.746398,4633829600,-0.011514359978016638,39929101.940126576,0.17209541152992416,0.0842127044220121,59130427.67458307,41.021634638267855,61.114209515411716,2015.055520287617,41.54412498474121,44.541530389622174,38.546719579860245,14.429984533225266,0.8888154420925514,0.0,0.0,42.06549987792969,43.04624938964844,41.08475036621094,4.662963780603087,1.4225088059943,1.0,0.0,37.560001373291016,43.912498474121094,40.736249923706055,15.290963772045494,0.9940970497859505,1.030933042418585,7.137349799276162,0.14079651467353216,-0.2640209199293538,0.40481743460288594,41.705416679382324,42.121346106896034,42.391661854340924,42.25086533966739,1.1262231406033945,0.8554658764114227,0.27075726419197177,-0.11956010883290383,27.82673638205431,-1.6591266632080064,-30.895155670933228,-55.79930594007472,24.90415026914149,41.64499855041504,41.29250144958496,41.46875,41.29250144958496,99.21881170397673,22.498872423311244,26.443921802535275,24.671705552853705,115.78374004027522,43.72812461853027,43.083749771118164,0.0,64.0,-64.0,40.21207083801584,,0.0,0.0,60.526706015560094,1.0,0.9615833586948453,0.9513599237798686,2.845085039036925,58.508064030189125,99.40970497859504,91.5716010465108,-0.5902950214049502,0.7551466436947081,7.648899781680356,0.3332393633636298,-0.6307427660012896,0.9639821293649194,-1.6641307038146393,6.434937606004909,-8.099068309819549,42.08630302944213,1.7391304347825987,1.724180643450568,122.09969140075785,7.3777917360093,18776593.85986559
2018-02-26,44.087501525878906,44.84749984741211,44.0525016784668,44.74250030517578,42.427513122558594,152648800,0.8675003051757812,1,7000865408.138751,4786478400,-0.002639165466172356,53142498.88935375,0.41729392116242203,0.1564580588334621,62148612.98705526,41.3797835457516,70.20823487755449,2015.055520287617,41.637375068664554,44.89927646706041,38.3754736702687,15.668141389876894,0.9759685927413795,0.0,0.0,42.6490832010905,43.51808268229166,41.78008371988932,4.075114473639857,1.704498477485666,1.0,0.0,37.560001373291016,44.84749984741211,41.20375061035156,17.502300426247373,0.9855918265219271,1.0250897229179374,6.278298319353958,0.3178984156475053,-0.14763705281398198,0.4655354684614873,42.11020851135254,42.118557709913986,42.753329308315514,42.43543089266801,1.223390394388557,0.7544047216212321,0.46898567276732483,-0.08117532013952844,27.546809567307964,-2.84987659454346,-16.558653999816347,-50.696909513017346,34.138255513201,42.6299991607666,41.227500915527344,41.92875003814697,41.29250144958496,99.60940585198837,21.986043319885287,31.27126334676087,22.962976445603093,145.22008321419233,43.874375343322754,43.17250061035156,0.0,60.0,-60.0,40.65612215434847,,0.0,0.0,64.53124504460303,1.0,0.9898948920660678,0.9655414789440346,7.02736094036932,59.84951707250849,98.55918265219272,96.17676353167177,-1.440817347807288,0.9539994183708629,12.178769432265712,0.7491344118822929,-0.3547673304245732,1.1039017423068662,-2.243211605393918,4.699307763725144,-6.942519369119061,42.977019030419534,1.9772086727653182,1.957915794411047,126.49106576131865,7.751529079012187,34809972.354564965
2018-02-27,44.775001525878906,45.119998931884766,44.540000915527344,44.59749984741211,42.290008544921875,155712400,-0.14500045776367188,0,6876026550.560303,4630766000,-0.01272726762766946,42325232.00809179,0.1415422018170126,0.1837362119733213,61643983.85087647,41.739263423923006,69.0576379968854,2015.055520287617,41.76774997711182,45.27482980252344,38.2606701517002,16.793242764254508,0.9034339124243009,0.0,0.0,43.0900831858317,43.857582346598306,42.322584025065105,3.5623006688414076,1.4820314722394952,1.0,0.0,37.560001373291016,45.119998931884766,41.34000015258789,18.10008334836454,0.9308863421683634,0.9805805522618858,5.793904369660874,0.44146370421693604,-0.02981690140779837,0.4712806056247344,42.59437529246012,42.11788456256573,43.037047852791915,42.59558414857498,1.3165423934680658,0.7034087124082348,0.613133681059831,-0.041176246604292706,27.35932127726471,-2.6652490615844755,-3.642396109828995,-43.73428361050093,40.09188750067194,42.920000076293945,41.34000015258789,42.13000011444092,41.34000015258789,99.80470292599418,21.7342826264118,31.940395418742412,21.98501343396479,135.42444174819408,43.9012508392334,43.32000160217285,100.0,56.00000000000001,43.99999999999999,41.242915031377386,,0.0,0.0,63.37394930543884,0.9670976249429822,0.9890325416476603,0.9801702641361913,10.041174649772703,48.54877708971913,93.08863421683634,97.01917394920804,-6.911365783163657,1.2445436814252062,14.979056659628185,1.0364072075572301,-0.07653242282821252,1.1129396303854426,-2.5311192279741084,3.2532223653852936,-5.784341593359402,43.417017302748754,-0.3240776817894919,-0.3246039508299603,125.75705876593904,6.995249158488825,29500792.321424082
2018-02-28,44.814998626708984,45.154998779296875,44.51250076293945,44.529998779296875,42.225982666015625,151128400,-0.06750106811523438,0,6733129918.279255,4479637600,-0.08361694938991958,34821437.66085777,0.0015941871441259785,0.1616108356118087,61415241.691395566,42.06214641824758,61.90901042170461,2012.0056094092877,41.90712490081787,45.61492527357594,38.1993245280598,17.695322127363166,0.853696749392142,0.0,0.0,43.47383321126303,44.22808202107747,42.719584401448564,3.469897886156699,1.2001440070509877,1.0,0.0,37.560001373291016,45.154998779296875,41.357500076293945,18.123403655061132,0.9177089909858598,0.9467722986714394,5.055389749895377,0.5278584894947116,0.08171817677270363,0.44614031272200794,43.04666678110758,42.12865374638484,43.266732610715756,42.738874121221045,1.2373696115970025,0.686590652279125,0.5507789593178776,-0.0020562921507445734,27.134181115318135,-1.2296232223510728,6.778107959842204,-35.392599859233854,42.17070781907606,43.70249938964844,41.357500076293945,42.52999973297119,41.357500076293945,99.90235146299709,21.530244573710274,30.65944817636108,20.92202641429098,117.11906822332189,43.9012508392334,43.32000160217285,100.0,52.0,48.0,41.86324845545857,,0.0,0.0,62.809241470224684,0.9510427580985992,0.97271346101386,0.9838802982425294,12.325539392691942,47.65174445247345,91.77089909858597,94.47290532253834,-8.229100901414025,1.5455439062679517,13.880180900690952,1.2350781351832925,0.18578968877408847,1.049288446409204,-2.9573760295685942,2.011102686394516,-4.96847871596311,43.688624972207734,-0.15135617096515563,-0.15147083012800877,125.41536152610733,6.827965768088035,21294428.20717992
2018-03-01,44.6349983215332,44.94499969482422,43.165000915527344,43.75,41.486358642578125,195208000,-0.779998779296875,0,6666232681.87073,4284429600,-0.09797125867303053,8095232.036594607,-0.7101005587657958,0.15033504242180212,57995928.73646743,42.472342622511725,61.8860958764638,2012.0056094092877,42.001749992370605,45.795259335466156,38.208240649275055,18.06357755943322,0.7304264797464294,0.0,0.0,43.72091662089029,44.53666559855144,42.90516764322917,3.731618825536519,0.5178261817704526,0.0,0.0,37.560001373291016,45.154998779296875,41.357500076293945,18.082573719869888,0.8150099724608397,1.030094946733983,3.8714968742479647,0.5273091053724812,0.17083636249265916,0.35647274287982206,43.302708307902016,42.109038426325874,43.34108143983641,42.81377233446393,1.2101111990999511,0.6664431920984313,0.5436680070015198,0.031165468527567335,26.991116785220846,-0.9167509078979492,15.029956867078237,-26.35650154972678,41.38645841680501,43.95374870300293,41.357500076293945,42.65562438964844,41.357500076293945,99.95117573149854,20.127575532425737,26.794221518109023,27.828156492209043,75.77079092160703,43.9012508392334,43.32000160217285,96.0,48.0,48.0,42.45576351374946,,0.0,0.0,56.539716592335466,0.7539337329098252,0.8906913719838018,0.9508124582151075,12.516035337801359,48.536360310399914,81.50099724608397,88.78684352050209,-18.49900275391603,1.6961468191707851,7.553311277127113,1.231634300414149,0.3949586111021006,0.8366756893120484,-1.117958864563014,1.38529037620301,-2.5032492407660243,43.69419372074949,-1.751625422589309,-1.7671479116937228,121.46692874719443,6.008368483571694,66923601.063179955
2018-03-02,43.20000076293945,44.07500076293945,43.11249923706055,44.0525016784668,41.7732048034668,153816000,0.3025016784667969,1,6812857588.487089,4438245600,-0.06571090029769351,13585855.770659495,-0.2886267504965677,0.17743866301542405,59059462.409039974,43.030787503709874,64.57435731048886,2025.9172682419944,42.10712509155273,46.00414573127144,38.21010445183402,18.51002950804878,0.7495979322109112,0.0,0.0,43.80324999491374,44.612999216715494,42.99350077311198,3.6972106950775596,0.6539067138579362,0.0,0.0,37.560001373291016,45.154998779296875,41.357500076293945,18.037321212246617,0.8548390418200457,1.0233356046484754,2.336526640422456,0.5450006436686863,0.2456692187278646,0.29933142494082166,43.55000019073486,42.12817309452937,43.45053070731801,42.90553006364932,1.3066022369718482,0.6503413383177652,0.656260898654083,0.060315162787777724,26.75725321265749,-0.26462631225585653,21.914292027707116,-17.070947776009966,38.98523980371708,43.95374870300293,41.357500076293945,42.65562438964844,41.357500076293945,99.97558786574928,18.87609810122751,24.961691689214668,26.29797559638164,61.48541154620276,43.913750648498535,43.32000160217285,92.0,44.0,48.0,42.941625861548,,0.0,0.0,58.27905377095981,0.7007503580093655,0.8019089496725961,0.8884379275567528,13.17350886691514,56.29910070422958,80.91740248009788,84.72976627492261,-19.082597519902123,1.6896692388197962,7.222837191483973,1.2702340301126471,0.5700136949042099,0.7002203352084372,-1.6611849807289223,0.7759953048166235,-2.437180285545546,43.70764812943679,0.6914324079241085,0.6890529758635466,122.99822286538675,6.705370128315181,1749930.2613728344
2018-03-05,43.8025016784668,44.435001373291016,43.630001068115234,44.20500183105469,41.917816162109375,113605600,0.15250015258789062,1,6861545856.586755,4551851200,0.027286864505793783,14120000.85125655,0.3108956482446835,0.12196522553403118,59452740.217898384,43.39517742403895,62.72823933868967,2032.9305519549682,42.31112518310547,46.19889563724696,38.42335472896397,18.377060110393163,0.7435684758512099,0.0,0.0,43.88708343505859,44.70108261108398,43.0730842590332,3.709515931856791,0.6952817676968868,0.0,0.0,37.560001373291016,45.154998779296875,41.357500076293945,17.950355546296105,0.8749180681100742,1.001502074701206,1.5635849799507433,0.5648159562876103,0.30949856623981375,0.2553173900477965,43.74687544504801,42.18307700523963,43.56660318789289,43.00178723160528,1.2523312795605892,0.7313523570369356,0.5209789225236536,0.08604205413566467,26.61653466806096,0.9363761901855483,29.965251290062284,-7.715001428988545,37.68025271905083,43.95374870300293,41.357500076293945,42.65562438964844,41.357500076293945,99.98779393287464,17.715394696433872,26.108233195364004,24.771991084338794,68.25807982256171,43.74687576293945,43.32000160217285,88.0,40.0,48.0,43.165000915527344,,0.0,0.0,59.16628594461069,0.7074226766497108,0.7207022558563,0.8044341925042326,13.964425411874412,57.241345405688534,79.96843675043316,80.79561215887168,-20.03156324956685,1.6089266272152187,5.646180607470671,1.3134708872576444,0.7187051333748968,0.5947657538827475,-4.073080588978984,-0.193819873942498,-3.879260715036486,43.736334095747075,0.3461781891547666,0.3455803717399064,123.77019407514945,6.759867905329315,-21184105.49899918
2018-03-06,44.477500915527344,44.5625,44.032501220703125,44.16749954223633,41.882259368896484,95154000,-0.037502288818359375,0,6814866044.788517,4456697200,0.08927501989668642,11593073.188188162,0.1476021533809286,0.10593440179855337,59372014.222142056,43.59003724538219,62.2727083304896,2031.2058704585515,42.563375091552736,46.239786362206964,38.88696382089851,17.274998811754756,0.7181644452414778,0.0,0.0,43.9997501373291,44.795749282836915,43.20375099182129,3.6181984807795233,0.6053703423263159,0.0,0.0,37.560001373291016,45.154998779296875,41.357500076293945,17.843973579795335,0.8699803062105502,0.9543517451607728,1.1464868005026927,0.5709124892167807,0.3617813508352072,0.20913113838157354,43.82354195912679,42.23269242506761,43.6590487808688,43.08813629165202,1.2071290335738987,0.7330697538800416,0.4740592796938571,0.10800073822768447,26.414346457798004,0.5441230773925767,36.51335619480965,1.8666374960369037,34.64671869877275,44.041250228881836,41.357500076293945,42.69937515258789,41.357500076293945,99.99389696643732,16.770313627258172,26.02715143812069,23.79308274046787,69.77194456019708,43.71750068664551,43.32000160217285,84.0,36.0,48.0,43.11249923706055,,0.0,0.0,58.83493319669937,0.5889705599648337,0.6657145315413028,0.7294419123567332,14.531163272557372,52.172599245752515,77.73393955658312,79.5399262623714,-22.26606044341687,1.506654683281397,2.1272862933845444,1.3249876609942641,0.8399616388987703,0.48502602209549384,-7.001149539965268,-1.555285807147052,-5.445863732818216,43.76616551632043,-0.08483720679774986,-0.08487321392243175,123.58035369285018,6.624328845648009,-15267583.08661592
2018-03-07,43.73500061035156,43.962501525878906,43.567501068115234,43.75749969482422,41.49346160888672,126814000,-0.4099998474121094,0,6810049300.102529,4329883200,0.020730540289849008,2509245.497058534,-0.1658629745405597,0.06836726431641128,58194820.10455343,43.767484610357435,55.598783576814206,2031.2058704585515,42.713375091552734,46.32709192535684,39.09965825774863,16.92077400139132,0.644466853836518,0.0,0.0,44.074333572387694,44.832082748413086,43.3165843963623,3.4385054275675646,0.2909374977975178,0.0,0.0,37.560001373291016,45.154998779296875,41.357500076293945,17.78130946038936,0.8159974243878526,0.9189164180568049,1.1155366606723607,0.5364763093624063,0.39672034254064703,0.13975596682175928,43.877708752950035,42.30067311800443,43.674195075323475,43.13771876596107,1.1473881954315956,0.8111530327501206,0.336235162681475,0.12436525850419891,26.17894862901685,0.24912643432617188,40.74914267542072,11.094877914926847,29.654264760493874,44.13374900817871,41.357500076293945,42.74562454223633,41.357500076293945,99.99694848321866,15.772455372912605,24.830870926875974,26.261612759635415,46.41412454779827,43.3962516784668,43.32000160217285,80.0,32.0,48.0,43.48014915466309,,0.0,0.0,55.195525216553555,0.061015082038498716,0.4524694395510139,0.612962075649539,14.048394325989348,46.123750455995165,51.89329873622506,69.86522501441378,-48.10670126377494,1.3083461537080652,1.507861865078424,1.243636253166282,0.9206965617522727,0.32293969141400924,-7.6334712417541635,-2.7709228940684745,-4.8625483476856886,43.76575158523674,-0.9282840361384603,-0.9326194431830803,121.50489296157754,6.206018410012206,32301920.04930204
2018-03-08,43.869998931884766,44.279998779296875,43.76750183105469,44.23500061035156,41.94626235961914,95096400,0.47750091552734375,1,6888446424.573306,4424979600,0.09679949524446387,8637727.29224367,0.13944594858720433,0.026252142507626284,59232553.48466075,43.87226620480995,53.21089588410445,2053.371274550029,42.93087520599365,46.35620000359265,39.505550408394654,15.95739560939946,0.6903652181060387,0.0,0.0,44.16575024922689,44.91874936421712,43.41275113423665,3.4098780649759983,0.5459830295587899,0.0,0.0,37.560001373291016,45.154998779296875,41.357500076293945,17.691224251923728,0.878867875818126,0.8792746846983901,1.1559928206512815,0.5414739473606005,0.4256710635046378,0.11580288385596271,43.983750343322754,42.396538514357346,43.760472849943184,43.218998902582584,1.0757679512429716,0.8619148311748903,0.21385312006808133,0.1382209737759837,25.99236789766999,-0.16337337493896342,45.47355933507224,19.580290693371897,25.89326864170034,44.13374900817871,41.357500076293945,42.74562454223633,41.357500076293945,99.99847424160933,14.803908320836213,26.31580505662288,25.17638754685195,58.1840279014129,43.10000038146973,43.10000038146973,76.0,28.000000000000004,48.0,,45.154998779296875,0.0,1.0,58.4213519668168,0.38546812071616054,0.3451512542398305,0.4877784084440491,14.49869361184028,49.32823295669654,61.706634317824204,63.77795753687746,-38.293365682175796,1.3247432259952348,2.9618831289564302,1.2528609202196128,0.9871294334457408,0.26573148677387204,-9.865143098831924,-4.189766935021164,-5.67537616381076,43.791015315450394,1.0912436013427618,1.0853325024679616,123.9220509326819,6.899040013368413,-12011510.935935855
2018-03-09,44.4900016784668,45.0,44.34749984741211,44.994998931884766,42.666927337646484,128740800,0.7599983215332031,1,7015213764.467722,4553720400,0.2079408887911568,21381307.952329114,0.3294409000667031,0.03071987902522207,61444439.786521584,43.9855599576766,52.55154085138315,2053.371274550029,43.24125022888184,46.202014750492424,40.280485707271254,13.694167055479916,0.7961648402300041,0.0,0.0,44.271416982014976,45.03691609700521,43.50591786702474,3.4582092337420067,0.9726210231340504,0.0,0.0,37.560001373291016,45.154998779296875,41.357500076293945,17.564241010156973,0.9789335217829584,0.867847155193395,1.152750542919674,0.5998454791639816,0.46050594663650657,0.139339532527475,44.16937510172526,42.51721162062425,43.95039993947265,43.35055446030867,1.0555804245449973,0.8381899676938718,0.21739045685112557,0.15300475329699198,25.874306556240448,-0.11625022888183878,49.60123332954254,26.931389285522886,22.66984404401965,44.13374900817871,41.357500076293945,42.74562454223633,41.357500076293945,99.99923712080466,14.647865129411787,30.46332262623888,23.636323955445455,92.03016774252725,43.06750011444092,43.10000038146973,72.0,24.0,48.0,,45.12724884033203,0.0,0.0,62.988821603589926,0.8448633447771129,0.43044884917725684,0.40935651432270054,16.223363165046948,57.7191341971923,93.34027732569494,68.9800701265814,-6.659722674305058,1.5392726449405458,5.208387222684655,1.383708897456419,1.0664453262478766,0.3172635712085423,-9.661254931160169,-5.284064534248965,-4.377190396911204,43.856444579834836,1.7180927117594669,1.703500401409741,127.7692393697786,7.445024038677239,37817664.168442935
2018-03-12,45.0724983215332,45.59749984741211,45.0525016784668,45.43000030517578,43.079437255859375,128828400,0.4350013732910156,1,7064854015.748625,4682548800,0.17678981141919786,26332625.518979855,0.27550642164794426,0.05464940832962785,62689923.33467591,44.13957188510261,59.5041021124669,2053.371274550029,43.557625198364256,45.98621126245685,41.129039134271665,11.151140830257173,0.8854866694854219,0.0,0.0,44.35266698201498,45.09316609700521,43.612167867024745,3.339141320590732,1.2274372793646182,1.0,0.0,39.377498626708984,45.59749984741211,42.48749923706055,14.279936503371879,0.9730708184302586,0.8413125312267897,1.1392163978298773,0.673443279111055,0.5030934131314163,0.17034986597963864,44.36145846048991,42.65125010563777,44.17803076496544,43.50458748585439,1.1226522625950741,0.7741576149166809,0.3484946476783932,0.16943654220774518,25.49033620543086,0.3173748016357436,52.318116186018116,33.149223985061454,19.168892200956662,44.35499954223633,41.57875061035156,42.966875076293945,41.57875061035156,99.99961856040233,15.045022610935819,33.852214067445324,22.470483907564788,126.62831170972534,43.05875015258789,43.10000038146973,100.0,20.0,80.0,43.76750183105469,,1.0,0.0,65.33600283590329,1.0,0.7434438218310907,0.5063479750827261,18.38637939676811,65.54182557081597,94.11249664789487,83.05313609713801,-5.887503352105122,1.7675519606646333,5.344928243885869,1.5479822198751487,1.162752704973331,0.38522951490181767,-9.397354245208996,-6.1067224764409715,-3.2906317687680247,43.907744140732525,0.9667771610563536,0.9621337741426927,129.97126035591742,7.432898715398714,23281364.51336077
2018-03-13,45.647499084472656,45.875,44.810001373291016,44.99250030517578,42.664554595947266,126774000,-0.4375,0,6981528183.681486,4555774800,0.10036181937743849,14647446.873411305,0.014701275272895263,0.05824683012677465,61469064.32900953,44.30211020078298,60.01357693973173,2033.5968980019113,43.77337512969971,45.88633257263979,41.66041768675963,9.654075961378005,0.7884878679287829,0.0,0.0,44.400000381469724,45.188999557495116,43.61100120544434,3.554050311921511,0.8754756289422211,0.0,0.0,40.412498474121094,45.875,43.14374923706055,12.479050358108358,0.8384440369227675,0.8636811407750091,1.1296316891601101,0.6885305209030861,0.5401808346857503,0.1483496862173358,44.454583485921226,42.83846165583684,44.30333377115165,43.61480325024856,1.1071902494414247,0.7523163331481232,0.35487391629330156,0.18388348075976754,25.037948126456932,0.9691251754760728,53.295325602371555,38.31780372312027,14.977521879251285,44.49374961853027,41.71750068664551,43.10562515258789,41.71750068664551,99.99980928020116,15.651074821619067,33.18306587409757,20.541749269883848,118.09251685804527,42.48375129699707,42.525001525878906,100.0,16.0,84.0,43.80410179138184,,0.0,0.0,61.13660389716513,0.5858775990269927,0.8102469812680346,0.6613798840921276,19.02873484337914,55.6573628580462,70.05936565333927,85.83737987564302,-29.94063434666073,1.9527284622192411,2.547009242565883,1.578662448509755,1.245934653680616,0.33272779482913895,-9.21353072105853,-6.728084125364484,-2.4854465956940466,43.92500269696946,-0.9630200243475606,-0.9676870492771439,127.75659106844546,6.652068501573645,19102908.55750543
2018-03-14,45.08000183105469,45.130001068115234,44.45249938964844,44.61000061035156,42.3018684387207,117473600,-0.38249969482421875,0,6918673593.459475,4438301200,0.04444429424269762,6135866.441509358,-0.31792088638679483,0.033400492761723286,60470373.08391032,44.40309299215074,53.659132705256845,2016.3084568704962,43.949625205993655,45.69170674397241,42.2075436680149,7.927628642171802,0.6895363075611564,0.0,0.0,44.399833806355794,45.19233334859213,43.60733426411947,3.5698311200565014,0.6325974292696113,0.0,0.0,40.720001220703125,45.875,43.29750061035156,11.729335017386813,0.7546072377885259,0.8450631945441879,1.225987806681369,0.6619917116555598,0.5645430100797122,0.09744870157584762,44.443541844685875,43.049519318800705,44.350513284874715,43.688521573219155,1.0746066475940113,0.8277623680900894,0.24684427950392185,0.1942394936672912,24.451016451767224,0.6478746414184542,54.38934767270342,42.69106936818974,11.698278304513686,44.49374961853027,41.71750068664551,43.10562515258789,41.71750068664551,99.99990464010058,15.73204829695787,31.340143484338878,22.33151479183638,73.35042597649924,41.83750057220459,42.01250076293945,96.0,12.0,84.0,43.88693771972657,,0.0,0.0,57.647963075337216,0.24184638543099768,0.6092413281526629,0.7209773770839295,18.566180713317074,50.96530511181366,54.20817953721003,72.7933472794814,-45.79182046278997,2.1291914771584928,-0.29613833362122427,1.51525317822006,1.2997983585885047,0.21545481963155533,-9.530591318691604,-7.288585564029908,-2.2420057546616956,43.92896493174614,-0.8501410062339176,-0.8537753173917029,125.82033889337212,6.406291398477684,10261483.827732414
2018-03-15,44.625,45.060001373291016,44.51750183105469,44.662498474121094,42.35163879394531,90975200,0.05249786376953125,1,6876329212.751663,4529276400,-0.02480191443254443,5941600.329294573,-0.0014899707237175479,0.021001536886463164,60577434.36144139,44.47027805349477,52.610889633994475,2018.6812855016974,44.09062519073486,45.563365970995825,42.6178844104739,6.680516658087411,0.69415272906509,0.0,0.0,44.47916717529297,45.14791679382324,43.810417556762694,3.007024011464618,0.6370702081528188,0.0,0.0,42.25,45.875,44.0625,8.221702423856199,0.6655168204471983,0.8148068293134019,1.3064885563591024,0.637842995974232,0.5792030072586162,0.05863998871561582,44.44895839691162,43.19971157954289,44.398511006297234,43.760668010323,1.0642678918824848,0.8922837231883327,0.17198416869415212,0.20125497893543426,24.019966904473293,0.43937358856201314,55.6494354675826,46.43941863928701,9.210016828295586,44.72125053405762,41.71750068664551,43.21937561035156,41.71750068664551,99.99995232005028,15.807237952629619,29.90779524107316,21.310890684051635,69.18970369114662,41.44062519073486,41.76250076293945,92.0,8.0,84.0,43.966460210937505,,0.0,0.0,58.002186154732854,0.276777982609391,0.3681673223557933,0.5958852105921637,18.28310474624115,50.16577971842556,56.108554171447985,60.1253664539991,-43.891445828552015,2.235022556080537,0.1457450012475444,1.4575714333788663,1.331352973546577,0.1262184598322893,-11.335035466195537,-8.097875544463035,-3.237159921732502,43.96573644673918,0.11768182705953478,0.11761263627545482,126.08608839405386,6.660865642546376,-10751285.978877306
2018-03-16,44.662498474121094,44.779998779296875,44.404998779296875,44.505001068115234,42.20228576660156,157618800,-0.15749740600585938,0,6802775696.80928,4371657600,-0.12472451041104374,1546435.6911444422,-0.04669164374966134,-0.012140289178685648,60021608.93774413,44.47184546994551,44.14263580920367,2018.6812855016974,44.153500175476076,45.58364781479922,42.72335253615293,6.4780714264527735,0.6228897223525522,0.0,0.0,44.56083374023437,45.17083320617676,43.95083427429199,2.737827884901577,0.4542354745894032,0.0,0.0,42.752498626708984,45.875,44.31374931335449,7.071922635536216,0.561249534234526,0.7708261463820617,1.4152856128831786,0.5990903003490828,0.5831804658767096,0.015909834472373263,44.44687525431315,43.37740399287297,44.41489409273077,43.815803792381686,1.0102865478354226,0.9925841506342805,0.017702397201142084,0.2046077138293125,23.59035003768148,-0.40350017547607564,53.9457697220474,49.10392068728535,4.841849034762049,44.72125053405762,41.71750068664551,43.21937561035156,41.71750068664551,99.99997616002514,15.714068355787711,28.92374178696619,21.596814430395845,43.276276764175364,41.25625038146973,41.76250076293945,88.0,4.0,84.0,44.04280180250001,,0.0,0.0,56.47608407279589,0.12628190745165846,0.21496875849734853,0.39745913633526836,17.631004028107306,49.585700217541934,50.40729218018346,53.574675296280496,-49.59270781981654,2.1648017658906795,-0.05613678838289727,1.3672927311520586,1.3385409250676734,0.028751806084385212,-8.55242225207844,-8.188784885986117,-0.36363736609232333,43.97739277395888,-0.35263904032847293,-0.3532622774085059,125.28882058162489,6.508837101543243,71627937.54987499
2018-03-19,44.33000183105469,44.36750030517578,43.415000915527344,43.82500076293945,41.557472229003906,133787200,-0.6800003051757812,0,6784164909.900609,4237870400,-0.09879439770267738,-11670960.38310666,-0.49925437778239967,-0.05791147343578652,57977449.076038375,44.40334376289373,36.0982359325622,1987.8374734075721,44.18937530517578,45.5469218067041,42.83182880364746,6.144221284654879,0.3657966626461356,0.0,0.0,44.5387503306071,45.16349970499674,43.91400095621744,2.805419414564575,-0.0712287174076315,0.0,1.0,42.752498626708984,45.875,44.31374931335449,7.066181297487782,0.3434753129027726,0.8027435470026447,1.6991357216029523,0.5076562233028312,0.5680756173619339,-0.06041939405910268,44.45312531789144,43.57115408090445,44.32414127276287,43.81648504946004,0.8692967901884273,1.0428833415648688,-0.17358655137644152,0.20186732895211287,23.249268203157794,-0.13687362670898295,49.9317382852871,50.59485203067174,-0.663113745384635,44.64500045776367,41.71750068664551,43.18125057220459,41.71750068664551,49.99998808001257,14.8335197292932,26.222923453272546,28.061194069621102,-41.17994615247786,41.14125061035156,41.76250076293945,84.0,0.0,84.0,,45.875,0.0,1.0,50.3200543356811,0.0,0.13435329668701598,0.2391631258467194,15.272841964076628,45.410403965794714,25.79190331592037,44.102583222517275,-74.20809668407963,1.8269488166360262,0.17143031529017858,1.158596411213243,1.3025520222967875,-0.1439556110835445,-7.72592139248444,-8.096212187285781,0.37029079480134097,43.97503976833885,-1.52791886047825,-1.539711819471723,121.84659020140924,5.9208458686432195,14690226.93781361
2018-03-20,43.810001373291016,44.20000076293945,43.73500061035156,43.810001373291016,41.54325485229492,78597600,-0.0149993896484375,0,6730921624.011703,4159272800,-0.0851083450996564,-10172096.903781714,0.04511117020306329,-0.05480311750300528,57950548.539648,44.35276822620796,42.10982337221324,1987.1571231896066,44.231750297546384,45.482146637061035,42.98135395803173,5.653840651130702,0.33135390318757946,0.0,0.0,44.50483373006185,45.1230832417806,43.886584218343096,2.7783476979991053,-0.06193522485701405,0.0,1.0,42.752498626708984,45.875,44.31374931335449,7.059411739951487,0.33867166740985527,0.7689692075611693,1.9440221205647887,0.4290380495390522,0.5402681037973576,-0.11123005425830534,44.43291695912679,43.752211790818436,44.24504282669028,43.81600477715123,0.8993733387533358,1.0623696519488128,-0.16299631319547703,0.19472129865731203,22.91784670147241,-0.026748466491696377,47.22374001348662,51.31425173490128,-4.090511721414664,44.64500045776367,42.62624931335449,43.63562488555908,41.71750068664551,24.999994040006285,14.015867433262581,25.144248064463547,26.90690173919385,-43.482858682956994,40.57500076293945,41.29250144958496,80.0,0.0,80.0,,45.825800018310545,0.0,0.0,50.19009624431495,0.0,0.0420939691505523,0.13047200811163906,13.298279849809393,39.34161554879184,25.248939134709524,33.81604487693779,-74.75106086529047,1.4796325907987722,-0.550480213236828,0.979181127355507,1.2378778433085316,-0.25869671595302457,-10.419969874646114,-8.560963724757848,-1.8590061498882662,43.97262128350085,-0.03422564606346823,-0.03423150437442679,121.77066177264302,6.300394829233213,-34089442.22136612
2018-03-21,43.7599983215332,43.772499084472656,42.814998626708984,42.817501068115234,40.60211181640625,148219600,-0.9925003051757812,0,6583476772.18284,4011053200,-0.08644387106449725,-29734368.52224607,-0.4352445200594087,-0.03517054330969192,54592685.18375417,44.29229977426061,43.33591925719114,1987.1571231896066,44.23425025939942,45.47307287337578,42.99542764542306,5.601191866988276,-0.07181277420207696,0.0,1.0,44.4420836130778,45.11658312479655,43.76758410135905,3.0354090397339863,-0.7042874136578885,0.0,1.0,42.814998626708984,45.875,44.34499931335449,6.917719539376142,0.0008177909422173354,0.7915725614632555,2.4062109950563357,0.28337947823387566,0.48889037868466123,-0.20551090045078557,44.3172918955485,43.83451945965107,44.02542101767873,43.742041539444855,0.930481516034318,1.0852713976919128,-0.15478988165759489,0.18007521266887222,22.81949706383299,-0.06675071716308878,43.589923779024744,51.104958895340445,-7.515035116315701,44.34499931335449,43.14374923706055,43.74437427520752,41.71750068664551,12.499997020003143,14.251164093162354,22.96717451826741,32.582904717152935,-146.36197712753045,40.57500076293945,41.29250144958496,76.0,0.0,76.0,,45.77758403625488,0.0,0.0,42.388977191159796,0.0,0.0,0.05881575527918954,9.058079504710786,32.803701662858245,0.08177909422173354,17.04087384828388,-99.91822090577827,1.1381838293636548,-3.1387868011911553,0.6478423691732248,1.1198707484814703,-0.4720283793082455,-8.091531133525223,-8.467077206511323,0.37554607298610065,43.929393173955766,-2.265465131395461,-2.2915210702175948,116.74652475851883,5.4057170808922805,66006024.90723576
2018-03-22,42.5,43.16999816894531,42.150001525878906,42.212501525878906,40.02841567993164,165963200,-0.6049995422363281,0,6437852266.570729,3845090000,-0.12622181938806873,-39830553.02307894,-0.38949710591802855,-0.042375568696939134,52247670.70314856,44.16831008898408,43.1484407998533,1987.1571231896066,44.18862533569336,45.636990377714646,42.74026029367207,6.555374968188341,-0.18219121301652136,0.0,1.0,44.28375027974447,45.00899976094564,43.5585007985433,3.2754654997361534,-0.9279560396479879,0.0,1.0,42.150001525878906,45.875,44.01250076293945,8.429767719233,0.016778530362954513,0.8144149696235706,3.0336088644248873,0.1177680474518894,0.4146659124381069,-0.2968978649862175,44.15437539418539,43.877884938166694,43.7465103266326,43.62874227918071,0.8699644935214619,1.0581803185832919,-0.18821582506183,0.15799247129150926,22.832325821780877,-0.4311256408691406,39.28879717382176,49.95913265581592,-10.670335481994158,44.01250076293945,43.29750061035156,43.65500068664551,41.71750068664551,6.249998510001571,15.065423294684505,20.963372769403907,35.42827844293172,-209.78175133086438,40.57500076293945,41.29250144958496,72.0,0.0,72.0,,45.659080619873045,0.0,0.0,38.464284833020514,0.0,0.0,0.014031323050184211,4.133090634918123,28.424197431499344,1.6778530362954513,9.002857088408907,-98.32214696370455,0.6907422682818236,-4.426327133343611,0.2699322540592406,0.9498830495970244,-0.6799507955377838,-5.118166930424058,-7.797295151293871,2.6791282208698126,43.73774754835622,-1.4129725629570933,-1.4230500610903807,113.68395583251795,5.394598381061975,51816564.97097896
2018-03-23,42.09749984741211,42.47999954223633,41.23500061035156,41.23500061035156,39.10148620605469,164115200,-0.9775009155273438,0,6273737066.570729,3680974800,-0.22937992502255708,-57058010.91291811,-0.608786607139304,-0.10806715836722394,48447309.37763924,43.9382985545681,35.644293669207,1941.1411839062243,44.05662536621094,45.99393612098629,42.119314611435584,8.794639801264337,-0.22823235738103484,0.0,1.0,43.97066701253255,44.75516637166341,43.18616765340169,3.568285006489713,-1.243574657098389,0.0,1.0,41.23500061035156,45.875,43.55500030517578,10.531899234404522,0.0,0.8574733658496901,3.8974560430037686,-0.09130386505415089,0.31347195693965535,-0.40477582199380624,43.944167137145996,43.854519623976486,43.360124216435516,43.45142808148967,0.7389222884559465,1.1557887467287002,-0.4168664582727537,0.12720428151157054,22.97712416578822,0.178375244140625,31.64068572679867,47.66164038256932,-16.020954655770648,43.55500030517578,43.55500030517578,43.55500030517578,41.71750068664551,3.1249992550007857,16.51206670389902,18.80656437324794,39.34466686894812,-254.07544092889384,40.507500648498535,41.29250144958496,68.0,100.0,-32.0,,45.4485358742334,0.0,0.0,33.12741044704423,0.0,0.0,0.0,-2.087297404937453,23.037580700379802,0.0,0.5865440435057331,-100.0,0.11447785321404069,-5.764723994892756,-0.21012857133928445,0.7178807254097628,-0.9280092967490472,-2.8939333174661295,-6.816622784528323,3.9226894670621935,43.00069573612839,-2.3156668763827604,-2.342899677214394,108.73574724715995,4.907969522959526,34739202.845194206
2018-03-26,42.01750183105469,43.275001525878906,41.61000061035156,43.192501068115234,40.957698822021484,150164800,1.9575004577636719,1,6409020595.786483,3831139600,-0.22101961135470383,-6914342.9625026435,0.6486388201275202,-0.07227882502818171,55575905.482623845,43.818546290503534,37.42627703670122,2033.2906855392243,43.97912540435791,45.92448019419735,42.03377061451847,8.846718855608147,0.29781982691506936,0.0,0.0,43.70391705830892,44.60041669209798,42.807417424519855,4.10260541448937,0.21477066419303517,0.0,0.0,41.23500061035156,45.875,43.55500030517578,10.550458534558892,0.4218751541499637,0.9757261208174555,4.099371929478653,-0.09791226295033084,0.23119511296165815,-0.329107375911989,43.85729217529297,43.85240422762357,43.33433603977086,43.43224830272119,0.7382332212067347,1.0493543452605276,-0.3111211240537929,0.10053112268042531,23.30616680993039,1.015873527526857,26.599361681357962,44.69542216912336,-18.0960604877654,43.1825008392334,43.55500030517578,43.36875057220459,41.71750068664551,1.5624996275003928,16.80694684008571,21.904862875220573,33.29919493628806,-126.862540253878,40.8543758392334,41.29250144958496,64.0,96.0,-32.0,,45.11145305312285,0.0,0.0,48.52888432991654,0.47817904293761315,0.1593930143125372,0.05313100477084584,-2.3097943072300753,39.393393019710295,42.18751541499637,14.621789483763946,-57.81248458500363,-0.24755148046157416,-2.3567300279235663,-0.2254367820608455,0.5292172239156412,-0.7546540059764867,-1.947660926899391,-5.842830413002537,3.8951694861031463,43.0157147746577,4.747181832882674,4.63794687088801,118.64481271920906,7.566016805694545,17336285.368322924
2018-03-27,43.41999816894531,43.787498474121094,41.72999954223633,42.084999084472656,39.90749740600586,163690400,-1.1075019836425781,0,6301816268.433188,3667449200,-0.21379717011155475,-31824785.78260899,0.3975063894347869,-0.0320381561727998,51378708.325243354,43.70874712719987,36.77241338318971,2033.2906855392243,43.85350036621094,45.94212291954255,41.76487781287933,9.525454232341698,0.07663454344172826,0.0,0.0,43.43475023905436,44.430499903361,42.43900057474772,4.585036906284827,-0.17775626895217947,0.0,1.0,41.23500061035156,45.875,43.55500030517578,10.580681931660695,0.1831893504161638,1.0839034019241864,4.508997431759533,-0.19032170999204112,0.1468917483709183,-0.33721345836295946,43.61479218800863,43.81307733975924,43.14213035434037,43.33245206433241,0.8148551774907746,0.9766017693397746,-0.16174659184899998,0.07256936629472467,23.793743080379713,1.5764999389648438,20.076517206320304,40.882885450636344,-20.80636824431604,43.14750099182129,43.55500030517578,43.351250648498535,41.71750068664551,0.7812498137501964,16.477298803001457,22.33448694190936,28.53662952750175,-123.93449814070094,40.962501525878906,41.29250144958496,60.0,92.0,-32.0,,44.801336857701145,0.0,0.0,42.55698692034073,0.2927658669292914,0.256981636622301,0.13879155031161283,-4.771094347573617,35.53718755646683,18.31893504161638,20.168816818870923,-81.68106495838362,-0.5788238413193696,-6.467385079433792,-0.43921287839766116,0.3355312034529807,-0.7747440818506419,-0.43017375268590363,-4.760299080939211,4.330125328253307,42.92204561759318,-2.56410709325684,-2.597553288668708,113.0385255672377,5.593937418872287,36422961.19519961
2018-03-28,41.8125,42.505001068115234,41.29750061035156,41.619998931884766,39.466556549072266,166674000,-0.4650001525878906,0,6224172603.614635,3500775200,-0.1884108204800785,-38350307.16115543,-0.6212303247854947,-0.08637217569942116,49537115.42709763,43.524766962540724,30.538848079056606,2033.2906855392243,43.708000373840335,45.98480490871195,41.43119583896872,10.418250733951698,0.04146229727329068,0.0,0.0,43.14241689046224,44.191166432698566,42.09366734822591,4.861802457192346,-0.22582532686073997,0.0,1.0,41.23500061035156,45.875,43.55500030517578,10.615904067818034,0.08297378710697925,1.0962631075081348,5.026232333148435,-0.2976473948039029,0.05798391973595408,-0.35563131453985697,43.29729207356771,43.76144262460562,42.9079562893472,43.2056036841511,0.7798190839764638,1.0915354834952147,-0.31171639951875085,0.04271735085868458,24.200052055008918,1.2844999313354464,13.665280803467988,36.21797937684584,-22.552698573377853,43.00749969482422,43.55500030517578,43.28125,41.71750068664551,0.3906249068750982,16.546494766761267,20.482951126796607,29.140232779538454,-157.15600004286458,40.962501525878906,41.29250144958496,56.00000000000001,88.0,-31.999999999999993,,44.516029957913176,0.0,0.0,40.31383145959896,0.22312123814018373,0.3313553826690289,0.2492433445346225,-7.481822102280655,33.34981975588759,8.297378710697926,22.9346097224369,-91.70262128930207,-0.9041617000804223,-8.38653169204788,-0.6889092372827728,0.13064311530583003,-0.8195523525886028,0.9016066902364542,-3.627917926704078,4.529524616940532,42.78758557827925,-1.1049071229740193,-1.1110565607316047,110.68464772356643,5.613091441648265,32250814.348284245
2018-03-29,41.95249938964844,42.9375,41.724998474121094,41.94499969482422,39.77475357055664,153594000,0.3250007629394531,1,6126316046.86145,3654369200,-0.2029988595001221,-25740525.112001464,0.33944927112445955,-0.08565729205243855,50736494.77510336,43.3373517040762,31.129195373459083,2049.168173310414,43.617750358581546,46.02036146196842,41.21513925519467,11.01666676357679,0.1518890091285871,0.0,0.0,42.888000106811525,44.00374984741211,41.77225036621094,5.203085887995881,0.0774140124470435,0.0,0.0,41.23500061035156,45.875,43.55500030517578,10.637869563430026,0.15301706419544406,1.1183869035688447,5.428289696035545,-0.35241648990859176,-0.024096162192955094,-0.3283203277156367,43.04333368937174,43.729807927058296,42.75980912095904,43.11222561086763,0.778230639698748,1.0989794517579654,-0.32074881205921746,0.014259061616124778,24.579557895652936,0.9922502517700167,7.489246138766381,31.056143423147944,-23.56689728438156,42.80125045776367,43.55500030517578,43.17812538146973,41.71750068664551,0.1953124534375491,16.102889117576613,21.578674067211942,26.55363731828551,-106.71498219133831,40.962501525878906,41.29250144958496,52.0,84.0,-32.0,,44.25354761010825,0.0,0.0,42.59145029325555,0.29383587248863846,0.2699076591860374,0.2860815594924559,-8.809297907426384,32.02291249683608,15.301706419544407,13.972673390619576,-84.6982935804556,-1.0530735689051056,-6.773352424695074,-0.8174397979114197,-0.058973467337619934,-0.7584663305737998,1.208074842489529,-2.660719372865357,3.868794215354886,42.717108985826144,0.7808764326768802,0.7778433720660782,112.32983448490805,6.293280215987863,15441170.949333996
2018-04-02,41.65999984741211,42.23500061035156,41.11750030517578,41.66999816894531,39.513973236083984,150347200,-0.27500152587890625,0,6124633695.432859,3504022000,-0.25909761453781227,-27969837.154804267,-0.4868473345390017,-0.14011113178007756,49750782.30132969,43.077884615191635,24.081295054757064,2035.733332958934,43.49862518310547,46.03569492215626,40.961555444054675,11.665057129374153,0.13961829940782222,0.0,0.0,42.599083455403644,43.78908322652181,41.409083684285484,5.586973590002032,0.10962795581660677,0.0,0.0,41.11750030517578,45.875,43.49625015258789,10.937126575375066,0.1161319809164896,1.1182982437295383,5.775938158673374,-0.4132480509307044,-0.10192653994050496,-0.31132151099019945,42.798333485921226,43.67384631817158,42.592145897572316,43.00539394850302,0.7032529100385833,1.1779491696295443,-0.47469625959096107,-0.013319689532445484,24.92660289475207,1.1638732910156264,0.13455141153397576,25.523122659397597,-25.38857124786362,42.65875053405762,43.49625015258789,43.077500343322754,41.71750068664551,0.09765622671877455,16.228265861674533,19.960282744561102,28.639270427234038,-121.7797236194655,40.962501525878906,41.29250144958496,48.0,100.0,-52.0,,44.01206385012772,0.0,0.0,41.16018522692572,0.28679064944109695,0.2679159200233059,0.2897263206261242,-10.32495515479561,35.02583258348712,11.61319809164896,11.737427740630435,-88.38680190835105,-1.1822646645938661,-6.590455954228422,-0.9609214402861881,-0.2393630619273336,-0.7215583783588545,1.257178980495541,-1.8771397021931775,3.1343186826887184,42.62585750477436,-0.6556240979370909,-0.6577827530076075,110.93774892291508,5.948941389469972,18300696.578621194
2018-04-03,41.90999984741211,42.1875,41.220001220703125,42.09749984741211,39.91935729980469,121112000,0.4275016784667969,1,6223213163.685076,3625134000,-0.23963772629708238,-16577634.235193558,0.021968396244188833,-0.13959205171069947,50993296.95353949,42.86241029803356,30.296085842257412,2056.618369075862,43.39325008392334,45.978814637789185,40.8076855300575,11.916897438497069,0.24942605192860637,0.0,0.0,42.395666758219406,43.587166468302414,41.2041670481364,5.6208560977614885,0.3748774723635795,0.0,0.0,41.11750030517578,45.875,43.49625015258789,10.963686024031679,0.20599045824479814,1.103218297286272,5.970857260663802,-0.4220960283674131,-0.1659604376258866,-0.2561355907415265,42.584583600362144,43.605480927687424,42.51604650523998,42.93814253360739,0.7241603628800882,1.200595160892282,-0.4764347980121938,-0.037192201260967755,25.180484280707816,1.111750984191893,-5.372501962186127,19.67909577321174,-25.051597735397866,42.45249938964844,43.49625015258789,42.974374771118164,41.71750068664551,0.048828113359387276,16.344687124051173,18.65573884516571,26.76749406028035,-97.47543668290682,41.46875,41.29250144958496,44.0,96.0,-52.0,,43.72260749563252,0.0,0.0,44.29409358025087,0.4489159325265835,0.3431808181521058,0.29366813245381646,-10.57057505798319,41.606261397982955,24.42365996008948,17.11285482376095,-75.57634003991052,-1.3749780318316311,-5.743070169249999,-0.9830328082707384,-0.3880970111960146,-0.5949357970747238,-0.3144919671928343,-1.564610155193109,1.2501181880002747,42.602545484793794,1.0259219996447966,1.0206951385132168,113.10180569467079,6.545362849635488,-8357499.851689652
2018-04-04,41.220001220703125,43.002498626708984,41.192501068115234,42.90250015258789,40.682701110839844,138422000,0.8050003051757812,1,6346340127.822658,3763556000,-0.17307885596729602,1709135.2616972327,0.5148640806936337,-0.08010741120495456,53640241.60932508,42.71708163472905,37.00012012198338,2056.618369075862,43.33000011444092,45.89854376443618,40.761456464445665,11.855728793959628,0.4167816435874431,0.0,0.0,42.24074999491374,43.56674944559733,40.914750544230145,6.278295015326471,0.7495288204429497,0.0,0.0,41.11750030517578,45.875,43.49625015258789,10.979690012136995,0.37519704927234093,1.1738962234170198,6.043809108973122,-0.36000144471130113,-0.2047686390429695,-0.15523280566833164,42.45104185740153,43.53471169104943,42.57550091252427,42.93550235723557,0.7636920080782396,1.0906153964973793,-0.3269233884191397,-0.05387873282046178,25.52308690331392,0.4950006484985323,-9.469659529939428,13.783586516660165,-23.253246046599592,42.45249938964844,43.49625015258789,42.974374771118164,41.71750068664551,0.12665574501309576,15.480817234602702,21.72421927340462,23.652981110740324,-59.300432187193714,41.92875003814697,41.29250144958496,40.0,92.0,-52.0,,43.46209677658685,0.0,0.0,49.72429646243311,0.6672175142571797,0.4676413654082862,0.35957936786123273,-9.01889410940163,52.02088602483532,45.275824066306534,27.104227372681663,-54.724175933693466,-1.5453896466423487,-3.6007209910515545,-0.8384703216372943,-0.47817167328427057,-0.3602986483530237,-0.60093307738033,-1.3718747396305533,0.7709416622502233,42.607880181699606,1.912228298814922,1.8941749973244715,117.17679872844985,7.169218309300646,25166249.77860561
2018-04-05,43.14500045776367,43.557498931884766,43.02000045776367,43.20000076293945,40.96481704711914,107732800,0.2975006103515625,1,6310763576.858157,3871288800,-0.18575120756409352,6043626.475009458,0.5943361495115643,-0.03754840261672012,54387297.69325704,42.65396205360451,37.4355268066662,2070.8796642890593,43.30212516784668,45.86359685798362,40.74065347770974,11.830697362811751,0.4800652872135062,0.0,0.0,42.253166707356776,43.5371659596761,40.969167455037436,6.077647439834485,0.8687050650038871,0.0,0.0,41.11750030517578,45.875,43.49625015258789,10.986757985626133,0.43773002445575915,1.1220064790050053,6.077656938307176,-0.28351701914401417,-0.22051831506317845,-0.06299870408083572,42.3989585240682,43.48096172626202,42.67157781258814,42.955094831732154,0.8658513101113694,1.0467534556679015,-0.18090214555653206,-0.06359738315342298,25.72011531389858,0.5078762054443331,-11.0079927258825,8.195054305581913,-19.203047031464415,42.45249938964844,43.49625015258789,42.974374771118164,41.71750068664551,3.20383244458687,14.652731006753267,24.457418132935675,22.62696107727008,-5.285577184562341,42.13000011444092,41.34000015258789,36.0,88.0,-52.0,41.11750030517578,,1.0,0.0,51.60196545837585,0.7912464454064624,0.6357932973967414,0.48220516031904453,-7.173015425210007,46.6400827501574,56.86010444723581,42.186529491210614,-43.13989555276419,-1.326308990927302,-1.4261266152185224,-0.6600311796647974,-0.5145435745603759,-0.1454876051044215,-2.5656518840882105,-1.6106301685220847,-0.9550217155661258,42.613373331602055,0.6934342038190433,0.6910410059759009,118.68277693359217,6.996949919384875,-11028681.940897062
2018-04-06,42.74250030517578,43.119998931884766,42.04999923706055,42.095001220703125,39.916988372802734,140021200,-1.1049995422363281,0,6182520383.492167,3731267600,-0.25831111274270985,-16923086.150474943,-0.5377849484996055,-0.07262649581314472,50805738.45319064,42.48574569236562,37.91736840220843,2070.8796642890593,43.19512519836426,45.770531879260275,40.61971851746824,11.924524672953343,0.2864174256784976,0.0,0.0,42.24424997965495,43.53324953715006,40.95525042215983,6.1026035880192255,0.4421067454662854,0.0,0.0,41.11750030517578,45.875,43.49625015258789,11.013973620811218,0.20546526079461172,1.1248059836923954,6.144498082572685,-0.30851047234924067,-0.23811674652039092,-0.07039372582884976,42.256041844685875,43.387307974008415,42.58287372152891,42.89138419387815,0.8172132526891533,1.049161133731568,-0.2319478810424147,-0.07308335358423809,25.68918509615016,-0.37762413024902486,-14.265968367946028,3.09431496172139,-17.360283329667418,42.45249938964844,43.49625015258789,42.974374771118164,41.71750068664551,4.370520037009316,14.27904433630098,22.60350905534661,27.305495033762423,-50.683446113956215,42.52999973297119,41.357500076293945,32.0,84.0,-52.0,41.16630027770996,,0.0,0.0,44.895111448430754,0.6369680349090219,0.6984773315242209,0.600637331443083,-7.712775268776399,46.43534410483638,30.076951246995193,44.070959920179185,-69.9230487530048,-1.2703751844518294,-3.9146315882871643,-0.7192830871456792,-0.5554914770774366,-0.1637916100682426,-2.2456613184673424,-1.7376363985111363,-0.5080249199562061,42.61056118071936,-2.5578692655586432,-2.5911515122305495,113.08915739333764,5.61636487122631,38123696.15924966
2018-04-09,42.470001220703125,43.272499084472656,42.462501525878906,42.51250076293945,40.31288528442383,116070800,0.4174995422363281,1,6080779136.423371,3847338400,-0.34351915719034715,-7582715.862263611,0.19714286372566173,-0.02288383570542604,51956932.28765407,42.40710436271065,44.28561908009993,2091.418713743748,43.071000289916995,45.52383084522653,40.61816973460746,11.389707872114336,0.38615203651785424,0.0,0.0,42.35416666666667,43.599666086832684,41.10866724650065,5.881354861580794,0.563562492968355,0.0,0.0,41.11750030517578,45.875,43.49625015258789,11.045714431521942,0.2932213446658381,1.130075171700109,6.122895891415196,-0.29127164203420364,-0.24874772562315348,-0.04252391641105016,42.23062515258789,43.33971184950609,42.57204711251515,42.863318754549354,0.8818575156424783,1.0027576560278104,-0.12090014038533214,-0.0799903096593164,25.61850270683143,-0.8584987640380888,-15.042453427550958,-1.5325533837129348,-13.509900043838023,42.45249938964844,43.49625015258789,42.974374771118164,41.71750068664551,4.192067120554666,13.766125452610282,21.85896125990041,25.19923684984266,-26.56528931499801,42.65562438964844,41.357500076293945,28.000000000000004,80.0,-52.0,41.21412425079345,,0.0,0.0,47.662948087004025,0.786786887751517,0.7383337893556665,0.690868139425543,-7.2702918607849725,47.209527907879014,45.25548258233619,44.064179425522404,-54.74451741766381,-1.0187060636632594,-0.7123262627834785,-0.6795359073853541,-0.5803003631390201,-0.09923554424633396,-3.3652810613549606,-2.0631653310799014,-1.3021157302750592,42.607673091449804,0.991803136071634,0.986917049115732,115.20258233899341,6.542597892175479,508618.0160161257
2018-04-10,43.25,43.5,42.88249969482422,43.3125,41.07149124145508,113634400,0.7999992370605469,1,6125404825.589019,3960972800,-0.3473025352273682,6487305.4471787615,0.17592862824237387,-0.013539731559760992,54095301.74775137,42.39469367386329,45.24573808985072,2130.774981790621,42.965125274658206,45.17198455092204,40.75826599839437,10.272793397697782,0.5787034155458004,0.0,0.0,42.40808321634928,43.54883257548015,41.267333857218425,5.379867575297894,0.8964134524431335,0.0,0.0,41.11750030517578,45.875,43.49625015258789,11.0729333719185,0.4613767389648398,1.1158175782361528,6.04827099800749,-0.21062849803858086,-0.24112388010623897,0.030495382067658117,42.322291692097984,43.31125024648813,42.68596294135897,42.896591439397554,0.8701222745512583,0.9595718252024386,-0.08944955065118021,-0.08111047489347484,25.521803874821355,-1.7301246643066435,-17.968239965080706,-5.759748624979713,-12.208491340100991,42.33749961853027,43.49625015258789,42.91687488555908,41.71750068664551,52.096033560277334,13.037540376826769,21.93575644799769,23.558035210821057,12.76738210416434,42.65562438964844,41.357500076293945,24.0,76.0,-52.0,41.26099174441528,,0.0,0.0,52.57820852946912,1.0,0.8079183075535123,0.7482431428111335,-5.298315312149497,53.03964699405957,82.20978277641572,52.5140722019157,-17.790217223584275,-0.7206547681023068,2.605859483230876,-0.4910145327890391,-0.562443197069024,0.0714286642799849,-4.379958095604441,-2.5265238839848094,-1.8534342116196316,42.611798890873295,1.8817976423488814,1.8643108670570285,119.25225945972251,7.208297235242284,9274626.478575855
2018-04-11,43.057498931884766,43.47999954223633,42.92499923706055,43.11000061035156,40.87947463989258,89726400,-0.2024993896484375,0,6095496436.734802,3871246400,-0.33210327597523776,2964898.7782458584,0.00695837498690458,0.01804618951497567,53675802.96021079,42.37408195631812,46.63172875103103,2120.8129469671694,42.87100028991699,44.87523023778397,40.86677034205002,9.350049844012425,0.5596239769515792,0.0,0.0,42.47183329264323,43.462332789103186,41.481333796183264,4.664265324433408,0.8221441908800273,0.0,0.0,41.11750030517578,45.130001068115234,43.12375068664551,9.359475486470442,0.49657319036024994,1.0597358509301156,5.85107616681921,-0.16120002031551195,-0.2251391081480936,0.06393908783258165,42.478541692097984,43.26913481492262,42.75119950581937,42.912399526134884,0.924599106689251,0.9371660691792363,-0.012566962489985234,-0.0790530704695,25.447074461897916,0.3215007781982422,-20.10464668068515,-9.511962789885619,-10.592683890799531,42.33749961853027,43.49625015258789,42.91687488555908,41.71750068664551,76.04801678013865,12.360997092170651,21.10384467232161,22.66459864526954,18.100880950905328,42.65562438964844,41.357500076293945,20.0,72.0,-52.0,41.306921888164666,,0.0,0.0,51.26575638337008,0.9325245092495752,0.9064371323336968,0.8175630764142919,-4.117555019255788,53.49207145091069,74.62553077191238,67.36359871022144,-25.37446922808762,-0.5014563504387297,4.547107971981704,-0.3756490480504044,-0.5250843672653002,0.14943531921489578,-6.64694735274223,-3.3506085777362937,-3.2963387750059363,42.62886163659622,-0.467531058351367,-0.46862740330748665,118.22718705061118,6.545681914739845,-10853641.695235997
2018-04-12,43.352500915527344,43.75,43.2599983215332,43.53499984741211,41.28247833251953,91557200,0.4249992370605469,1,6106707740.6468,3962803600,-0.3073272055108798,8100161.8309821505,0.16189376213309523,0.05743125151862737,54578418.1213448,42.417879207771925,53.47140837732058,2120.8129469671694,42.81725025177002,44.68506610915535,40.94943439438469,8.7245950938109,0.6921360697319581,0.0,0.0,42.642583211263016,43.561332829793294,41.723833592732746,4.309071117847328,0.9856691192844742,0.0,0.0,41.11750030517578,45.060001373291016,43.0887508392334,9.207739976137901,0.6131893182700002,1.0177622048019477,5.536450715706989,-0.08673389469500137,-0.19745806545747516,0.11072417076247379,42.50708325703939,43.24480790358324,42.871784173756716,42.95851806845172,0.9731205440252614,0.8753509060740188,0.0977696379512426,-0.07287474681436283,25.401849966369713,-0.7322511672973633,-18.368277964355567,-12.385021023565834,-5.983256940789733,42.43375015258789,43.49625015258789,42.96500015258789,41.71750068664551,88.02400839006933,11.544597556918252,22.052168936310864,21.645170345729294,56.27748609600464,42.69937515258789,41.357500076293945,16.0,68.0,-52.0,41.35193342903907,,0.0,0.0,53.86846025720947,1.0,0.9775081697498579,0.8972878698790224,-2.3405043950438906,52.087128516420826,90.54311610974906,82.45947655269241,-9.456883890250941,-0.46695641910328334,0.792958895241443,-0.20190150544019309,-0.4604477949002788,0.25854628946008573,-8.343170853664153,-4.3491210329218655,-3.994049820742288,42.70586243538165,0.9858483670688978,0.9810205858584276,120.37857621065004,6.9697837599716195,5721316.1447151005
2018-04-13,43.69499969482422,43.959999084472656,43.462501525878906,43.682498931884766,41.42234802246094,100497200,0.14749908447265625,1,6095091874.550615,4063300800,-0.2946346539720788,9060602.282565476,0.10210179069738647,0.1082089942212481,54918908.417520754,42.55931185977521,60.89662488820019,2120.8129469671694,42.7682502746582,44.4851879384487,41.0513126108677,8.029029257752232,0.7662439867526023,0.0,0.0,42.79249992370605,43.639749145507814,41.9452507019043,3.9598024107603056,1.025228578130789,1.0,0.0,41.11750030517578,44.779998779296875,42.94874954223633,8.563592035214175,0.7003412137460395,0.9657357401811278,4.955988592278853,-0.01563675939684117,-0.1610938042453484,0.14545704484850722,42.64020824432373,43.24192325885479,42.99650952116103,43.01214628055787,1.0409457718611959,0.8139681168495585,0.22697765501163736,-0.06338200598784073,25.35598900425467,-1.1482513427734347,-16.631580526309094,-14.247924572215064,-2.3836559540940296,42.576250076293945,43.49625015258789,43.03625011444092,41.71750068664551,94.01200419503466,11.034864565584257,22.78367752856124,20.859729639184913,84.45984874985136,42.74562454223633,41.357500076293945,12.0,64.0,-52.0,41.44785609187751,,0.0,0.0,54.771258876233965,1.0,0.9775081697498579,0.9538178239444709,-0.6266099834805541,45.33503479055788,90.23745745788733,85.13536811318293,-9.762542542112666,-0.24354446635526728,3.795888991717978,-0.03635428768154548,-0.37562909345653217,0.3392748057749867,-9.062216050096664,-5.291740036356825,-3.770476013739839,42.78129998795146,0.33880575396723067,0.3382331003636274,121.12523150736277,6.853699932022423,17518330.549844697
2018-04-16,43.75749969482422,44.04750061035156,43.70750045776367,43.95500183105469,41.68075942993164,86313600,0.2725028991699219,1,6134441362.470372,4149614400,-0.2590201404221304,11126331.419026546,0.06548806119498661,0.06655536858321001,55457355.319893934,42.614507593804845,59.51369047963581,2134.0431350465383,42.740750312805176,44.3604000086783,41.121100616932054,7.5789483526585295,0.8748500436061677,0.0,0.0,43.0154167175293,43.784915924072266,42.24591751098633,3.5777833403129033,1.1105172724911216,1.0,0.0,41.11750030517578,44.36750030517578,42.74250030517578,7.603984432220639,0.873077392578125,0.9056623340096948,4.777987778000617,0.06198244408275855,-0.11647855457972701,0.17846099866248555,42.834791819254555,43.23115407503568,43.14396987652928,43.081987432446525,1.0608410957614367,0.8653914885794408,0.1954496071819959,-0.050711275209685526,25.25136936566751,-0.795750617980957,-13.138945957797224,-15.11086279394963,1.9719168361524062,42.6200008392334,43.49625015258789,43.058125495910645,41.71750068664551,97.00600209751732,10.66740520601825,22.816823557316802,20.278332060295817,113.52943850476412,42.74562454223633,41.357500076293945,8.0,60.0,-52.0,41.59858467143322,,0.0,0.0,56.46631789124023,1.0,1.0,0.9850054464999053,1.2966023454831637,44.89606276632187,96.84304540400635,92.54120632388093,-3.156954595993657,-0.024706178552968083,5.610290627328906,0.14387090238106665,-0.27172909428901243,0.4155999966700791,-10.545068851248015,-6.342405799335063,-4.2026630519129515,42.921255283358846,0.6238262595618549,0.6218885181356715,122.50466876802264,6.967470634885544,239553.4917076826
2018-04-17,44.122501373291016,44.73500061035156,44.102500915527344,44.560001373291016,42.25444412231445,106421600,0.6049995422363281,1,6181973767.869453,4256036000,-0.2358874190290061,18734715.39974527,0.32168338437995647,0.06113943965072212,56922149.23644357,42.739452185807046,67.94213037235312,2134.0431350465383,42.77750034332276,44.52240090062171,41.0325997860238,8.15802954027126,1.0107743884062677,1.0,0.0,43.278500111897785,44.01449940999349,42.54250081380208,3.4012236847060735,1.370585926310619,1.0,0.0,41.11750030517578,44.73500061035156,42.92625045776367,8.456549064677748,0.9516242647415497,0.8930959785384127,4.353938171140268,0.17035092944793462,-0.05911265777419469,0.2294635872221293,43.05270862579346,43.214423399705154,43.36182087603109,43.191469946583155,1.0763562766113302,0.8363259724274609,0.24003030418386928,-0.03361058091262523,25.185856543352156,-1.1075021743774442,-10.701197856588948,-15.247700385799577,4.546502529210629,43.392499923706055,43.49625015258789,43.44437503814697,41.71750068664551,98.50300104875866,11.105787934632827,26.754349114442398,19.056024254158668,160.51747382318183,42.74562454223633,41.357500076293945,4.0,56.00000000000001,-52.00000000000001,41.79449794654669,,0.0,0.0,60.04641403833604,1.0,1.0,0.9925027232499527,4.030738093867952,55.16732800097781,95.16242647415497,94.08097644534955,-4.837573525845033,0.23288956810446138,6.234358558809273,0.394408733156374,-0.13850152879993516,0.5329102619563091,-10.245452714274123,-7.123015182322876,-3.122437531951247,43.12958444343448,1.376406590907897,1.367020147732223,125.56723769402352,7.3630750627001404,28040422.670642167
2018-04-18,44.45249938964844,44.70500183105469,44.220001220703125,44.459999084472656,42.15961837768555,83018000,-0.10000228881835938,0,6181117077.480906,4173018000,-0.21499452254592685,14872328.912192725,0.025559693956709734,0.10733872670373672,56735838.87384787,42.926072719309296,71.18705228386895,2129.253880303165,42.81000022888183,44.65211903939159,40.96788141837207,8.60602102621327,0.947853538592939,0.0,0.0,43.48808352152506,44.09158312479655,42.88458391825358,2.7754711378475565,1.3052329758619368,1.0,0.0,41.11750030517578,44.73500061035156,42.92625045776367,8.450129142338172,0.9239802342281922,0.8522864417197276,3.7331654284584426,0.24533630172918208,0.0017771341264806659,0.2435591676027014,43.2852087020874,43.17711566044734,43.530771369637485,43.2854350679083,1.1247502752348992,0.7267095145402426,0.39804076069465666,-0.01465836968918913,25.008642778139038,-0.7125003814697237,-7.515081072459498,-14.8595990909748,7.344518018515302,43.392499923706055,43.49625015258789,43.44437503814697,41.71750068664551,99.25150052437932,11.512857611203506,25.716364369100358,18.316710343060485,150.71422627981053,42.966875076293945,41.57875061035156,0.0,52.0,-52.0,42.08854821292718,,0.0,0.0,59.18008189582578,0.9541288972424788,0.984709632414159,0.9949032108047198,6.046856430918969,58.75616049478087,92.39802342281922,94.80116510032686,-7.601976577180784,0.495809061387007,6.695466854151675,0.5667871914520127,0.0025562152504544217,0.5642309762015583,-11.589560576518517,-8.016324261162005,-3.573236315356512,43.23314827145027,-0.2244216466256721,-0.22467384940543234,125.06101598494253,6.866340985358185,-4350546.88836503
2018-04-19,43.439998626708984,43.84749984741211,43.165000915527344,43.20000076293945,40.96481704711914,139235200,-1.2599983215332031,0,6056162370.905084,4033782800,-0.20692700376537948,-12314592.117883354,-0.4687323210458633,0.04961147012014222,52789907.20693496,43.038251888726435,62.13744360712518,2129.253880303165,42.829125213623044,44.67908399226209,40.979166434983995,8.63878853192461,0.6002388684544769,0.0,0.0,43.50258356730143,44.12058321634929,42.88458391825358,2.8412089506903233,0.2551917668333879,0.0,0.0,41.11750030517578,44.73500061035156,42.92625045776367,8.44635580841873,0.5756738858554096,0.8965576144422862,3.224681580400348,0.20077698311805392,0.041577103924795314,0.15919987919325862,43.37708377838135,43.10817337036133,43.47988358399163,43.279106600873575,1.0252358497773675,0.7889047463335177,0.23633110344384978,-0.0009607435995271751,24.886298290077182,0.07337493896484659,-6.249798168301746,-13.968913513236545,7.719115344934799,43.598751068115234,43.12375068664551,43.36125087738037,41.71750068664551,99.57562113147989,10.917595245729911,23.13538322630593,24.654718737892438,48.64094383900111,43.10562515258789,41.71750068664551,0.0,48.0,-48.0,42.353193452669615,,0.0,0.0,49.49126747687643,0.4411194173882611,0.7984161048769126,0.927708579097024,4.995247963263965,45.7223994605536,57.567388585540954,81.70927949417172,-42.432611414459046,0.5121990091660464,2.618922547713053,0.46391203258803243,0.09482737871797003,0.3690846538700624,-8.506681105226885,-8.114395629974982,-0.39228547525190294,43.23301030055116,-2.8340043802952963,-2.8749375033192415,118.68277693359217,5.551999657897817,63175934.560599044
2018-04-20,42.650001525878906,42.80500030517578,41.35749816894531,41.43000030517578,39.28639221191406,261964400,-1.7700004577636719,0,5820440389.67732,3771818400,-0.233486738137828,-76794951.5178694,-0.787394088915574,0.028143844807529923,42056641.00950547,42.97781632931973,58.12902001746333,2129.253880303165,42.79000015258789,44.72175830217333,40.85824200300246,9.029016792226411,0.1479891005755623,0.0,0.0,43.44683354695638,44.10258344014486,42.791083653767906,3.0186314612767258,-1.037806763470503,0.0,1.0,41.11750030517578,44.73500061035156,42.92625045776367,8.454078738667633,0.08638561814435425,0.9911521123974717,3.166657518198705,0.022381161557042617,0.037737915451244775,-0.015356753894202158,43.25437545776367,42.98586566631611,43.16451692571226,43.14213576415522,0.9576000103978176,0.796328126241059,0.16127188415675864,0.000606797988074319,24.998598772283817,0.41000061035155966,-6.336835912107917,-13.001622678187319,6.664786766079402,43.04624938964844,43.0887508392334,43.06750011444092,41.71750068664551,90.72956579616077,12.024155352924703,20.05182099944737,34.443810268823896,-87.18347504847002,43.10562515258789,41.71750068664551,0.0,44.0,-44.0,,44.73500061035156,0.0,1.0,39.66677609811667,0.0,0.4650827715435794,0.7494028362782171,0.5534784312147603,36.96717142877447,6.704284199021155,52.223232069127114,-93.29571580097884,0.23068411210004314,-3.4322005528232316,0.05187773196810083,0.0862374493679962,-0.034359717399895365,1.7602052813658633,-6.139475447706814,7.899680729072677,43.20194847217823,-4.097223209500789,-4.183524945533179,109.72285544188819,4.418981196462845,157549437.06811047
2018-04-23,41.70750045776367,41.72999954223633,41.022499084472656,41.310001373291016,39.17261505126953,146062000,-0.11999893188476562,0,5793086890.424083,3625756400,-0.183017036607296,-68328141.87088129,-0.341490441555906,0.0021824992503802843,41633583.22867406,42.920429149536524,50.502114308611276,2123.0866539100734,42.79375019073486,44.71367411095106,40.87382627051866,8.972917361338787,0.11359176740795958,0.0,0.0,43.30733350118001,43.95283368428548,42.66183331807454,2.981020214915243,-1.0471197221664073,0.0,1.0,41.022499084472656,44.73500061035156,42.87874984741211,8.675335789296373,0.07744166212842038,0.9627869469340917,3.386959219817689,-0.12721526484830292,0.004747279391335235,-0.13196254423963816,43.096875508626304,42.85692347013033,42.87920684072438,43.00642210557268,0.9229582558952161,0.8715971913681002,0.05136106452711586,-0.006565428731619272,25.141902252874452,-0.6987489700317369,-5.708381455963889,-11.639416177174338,5.931034721210449,42.87874984741211,42.901248931884766,42.88999938964844,41.71750068664551,70.1791505677451,13.291897792736606,19.004372099473425,35.11797455259073,-128.8902792415281,43.21937561035156,41.71750068664551,0.0,100.0,-100.0,,44.66745056152344,0.0,0.0,39.10008307630376,0.0,0.14703980579608644,0.47017956073885964,-3.0741654707714465,34.53752911846668,7.744166212842038,24.005279665801385,-92.25583378715797,-0.19144107594209459,-4.374998509883906,-0.2958052742355859,0.009828904647279778,-0.30563417888286565,2.277988365065708,-4.4559826851523106,6.733971050218019,43.13257157154221,-0.2896426043949907,-0.29006288031463434,109.11540870137478,5.390956865718877,-31678429.66378808
2018-04-24,41.41749954223633,41.58250045776367,40.30500030517578,40.73500061035156,38.627349853515625,134768000,-0.5750007629394531,0,5749043390.159816,3490988400,-0.2527813053750624,-69637222.00644457,-0.4099767388971327,-0.0638775592918173,39757725.07704673,42.80452948210722,42.7674994109812,2093.5350585287633,42.67087516784668,44.77838656495054,40.563363770742825,9.877985341589179,0.04072026368270203,0.0,0.0,43.0715835571289,43.78308372497558,42.360083389282224,3.303803153199447,-1.1420115218306233,0.0,1.0,40.30500030517578,44.73500061035156,42.52000045776367,10.381789189348222,0.09706552495569612,0.9942582674994715,3.9529011714429263,-0.28883970235366974,-0.05397011695766576,-0.23486958539600397,42.983542124430336,42.71192345252404,42.54932895912856,42.83816866148223,0.8640759903850556,0.9436168254767143,-0.07954083509165877,-0.02187754458878261,25.286335472838473,-0.15837440490722798,-9.184361785192287,-10.426051188786245,1.2416894035939574,42.52000045776367,42.52000045776367,42.52000045776367,41.71750068664551,42.50501034556184,14.947427572508127,17.251959471620985,37.058676066922544,-146.93174312295034,43.21937561035156,41.71750068664551,80.0,100.0,-20.0,,44.521652502441405,0.0,0.0,36.415464805306655,0.0,0.0,0.20404085911322203,-6.9600379517615245,32.0044880671504,9.706552495569612,8.05166763581094,-90.29344750443039,-0.787801439621866,-3.230788860703698,-0.6742578204875009,-0.12698844037967635,-0.5472693801078246,1.9926362410861376,-3.166258899904621,5.158895140990759,42.842441691790505,-1.3919165911991938,-1.4016945906149214,106.2046966329063,5.154436157338452,2919540.520936236
2018-04-25,40.654998779296875,41.35499954223633,40.602500915527344,40.912498474121094,38.79567337036133,113528400,0.17749786376953125,1,5729052773.703612,3604516800,-0.22367454417142177,-56810326.22307066,0.023198897467625993,-0.10467307729495577,40252411.41987821,42.65433124204129,42.759176602400096,2102.6573856442083,42.6122501373291,44.84330017587674,40.381200098781456,10.471402150121161,0.11906913026601139,0.0,0.0,42.85008354187012,43.581333541870116,42.11883354187012,3.413062190581135,-0.8248444907685638,0.0,1.0,40.30500030517578,44.73500061035156,42.52000045776367,10.396072234859574,0.1371327600667529,0.9700823034204229,4.449413218605499,-0.39801754086937535,-0.12277960174000768,-0.27523793912936767,42.850208600362144,42.599904133723335,42.29750888451203,42.6955264253814,0.7522481186411535,1.0131868895720708,-0.26093877093091733,-0.041146025168413786,25.42810792802046,0.7002498626709013,-12.50732262667921,-9.774833929044426,-2.7324886976347837,42.52000045776367,42.52000045776367,42.52000045776367,41.71750068664551,21.25250517278092,16.48470522515311,16.298587766012755,35.01075256770363,-122.78206373622983,43.18125057220459,41.71750068664551,76.0,96.0,-20.0,,44.26865337060547,0.0,0.0,37.834405823921045,0.060045874781496804,0.020015291593831676,0.055685032463306146,-9.648256136044743,31.404214529532627,13.713276006675288,10.387998238362316,-86.28672399332471,-1.4026031381943653,-3.7636042578167306,-0.9322230551835146,-0.288035363340444,-0.6441876918430706,0.4860089624771123,-2.435805327428275,2.921814289905387,42.66031082705233,0.43573796761997574,0.4347913785071267,107.10320878715147,5.7963942839516776,-6867099.7798932195
2018-04-26,41.029998779296875,41.432498931884766,40.842498779296875,41.05500030517578,38.930809020996094,111852000,0.1425018310546875,1,5697772687.349234,3716368800,-0.21006602565607457,-46417548.933042146,0.08373718304672144,-0.06027863932736099,40642001.774943195,42.57162467922339,49.92808379737148,2109.9811262787357,42.584000205993654,44.87801087663771,40.2899895353496,10.774049687897458,0.16674089175256593,0.0,0.0,42.60958353678386,43.350833384195965,41.868333689371745,3.4792635171954043,-0.5486229690538997,0.0,1.0,40.30500030517578,44.73500061035156,42.52000045776367,10.402968917307733,0.16930021407080698,0.9320740883371696,4.806616159125418,-0.46765225357253826,-0.19175413210651382,-0.27589812146602444,42.66208362579346,42.493942554180435,42.1063537184603,42.574005972032836,0.8485677126967789,0.9774108560531712,-0.12884314335639235,-0.061526571804071145,25.419509098578853,0.5260004043579087,-16.94437448055618,-9.80958881284966,-7.134785667706522,42.52000045776367,42.52000045776367,42.52000045776367,42.62624931335449,10.62625258639046,17.797109348315438,16.15757385529724,33.44994166585219,-105.25617911516365,43.63562488555908,41.71750068664551,72.0,92.0,-20.0,,44.03083418667969,0.0,0.0,39.01113199547981,0.10984185038767481,0.05662924172305661,0.025548177772296204,-11.494443719967178,29.48913261623099,16.930021407080698,13.449949969775204,-83.0699785929193,-1.7914636948529434,-5.212120507530664,-1.0984455018861563,-0.4501173910495865,-0.6483281108365698,-0.8281935355992226,-2.1142829690624647,1.2860894334632422,42.459864352070895,0.34830879650340485,0.34770360629483577,107.82456748119796,6.004700858488334,5776139.577961475
2018-04-27,41.0,41.08250045776367,40.157501220703125,40.58000183105469,38.480377197265625,142623200,-0.47499847412109375,0,5685438003.568515,3573745600,-0.17671117090385882,-49464442.28178864,-0.335629315785203,-0.09833379500670847,38991878.723653704,42.39683055492138,42.56089508822876,2109.9811262787357,42.515750312805174,44.95816516946743,40.07333545614292,11.489459029618164,0.10372242322587345,0.0,0.0,42.30008366902669,43.08408368428548,41.5160836537679,3.706848531994074,-0.596990946743937,0.0,1.0,40.157501220703125,44.73500061035156,42.446250915527344,10.766596745841166,0.09229943564973615,0.9313666032095075,5.308046820778534,-0.5547716104228897,-0.264357627769789,-0.2904139826531007,42.45125039418539,42.40788489121657,41.871530351167124,42.42630196159001,0.7829065001154191,1.0512822602837093,-0.26837576016829023,-0.08383117107889905,25.368563212418916,1.019249534606935,-21.60375858158426,-10.750123548825995,-10.853635032758264,42.446250915527344,42.446250915527344,42.446250915527344,43.01625061035156,5.31312629319523,19.485780306508342,15.026525069501348,36.29226211482463,-124.32987255164403,43.74437427520752,41.71750068664551,68.0,100.0,-32.0,,43.80728415378945,0.0,0.0,36.529028431356295,0.004805715797946446,0.05823114698903876,0.0449585601019758,-13.803872256433507,30.40659555877536,9.229943564973615,13.291080326243206,-90.77005643502639,-1.964485460169179,-5.868705041700631,-1.3076124591889802,-0.6216164046774653,-0.6859960545115149,0.024685724942675673,-1.6864892302614367,1.7111749552041124,42.15252734837192,-1.1569808076732913,-1.1637259074327666,105.42007712181048,5.528199513706042,41106188.06402555
2018-04-30,40.532501220703125,41.814998626708984,40.459999084472656,41.314998626708984,39.177337646484375,169709600,0.7349967956542969,1,5729900623.986584,3743455200,-0.15699708919339486,-24578663.071279913,0.4131820328799988,-0.08138712324687812,42065708.35804065,42.228851301677196,44.15189310009293,2109.9811262787357,42.49800033569336,44.96972679099914,40.026273880387585,11.632201213146566,0.26069323803106104,0.0,0.0,42.02941678365072,42.91491673787435,41.143916829427084,4.213715164223212,0.09660181034785996,0.0,0.0,40.157501220703125,44.73500061035156,42.446250915527344,10.771093589087936,0.25286675266924674,0.9737298971121895,5.653616208338592,-0.5580731101773964,-0.3231007242513105,-0.23497238592608588,42.26625029246012,42.373365548940804,41.78591008586587,42.34398319604327,0.8104416672830878,1.038533587994267,-0.22809192071117923,-0.10299668369399825,25.3302903259578,1.1844985961914034,-25.603485821963766,-12.40593332275653,-13.197552499207235,42.431251525878906,42.446250915527344,42.438751220703125,43.01625061035156,2.656563146597615,20.001077578934403,18.90822216610726,32.68306633514902,-83.0736170417476,43.65500068664551,41.71750068664551,64.0,96.0,-32.0,,43.51530151914255,0.0,0.0,42.613451005665695,0.26228257440018565,0.12564338019526836,0.08016792296912136,-14.013575565634259,36.58410642314764,25.286675266924675,17.14888007965967,-74.71332473307532,-1.8890737309175378,-5.099348176143592,-1.317951378342565,-0.7608833994104852,-0.5570679789320797,2.281105217611221,-0.8929703406869052,3.174075558298126,42.06063315911127,1.811229084499022,1.7950217393856605,109.140705304041,6.5671518486159925,53047866.89742063
2018-05-01,41.602500915527344,42.29999923706055,41.317501068115234,42.275001525878906,40.08768081665039,214277600,0.9600028991699219,1,5933274489.553683,3957732800,-0.11119686872856717,8319305.542784762,0.30777980068928706,-0.059899878553850795,47044702.04229046,42.15454843734216,52.549145146912906,2109.9811262787357,42.5068754196167,44.974056435880584,40.03969440335281,11.608385664241485,0.4530083337604219,0.0,0.0,41.779250081380205,42.699749883015954,40.85875027974447,4.406492695980592,0.7692838410273073,0.0,0.0,40.157501220703125,44.73500061035156,42.446250915527344,10.768844673857034,0.46258887766633,0.9748569684361268,5.8160136926641535,-0.4777185199068086,-0.3540242833824101,-0.12369423652439848,42.14895884195963,42.4133655841534,41.86115492279095,42.33887344269776,0.8819767995545983,0.996599355828071,-0.11462255627347273,-0.11469337522195863,25.156876478208794,1.4481264114379897,-28.28102184204497,-14.713260074932695,-13.567761767112277,42.00250053405762,42.446250915527344,42.22437572479248,43.01625061035156,1.6508440777687339,19.853632759600963,21.098991456578577,30.322362669882708,-35.601575015744594,43.55500030517578,41.71750068664551,60.0,92.0,-32.0,,43.24667749526739,0.0,0.0,49.43199746642591,0.5508256368697126,0.272637975689281,0.15217083429119616,-12.041725554059765,48.72104092195618,46.258887766633,26.925168866177103,-53.741112233367,-1.6121399374569165,-3.2221082594212525,-1.1283212826939335,-0.8343709760671749,-0.2939503066267586,6.386998798631653,0.5630234871768065,5.823975311454847,42.07772855431045,2.323618373665659,2.29703339651417,114.00033715929965,7.225085018841007,80022188.08477652
2018-05-02,43.807498931884766,44.4375,43.45000076293945,44.14250183105469,41.858551025390625,266157600,1.8675003051757812,1,6040412210.440471,4223890400,-0.11184964121521447,78137890.35450886,0.7921288353760726,-0.01488308760792384,58802227.32400054,42.33239405197536,56.72172630517166,2109.9811262787357,42.56887550354004,45.1331214143446,40.00462959273548,12.047515375835168,0.8068399799106833,0.0,0.0,41.73408342997233,42.70483309427897,40.763333765665685,4.652071326475924,1.7404940684695347,1.0,0.0,40.157501220703125,44.73500061035156,42.446250915527344,10.753160226813534,0.8705627835501731,1.0936211190046234,5.821401809939908,-0.2603441753228708,-0.33528826177050225,0.07494408644763145,42.16458384195963,42.44990407503568,42.21213137021614,42.47247554553901,0.9498933136122688,0.954707669502386,-0.004814355890117139,-0.11216383547682295,24.860669851426124,1.9911258697509737,-27.851319226994352,-17.113429081454097,-10.737890145540256,42.29750061035156,42.446250915527344,42.37187576293945,43.01625061035156,6.2546523439997,19.236237855698395,32.439229828670086,25.899407815356412,83.63165526401593,43.36875057220459,41.71750068664551,56.00000000000001,88.0,-31.999999999999993,40.157501220703125,,1.0,0.0,59.5105170950003,0.9773222421980957,0.5968101511559974,0.3316971690135157,-6.562849420568953,56.70106398732896,87.05627835501731,52.86728046285833,-12.943721644982682,-0.9942134408389833,0.42657261333004703,-0.6129715114997938,-0.7900910831536987,0.1771195716539049,11.77341730264966,2.805102250271377,8.968315052378284,42.09377994260834,4.417504997681854,4.322714779659131,123.45381274836775,8.537968040271068,102707187.13478544
2018-05-03,43.970001220703125,44.375,43.61000061035156,44.22249984741211,41.934417724609375,136272800,0.07999801635742188,1,6122353927.109465,4360163200,-0.06817269827205306,68532699.40150356,0.02736691539363668,-0.020221292986763114,59049190.074892975,42.37929616913943,57.50184080817184,2113.8049762566984,42.62000045776367,45.271817367510515,39.96818354801683,12.444002258398783,0.8021512125815315,0.0,0.0,41.800583394368495,42.7795831044515,40.82158368428548,4.684143763481076,1.736934203401484,1.0,0.0,40.157501220703125,44.73500061035156,42.446250915527344,10.74026123998926,0.8880391411742352,1.0607589460690048,5.824920202232786,-0.08068814706110317,-0.28436823882862244,0.20368009176751928,42.13645871480306,42.53211564284105,42.52141882824629,42.60210697530739,0.9478565871251584,0.9746282221679925,-0.026771635042834085,-0.09958918909847057,24.615117449380058,1.839998626708983,-26.14508873265857,-19.31434606151528,-6.830742671143291,42.29750061035156,42.446250915527344,42.37187576293945,43.01625061035156,21.041583537083763,18.66294258778887,30.731485004527226,24.535948205537018,82.06514750585386,43.351250648498535,41.71750068664551,52.0,84.0,-32.0,40.24310119628906,,0.0,0.0,59.879402572901206,0.9929325113524683,0.8403601301400917,0.5699360856617902,-2.2455287219276285,61.450199021268745,88.80391411742352,74.03969341302462,-11.196085882576478,-0.39979399512795766,-0.7574091460446016,-0.18939942831435735,-0.6699527521858305,0.48055332387147315,9.309894221121624,4.106060644441427,5.203833576680197,42.14407830894138,0.1812267384925237,0.18106272097129228,123.85877080524881,7.465598503354997,-63200476.34904894
2018-05-04,44.5625,46.0625,44.54249954223633,45.95750045776367,43.57963943481445,224805200,1.7350006103515625,1,6316100658.709955,4584968400,0.046895032583445184,114461907.94560379,0.8857445414530392,0.03836845560309778,67869070.46510184,42.634634417863985,60.355731013283815,2113.8049762566984,42.813125419616696,45.82237787321268,39.80387296602071,14.057616322573658,1.022451187900424,1.0,0.0,42.16625010172526,43.15249964396158,41.18000055948893,4.677909654555566,2.4220543045534573,1.0,0.0,40.157501220703125,46.0625,43.11000061035156,13.792496393153403,0.9822185327786248,1.1386830667208934,5.824920202232787,0.19939213057444505,-0.18761616494800895,0.38700829552245397,42.261250495910645,42.69894262460562,43.050046771248965,42.85065464067452,0.9776369757921262,0.8780334865746832,0.099603489217443,-0.07268687286254795,24.538171271582687,0.38687534332275675,-17.89137018840265,-20.6680114762307,2.776641287828049,43.11000061035156,43.11000061035156,43.11000061035156,43.11000061035156,60.52079176854188,19.30089262089161,38.049071324644,21.591662324080012,143.80684129005422,43.28125,41.71750068664551,100.0,80.0,20.0,40.32698917236328,,0.0,0.0,66.918802604849,1.0,0.9900849178501874,0.8090850663820923,4.243792837574659,67.13243468194887,98.22185327786248,91.36068191676777,-1.778146722137523,0.5158234091366012,3.3681992895362147,0.4653187500785084,-0.4428984517329627,0.9082172018114711,11.525196403625234,5.589887796278189,5.935308607347045,42.95624458376078,3.9233435837822572,3.8483360450409343,132.6415195263704,8.855830713436795,87515999.20863575
2018-05-07,46.29499816894531,46.91749954223633,46.1875,46.290000915527344,43.894935607910156,169805600,0.3325004577636719,1,6193980648.781285,4754774000,0.03900501075308073,106175983.91492254,0.5373788778434928,0.05377527656477895,69097606.37694335,42.83148950031532,61.61882659385161,2129.098260600446,43.002000427246095,46.3654157839063,39.63858507058589,15.643064616729518,0.9887889451075942,0.0,0.0,42.677333450317384,43.665832901000975,41.688833999633786,4.632433054114552,2.3273492528051642,1.0,0.0,40.157501220703125,46.91749954223633,43.53750038146973,15.720195001091309,0.9071747363146291,1.1208146684960698,5.824920202232786,0.44308022357974863,-0.06147688724245744,0.5045571108222061,42.518750508626304,42.86605805617113,43.5485012549841,43.105421031404354,1.0511213788185862,0.87251072565999,0.17861065315859626,-0.035641549280929205,24.44493420681827,-1.572000122070314,-9.228549988293796,-20.67292127657531,11.444371288281513,43.53750038146973,43.53750038146973,43.53750038146973,43.53750038146973,80.26039588427093,20.366370148746803,41.2713464957082,20.22782091195796,165.22344150873167,43.17812538146973,41.71750068664551,100.0,76.0,24.0,40.556409605468744,,0.0,0.0,68.07485734810005,1.0,0.9976441704508222,0.9426964061470339,9.693253972702548,65.67562920941933,90.71747363146291,92.58108034224965,-9.282526368537091,1.5205515581018787,7.152778004667883,1.0278990738936142,-0.14873894660764733,1.1766380205012616,10.474983180214457,6.5669068730654425,3.908076307149014,43.75036291339657,0.723495521844697,0.7208908485782928,134.32467050209507,8.069069787305523,-5716148.281439006
2018-05-08,46.247501373291016,46.55500030517578,45.91749954223633,46.51250076293945,44.105918884277344,113611200,0.22249984741210938,1,6292443870.069365,4868385200,0.05755587247619492,94619196.87912028,-0.17745567250826094,0.039274178960138184,69643695.6870394,42.9432093701772,60.6566123514683,2139.3320914222136,43.162000465393064,46.85734934432644,39.46665158645969,17.123158514843507,0.9533401861793195,0.0,0.0,43.22275009155273,44.14724960327148,42.29825057983398,4.277837526582697,2.2792062784709852,1.0,0.0,40.157501220703125,46.91749954223633,43.53750038146973,15.661920783660882,0.9400889230982798,1.072483277940408,5.824611391070534,0.6467038714705637,0.08015926450014679,0.566544606970417,42.94229221343994,43.05230815594013,44.00450117928492,43.35779730781436,1.0265611523682057,0.8943773083425393,0.1321838440256664,0.007700799347560423,24.349608780076217,-1.851999092102048,0.06743930149775701,-19.27572550677787,19.343164808275628,43.53750038146973,43.53750038146973,43.53750038146973,43.53750038146973,90.13019794213548,21.066498590629976,39.487600106276744,21.184068875986213,139.0613028698315,43.077500343322754,41.71750068664551,96.0,72.0,24.0,40.9380750016748,,0.0,0.0,68.85910006031145,1.0,1.0,0.9959096961003366,14.244665452307611,69.00666878948523,94.00889230982798,94.31607307305113,-5.991107690172017,2.339323593588432,12.26768143935718,1.4915514892958102,0.17931914057304416,1.312232348722766,6.852597096853651,6.624044917823085,0.22855217903056602,44.68479649521202,0.4806650313490701,0.47951352543722514,135.45098725302262,7.786267277110561,-38605485.931259036
2018-05-09,46.63750076293945,46.849998474121094,46.30500030517578,46.84000015258789,44.41648864746094,92844800,0.3274993896484375,1,6381882081.878867,4961230000,0.09857266413552088,85445970.94382185,0.20031313987661603,0.08706314045460099,70297425.64851804,43.06563441308081,66.08242597817195,2154.395352754194,43.348500442504886,47.37608904041299,39.32091184459678,18.58236643387507,0.9334479087432687,0.0,0.0,43.793583424886066,44.69733289082845,42.88983395894368,4.127314529958376,2.1854321039765043,1.0,0.0,40.157501220703125,46.91749954223633,43.53750038146973,15.594537879111414,0.9885355904007296,1.0197347670408985,5.767211901859835,0.8249935312832335,0.22912611785676412,0.5958674134264694,43.40312544504801,43.234712013831505,44.4407317905623,43.61573825927907,1.1132290342636688,0.8540242266256219,0.2592048076380469,0.0548510671005753,24.117656821499683,-2.613499832153323,10.292162506241247,-16.249443619355933,26.54160612559718,43.53750038146973,43.53750038146973,43.53750038146973,43.53750038146973,95.06509897106774,21.887618342416623,40.04787210198029,20.373393718445186,133.87657527718963,42.974374771118164,41.71750068664551,92.0,68.0,24.0,41.296840474108485,,0.0,0.0,70.02624362289134,1.0,1.0,0.9992147234836075,18.309197916053645,73.39002601088403,98.85355904007295,94.52664166045463,-1.1464409599270466,2.769492497163661,13.386585803582898,1.891504223496021,0.5217561571576396,1.3697480663383814,2.762129551122275,5.851661844482924,-3.0895322933606484,45.418560663722594,0.7041104741230875,0.7016431911525789,137.10882231569735,7.771807345161847,-25083932.3905133
2018-05-10,46.935001373291016,47.592498779296875,46.912498474121094,47.5099983215332,45.051815032958984,111957200,0.6699981689453125,1,6466673058.041508,5073187200,0.12303456161730711,83955277.80902503,0.40997781937614675,0.17258970533258108,71898858.58523634,43.43481482642735,75.77570662879947,2154.395352754194,43.54725036621094,47.965408387279446,39.12909234514243,20.29132945898523,0.9484615462400205,0.0,0.0,44.41641667683919,45.329166158040366,43.503667195638016,4.109964510834235,2.1946499058114344,1.0,0.0,40.157501220703125,47.592498779296875,43.875,17.07340301871893,0.9889037680088659,0.993011153007707,5.45311397181731,1.008724673886718,0.38504582906275486,0.6236788448239631,43.967708587646484,43.411923481867866,44.91292664148091,43.90420196759419,1.2634165413163616,0.7490356210734089,0.5143809202429527,0.10541359434037441,24.010403227626924,-2.634751892089845,22.68253105305056,-11.328744771063175,34.01127582411374,44.026248931884766,43.875,43.95062446594238,43.875,97.53254948553388,23.059648050175298,43.204105903247466,19.276508435732655,139.46176332521088,42.974374771118164,41.71750068664551,100.0,64.0,36.0,41.63408001819616,,0.0,0.0,72.31249872530073,1.0,1.0,1.0,22.480787583540486,75.3660232325149,98.89037680088659,97.25094271692917,-1.1096231991134098,3.28641866796157,16.6318831709063,2.297558385484971,0.8769166028231059,1.4206417826618651,0.4036473618177024,4.762058947949879,-4.358411586132177,46.14514944917886,1.4303974525249785,1.4202637882966496,140.50042086981307,8.095627201041523,13491843.290208578
2018-05-11,47.372501373291016,47.51499938964844,46.86249923706055,47.147499084472656,44.88046646118164,104848800,-0.3624992370605469,0,6453416242.756999,4968338400,0.1222918007495174,66532008.12106234,-0.03967278279882975,0.19414810952951506,71098866.7656305,43.765159865512366,76.67469377888698,2137.9574091782997,43.72050037384033,48.40971755481236,39.0312831928683,21.450885240909866,0.8654126668027287,0.0,0.0,45.07324981689453,45.95874938964844,44.187750244140624,3.9291578767945916,1.6712310945149305,1.0,0.0,40.157501220703125,47.592498779296875,43.875,17.00574672069032,0.940147970282806,0.9589600529657254,5.096895514729328,1.1122608188517162,0.5304888270205472,0.581771991831169,44.487291971842446,43.563750340388374,45.25670701732579,44.14444619847407,1.284507244301659,0.6778169605283412,0.6066902837733178,0.15413359815861294,23.904278505231755,-2.6655000686645494,36.84547610591583,-4.389971223520997,41.23544732943682,44.454999923706055,43.875,44.16499996185303,43.875,98.76627474276694,24.087426287685936,41.13596959607396,18.720568110180082,117.16133813526606,42.974374771118164,41.71750068664551,96.0,60.0,36.0,42.11075351908421,,0.0,0.0,69.23547832208254,0.9142820431884113,0.9714273477294698,0.9904757825764899,25.001694226542337,72.1420269113717,94.01479702828058,97.25291095641337,-5.985202971719411,3.506867128259998,15.239843184584453,2.519594002495751,1.205452082757635,1.314141919738116,-1.9183306224935623,3.425981033861191,-5.344311656354753,46.5142240406065,-0.7629956848393515,-0.7659213884105398,138.66541303655592,7.207536481814685,2469004.7222984433
2018-05-14,47.252498626708984,47.38249969482422,46.96500015258789,47.037498474121094,44.775753021240234,83115200,-0.1100006103515625,0,6399166763.000044,4885223200,0.09044632688863029,55721332.285268836,-0.007534408040944345,0.2228939903049571,70904949.31704831,44.09071260636842,78.02117204666757,2132.969305366178,43.87462520599365,48.782092679909724,38.96715773207758,22.37041319840457,0.82225106788161,0.0,0.0,45.66641654968261,46.45816612243652,44.87466697692871,3.467535368765038,1.3658558031610324,1.0,0.0,40.157501220703125,47.592498779296875,43.875,16.946008139524952,0.9253529942946271,0.9048140018927857,4.559150838363254,1.1719285667153159,0.658776774959501,0.5131517917558148,44.985833485921226,43.753846388596756,45.53067493375583,44.35874636704052,1.3643180910260484,0.6559221206525938,0.7083959703734546,0.19861360927017632,23.792874123828316,-3.294623374938965,50.14578438985484,4.324118357801204,45.821666032053635,45.521249771118164,43.875,44.69812488555908,43.875,99.38313737138347,25.041791793945816,39.8224335281329,18.12279099038622,102.67142263552412,42.974374771118164,41.71750068664551,92.0,56.00000000000001,35.99999999999999,42.54929313990122,,0.0,0.0,68.28592170502922,0.8874738255626115,0.933918622917007,0.968448656882159,26.780413974884393,69.51495699785629,92.53529942946271,95.1468244195433,-7.46470057053729,3.4919627806719618,14.571911154488781,2.6419334690352825,1.4927483600131644,1.1491851090221181,-5.097820749597079,1.721220677169537,-6.819041426766616,46.691057241315576,-0.23331165488645889,-0.2335842506089314,138.10857881175872,7.112827748036153,-13837705.960025996
2018-05-15,46.69499969482422,46.76750183105469,46.275001525878906,46.61000061035156,44.36880111694336,94780800,-0.42749786376953125,0,6433325908.384457,4790442400,0.08622012165149186,41972772.026463695,-0.3390513531295328,0.19701897240516006,70043538.93510252,44.37989938016552,73.0820111325982,2132.969305366178,43.97712516784668,49.02130197494198,38.93294836075138,22.940002502861574,0.7609816768121012,0.0,0.0,46.12508328755696,46.86783307393392,45.382333501180014,3.2205894642897013,0.8264338352488549,0.0,0.0,40.157501220703125,47.592498779296875,43.875,16.906511124173605,0.8678549439724171,0.8905822965277259,4.031894817105902,1.1712190972283736,0.7612652394132756,0.40995385781509797,45.48833338419596,43.91144253657414,45.696725037847486,44.52550594061911,1.2994385104668507,0.6649813408312902,0.6344571696355604,0.2359026131773446,23.72284505888082,-2.6621265411376953,61.91557758333629,14.298218003393496,47.61735957994279,45.60124969482422,43.875,44.73812484741211,43.875,99.69156868569172,25.051072872023404,37.46921811496283,22.399282618879308,77.90239116428229,42.974374771118164,41.71750068664551,88.0,52.0,36.0,42.95274959105288,,0.0,0.0,64.57905160161488,0.7838821371946543,0.8618793353152251,0.9224084353205674,27.24064199307606,62.099133801732656,86.78549439724172,91.11186361832834,-13.214505602758281,3.4383012883803374,14.8595330389618,2.63044534247484,1.7202877565054995,0.9101575859693405,-6.969670279096245,-0.01695751408361934,-6.952712765012626,46.671595792584654,-0.9088448102841373,-0.913000000041686,135.94454135038671,6.682299617484659,12461166.536368266
2018-05-16,46.51750183105469,47.1150016784668,46.5,47.04499816894531,44.78289031982422,76732400,0.43499755859375,1,6492589942.095123,4867174800,0.1070739099903395,40745005.54626018,0.2294255286308938,0.2074252828040295,70759660.0727973,44.65873196307425,72.780715667212,2152.875686577073,44.10637512207031,49.32294803585895,38.88980220828167,23.654507537067254,0.7816622230188256,0.0,0.0,46.4127498626709,47.11824989318848,45.70724983215332,3.0401130405117414,0.9480852437458973,0.0,0.0,40.157501220703125,47.592498779296875,43.875,16.856968041505105,0.9263616960144482,0.8630242347216329,3.4503992533022068,1.1920166788317914,0.8474155272969789,0.3446011515348125,45.96583334604899,44.05500015845666,45.904151673400996,44.712134994569205,1.2977573275028564,0.6454206208819072,0.6523367066209492,0.2681944457249208,23.71923471459305,-1.8313735961914048,71.03356328729772,25.095846005610863,45.93771728168686,46.0674991607666,43.875,44.9712495803833,43.875,99.84578434284586,25.306652540997657,38.3985347638045,21.305697673481948,80.15785479079187,42.91687488555908,41.71750068664551,84.0,48.0,36.0,43.3239295261124,,0.0,0.0,66.56779506938872,0.8394592919937066,0.8369384182503236,0.8775787921608519,28.19553413645749,68.67370536612343,92.63616960144482,90.65232114271642,-7.363830398555186,3.340000107709102,13.869054175720205,2.6659802288049437,1.9094262509653885,0.7565539778395551,-9.638112280168963,-1.941188467300688,-7.696923812868275,46.74263625761414,0.9332708708378323,0.9289428057870364,138.14654302614179,7.324668801606315,-6984102.540663153
2018-05-17,47.0,47.227500915527344,46.59000015258789,46.747501373291016,44.49971008300781,69176000,-0.2974967956542969,0,6457595248.461322,4797998800,0.14140473270291798,31984342.13448278,0.09330802257694323,0.23806366411561136,70322214.2414195,45.03726493062033,74.91814668804041,2139.261622529314,44.28375015258789,49.605177784179645,38.96232252099614,24.03331973130453,0.7314934441724393,0.0,0.0,46.69133326212565,47.38408342997233,45.99858309427897,2.967360833144652,0.5405399477130098,0.0,0.0,40.157501220703125,47.592498779296875,43.875,16.78944880001148,0.8863486639576407,0.840471887543415,2.5280245102092325,1.1709949066018623,0.9121314031579557,0.25886350344390663,46.338541666666664,44.19490403395433,46.033897781076384,44.86290287447452,1.3635149504140132,0.6022925211786845,0.7612224292353287,0.2937907241558104,23.779149989356974,-0.14124832153320455,79.89349487826516,35.9608310130184,43.93266386524676,46.7549991607666,43.875,45.3149995803833,43.875,99.92289217142293,25.6247973879997,37.32599774766003,20.20452325897942,71.12862869980823,42.91687488555908,41.71750068664551,80.0,44.0,36.0,43.66541506636716,,0.0,0.0,63.924380583847515,0.7175627238745589,0.780301384354306,0.826373045973285,28.262024926532124,62.87790475773628,88.15285745306036,89.19150715058231,-11.847142546939631,3.136618098090672,10.579537991676336,2.6101630335386052,2.049573607480032,0.5605894260585731,-12.33020098712293,-4.018990971265137,-8.311210015857792,46.74331512454302,-0.6323664730221501,-0.6343743791624945,136.64058413138324,6.813546682816153,-3985883.914279163
2018-05-18,46.79750061035156,46.95249938964844,46.532501220703125,46.57749938964844,44.3378791809082,73190800,-0.17000198364257812,0,6400087621.518542,4724808000,0.2187249659718035,25637638.80321564,-0.09540105001873213,0.20173630105141632,70056048.5465938,45.459070319649925,69.73735820046272,2139.261622529314,44.54112510681152,49.7828904625103,39.29935975111274,23.536744270059657,0.694245082014497,0.0,0.0,46.80799992879231,47.39074986775716,46.225249989827475,2.489958724369179,0.3022303189311998,0.0,0.0,40.157501220703125,47.592498779296875,43.875,16.69243320810668,0.8634835611377909,0.7984245156836047,1.696484949435169,1.1276187740331096,0.9552288773329866,0.17238989670012306,46.54145812988281,44.311923247117264,46.11752879777978,44.98991002374667,1.3618601608498972,0.6545980588899845,0.7072621019599128,0.3123961435628624,23.832553882727364,-0.3186252593994112,87.10169086687756,46.66419110803744,40.43749975884012,46.7549991607666,43.875,45.3149995803833,43.875,99.96144608571146,25.84003732307941,36.00566744889145,19.974095374803774,60.51022918420384,42.96500015258789,41.71750068664551,76.0,40.0,36.0,43.97958176340154,,0.0,0.0,62.39949057930182,0.566748646201364,0.7079235540232093,0.7750544522092797,27.901051520747068,56.7422892043383,83.82470502196719,88.20457735882412,-16.175294978032806,2.8983609480016383,5.51622009987822,2.5063814829545725,2.1409351825749403,0.3654463003796322,-14.213008801915594,-6.057794537395228,-8.155214264520366,46.73819089665338,-0.36366004310063316,-0.36432289373862226,135.78001688113744,6.768900733257517,7838501.070267737
2018-05-21,47.0,47.317501068115234,46.727500915527344,46.907501220703125,44.652008056640625,73603200,0.3300018310546875,1,6371394913.164357,4798411200,0.22435384534761627,25445003.370111175,0.22444737164357498,0.19578398469100833,70577527.61029989,45.968343884872915,67.58282700636889,2139.261622529314,44.82100009918213,49.93907581814151,39.70292438022275,22.83784702542938,0.7038364842661246,0.0,0.0,46.85991668701172,47.42866668701172,46.29116668701172,2.4274477643603807,0.541832557091346,0.0,0.0,40.157501220703125,47.592498779296875,43.875,16.588200937375827,0.9078684891023273,0.792582231961924,1.055784206871905,1.1071092005772485,0.985604941981839,0.12150425859540948,46.76520824432373,44.4359617966872,46.23906301669106,45.131953816113814,1.3012809957334315,0.6451818657699974,0.6560991299634341,0.32634671632929113,23.95190585160091,1.136500358581543,93.74191383788165,57.07246605652454,36.669447781357114,46.93375015258789,43.875,45.404375076293945,43.875,99.98072304285573,26.32451773721977,36.84337562251382,18.71778862330565,63.22489881486428,43.03625011444092,41.71750068664551,72.0,36.0,36.0,44.26861512467317,,0.0,0.0,64.18547720410072,0.3651747240470545,0.5498286980409919,0.6793512121395024,28.066405248357185,51.18571063793237,83.4641427494012,85.14723507480959,-16.535857250598795,2.7116773268755736,6.071573028561255,2.453049573453141,2.2033580607505803,0.24969151270256074,-15.649837199607969,-7.976203069837777,-7.673634129770192,46.743401363000515,0.708500532186207,0.7060024594644165,137.450519555529,7.212637317471405,8825516.72350803
2018-05-22,47.095001220703125,47.220001220703125,46.69499969482422,46.790000915527344,44.54014205932617,60962800,-0.11750030517578125,0,6332495060.154025,4737448400,0.23302133046440107,20786696.08804242,-0.05597738221209137,0.1352049691489966,70424819.67621772,46.35746903764601,59.26384433163717,2133.9029083160935,45.12375011444092,49.94706673855483,40.300433490327,21.378172744424948,0.67272873946903,0.0,0.0,46.917250061035155,47.4747501373291,46.359749984741214,2.376524947939987,0.38587522144057795,0.0,0.0,40.157501220703125,47.592498779296875,43.875,16.47690526549196,0.8920648113943275,0.7658241613536222,1.1027338001909253,1.0690505736610305,1.0022940683176773,0.0667565053433532,46.8345832824707,44.54500022301307,46.323822693435105,45.254772119774074,1.252921197317602,0.6966894954271905,0.5562317018904115,0.3353669258662055,24.043344945149236,1.1662508010864272,98.96996347124232,66.92555505263577,32.04440841860655,46.93375015258789,43.875,45.404375076293945,43.875,99.99036152142787,26.72394024894256,35.154038436601105,18.143397922814472,56.59407393428621,43.058125495910645,41.71750068664551,68.0,32.0,36.0,44.53452581704307,,0.0,0.0,63.03735067000943,0.25399530884338556,0.39530622636393414,0.5510194928093786,27.902734763115717,47.304362140145905,79.84938524197597,82.37941100444813,-20.150614758024037,2.6559858883128413,1.8114572147559787,2.3622935738834685,2.235145163377158,0.12714841050631032,-17.7496529661056,-9.930893049091342,-7.818759917014258,46.74402808475792,-0.250493635597715,-0.2508078958160187,136.85572111634872,6.943616209051143,-3231650.4955507815
2018-05-23,46.587501525878906,47.125,46.439998626708984,47.09000015258789,44.82572937011719,80233600,0.2999992370605469,1,6404529658.32186,4817682000,0.27341039086445623,21255742.187839374,-0.14940875674005333,0.12257813542516159,70939246.22709717,46.60519027447086,52.24636765283843,2133.9029083160935,45.432625198364256,49.91693871923479,40.94831167749372,19.740499261451387,0.6847969534812867,0.0,0.0,46.9392500559489,47.510750452677414,46.36774965922038,2.4350640287065572,0.6318897567717751,0.0,0.0,40.157501220703125,47.592498779296875,43.875,16.36488652401587,0.9324144194064771,0.7577418825473615,1.109444181036088,1.0509812116698427,1.0120314969881103,0.03894971468173236,46.90124988555908,44.642307868370644,46.44169614868938,45.39071493701954,1.2141804932303153,0.697497835280676,0.5166826579496393,0.34134731729516266,24.18314358358382,1.0798755645751967,102.03296849149379,75.7422703235739,26.290698167919885,46.89500045776367,43.875,45.385000228881836,43.875,99.99518076071394,26.689070819585115,33.02623477515695,19.298451383375735,52.61393630242588,43.44437503814697,41.71750068664551,64.0,28.000000000000004,36.0,44.77916365402337,,0.0,0.0,64.77007904462704,0.23913916244304081,0.2861030651111597,0.4104126631720286,28.21041058726494,53.92792425157188,83.5246310686533,82.2793863533435,-16.47536893134669,2.548228241415579,1.7282333576109266,2.3154101298648824,2.251198156674703,0.06421197319017935,-17.77996624243841,-11.500707687760755,-6.279258554677654,46.74831134151448,0.6411609984837474,0.6391143050953563,138.37434762282416,7.284833518208835,23429260.420126945
2018-05-24,47.192501068115234,47.209999084472656,46.5525016784668,47.037498474121094,44.775753021240234,92936000,-0.052501678466796875,0,6448700396.04951,4724746000,0.3062955250362883,17522165.30529229,0.06986374615442296,0.06430093576097472,70835629.8335066,46.81652152492347,47.63158915724659,2133.9029083160935,45.731750106811525,49.785583923731366,41.677916289891684,17.72874997108865,0.6610510477587479,0.0,0.0,46.8987501780192,47.46800028483073,46.32950007120768,2.427570477467961,0.6218693632567263,0.0,0.0,40.157501220703125,47.592498779296875,43.875,16.25784611616327,0.9253529942946271,0.7477174348932113,1.1408397216574298,1.0206591421788858,1.0137570260262656,0.0069021161526201524,46.94499969482422,44.7414424602802,46.53335804490965,45.51269890273076,1.1867891774776274,0.8340276657260676,0.3527615117515598,0.3440940134274198,24.30237861725193,1.1082500457763658,102.54174052795845,83.04185525935642,19.49988526860203,46.82875061035156,43.875,45.35187530517578,43.875,99.99759038035697,26.736899188693492,31.842777807427442,18.162107310642646,51.30292071748145,43.44437503814697,41.71750068664551,60.0,24.0,36.0,45.00423046404525,,0.0,0.0,64.20284875349873,0.18191835895189704,0.22501761007944054,0.3021423005181782,28.32574372604524,55.03375152422664,66.86563833009558,76.74655154690828,-33.134361669904415,2.4163678786333875,1.1287238969527775,2.2425810087866407,2.2494747270970907,-0.006893718310450048,-16.586213312382537,-12.517808812685113,-4.068404499697424,46.75705071446256,-0.11149220279608185,-0.11155440158798768,138.10857881175872,7.078793573941141,27609348.07639356
2018-05-25,47.057498931884766,47.412498474121094,46.912498474121094,47.14500045776367,44.87808609008789,69844000,0.10750198364257812,1,6443811870.231639,4794590000,0.31879648609897004,16091622.911040854,0.2013401957586673,0.04029817275491576,70995255.00042877,46.8861865531064,43.3456567662193,2138.7798427404628,46.060000038146974,49.390755177309345,42.729244898984604,14.462679706486467,0.6628760407601679,0.0,0.0,46.89691683451334,47.450916926066085,46.34291674296061,2.3626290551579547,0.7239021500474857,0.0,0.0,40.459999084472656,47.592498779296875,44.026248931884766,15.485235972464329,0.9372592582292102,0.7229456914038901,1.1591693236782825,0.9938467486269289,1.0097749705463983,-0.01592822191946941,46.9704163869222,44.89317321777344,46.62745687765642,45.63361012902949,1.073413145592288,0.8990937998594174,0.17431934573287056,0.3443318396520876,24.198937034910273,1.449998283386229,100.90114277989298,88.68133952491621,12.219803254976767,46.84375,43.875,45.359375,43.875,99.99879519017848,26.976343331655617,32.24103816112727,17.326579572795197,59.33002137832322,43.36125087738037,41.71750068664551,56.00000000000001,20.0,36.00000000000001,45.21129192926538,,0.0,0.0,64.8810437192466,0.2503330072361931,0.22379684287704307,0.24497250602254783,28.59239099929512,52.01246057336029,73.28367012760452,74.5579798421178,-26.716329872395473,2.374044036865236,0.6511535102096495,2.1778832439879667,2.235156430475266,-0.05727318648729929,-17.431038945162058,-13.500454839180502,-3.9305841059815556,46.758697732004315,0.22854528223206216,0.22828451474086187,138.65276473522277,7.182612849195877,-3734724.2337735593
2018-05-29,46.900001525878906,47.1875,46.717498779296875,46.974998474121094,44.71625900268555,90056400,-0.17000198364257812,0,6452433918.267481,4704533600,0.3142525762221566,11605710.118076522,-0.10959779210437803,0.04514516421233598,70670517.13870311,46.945819283113124,44.15895869420638,2138.7798427404628,46.34300003051758,48.8803235343276,43.80567652670756,10.950190976583974,0.624540375449664,0.0,0.0,46.88008346557617,47.43933372497558,46.32083320617676,2.385875698408547,0.5848591546893996,0.0,0.0,41.317501068115234,47.592498779296875,44.454999923706055,13.540335556717212,0.9015935409704715,0.6976512443338135,1.1976012317459026,0.9479525869081584,0.9974104938187504,-0.04945790691059193,46.92583306630453,45.106442378117485,46.680924815574066,45.73297222866591,1.0838305035675169,0.8806686738596646,0.20316182970785224,0.341428180991688,24.1022556454162,0.8044990539550767,97.59493037333222,92.64571205713797,4.949218316194248,46.92624855041504,43.875,45.40062427520752,43.875,99.99939759508925,26.850065511868443,30.806378312119758,18.401765968434034,48.04709859173581,43.06750011444092,41.71750068664551,52.0,16.0,36.0,45.4017884772679,,0.0,0.0,62.8531040991453,0.04575942167732071,0.1593369292884697,0.20271712741498452,28.32144120164036,53.78931701556723,53.130808920185075,64.4267057926284,-46.869191079814925,2.249418729894302,-1.1260784388822607,2.0727989909957607,2.202684942579365,-0.12988595158360416,-16.22098899615588,-14.044561670575579,-2.1764273255803026,46.760087193000814,-0.36059387420067646,-0.36124558105958826,137.792197484977,6.94457587784963,27040166.568019874
2018-05-30,46.93000030517578,47.0,46.69499969482422,46.875,44.62106704711914,74762000,-0.09999847412109375,0,6465915651.714212,4629771600,0.2466277955366916,8879739.25517399,-0.042835788803666855,0.027777383592315765,70511366.82119198,46.962604805639984,36.85428298159656,2134.2268948383394,46.57299995422363,48.29732391744079,44.84867599100647,7.4048223859832465,0.5875705645280572,0.0,0.0,46.91066665649414,47.45116691589355,46.37016639709473,2.3043810626578978,0.46700588401773235,0.0,0.0,43.45000076293945,47.592498779296875,45.521249771118164,8.894634273997944,0.8267956251364037,0.6583861504180103,1.249739035486059,0.8932156578606154,0.9765715266271234,-0.08335586876650802,46.90312480926514,45.32048078683707,46.710782536254975,45.81756687839436,1.035933607391703,0.9364253003488527,0.09950830704285019,0.3354263222933929,23.852533485517434,0.46449851989746094,95.11756810494548,95.32171259243218,-0.2041444874867011,46.92624855041504,43.875,45.40062427520752,43.875,49.999698797544625,26.691308385434116,29.877269036805476,18.069255204820937,36.452485191884065,42.88999938964844,41.71750068664551,48.0,12.0,36.0,45.57704530143022,,0.0,0.0,61.632785979922154,0.0,0.09869747630450403,0.16061041615667235,27.78717462857546,56.307683179382686,45.54077608621379,57.318418378001134,-54.45922391378621,2.120212712007408,-0.5779714507962096,1.949504783244652,2.1520489107124225,-0.20254412746777062,-16.43375128240335,-14.522399592941134,-1.9113516894622151,46.762379304575944,-0.21287594969520152,-0.21310285261670892,137.28599508627974,6.915453112242133,2538774.7659656554
2018-05-31,46.80500030517578,47.057498931884766,46.53499984741211,46.717498779296875,44.47114562988281,109931200,-0.157501220703125,0,6432778180.840299,4519840400,0.19584319725268035,5137733.9053835105,-0.024359160329663544,-0.003246686386670686,70141995.12640032,46.90781344880204,27.17286349730297,2134.2268948383394,46.70174980163574,48.01692993912046,45.386569664151025,5.632252080793136,0.5059873842419993,0.0,0.0,46.89899991353353,47.43024991353353,46.36774991353353,2.2655067313991846,0.32917540307138393,0.0,0.0,43.61000061035156,47.592498779296875,45.60124969482422,8.5275138209186,0.7802886623217892,0.6447974438234749,1.2732879167819473,0.827587303731832,0.9467746820480653,-0.11918737831623327,46.876458168029785,45.55057687025804,46.71181580441527,45.884228500683435,0.9491150239756863,1.0145387712623561,-0.06542374728666989,0.3262589832332936,23.67772636637911,-0.09174919128417969,89.68708103593683,96.40988883217348,-6.722807796236651,46.92624855041504,43.875,45.40062427520752,43.875,24.999849398772312,26.23840360377282,28.30248616905706,18.73089201639342,17.509610913467796,42.52000045776367,41.71750068664551,44.0,8.0,36.0,45.73828157965955,,0.0,0.0,59.667790659110345,0.0,0.01525314055910631,0.0910958487173601,26.835760555286708,55.20015266967755,35.68532384989756,44.78563628543214,-64.31467615010244,2.026161249946142,-0.6803076379588403,1.80364218986379,2.082367566542696,-0.27872537667890596,-13.36356625996574,-14.290632926346056,0.9270666663803162,46.761021726250945,-0.33600260416666305,-0.3365683605763614,136.48870796346708,6.824183578205378,44304641.131881885
2018-06-01,46.997501373291016,47.564998626708984,46.9375,47.560001373291016,45.273136138916016,93770000,0.8425025939941406,1,6525054655.809143,4613610400,0.20535821746517627,15689695.953018803,0.3044809931515858,0.021335726181216135,71833041.74283093,46.919921313177205,35.70823382058259,2172.7155070726526,46.86862487792969,47.6009449682099,46.13630478764948,3.124990725405554,0.972045287667023,0.0,0.0,46.94891649881999,47.47916628519694,46.418666712443034,2.2588371614083136,1.076223593267618,1.0,0.0,44.54249954223633,47.592498779296875,46.0674991607666,6.507550082820508,0.9893451101197065,0.6650676841823383,1.2568528511222352,0.8339460673543186,0.924208959109316,-0.09026289175499735,46.95562489827474,45.80625005868765,46.84230589193461,46.00835982458029,0.979025047101277,0.9148675304528642,0.06415751664841285,0.3184185745748716,23.61948657908559,0.17637329101562216,85.25596010128164,96.20480763599615,-10.948847534714503,47.002498626708984,43.875,45.43874931335449,43.875,37.50292963515639,26.414779120239626,30.964885672376667,17.151730652799696,129.3060449158319,42.52000045776367,41.71750068664551,40.0,4.0,36.0,45.88661895563054,,0.0,0.0,65.92593620266443,0.7261604064976054,0.24205346883253454,0.11866802856538168,27.584508428746453,65.2168136645435,99.61261514349503,60.279571693202136,-0.3873848565049606,1.996043418435491,2.0381908399470574,1.8125968205212502,2.028413417338407,-0.2158165968171568,-12.191164092210728,-13.87073915951899,1.679575067308262,46.82053712044306,1.8033983325483671,1.7873300012685611,140.75354137954542,7.767106881755112,9788247.061773062
2018-06-04,47.90999984741211,48.35499954223633,47.837501525878906,47.95750045776367,45.65151596069336,105064800,0.39749908447265625,1,6468715313.222216,4718675200,0.08288748268940004,19414476.78977365,0.4162064321575516,0.05160292905253727,72711156.97841536,47.006964707605555,44.188809194152796,2172.7155070726526,46.968624877929685,47.72187993333601,46.21536982252336,3.207481834369302,1.1564015553141949,1.0,0.0,47.08516654968262,47.62516632080078,46.54516677856445,2.293715030394449,1.307716923911593,1.0,0.0,45.91749954223633,48.35499954223633,47.13624954223633,5.189634583373482,0.8369234525240384,0.6780607326586356,1.2284259072884802,0.8611336744540381,0.9115939021782605,-0.05046022772422243,47.03166675567627,46.071730833787186,47.01387428667754,46.1527406122235,1.041261249593009,0.8414389765231359,0.199822273069873,0.31288067139355524,23.541638563671224,-0.22112350463866903,81.27719069858361,94.81983839829635,-13.542647699712745,47.397499084472656,44.25625038146973,45.82687473297119,44.25625038146973,56.25597222123347,27.340272393831977,36.33371478732252,15.805591414247061,285.78560816184876,42.52000045776367,42.62624931335449,100.0,0.0,100.0,46.02308934152384,,0.0,0.0,68.4159993232316,1.0,0.5753868021658679,0.2775644705191696,28.938445647048773,61.18988045864473,80.88944886741896,72.06246262027052,-19.11055113258103,2.0587129480698536,1.9396372076398711,1.8658343210629789,1.9958975980833216,-0.1300632770203427,-10.171846996138537,-13.1309607268429,2.959113730704363,46.99101373699931,0.8357844259775149,0.832311087605353,142.76572198338496,7.724985378727709,26002863.023117885
2018-06-05,48.26750183105469,48.48500061035156,48.09000015258789,48.32749938964844,46.003726959228516,86264000,0.3699989318847656,1,6486186049.641426,4804939200,0.16624444517149053,21200635.51410705,0.08757277343389548,0.08207608094992501,73376695.99849455,47.14085404348558,52.03021182312485,2189.478316002079,47.07049980163574,47.96664770763405,46.17435189563743,3.807683834991572,1.201334891036985,1.0,0.0,47.21683311462402,47.73733291625977,46.69633331298828,2.2047213559290326,1.5669228610020498,1.0,0.0,45.91749954223633,48.48500061035156,47.201250076293945,5.454586373493344,0.9386558305041935,0.6630046746515611,1.119244781949506,0.902136601369655,0.9097024420165395,-0.007565840646884481,47.16333325703939,46.369711509117714,47.215970456365376,46.31383385499572,1.1254920715826262,0.7632621703739028,0.36222990120872345,0.3100732012779334,23.337134669145183,-0.49300041198730327,77.63829602027702,92.44965312596689,-14.811357105689865,47.46249961853027,44.47249984741211,45.96749973297119,44.321250915527344,71.88324474821461,28.311491303538446,35.7129861414833,14.96625453213905,260.1902641031898,42.446250915527344,43.01625061035156,100.0,0.0,100.0,46.25628036159509,,0.0,0.0,70.57175624681136,1.0,0.9087201354992013,0.5753868021658679,30.732630572942497,61.423571789086864,92.29823628715596,90.93343343268998,-7.701763712844045,2.211926392947923,3.379855542953462,1.9478771811337412,1.9862935146934055,-0.03841633355966434,-10.05870863445466,-12.516510308365254,2.457801673910593,47.19585511481571,0.7715142122776575,0.7685532610671508,144.63869403102524,7.7858464683385336,1079558.9053673744
2018-06-06,48.407501220703125,48.52000045776367,47.97999954223633,48.494998931884766,46.16317367553711,83734400,0.16749954223632812,1,6562166804.385065,4888673600,0.15610697014535835,20175612.393439412,-0.024183896136208034,0.06396112203798916,73666913.24222882,47.24331504066353,52.42229959956067,2197.0668860770547,47.169624710083006,48.22192934682337,46.11732007334264,4.461789311270163,1.1297483521061242,1.0,0.0,47.359833017985025,47.88183275858561,46.83783327738443,2.20439856872957,1.5873242126458493,1.0,0.0,46.275001525878906,48.52000045776367,47.39750099182129,4.759416564543651,0.9888634575616851,0.6507042987391394,1.088248562852758,0.9373424295147643,0.9152304395161844,0.022111989998579884,47.32312488555908,46.64586536700909,47.412744067983745,46.47540163846898,1.0856527251102983,0.7993275677613412,0.28632515734895714,0.3092796436637184,23.175055507969525,-0.2621234893798814,75.65677319667144,89.51896475987552,-13.862191563204078,47.52750015258789,44.91875076293945,46.22312545776367,44.3387508392334,82.82225662867656,28.981891588710244,33.737839201508415,15.265139588999588,212.85618109317954,42.438751220703125,43.01625061035156,100.0,0.0,100.0,46.52372679144587,,0.0,0.0,71.519472894543,1.0,1.0,0.8280356458883564,32.51340363273208,65.36689530201053,98.79800462164839,90.66189659207446,-1.201995378351612,2.381029409520764,4.116793660808852,2.0168570823902248,1.9924062282327695,0.024450854157455293,-10.088479013044667,-12.030904049301137,1.94242503625647,47.45864625732584,0.3465926115602036,0.3459933636018597,145.48659366955414,7.657875146920119,7178398.756537557
2018-06-07,48.53499984741211,48.54999923706055,48.084999084472656,48.3650016784668,46.039432525634766,85388800,-0.12999725341796875,0,6579612746.975941,4803284800,0.11493614046579807,15707623.555425748,0.03675788868800626,0.05992182676020795,73438017.27940495,47.34497911547522,58.97987516610329,2197.0668860770547,47.24587478637695,48.40697060563291,46.084778967121,4.915120418474079,0.9819270182227492,0.0,0.0,47.50466639200846,48.00466601053874,47.00466677347819,2.1050547514817954,1.3603359428425612,1.0,0.0,46.275001525878906,48.54999923706055,47.41250038146973,4.815230369779547,0.9186823100153091,0.6321338841240145,1.0027135417897388,0.9438732270251364,0.9209589970179749,0.02291423000716153,47.44458325703939,46.88009614210863,47.55924523882729,46.61537201180215,1.0893745422363281,0.8053131103515625,0.2840614318847656,0.30864965129206834,23.023640253787764,-0.45587387084960795,73.82951173065833,86.32871711573105,-12.499205385072727,47.54249954223633,46.0,46.771249771118164,44.353750228881836,89.85445037739314,29.634253244094683,32.40664176744422,14.520415223301605,169.29115415554944,42.22437572479248,43.01625061035156,100.0,0.0,100.0,46.80320510473036,,0.0,0.0,69.64487315563278,0.8418283833744901,0.9472761277914961,0.9519987544302325,33.51713158424014,66.64596648665265,91.23234573079453,94.10952887986632,-8.767654269205458,2.543772046706259,3.107179917570174,2.024811100480256,1.9988872026822668,0.025923897797988982,-9.871059717009684,-11.598935182842848,1.7278754658331632,47.58422538090306,-0.2680632153442497,-0.2684231481568933,144.8285344133245,7.342909060874291,11717881.645698667
2018-06-08,47.79249954223633,48.0,47.442501068115234,47.92499923706055,45.620574951171875,106627200,-0.44000244140625,0,6657550667.435758,4696657600,0.11129744392507612,6761359.001748857,-0.3117478209387634,0.04446848598020571,72467972.27388187,47.42368469426726,57.259144569266624,2197.0668860770547,47.26662483215332,48.46023741562977,46.07301224867687,5.050551367757027,0.7757906602281632,0.0,0.0,47.59024976094564,48.0802495320638,47.100249989827475,2.059244377071021,0.841581257631019,0.0,0.0,46.275001525878906,48.54999923706055,47.41250038146973,4.81311648390444,0.72527444888049,0.6611705567467693,0.9104644914097801,0.903133648813963,0.9173939273771725,-0.01426027856320955,47.53916645050049,47.02557681157039,47.61551508470933,46.71238143589537,0.9923544560496752,0.8062336240623094,0.18612083198736584,0.3056205227850092,22.952514846149683,-0.17662467956542827,71.51127434218414,83.06317617820784,-11.551901836023703,47.54249954223633,46.079999923706055,46.81124973297119,44.353750228881836,90.95042020648657,28.91835558678205,29.347726185048806,19.72394424490064,77.38667171950698,42.37187576293945,43.01625061035156,96.0,0.0,96.0,47.08269216590319,,0.0,0.0,63.57121490721014,0.32935613447598466,0.7237281726168243,0.8903347668027735,32.7180689127762,65.49719118845069,70.37915548773873,86.8031686133939,-29.620844512261264,2.471889899758736,2.4257283593182235,1.93339243483734,1.9857882491132814,-0.05239581427594153,-7.758191474468104,-10.8307864411679,3.0725949666997963,47.605509039893526,-0.9097538015844786,-0.9139173326409455,142.6011975141357,6.9010529490707455,33029642.388424724
2018-06-11,47.837501525878906,47.99250030517578,47.5525016784668,47.807498931884766,45.50872802734375,73234000,-0.11750030517578125,0,6669200881.718375,4623423600,0.12818323914028695,4566162.380178569,0.030791887694544107,0.030635951412417796,72288420.52664702,47.47212546614493,51.21169090339534,2191.6802187068856,47.299624824523924,48.514542834534254,46.084706814513595,5.137114784810802,0.7090157949656715,0.0,0.0,47.65299987792969,48.13699951171875,47.169000244140626,2.0313501144897437,0.6596065814611882,0.0,0.0,46.275001525878906,48.54999923706055,47.41250038146973,4.80975846980101,0.6736259111266867,0.6390533637429907,0.9260836373827555,0.8515498107847606,0.9042251040586902,-0.05267529327392961,47.598958015441895,47.163461391742416,47.64505106119786,46.7935012504131,0.9999995349347699,0.8628471479409702,0.13715238699379972,0.30000186793856015,22.767363357341868,-0.2621263504028306,69.14013801842552,79.90153258321821,-10.761394564792695,47.54249954223633,46.54624938964844,47.04437446594238,44.353750228881836,55.692816093259424,28.253593476420317,27.990615546761234,18.81186082164101,67.64250765214378,42.37187576293945,43.01625061035156,92.0,0.0,92.0,47.31746129728837,,0.0,0.0,62.01584931511459,0.19812028447609914,0.4564349341088574,0.709146411505726,31.617576501485512,67.25320760124735,64.81042225613064,75.47397449155464,-35.189577743869364,2.219014941944792,1.523675466069082,1.8198035796204561,1.9525913152147165,-0.13278773559426038,-8.889466763625553,-10.442522505659431,1.5530557420338784,47.61378637983907,-0.24517539289790058,-0.2454764399271614,142.00639907495537,6.997356210671569,-11922124.734264016
2018-06-12,47.84749984741211,48.15250015258789,47.787498474121094,48.06999969482422,45.75860595703125,67644400,0.2625007629394531,1,6706266277.32261,4691068000,0.1841193948850861,6450525.841378994,0.10656790340958643,0.04224632895682335,72659841.47535385,47.530108624441034,56.47113462937702,2203.714266552592,47.351249885559085,48.60437343365115,46.09812633746702,5.292884775462847,0.7867832985659965,0.0,0.0,47.757333246866864,48.230832926432285,47.28383356730143,1.9829401994362506,0.8301654271913373,0.0,0.0,46.275001525878906,48.54999923706055,47.41250038146973,4.804514593975811,0.7890109779552196,0.6116481952153714,0.86512740022145,0.8223710833236026,0.8878542999116726,-0.06548321658806999,47.684999783833824,47.24471136239859,47.710427774063454,46.88805669073985,1.0332600829201635,0.8281012174304045,0.20515886548975892,0.29342436100636987,22.630799485594693,-0.206249427795413,67.7380179858446,76.85936034776256,-9.121342361917954,47.54249954223633,47.23374938964844,47.38812446594238,44.353750228881836,27.846408046629712,27.850210467919002,28.619215044817814,18.065549225265155,84.56851762068497,43.11000061035156,43.11000061035156,88.0,4.0,84.0,47.442501068115234,,0.0,0.0,64.12744398527809,0.37628863460706374,0.30125501785304865,0.49380604152624347,31.22713423542513,64.79272358944051,77.25121310953783,70.81359695113575,-22.748786890462174,1.9488603479722002,2.1950598016414125,1.7539031074538363,1.9128536736625406,-0.1589505662087043,-10.240926411381338,-10.402203286803813,0.16127687542247493,47.65094788638261,0.5490786357877919,0.547576694430818,143.33520450951528,7.354296254170961,-1545499.1829267144
2018-06-13,48.10499954223633,48.220001220703125,47.61000061035156,47.67499923706055,45.382606506347656,86553600,-0.3950004577636719,0,6638158118.33119,4604514400,0.12341448765900616,644920.4895971743,-0.03876101773111528,0.05014973888603321,71948613.85234277,47.593861445803896,56.10472829810396,2203.714266552592,47.40449981689453,48.61695560452322,46.19204402926584,5.115361589350989,0.6115502201919703,0.0,0.0,47.855166625976565,48.35916633605957,47.35116691589356,2.106354425728521,0.32126240818040824,0.0,0.0,46.439998626708984,48.54999923706055,47.494998931884766,4.451055529541898,0.5853081768283422,0.6114834367289905,0.9470205393077737,0.758628498701114,0.862009139669561,-0.10338064096844701,47.72916634877523,47.297980528611404,47.70497722990916,46.94634873120805,1.0433005910088518,0.8060874294753695,0.23721316153348226,0.2842171650058861,22.622244949860935,-0.42950134277343466,66.76061526575637,74.31197526218696,-7.551359996430591,47.74374961853027,47.23374938964844,47.488749504089355,44.353750228881836,13.923204023314856,27.102501451883978,26.71193742442149,18.80078640198826,56.18563471972331,43.53750038146973,43.53750038146973,84.0,0.0,84.0,,48.54999923706055,0.0,1.0,58.827847457124655,0.0,0.19146963969438704,0.3163865305520977,29.378639049763596,59.35354819620759,56.575669228730455,66.21243486479965,-43.424330771269545,1.677853157941037,1.124188724468655,1.6159478195943453,1.8534725028489016,-0.23752468325455633,-9.515614043180044,-10.22488543807906,0.7092713948990159,47.65202255580192,-0.8217192849414579,-0.8251140073741059,141.33567220700886,6.8351874136739355,23338597.827074736
2018-06-14,47.88750076293945,47.89250183105469,47.55500030517578,47.70000076293945,45.406394958496094,86440400,0.02500152587890625,1,6625992331.085219,4690954800,0.07990953790716991,861523.5478808648,-0.07467239314683286,0.03982572893594351,71993944.56932583,47.652853777382596,48.82688967403826,2204.869929271976,47.437249946594235,48.64446766839092,46.230032224797554,5.089745814337002,0.6088249499660137,0.0,0.0,47.949750137329104,48.43525009155273,47.46425018310547,2.0250364301509327,0.24279155722164256,0.0,0.0,46.439998626708984,48.54999923706055,47.494998931884766,4.447982572191773,0.597157237798396,0.5840852456439821,1.0090385685640157,0.7020368119735352,0.830014674130356,-0.12797786215682083,47.78958320617676,47.34365360553448,47.70421161960613,47.00217480763259,1.0232094124595272,0.8519124857151551,0.17129692674437214,0.27320333788417217,22.627657625923995,-0.5622499465942354,65.70677709160908,72.13984381666779,-6.433066725058708,47.99625015258789,47.41250038146973,47.70437526702881,44.353750228881836,6.961602011657428,26.290660130828744,25.691749839660716,18.705135061221547,36.49655555675277,43.53750038146973,43.53750038146973,80.0,16.0,64.0,,48.531199264526364,0.0,0.0,59.05847780920114,0.0181718530233746,0.13148682921014557,0.2080704955858604,27.907481852630966,56.46102245016527,57.81644011964712,63.8811074859718,-42.18355988035288,1.365390239042398,1.5433790577295472,1.4936262308005646,1.7815032484392344,-0.2878770176386698,-8.850420365854893,-9.949992423634228,1.0995720577793353,47.65508096078789,0.052441586321982925,0.0524278405275691,141.462232461875,7.049961857262119,15040858.55096154
2018-06-15,47.50749969482422,47.540000915527344,47.064998626708984,47.209999084472656,44.93996810913086,246876800,-0.4900016784667969,0,6529840063.803921,4444078000,0.03911217350365825,-16542986.44103236,-0.08105068205733017,0.019654951949086553,69457884.9374673,47.61027799100732,37.72036287835186,2204.869929271976,47.46037483215332,48.63102147332379,46.28972819098285,4.933153795394741,0.39306092082990735,0.0,0.0,47.94150009155273,48.411750411987306,47.47124977111817,1.9617672352201905,-0.27777831858156166,0.0,1.0,46.439998626708984,48.54999923706055,47.494998931884766,4.445815309747797,0.36492902134060357,0.5891769347026308,1.2155311214554656,0.6106097233836536,0.7861336839810156,-0.17552396059736197,47.81749979654948,47.35788433368389,47.62817892189329,47.017569198509634,0.8968833955758854,0.905236265995862,-0.008352870419976677,0.258847360251842,22.662919792377412,-0.7428760528564453,63.200457989754874,70.13131796013127,-6.930859970376396,47.807498931884766,47.41250038146973,47.609999656677246,44.353750228881836,3.480801005828714,24.556716147110528,23.846388611919682,22.90415737022659,-22.524213770552752,43.53750038146973,43.53750038146973,76.0,12.0,64.0,,48.492151306152344,0.0,0.0,52.81423710971733,0.0,0.0060572843411243115,0.10967125108188563,24.77389615773428,49.4570979546462,33.4987315891106,49.29694697916273,-66.50126841088941,1.0850960002225989,0.7146647135416666,1.2986841595439365,1.684939430660175,-0.3862552711162386,4.781687823732915,-7.0036563741608,11.785344197893714,47.646367318654754,-1.027257171130913,-1.032569872329514,138.98179436333763,6.586582504847726,174337462.7685059
2018-06-18,46.970001220703125,47.30500030517578,46.79999923706055,47.185001373291016,44.91617202758789,73939600,-0.024997711181640625,0,6568640439.021282,4370138400,0.09121478940842753,-14443748.487411456,-0.1707478361105667,0.015287091662930217,69418733.89316462,47.6251925821322,38.14886851947158,2203.7024498660476,47.49074993133545,48.59799663864865,46.38350322402225,4.6629994637444785,0.3619329567543481,0.0,0.0,47.84616673787435,48.315167363484704,47.377166112264,1.9604522476367914,-0.20486618618355046,0.0,1.0,46.439998626708984,48.54999923706055,47.494998931884766,4.442971764822222,0.35308176828342286,0.5807593480438912,1.381361019328327,0.5300261787430784,0.7349121829334282,-0.20488600419034975,47.85645834604899,47.345384451059196,47.55999776056986,47.02997158182678,0.8883908355584703,0.9069399876641526,-0.01854915210568231,0.2422833273293993,22.732328278912924,0.06925144195556499,60.1007086476822,68.18269714095406,-8.081988493271865,47.67499923706055,47.41250038146973,47.54374980926514,44.353750228881836,1.740400502914357,23.129352227900064,22.464460373359067,24.617825833565053,-49.673494549795436,43.95062446594238,43.875,72.0,8.0,64.0,,48.40652214538574,0.0,0.0,52.50922271358543,0.0,0.0060572843411243115,0.04786713263079806,22.098590893124285,51.04311717234587,32.258150013252056,41.191107240669936,-67.74184998674795,0.7671251409194042,1.0007012494455654,1.1269965958216526,1.5733508636924705,-0.4463542678708179,1.6770350344648324,-5.267518092435674,6.944553126900507,47.616005228310144,-0.05295003530271236,-0.052964058784432666,138.85525341885514,6.849542226615071,-87117261.76637286
2018-06-19,46.28499984741211,46.58250045776367,45.86249923706055,46.42250061035156,44.19032287597656,134314000,-0.7625007629394531,0,6643259486.047943,4235824400,0.1424435222891524,-27011002.628274065,-0.44492827125382317,-0.013433799940652377,67248244.8713836,47.54046425008228,36.636141397000195,2203.7024498660476,47.46649990081787,48.64286656372582,46.29013323790993,4.956618521972275,0.05626110319822682,0.0,0.0,47.64500007629395,48.146500778198245,47.14349937438965,2.105155634804261,-0.7188412312288992,0.0,1.0,45.86249923706055,48.54999923706055,47.20624923706055,5.6618878695829284,0.20837260401526161,0.654933626862549,1.7564528024187336,0.4000244669099402,0.6679346397287306,-0.26791017281879037,47.76166661580404,47.31749989436223,47.38499819899781,46.98497373208787,0.7787200934006435,0.9100172535582226,-0.13129716015757908,0.22128194405051502,22.938085870553127,0.49100055694579936,55.233562371656085,65.91345149373014,-10.679889122074051,47.20624923706055,47.20624923706055,47.20624923706055,44.353750228881836,0.8702002514571785,23.15000443645861,19.30869588027689,31.11782131060573,-144.56870138684408,44.16499996185303,43.875,68.0,100.0,-32.0,,48.278000312719726,0.0,0.0,44.13609115804359,0.0,0.0,0.004038189560749541,16.98262150204198,48.56376790845865,20.837260401526162,28.86471400129628,-79.16273959847383,0.2878090802360944,-2.3917172626034793,0.8513880824769896,1.4289583074493744,-0.5775702249723847,3.7107596183075184,-3.471862550287036,7.182622168594555,47.35010030974394,-1.6159812244300742,-1.6291805937327375,134.99539737004162,6.176291470979891,48295137.96760148
2018-06-20,46.587501525878906,46.79999923706055,46.432498931884766,46.625,44.38309097290039,82514800,0.2024993896484375,1,6647189170.102003,4318339200,0.1630429608098822,-20765259.87609736,0.17536607345892133,0.0008322881871036862,67608182.32449955,47.54660813057553,43.07083108880086,2213.3152108159634,47.4582498550415,48.65560548883432,46.260894221248684,5.045932529960845,0.15204579511517075,0.0,0.0,47.47375005086263,47.958000691731776,46.98949940999349,2.040077475869606,-0.37635408116268226,0.0,1.0,45.86249923706055,48.54999923706055,47.20624923706055,5.662872120671989,0.2837212141170058,0.6271901268471926,2.0218310136721915,0.3097663879595203,0.5963009893748885,-0.28653460141536824,47.650624910990395,47.301634568434494,47.268075399151996,46.958309011192476,0.8578817778320156,0.888953320693774,-0.031071542861758394,0.19867231921473957,23.099577976497102,0.8692495346069364,50.86267841689733,63.36158112553446,-12.498902708637125,47.041250228881836,47.20624923706055,47.12374973297119,44.353750228881836,0.43510012572858925,22.754675418464636,20.89443190135252,29.829687511535862,-98.61452545443683,44.69812488555908,43.875,64.0,96.0,-32.0,,48.036450205153805,0.0,0.0,46.572688495578674,0.08898087756222359,0.02966029252074064,0.011905858953954983,13.410804926493885,48.32033609985174,28.372121411700583,27.15584394215961,-71.62787858829942,-0.05054418900434143,-2.7785027264655078,0.6596625698035415,1.275099159920208,-0.6154365901166664,1.4073689096028634,-2.4960162583090564,3.90338516791192,47.1969285726201,0.4362095686057943,0.43526093236132546,136.02046977915293,6.842875308838245,-25052788.634156972
2018-06-21,46.8125,47.087501525878906,46.23500061035156,46.3650016784668,44.13558578491211,102847600,-0.2599983215332031,0,6575708804.106245,4215491600,0.08766082281363291,-21618823.232900348,0.037302019936142794,-0.018251924185427957,67034665.89825358,47.48809877732755,36.2702952355832,2213.3152108159634,47.42199993133545,48.70275011476154,46.141249747909356,5.401502194258158,0.08735190260089964,0.0,0.0,47.29666684468587,47.81966756184896,46.77366612752279,2.2115753690657756,-0.3906920541837018,0.0,1.0,45.86249923706055,48.54999923706055,47.20624923706055,5.667200885435785,0.18697765261627908,0.6497212057152078,2.3378963114854234,0.21478066070557844,0.5199969236410266,-0.3052162629354481,47.487083435058594,47.29221153259277,47.12914098058504,46.914360319879464,0.8142605942762479,0.9396207856295495,-0.12536019135330168,0.17449969774172697,23.355845079845267,1.0729990005493164,46.40326564349363,60.57180238123552,-14.168536737741888,47.041250228881836,47.20624923706055,47.12374973297119,44.353750228881836,0.21755006286429462,21.860540745870207,22.06794728104309,27.10129985610774,-100.91079618181146,44.73812484741211,43.875,60.0,92.0,-32.0,,47.81905510834448,0.0,0.0,43.92368390101246,0.0,0.02966029252074064,0.019773528347160427,9.582391239961186,41.28918660988972,18.697765261627907,22.635715691618227,-81.30223473837209,-0.34153685850255755,-4.060830243581774,0.45781432218434703,1.1116421923730357,-0.6538278701886887,1.0979946068718887,-1.7772140852728673,2.875208692144756,47.01421514910622,-0.5576371507414524,-0.5591977510630564,134.7043319563099,6.593919318068075,20680464.72053057
2018-06-22,46.529998779296875,46.537498474121094,46.17499923706055,46.22999954223633,44.00708770751953,108801600,-0.13500213623046875,0,6499923114.716913,4106690000,0.026019744426423345,-20628769.688956436,-0.1016189737484365,-0.055239453178712816,66717865.555461526,47.35705446902438,28.795396221737562,2213.3152108159634,47.38162498474121,48.755817547120486,46.00743242236193,5.800529478766604,0.08098105242581333,0.0,0.0,47.14916674296061,47.65266749064127,46.64566599527994,2.1357779255169453,-0.4127764009868375,0.0,1.0,45.86249923706055,48.54999923706055,47.20624923706055,5.672030034566107,0.1367442996002907,0.6209990088497417,2.650269231088046,0.12714459958846192,0.4414264588305136,-0.3142818592420517,47.298333485921226,47.260865431565506,46.990811528531395,46.86366692894293,0.7219357450967628,1.0662632440845128,-0.34432749898774995,0.14943395062350526,23.504111445451105,0.9833766937255888,40.610977495195996,57.40189565643224,-16.79091816123624,47.041250228881836,47.20624923706055,47.12374973297119,44.353750228881836,0.10877503143214731,21.11941936687811,21.18079817308484,26.67721511561726,-120.99377358521683,44.9712495803833,43.875,56.00000000000001,88.0,-31.999999999999993,,47.623399521216086,0.0,0.0,42.56972033129769,0.0,0.02966029252074064,0.02966029252074064,5.995146509347713,41.84174692784948,13.67442996002907,20.248105544452528,-86.32557003997093,-0.5617796617395783,-4.670583440634397,0.27130740703932754,0.9435752353062941,-0.6722678282669665,1.294467068000269,-1.1628778546182401,2.457344922618509,46.85817649276042,-0.2911725037058832,-0.2915972355090002,134.0209374766465,6.639118588684298,20647661.66284892
2018-06-25,45.849998474121094,46.22999954223633,45.182498931884766,45.54249954223633,43.35263442993164,126652400,-0.6875,0,6460325444.522155,3980037600,0.008153168526455146,-30120877.590534087,-0.5375934424762139,-0.09989418288657778,64834380.245874874,47.15412607437015,22.09317695593917,2213.3152108159634,47.301499938964845,48.89146954620776,45.71153033172193,6.722702702005305,-0.053155352377681965,0.0,1.0,46.935916646321616,47.50016759236654,46.371665700276694,2.4043461228071803,-0.7347494619657695,0.0,1.0,45.182498931884766,48.54999923706055,46.866249084472656,7.119225203262077,0.10690440318542768,0.6636491689999238,3.1099130871891987,0.0021916217948430017,0.3535794914233795,-0.3513878696285365,47.06312497456869,47.214519207294174,46.767994299870615,46.76580267807577,0.6117274078501244,1.1272415803103182,-0.5155141724601938,0.121692002866717,23.832841573818342,0.6234992980957017,31.912446031124365,53.42127655035221,-21.508830519227846,46.701250076293945,46.866249084472656,46.7837495803833,44.353750228881836,0.054387515716073656,21.686326149700733,18.825658203449176,34.24630994349236,-167.13084340349678,45.3149995803833,43.875,52.0,100.0,-48.0,,47.447309492800535,0.0,0.0,36.41382450607636,0.0,0.0,0.019773528347160427,0.7356575136064925,40.38518003150163,10.69044031854277,14.354211846733259,-89.30955968145723,-0.8061400469611684,-5.835835910840278,0.004686376944986029,0.7557974636340326,-0.7511110866890465,2.757695251516361,-0.3787632333913199,3.136458484907681,46.54893258877499,-1.4871295842689536,-1.4982982226763752,130.54074288204777,6.085411799309327,34791245.11781165
2018-06-26,45.747501373291016,46.63249969482422,45.6349983215332,46.10749816894531,43.89047622680664,98276800,0.5649986267089844,1,6455152823.117813,4078314400,0.0013369657311407199,-17885572.643693,0.433908723902247,-0.06717328145525957,66053598.72521763,47.019176849237176,22.63722465197435,2240.773520464194,47.258124923706056,48.92674267148843,45.589507175923686,7.0617179605674245,0.15521559497675494,0.0,0.0,46.7480832417806,47.37558415730795,46.120582326253256,2.6846059646207,-0.01042560814190036,0.0,1.0,45.182498931884766,48.54999923706055,46.866249084472656,7.125759455357791,0.27468423258606434,0.7062842673587204,3.3507854331758775,-0.050659870605656465,0.2727316190175723,-0.3233914896232288,46.911666552225746,47.19644223726713,46.66637951049749,46.71703938110315,0.6849714751226363,1.0704527887425959,-0.3854813136199595,0.0954964004513409,24.198274460259114,0.5493740081787095,23.58694565894661,48.62420214959557,-25.037256490648957,46.53750038146973,46.866249084472656,46.70187473297119,44.353750228881836,0.027193757858036828,21.477298975825274,20.831207399913882,30.451888317746256,-107.56414416621638,45.3149995803833,43.875,48.0,96.0,-48.0,,47.17553222549064,0.0,0.0,43.628391416557754,0.21710319727083596,0.07236773242361143,0.03400934164811736,-1.5791140313931802,42.251254911088324,27.468423258606432,17.277764512392768,-72.53157674139356,-0.8208754819982147,-3.7923862223241422,-0.1084398139881873,0.5829500081095886,-0.6913898220977759,1.7623517908653388,0.04945977146001185,1.712892019405327,46.47913759261046,1.2405964371476896,1.232964099059819,133.40082312441623,7.083824015377999,-4266229.230124652
2018-06-27,46.307498931884766,46.81999969482422,46.00749969482422,46.040000915527344,43.82622146606445,101141200,-0.06749725341796875,0,6362103223.027669,3977173200,-0.050393952307273615,-16305741.29565078,0.22493361547962165,-0.05373215811300131,65905537.05458908,46.894801711505465,23.24888162150816,2240.773520464194,47.21637496948242,48.96128792775024,45.471462011214605,7.391134789130321,0.1629132563944993,0.0,0.0,46.59349988301595,47.24125073750814,45.945749028523764,2.7804344216189807,0.07275319387843165,0.0,0.0,45.182498931884766,48.54999923706055,46.866249084472656,7.1320602383226435,0.25464050658721976,0.7169058406228483,3.535034862259176,-0.0968748108433104,0.19881033304539578,-0.29568514388870615,46.76437505086263,47.163076840914215,46.57001357280978,46.66688838365309,0.7239150584262968,1.0516528502228129,-0.3277377917965161,0.07099447881272755,24.531546692157388,0.8536247253417955,15.056601305611691,42.996404840040306,-27.939803534428613,46.361249923706055,46.866249084472656,46.613749504089355,44.353750228881836,0.013596878929018414,20.95675304873335,21.01463420303815,27.96462219567851,-85.38576619178829,45.404375076293945,43.875,44.0,92.0,-48.0,,46.93636823025793,0.0,0.0,43.000699588427594,0.2376764639961407,0.151593220422325,0.0746536509486455,-3.6189413263385513,36.26842536970197,28.23049670774606,22.129786761631763,-71.76950329225394,-0.8565591924330747,-3.6971145863031243,-0.20758789411218728,0.4248424276652335,-0.6324303217774208,1.171001950035022,0.2737682071750139,0.8972337428600081,46.41893317677201,-0.14639105589864254,-0.1464983122935415,133.05914519496827,6.8233200496350435,11709491.746344268
2018-06-28,46.025001525878906,46.5525016784668,45.95000076293945,46.375,44.145111083984375,69460800,0.33499908447265625,1,6390636587.832471,4046634000,-0.020866852236891765,-10652163.33816663,-0.14095069367147423,-0.041532363308194944,66410951.99690048,46.80074526939829,28.59928105384533,2257.077974481112,47.199250030517575,48.9699434130715,45.42855664796365,7.503057279126455,0.26725218531942113,0.0,0.0,46.45116653442383,47.12541732788086,45.7769157409668,2.9030521459880223,0.4435176531025586,0.0,0.0,45.182498931884766,48.54999923706055,46.866249084472656,7.134647908596979,0.3541205523522548,0.7054653481132979,3.644982051140601,-0.10525553721581105,0.13799715899315443,-0.24325269620896547,46.623125076293945,47.14711526724008,46.540011484685195,46.645267021901006,0.7978098114253342,1.062232900104741,-0.2644230886794068,0.04993858976481741,24.73914276581176,0.4757492065429716,7.6116022109777886,36.81986530906507,-29.208263098087283,46.24374961853027,46.866249084472656,46.554999351501465,44.353750228881836,0.006798439464509207,20.55030977454116,19.727846975068637,26.83663570680975,-80.02312808044442,45.404375076293945,43.875,40.0,88.0,-48.0,,46.81999969482422,0.0,0.0,47.07088426433561,0.38454232823168644,0.2797739964995538,0.16791164978183012,-4.110741916118478,37.7942427017111,39.259264840888,31.652728269080175,-60.740735159112,-0.9091107087976837,-3.5261071470460656,-0.22565105515719566,0.2947437311007477,-0.5203947862579433,-1.7585073115567424,-0.13268689657133742,-1.625820414985405,46.415224719417964,0.7276261464184142,0.7249917188441035,134.7549444720261,7.190564456933004,-19272494.07438788
2018-06-29,46.5724983215332,46.79750061035156,45.727500915527344,46.27750015258789,44.05229568481445,90950800,-0.09749984741210938,0,6393186507.228964,3955683200,-0.06538717595044012,-10397238.450144151,0.013234635385046918,-0.04278645275887332,66219734.98079246,46.71911581274504,28.30546326659011,2257.077974481112,47.13512496948242,48.94144809186095,45.32880184710389,7.66444609427908,0.2626048168598912,0.0,0.0,46.35074996948242,47.08450050354004,45.6169994354248,3.16607836783968,0.4500853399796101,0.0,0.0,45.182498931884766,48.54999923706055,46.866249084472656,7.144354252494431,0.32516737088935965,0.7419187827843899,3.7597272730349314,-0.11839990568051917,0.08671774605841971,-0.20511765173893887,46.506666819254555,47.11586526724008,46.499625125901,46.61802503158152,0.7772772556810871,1.0330331855441819,-0.2557559298630948,0.031584782506598894,24.97908192675879,0.5648757934570341,0.8905958555143451,30.240963887713097,-29.35036803219875,46.135000228881836,46.866249084472656,46.500624656677246,44.353750228881836,0.0033992197322546035,19.724585914036414,20.06009067232301,24.023261499095035,-73.64445731930529,45.385000228881836,43.875,36.0,84.0,-48.0,45.182498931884766,,1.0,0.0,46.04042944517766,0.3473600749380927,0.32319295572197276,0.25152005754795054,-4.812445283658493,39.05660585765325,36.04939573984977,34.51305242949462,-63.95060426015023,-0.9006177229039807,-2.93130384234238,-0.2539788109863273,0.1849992226833327,-0.43897803366966,-2.4042115361717022,-0.5869918244914104,-1.8172197116802917,46.407059915636104,-0.210242258570581,-0.21046357786591585,134.26139037466197,6.923108918822699,21529088.413474023
2018-07-02,45.95500183105469,46.82500076293945,45.85499954223633,46.79499816894531,44.544921875,70925200,0.5174980163574219,1,6459724207.637961,4026608400,-0.004535033890167888,-3668540.055873072,0.10599124509022392,-0.04282764263882778,67012855.83193466,46.64950555097684,28.35768012537693,2282.3177426342477,47.07699985504151,48.84820454848261,45.3057951616004,7.524713549695019,0.4203926889025119,0.0,0.0,46.29024988810222,47.07050043741862,45.50999933878581,3.3711226498129174,0.8234526917573567,0.0,0.0,45.182498931884766,48.54999923706055,46.866249084472656,7.153175256590089,0.4788416008699888,0.7647270265762635,3.786529908371226,-0.0860670203445224,0.0521607927778313,-0.13822781312235372,46.431249936421715,47.10653833242563,46.5450671325232,46.63113415286772,0.7798491260588072,1.0436527739072765,-0.2638036478484693,0.01792262199812619,25.23942447199595,0.1329992294311495,-5.214955068632678,23.524461949903227,-28.739417018535903,46.135000228881836,46.866249084472656,46.500624656677246,44.353750228881836,0.0016996098661273018,18.906936081230384,18.460847344141886,21.79284172930046,-49.40642383148353,45.35187530517578,43.875,32.0,80.0,-48.0,45.2147989654541,,0.0,0.0,52.041535527834775,0.6901280762643389,0.4740101598113721,0.35899237067763295,-3.5856812078244547,48.03246495522638,53.086354634084465,42.79833840494076,-46.913645365915535,-0.7493454877067975,-1.897280040920425,-0.18456986283536372,0.11108540557959343,-0.29565526841495715,-4.544988884093667,-1.3785912364118618,-3.166397647681805,46.4135366955647,1.1182497210331377,1.112043533099838,136.881017719015,7.464863999935751,-6365549.424432442
2018-07-03,46.9474983215332,46.98749923706055,45.8849983215332,45.97999954223633,43.76911163330078,55819200,-0.8149986267089844,0,6413524758.631339,3970789200,-0.03722128382875463,-9643401.668461796,0.1901034036046823,-0.026480183971985097,66040688.43960459,46.56461589254184,29.011978413708334,2242.5680706875805,46.9596248626709,48.69455731979433,45.22469240554747,7.3890388272780205,0.21767623678594925,0.0,0.0,46.28974978129069,47.10825030008952,45.47124926249187,3.536422308031781,0.3107818920451427,0.0,0.0,45.182498931884766,48.54999923706055,46.866249084472656,7.171054528275568,0.236822728457016,0.7985044154713715,3.8810207781969144,-0.12476830239317138,0.016774973743630763,-0.14154327613680215,46.32874997456869,47.06173060490535,46.45813365709445,46.58290195948762,0.8083425425009393,1.0331457782560887,-0.22480323575514938,0.004549095873346118,25.536634335014735,0.22537651062011577,-11.584763347814977,16.585857309379637,-28.170620657194615,46.135000228881836,46.866249084472656,46.500624656677246,44.353750228881836,0.0008498049330636509,17.838720656971848,18.081052487643476,19.56895054063513,-61.10071571739835,45.359375,43.875,28.000000000000004,76.0,-48.0,45.279207037353515,,0.0,0.0,43.78302936047132,0.32542802734710297,0.45430539284984434,0.41716950279439646,-5.1812204951719805,44.21642419012375,29.428035320399037,39.5212618981111,-70.57196467960097,-0.6863454482134657,-2.6053792969482905,-0.2678414120736409,0.03530004204894656,-0.3031414541225875,-7.586613420671835,-2.6201956732638565,-4.966417747407979,46.40541475760387,-1.7416361974554873,-1.756981110061595,132.75541216951967,6.361407500477441,-10765873.557397142
2018-07-05,46.314998626708984,46.602500915527344,46.06999969482422,46.349998474121094,44.12131881713867,66416800,0.3699989318847656,1,6416954269.594718,4037206000,-0.07505198647854976,-4755180.707366669,-0.0801744581761426,-0.026873188616935793,66575141.360523626,46.48457410390714,34.102788919231,2242.5680706875805,46.85237483978271,48.45450920411758,45.250240475447846,6.839074304402095,0.3432165313830646,0.0,0.0,46.26191647847494,47.096917088826494,45.42691586812337,3.609883350768986,0.552743671414249,0.0,0.0,45.182498931884766,48.54999923706055,46.866249084472656,7.187469827711723,0.3466961949318622,0.7809041112533359,3.8868227999621197,-0.12415237436191973,-0.011410495877479337,-0.1127418784844404,46.259166399637856,47.03769214336689,46.44149747509855,46.56564984946047,0.8263353945596372,1.0294572551308434,-0.20312186057120618,-0.006524247213960589,25.769715546415604,-0.4298742294311495,-16.58550184520121,9.587105366191322,-26.17260721139253,46.084999084472656,46.866249084472656,46.475624084472656,44.353750228881836,0.00042490246653182544,16.846806334446068,17.024662631582867,18.425629881674258,-51.01770290927716,45.40062427520752,43.875,24.0,72.0,-48.0,45.38170456933594,,0.0,0.0,47.83060931413962,0.6961279014119852,0.5705613350078085,0.49962562922300835,-5.160942111403709,46.219826736031685,49.5227384891708,44.01237614788477,-50.4772615108292,-0.6879850163179242,-1.7696362718399195,-0.26661793567422576,-0.025083553495687905,-0.24153438217853784,-9.092282141109697,-3.9146129668330247,-5.177669174276673,46.40477402879249,0.8046953796615242,0.8014749711744873,134.62838421715992,7.114444709899459,10424309.936315864
2018-07-06,46.35499954223633,47.10749816894531,46.29999923706055,46.99250030517578,44.73292541503906,69940800,0.6425018310546875,1,6466974194.723568,4107146800,-0.05868492410164796,2343715.4030328095,0.42429392245268144,0.009222854562350748,67544657.94185685,46.34699145702092,44.67874344715143,2242.5680706875805,46.78374977111817,48.230924936664714,45.33657460557162,6.186657429669978,0.5721234509226727,0.0,0.0,46.28566627502441,47.11616668701172,45.45516586303711,3.588585749430772,0.9255470677371385,0.0,0.0,45.182498931884766,48.220001220703125,46.701250076293945,6.492643928028091,0.5958847767634563,0.7835635933164788,3.823318550987054,-0.0710012604714052,-0.023328648796264513,-0.04767261167514069,46.30666637420654,47.04221138587365,46.52626714126428,46.59726840173568,0.9025552676498635,0.9686015383019203,-0.06604627065205682,-0.012890375280533002,25.9571963730692,-0.1587497711181669,-18.77615302958163,2.9885353078826977,-21.764688337464328,46.14499855041504,46.866249084472656,46.50562381744385,44.353750228881836,0.48559558740443864,16.295724591266396,20.459101341814467,17.03524444199755,0.986918692025312,45.40062427520752,43.875,20.0,68.0,-48.0,45.47805224939941,,0.0,0.0,54.02135229436312,1.0,0.673851976253029,0.5662395680368939,-3.016907153938027,50.120040576684666,85.276805756999,54.74252652218962,-14.723194243001002,-0.5914560542387122,1.2278521995368705,-0.15237215164475287,-0.0505412731255009,-0.10183087851925197,-9.9172809620088,-5.11514656586818,-4.8021343961406195,46.41867444934056,1.3861960133902063,1.3766761911683911,137.88079352546006,7.620878478137065,11292721.296715587
2018-07-09,47.375,47.66999816894531,47.32500076293945,47.64500045776367,45.35404968261719,79026400,0.6525001525878906,1,6534548455.730434,4186173200,-0.06501939642010893,9375290.068095505,0.34651958615005,0.04617052758096623,68641955.12169625,46.3783140666432,50.912728979213284,2242.5680706875805,46.76974983215332,48.177369257622196,45.36213040668445,6.019358369546639,0.8108974662376537,0.0,0.0,46.4089163462321,47.237666575113934,45.58016611735026,3.571512951084552,1.2457518975284743,1.0,0.0,45.182498931884766,48.220001220703125,46.701250076293945,6.494587419687529,0.8106994799456964,0.772957020361784,3.7545368814949995,0.02350177552357735,-0.013962563932296142,0.03746433945587349,46.391666412353516,47.07788452735314,46.69837995918726,46.67487818366368,0.9857051841130224,0.9097511356189282,0.07595404849409426,-0.01308228454448866,25.979665677512312,-0.4047481536865263,-18.490166832852534,-2.611755010336958,-15.878411822515575,46.65249824523926,46.866249084472656,46.75937366485596,44.353750228881836,50.242797793702216,16.63539876522611,24.45269554435877,15.947900258202516,87.91442438827688,45.40062427520752,43.875,16.0,64.0,-48.0,45.60840792296308,,0.0,0.0,59.3031174109569,1.0,0.8987093004706613,0.7143742039104996,0.6744621878140362,57.5262705834398,98.99506657894777,77.93153694170586,-1.004933421052228,-0.3666621713077305,2.187668542120476,0.05035208754289375,-0.030362600991821972,0.08071468853471572,-9.628204484470066,-6.017758149588557,-3.610446334881509,46.49162157844162,1.3885197602818922,1.3789681405201204,141.18381534947645,7.901221261218026,18934783.992450647
2018-07-10,47.6775016784668,47.81999969482422,47.54499816894531,47.587501525878906,45.299312591552734,63756400,-0.057498931884765625,0,6490500026.566889,4122416800,-0.09493751959118897,7512259.358250738,0.07979612308872211,0.0836508414625766,68565012.63317497,46.45678229066305,59.36062298548738,2239.861695044711,46.75874996185303,48.136889064444034,45.38061085926202,5.894678979721775,0.8006777626684283,0.0,0.0,46.60883305867513,47.3603333791097,45.85733273824056,3.2247120175204453,1.1511430804432956,1.0,0.0,45.182498931884766,48.220001220703125,46.701250076293945,6.496115253928796,0.7917698047002059,0.7231614709134963,3.576733196978704,0.09268797980778487,0.007367544815720059,0.0853204349920648,46.493541399637856,47.078942225529595,46.83516789252444,46.742479912716654,1.1084818186985914,0.8755865498161116,0.2328952688824798,-0.009342362054403086,25.906090458803195,-0.5287504196166992,-15.96989872291316,-7.00695994165471,-8.96293878125845,46.77375030517578,46.866249084472656,46.81999969482422,44.353750228881836,75.12139889685112,17.155531070241583,25.269549825042887,15.515005374322065,102.00989170702519,45.43874931335449,43.875,12.0,60.0,-48.0,45.8145669475613,,0.0,0.0,58.663595526491434,0.9720602166644866,0.9906867388881616,0.8544160052039507,3.321519056245025,55.59885444314915,91.18490609700537,91.81892614431739,-8.815093902994628,-0.11757411956786967,2.6366867317075338,0.19829495563963093,0.015368910334468609,0.18292604530516232,-10.785577077515693,-6.971321935173985,-3.8142551423417084,46.63634302049255,-0.12068198411654407,-0.12075486346372344,140.8927499357447,7.392211550534661,-1040384.825649552
2018-07-11,47.125,47.44499969482422,46.90250015258789,46.970001220703125,44.71150207519531,75326000,-0.6175003051757812,0,6433919057.893139,4047090800,-0.1441004912797397,-205753.11973806564,-0.3664021772696501,0.04495310926767865,67587574.72413963,46.48687651414792,52.6672072643463,2239.861695044711,46.70375003814697,47.94963031573764,45.4578697605563,5.335247283453916,0.6068526355802982,0.0,0.0,46.70691655476888,47.41291669209798,46.000916417439775,3.023107451339637,0.6863205486967281,0.0,0.0,45.182498931884766,48.220001220703125,46.701250076293945,6.503765300082691,0.5884776763456295,0.7193454611512482,3.4459101753459755,0.09657813853714003,0.025209663560004054,0.07136847497713598,46.55520820617676,47.040961485642654,46.85591148147501,46.75933334293787,1.0011384142889759,0.9209750747735942,0.08016333951538168,-0.005687021258191409,25.866202050837018,-1.161250495910643,-14.431613389094123,-10.283428241066467,-4.148185148027656,46.77375030517578,46.866249084472656,46.81999969482422,44.353750228881836,87.56069944842557,16.36891011007742,23.554437007255412,20.828090412671877,48.48101310580432,45.82687473297119,44.25625038146973,8.0,56.00000000000001,-48.00000000000001,46.05521887723285,,0.0,0.0,52.15834838522379,0.6878554066556736,0.8866385411067196,0.9253448601551808,3.4508392537906314,51.945159484339435,67.77257902387169,85.98418389994161,-32.22742097612832,0.023565830903891083,1.6006958377551395,0.20654301854311266,0.05360373197619742,0.15293928656691524,-10.48249535877809,-7.673556619894806,-2.808938738883284,46.6482600713884,-1.2976102660905098,-1.3061027745416176,137.76690088231075,6.682642079731551,17992888.496490233
2018-07-12,47.38249969482422,47.852500915527344,47.32749938964844,47.75749969482422,45.46113586425781,72164400,0.7874984741210938,1,6479966558.214299,4119255200,-0.08434220241763221,7942119.452490837,0.302825223116118,0.06391905235196259,68797482.18441059,46.55291666347809,60.42733987691506,2277.415189216487,46.70787506103515,47.967066178120064,45.44868394395024,5.391772224445972,0.9167852757010383,0.0,0.0,46.84258321126302,47.51983350118001,46.16533292134603,2.8916009472088633,1.1754640767103544,1.0,0.0,45.182498931884766,47.89250183105469,46.53750038146973,5.802025666182944,0.9501837668617181,0.7356608845185453,3.2398053060550573,0.1613457692260667,0.052436884693216584,0.10890888453285011,46.739791552225746,47.01903842045711,46.99461736045181,46.833271591225746,1.0252097433037919,0.8778112048617405,0.14739853844205142,0.0010529440365005002,25.80270328418758,-0.6003768920898409,-11.193496699271979,-12.372883675538663,1.1793869762666844,46.790000915527344,46.866249084472656,46.828125,44.5049991607666,93.78034972421278,16.23668562477463,25.501310010385957,19.035552012174627,121.54209888816908,45.96749973297119,44.321250915527344,4.0,52.0,-48.0,46.26699257534382,,0.0,0.0,58.48150518121384,0.9641049536498407,0.8746735256566666,0.9173329352171825,5.774547183159856,52.38971180789307,96.44190448976676,85.1331298702146,-3.5580955102332394,0.2505657757029809,4.863589339302049,0.3445109934542667,0.11178518427181128,0.23272580918245545,-10.453867177587666,-8.229618731433378,-2.224248446154288,46.73269609613313,1.6765987942405802,1.6626990237658568,141.7532978756068,7.750572286834483,10048479.118915081
2018-07-13,47.77000045776367,47.959999084472656,47.724998474121094,47.83250045776367,45.53252029418945,50055600,0.07500076293945312,1,6475707233.248388,4169310800,-0.0817118907738249,7343846.414905302,0.11854284313751641,0.07964489641524494,68876091.99885611,46.635822804066635,68.28227063270036,2280.991755783259,46.71450004577637,47.99570279420137,45.433297297351366,5.4852465387386315,0.9363089344608706,0.0,0.0,46.99724973042807,47.637749989827476,46.35674947102865,2.7256925163632526,1.152029968043112,1.0,0.0,45.182498931884766,47.959999084472656,46.57124900817871,5.945691701433535,0.9540959064970025,0.685594857101847,2.989677338300511,0.21623390804331422,0.08519628936323612,0.1310376186800781,46.88354174296061,46.993557709913986,47.123522452345945,46.90728854430263,1.0675548222239675,0.8159472506142782,0.2516075716096893,0.009880483629734675,25.67376037718427,-0.6744991302490249,-7.935357928319219,-13.353545207075726,5.418187278756507,46.90749931335449,46.866249084472656,46.886874198913574,44.93375015258789,96.89017486210639,16.26486038101864,25.98887567859104,18.577056565483637,143.96770319840925,46.22312545776367,44.3387508392334,0.0,48.0,-48.0,46.48896374296952,,0.0,0.0,59.036798341468355,0.9883649062207701,0.8801084221754275,0.880473496312938,7.755420218616507,59.20962562548193,95.40959064970025,86.54135805444623,-4.59040935029975,0.45004377926097305,3.74126195808255,0.46098146951957647,0.18162444132136435,0.2793570281982121,-12.626227561173781,-9.10894049738146,-3.517287063792322,46.803633157542066,0.1570449948567587,0.15692180816020418,142.13295932982155,7.43197706499943,-11213639.354909852
2018-07-16,47.880001068115234,48.162498474121094,47.60499954223633,47.727500915527344,45.43258285522461,60172400,-0.10499954223632812,0,6441978656.590959,4109138400,-0.05316868885968798,5392143.4334529415,0.0382184498900254,0.12077431729854773,68744004.5186952,46.82792393111185,72.41943217330952,2280.991755783259,46.7403751373291,48.08012611944249,45.400624155215716,5.732735255876872,0.8683989753980631,0.0,0.0,47.15366630554199,47.74291648864746,46.564416122436526,2.4992762144402407,0.9869193310735411,0.0,0.0,45.182498931884766,48.162498474121094,46.67249870300293,6.375643185320431,0.8540276424783247,0.6727852645801389,2.5087805988612537,0.24839719966711726,0.11783647142401235,0.1305607282431049,47.02416674296061,46.969038449800934,47.216442215912316,46.9680450162452,1.1547158491994463,0.7581816786645407,0.3965341705349056,0.019267568477866065,25.558643407758154,-0.365375137329103,-4.138937867935515,-13.233987740331596,9.095049872396082,47.02374839782715,46.701250076293945,46.86249923706055,46.0,98.4450874310532,16.575422152887732,26.587922952838717,17.50016627916456,130.8672079927926,46.771249771118164,44.353750228881836,12.0,44.0,-32.0,46.72432939761002,,0.0,0.0,57.86988198284097,0.9120844868706989,0.9548514489137694,0.9032111322486213,8.978934983533748,56.218590922434046,82.789415140159,91.54697009320869,-17.210584859841013,0.5060804367065401,3.6652909783737164,0.5288642513887947,0.2510724033348504,0.27779184805394425,-13.240019198011217,-9.93515623750741,-3.3048629605038062,46.862623456287736,-0.21951506032815704,-0.21975634780964093,141.60144101807433,7.197924439692883,11244095.63149397
2018-07-17,47.4375,47.967498779296875,47.29999923706055,47.86249923706055,45.56108093261719,62138000,0.13499832153320312,1,6484567694.703668,4171276400,-0.0512419594241874,5820198.043449689,-0.2685552891291674,0.07059831636773242,68919763.26454441,46.95340998231649,65.09110112141053,2280.991755783259,46.77425003051758,48.18939548651076,45.359104574524395,6.0509594705201275,0.8845008306157507,0.0,0.0,47.27549959818522,47.83449961344401,46.71649958292643,2.3648613764422177,1.0250443853776774,1.0,0.0,45.182498931884766,48.162498474121094,46.67249870300293,6.371025810765636,0.899329099616098,0.6722566923457578,2.1766433984255737,0.2815347193275386,0.15057612100471762,0.13095859832282097,47.14812501271566,46.96663460364709,47.31583560378128,47.03430088445374,1.0945570110998382,0.8171563548993636,0.2774006562004746,0.029148545756817877,25.523644280638617,-0.4967498779296875,-0.3728367789923313,-11.988218121573526,11.615381342581195,47.116249084472656,46.701250076293945,46.9087495803833,46.079999923706055,99.2225437155266,16.24439481509236,24.73880391355271,19.46089986068872,105.34906546660717,46.81124973297119,44.353750228881836,8.0,40.0,-32.0,46.98319983138202,,0.0,0.0,58.992182677812416,0.9809270786376985,0.9604588239097219,0.9318062316663064,10.312257353896728,56.17579500322821,87.67969043739816,88.62623207575247,-12.32030956260183,0.4762936984791537,3.2075455246588613,0.5985731987792644,0.3205725624237332,0.2780006363555312,-13.410616076013223,-10.630248205208574,-2.7803678708046498,46.90905623029151,0.28285227372817356,0.2824529994115643,142.28481618735395,7.340338272777352,10333332.2488961
2018-07-18,47.94499969482422,47.95000076293945,47.48249816894531,47.599998474121094,45.31120681762695,65573600,-0.2625007629394531,0,6451956127.900733,4105702800,-0.1216972828757627,2529724.0331445155,0.0588181493927749,0.05873292593295766,68560126.38174331,47.07388944808794,56.900870596813036,2280.991755783259,46.83312492370605,48.28239998970685,45.38384985770525,6.189102556627415,0.7645714289873176,0.0,0.0,47.41483294169108,47.910333124796544,46.91933275858561,2.0900640258073397,0.6868470877947223,0.0,0.0,45.182498931884766,48.162498474121094,46.67249870300293,6.363016662012037,0.8112415817427024,0.6517812825105961,1.866928136225722,0.2833485588346534,0.17713060857070478,0.10621795026394859,47.25833320617676,46.95865381681002,47.359552968448945,47.07620440961429,1.078201549109171,0.831904846099992,0.24629670300917894,0.0377790204359596,25.512842364329323,-0.038126754760739345,3.9357758807746106,-9.708076152020656,13.643852032795266,47.23124885559082,46.701250076293945,46.96624946594238,46.54624938964844,99.6112718577633,15.937012287139511,23.505776324648107,18.490932738713457,88.88733842433591,47.04437446594238,44.353750228881836,4.0,36.0,-32.0,47.19547358707505,,0.0,0.0,55.87528060457535,0.7791354794360009,0.8907156816481322,0.9353419848238745,10.531795302977727,50.63112617203122,76.89936082215816,82.45615546657177,-23.100639177841835,0.5592421475578746,2.8577566142782405,0.6018933819923374,0.3768367263374541,0.22505665565488336,-13.043367914738985,-11.112872147114658,-1.9304957676243273,46.983302016135,-0.5484476722356302,-0.5499571682084703,140.95601075279407,6.979243216897501,12590598.281380028
2018-07-19,47.42250061035156,48.13750076293945,47.42250061035156,47.970001220703125,45.66341781616211,81147200,0.37000274658203125,1,6495083423.136897,4186850000,-0.09684604961049464,6457575.868044071,0.056172156932585066,0.07281312954753331,69190897.13468283,47.19503602892878,57.5329627642012,2280.991755783259,46.90037498474121,48.42751030299428,45.373239666488146,6.512252060883997,0.8502067639904658,0.0,0.0,47.56508305867513,48.07883313496908,47.05133298238119,2.1601983777057456,0.8940808777576834,0.0,0.0,45.182498931884766,48.162498474121094,46.67249870300293,6.353892784878277,0.9354035963128001,0.6581031695183255,1.6116198087015283,0.3110565033743029,0.20391578753142442,0.10714071584287849,47.35625012715658,46.95480772165152,47.45346808418036,47.142411580806055,1.077041175592375,0.7871090328933731,0.2899321426990019,0.04666638346130474,25.509174494137415,-0.9203754425048842,7.968300687025002,-6.736470183508809,14.70477087053381,47.53249931335449,46.701250076293945,47.11687469482422,46.866249084472656,99.80563592888166,15.958287253043931,23.71197470063688,17.08813351377732,93.50708120592016,47.38812446594238,44.353750228881836,0.0,32.0,-32.0,47.29999923706055,,0.0,0.0,59.151436382077996,0.9902267932768488,0.9167631171168488,0.9226458742249011,11.689910650527917,54.914495049066545,92.09456072189498,85.55787066048379,-7.905439278105026,0.5683083926930195,2.5109586445877516,0.6598230615358442,0.4334339933771322,0.22638906815871207,-10.886322923133195,-11.067562302318366,0.18123937918517186,47.0893288431697,0.777316719417942,0.7743111780097678,142.82900211081807,7.459019481526731,26180872.75801365
2018-07-20,47.94499969482422,48.10749816894531,47.54249954223633,47.86000061035156,45.5587043762207,82704800,-0.1100006103515625,0,6505330574.157415,4104145200,-0.045392119573015144,4235410.961322932,0.030740541853097318,0.07406355143810836,69001245.72239399,47.33891244953877,57.8532789376213,2280.991755783259,46.97512493133545,48.53610008009468,45.414149782576224,6.64596486349291,0.7834368246411462,0.0,0.0,47.668749745686846,48.15824979146322,47.179249699910486,2.053756594783181,0.6953532653519756,0.0,0.0,45.182498931884766,48.162498474121094,46.67249870300293,6.343782047609787,0.8984906341487143,0.6487927152373913,1.2680152483771108,0.3204452260098023,0.22722167522710002,0.09322355078270228,47.51291688283285,46.961923159085785,47.51601154974516,47.195566323735356,1.1183634417401296,0.8052554358383032,0.3131080059018264,0.05478821632394419,25.555787172985127,-0.6251264572143569,10.874644965101252,-3.4737133170694987,14.34835828217075,47.53249931335449,46.67249870300293,47.10249900817871,46.866249084472656,99.90281796444083,15.978042578526606,22.27397011130336,16.051829505942163,82.85430007686305,47.488749504089355,44.353750228881836,84.0,28.000000000000004,56.0,47.42250061035156,,0.0,0.0,57.777964863306,0.901730419138751,0.8903642306171996,0.8992810097940603,12.256223552596914,59.518034153846784,86.89066072405716,85.29486075603677,-13.109339275942846,0.5479334214154434,4.088736595980829,0.6789731556810361,0.48254182583791305,0.19643132984312306,-8.906359545741092,-10.635321751002913,1.728962205261821,47.129803809382636,-0.22931125193319524,-0.22957457281114202,142.27216788602087,7.160447609770763,18800103.562507227
2018-07-23,47.66999816894531,47.9900016784668,47.38999938964844,47.90250015258789,45.59916687011719,63957600,0.042499542236328125,1,6550633620.013717,4168102800,0.03368111698834649,4018662.070067396,-0.126645311748031,0.05744665452109014,69058039.88636953,47.430745669621196,50.833669644493476,2283.0172698707925,47.058749961853025,48.63025669846925,45.487243225236796,6.678914071836292,0.7684526165479986,0.0,0.0,47.69016647338867,48.20516700744629,47.17516593933105,2.159776625418125,0.7061489893284869,0.0,0.0,45.182498931884766,48.162498474121094,46.67249870300293,6.332508926930674,0.9127522276939384,0.6439136725954882,1.1628231221178613,0.32753954225864135,0.24728524863340828,0.08025429362523306,47.64229202270508,46.969711597149185,47.57547133479789,47.24793179253925,1.091703812585653,0.8134880911324693,0.27821572145318374,0.062112973343393274,25.599151600335407,-0.06624965667724325,12.656809863941257,-0.2929679185301192,12.949777782471376,47.53249931335449,46.67249870300293,47.10249900817871,46.866249084472656,99.95140898222041,15.631307072025136,20.829335042930303,16.659205235388907,68.69029128632899,47.70437526702881,44.353750228881836,80.0,24.0,56.0,,48.162498474121094,0.0,1.0,58.18197450226947,0.927761820355629,0.9399063442570759,0.9156778973303746,12.83437078505671,57.45473269803376,88.58404811794323,89.18975652129848,-11.41595188205677,0.5211322560029856,3.349518294663193,0.6932357244690274,0.524680605564136,0.1685551189048914,-9.281611630895455,-10.364579726981422,1.082968096085967,47.141881989256234,0.08879971102033757,0.08876030740210261,142.48730487098635,7.225995251214002,-2791001.7678648084
2018-07-24,48.11249923706055,48.415000915527344,48.01250076293945,48.25,45.92995071411133,74791600,0.3474998474121094,1,6564105081.89993,4242894400,0.0713877568246983,7157434.572587414,0.28186263932207123,0.06400088564376079,69600601.74650039,47.5584035712585,57.54427182512705,2283.0172698707925,47.19412498474121,48.68420555290581,45.70404441657661,6.314686705798119,0.854301316927903,0.0,0.0,47.74766654968262,48.275416946411134,47.2199161529541,2.2105808926992503,0.9759195383189744,0.0,0.0,45.6349983215332,48.415000915527344,47.02499961853027,5.890569207275207,0.9406472080695866,0.6307723816298847,0.6507078529642746,0.3570859084322393,0.2692453805931745,0.08784052783906482,47.74708366394043,47.00971163236178,47.67924497559821,47.32215906716597,1.1565897823363462,0.7605805901661122,0.396009192170234,0.06990922036662506,25.57383510076432,0.4508754730224638,14.842104326782643,2.9596673832339655,11.882436943548678,47.857500076293945,46.798749923706055,47.328125,46.866249084472656,99.9757044911102,16.04946143253343,24.325502634844405,15.721266763102495,105.69512843227496,47.609999656677246,44.353750228881836,100.0,20.0,80.0,47.38999938964844,,1.0,0.0,61.431640869651986,1.0,0.9431640798314594,0.924478218235245,14.254913401585107,60.7451123399527,92.96371728634453,89.47947537611498,-7.036282713655471,0.639301726397342,2.675958262824583,0.7545849882407415,0.5706614820994571,0.1839235061412844,-8.300706008464642,-9.951804983278066,1.651098974813424,47.18816335591229,0.7254315459635396,0.7228129477893308,144.2463842754773,7.545427950000779,17111702.862734832
2018-07-25,48.26499938964844,48.712501525878906,48.10749816894531,48.70500183105469,46.36307144165039,66839600,0.4550018310546875,1,6629287578.360163,4309734000,0.12243108122144956,10479535.403212482,0.177636174876882,0.08241593086183396,70230905.17420946,47.70759841836446,57.69553605962419,2304.546327655677,47.32400016784668,48.864541646827,45.783458688866354,6.51061395282055,0.9482195650201152,0.0,0.0,47.887916564941406,48.42191734313965,47.353915786743165,2.230210944650622,1.2650599956709698,1.0,0.0,45.727500915527344,48.712501525878906,47.220001220703125,6.307583044046348,0.9974875399361023,0.6281954791602555,0.43173105256014094,0.4124618581004569,0.297888676094631,0.11457318200582589,47.83541711171468,47.06817318842961,47.83705372259152,47.42459186449106,1.156921341718496,0.6882767196170745,0.46864462210142155,0.07943436535986756,25.492259217448918,0.2635013580322294,19.22996487648797,6.3400520027628495,12.88991287372512,48.00625038146973,46.947500228881836,47.47687530517578,46.947500228881836,99.9878522455551,16.89082080296079,25.98522073610227,14.671162209210204,124.05033126102536,47.54374980926514,44.353750228881836,100.0,16.0,84.0,47.38999938964844,,0.0,0.0,65.24047685772592,1.0,0.9759206067852091,0.9529970102912482,16.64079192827832,67.96337991265081,99.6891321156884,93.74563250665874,-0.3108678843116079,0.7733459248262236,2.2247903517824192,0.8697214712548443,0.6304734799305346,0.23924799132430974,-8.30863274614261,-9.623170535850974,1.314537789708364,47.49928360997804,0.9430089762791471,0.9385904032722436,146.54964960343227,7.794152822049604,4876883.500875339
2018-07-26,48.65250015258789,48.9900016784668,48.40250015258789,48.5525016784668,46.21791076660156,76304000,-0.15250015258789062,0,6591947618.201732,4233430000,0.1644716507746728,7320120.110886928,0.22039858893657857,0.06785197846782662,69991989.84301965,47.846475243223196,58.09391429408848,2304.546327655677,47.449625205993655,48.96033822438894,45.93891218759837,6.367649952288596,0.8650185240492076,0.0,0.0,47.988166681925456,48.5284174601237,47.447915903727214,2.2515999903856523,1.0222898506721456,1.0,0.0,45.727500915527344,48.9900016784668,47.35875129699707,6.875714505174524,0.8659004145011079,0.6241260838321205,0.4260349878040644,0.43898189927964637,0.32610732073163406,0.1128745785480123,47.91583379109701,47.150096306434044,47.947122638880025,47.50814073960038,1.1693115838444128,0.7080611718623111,0.4612504119821017,0.08890548621464835,25.486554902280716,-0.4796239852905302,21.814815996261572,9.645626883271825,12.169189112989747,48.14500045776367,47.08625030517578,47.61562538146973,47.08625030517578,99.99392612277755,18.059034846207396,27.372583211374234,13.71325909686755,129.95363420408245,47.20624923706055,44.353750228881836,100.0,12.0,88.0,47.442899475097654,,0.0,0.0,62.99499788575437,0.8283552270036626,0.9427850756678869,0.9539565874281853,18.007070403976037,61.577793999176286,79.04193148717349,90.5649269630688,-20.95806851282651,0.9454562131096296,2.027843701907962,0.9240140583185006,0.6891815956081279,0.23483246271037272,-7.185615399550753,-9.13565950859093,1.950044109040177,47.59247805428299,-0.31310983852721463,-0.3136010530107036,145.7776783936696,7.343989319133492,18047972.94087416
2018-07-27,48.747501373291016,48.79750061035156,47.525001525878906,47.744998931884766,45.44923400878906,96096000,-0.8075027465820312,0,6529078943.840713,4137334000,0.09721349191903227,-4811009.038603615,-0.7084444888704212,-0.007502598319349891,68393765.62690347,47.88745102856333,49.12699956065251,2304.546327655677,47.51812515258789,48.94989682228013,46.08635348289565,6.026212798146405,0.579228337904479,0.0,0.0,48.00650011698405,48.650500742594396,47.3624994913737,2.6829726142960824,0.2969713268124205,0.0,0.0,45.727500915527344,48.9900016784668,47.35875129699707,6.865802790962541,0.6183900519734111,0.6889633838961741,0.6775029476279603,0.3903408930769743,0.3389540352007021,0.051386857876272174,47.98041693369547,47.19317318842961,47.916026683957675,47.5256857908807,0.9756589215837994,0.8038246413017045,0.1718342802820949,0.09439378731642012,25.560706430206448,0.2393745422363267,22.05276918161829,12.555816555444471,9.49695262617382,48.14500045776367,47.08625030517578,47.61562538146973,47.08625030517578,80.69829596097085,17.206241641012777,23.754806739375233,21.014930189985893,60.6656850488496,47.12374973297119,44.353750228881836,96.0,8.0,88.0,,48.9900016784668,0.0,1.0,52.659587378963586,0.038314789125742946,0.6222233387098014,0.8469763403876325,16.06036146562154,53.689713610103304,40.359193459375106,73.03008568741234,-59.640806540624894,0.9997654634363542,1.6499844390892675,0.8213261662220422,0.7156105097309108,0.10571565649113146,-4.1084488767605984,-8.130217382224863,4.021768505464265,47.59353938046926,-1.6631537380496275,-1.6771394256692496,141.6900177481737,6.540822949699404,33154226.766032346
2018-07-30,47.974998474121094,48.04999923706055,47.26750183105469,47.477500915527344,45.194610595703125,84118000,-0.2674980163574219,0,6490110494.119321,4053216000,0.06838763305148471,-7338207.481653615,-0.46744497541149865,-0.04659124821222281,67922482.79847458,47.878320967728264,41.87324398812365,2291.6347853990496,47.578125190734866,48.892685985610896,46.263564395858836,5.52590414021619,0.4617270362847647,0.0,0.0,47.98316688537598,48.64966735839844,47.31666641235351,2.778059541649782,0.12065595575984712,0.0,0.0,45.85499954223633,48.9900016784668,47.42250061035156,6.5891670251037215,0.5175439450391934,0.6983167861071425,0.9548139303468652,0.3264446402677166,0.336452156214105,-0.010007515946388434,47.9570837020874,47.23596162062425,47.84856118112224,47.522116540854526,0.9247400599744351,0.9129719249321518,0.011768135042283245,0.09568423360984463,25.698204861200217,0.25437526702880575,21.224658408887347,14.955538242986657,6.26912016590069,48.12875175476074,47.08625030517578,47.60750102996826,47.08625030517578,40.34914798048543,15.998266413109297,21.842982374729242,21.972056418536738,4.119717289478539,47.12374973297119,44.353750228881836,92.0,4.0,88.0,,48.9900016784668,0.0,0.0,49.74781820003797,0.0,0.288890005376468,0.6179661399180522,13.534819114944979,48.977166109121534,27.544926593400167,48.98201717998293,-72.45507340659984,0.9968610651352847,-0.5862927939823036,0.6869320308725596,0.7098748139592406,-0.022942783086680962,-2.943864408041654,-7.092946787388222,4.149082379346568,47.5919901715986,-0.5602639487730321,-0.5618393141260558,140.3359157109475,6.69373913497212,9355922.03163284
2018-07-31,47.57500076293945,48.03499984741211,47.334999084472656,47.5724983215332,45.28504180908203,157492000,0.09499740600585938,1,6439487605.764489,4210708000,-0.013456615391814912,-4152559.0604638415,0.011666797263150938,-0.019586321459879878,68237607.46127634,47.89828867002521,53.0373185698268,2291.6347853990496,47.61700019836426,48.88166369686192,46.3523366998666,5.311815079611442,0.48240564510483563,0.0,0.0,47.97691688537598,48.64666748046875,47.307166290283206,2.791970133024205,0.19808271406854375,0.0,0.0,45.8849983215332,48.9900016784668,47.4375,6.520787416256131,0.5434776732951823,0.6984851837903736,1.074475223462421,0.2802414473461923,0.3252100144405225,-0.044968567094330225,47.93541685740153,47.287596189058746,47.8060899719547,47.525848524608506,0.996174882296855,0.889344243500114,0.10683063879674104,0.09431951632097409,25.64461841831165,0.11050071716308452,19.947214161218483,16.734586940813752,3.2126272204047304,48.12875175476074,47.08625030517578,47.60750102996826,47.08625030517578,20.174573990242713,14.876575130056064,20.27125432745411,20.391040752412348,3.477687761968843,47.12374973297119,44.353750228881836,88.0,0.0,88.0,,48.92110168457031,0.0,0.0,50.788509387638555,0.06717318251145758,0.03516265721239966,0.31542533376622306,11.78498881013438,47.76339253097608,17.706619303144993,28.536913118640097,-82.29338069685501,0.8994931389303744,-0.5435679375784502,0.5896611129438025,0.685832073756153,-0.09617096081235044,4.997262106440857,-4.674905008622407,9.672167115063264,47.591687924748584,0.2000893142519944,0.199889402207587,140.81680219659475,7.018468752654357,86431920.20725805
2018-08-01,49.782501220703125,50.439998626708984,49.32749938964844,50.375,47.95277404785156,271742800,2.802501678466797,1,6679476840.045697,4482450800,0.1546445218148287,105234899.82121201,0.9001552895698217,0.02308011185824182,84246008.95333242,48.364018583090655,60.6678403970028,2291.6347853990496,47.836750221252444,49.38322098584089,46.290279456663995,6.4656179921745505,1.3206588306966935,1.0,0.0,48.213916905721035,48.94816716512044,47.47966664632161,3.0458021522507233,1.9716256934295486,1.0,0.0,46.06999969482422,50.439998626708984,48.2549991607666,9.13523370980018,0.9851261687423455,0.9153866959289143,1.074475223462421,0.4644101173013695,0.35305003501269194,0.11136008228867755,48.15604178110758,47.473461591280426,48.201306899346285,47.736896782044916,1.0121237763255937,0.8363267927954162,0.17579698353017748,0.10266216061053035,25.59671953139347,0.025749015808102627,25.360225990170537,18.667023085607703,6.693202904562835,48.853750228881836,48.037498474121094,48.445624351501465,47.811248779296875,35.1275618759536,16.62752227022233,35.59555442160147,15.477831809194637,332.75879309697154,46.7837495803833,44.353750228881836,100.0,0.0,100.0,47.26750183105469,,1.0,0.0,70.31767501378573,1.0,0.35572439417048535,0.2265923522531177,17.893787512059976,61.239258585159995,97.9511838499563,47.73424324883382,-2.048816150043708,1.136338615417479,5.547114417657131,0.9728535967089635,0.7432363783467151,0.22961721836224847,18.676860416288555,-0.004551923640214284,18.68141233992877,47.97502461168835,5.891012196847933,5.724019235511424,155.00334938605533,9.834763484190162,160380257.25051272
2018-08-02,50.14500045776367,52.095001220703125,50.087501525878906,51.84749984741211,49.35447692871094,249616000,1.4724998474121094,1,6867543338.489414,4732066800,0.23678285996003254,142709845.8341276,0.9711158857855563,0.08397818633310182,91542475.88954328,48.879835531201074,66.28578691211598,2358.6210260307994,48.111625289916994,50.31718258308843,45.906067996745556,9.168500460672103,1.3469230359740934,1.0,0.0,48.56391690572103,49.42741711934408,47.70041669209799,3.556139078729545,2.401321441435394,1.0,0.0,46.29999923706055,52.095001220703125,49.197500228881836,12.044910037277553,0.95729054554431,1.0245979958184448,1.074475223462421,0.7208737625891288,0.4266147805279793,0.29425898206114953,48.48812516530355,47.69423088660607,48.762259660587176,48.04138589799805,1.0385435738298423,0.7389110790941668,0.29963249473567555,0.12300409374122025,25.7849137338505,-0.5116268157958999,31.871192135794583,20.999972771240294,10.871219364554289,49.681251525878906,48.911251068115234,49.29625129699707,48.638750076293945,55.12419325922518,19.23504149280603,42.79728345131239,13.098365108144266,338.8536808824579,46.70187473297119,44.353750228881836,100.0,8.0,92.0,47.33095176696777,,0.0,0.0,75.76060763175477,1.0,0.6890577275038187,0.3599815929622346,25.372944417909583,66.06559505099878,94.87309363887792,70.1769655973264,-5.126906361122086,1.5162945803473988,8.325935072078153,1.5005265753983352,0.8946944177570392,0.605832157641296,25.113634564098525,5.019085373907534,20.094549190190993,48.66087688969128,2.9230766201729264,2.8811694295531876,162.45729267261697,9.79053783296996,66283990.368015826
2018-08-03,51.75749969482422,52.185001373291016,51.369998931884766,51.997501373291016,49.497257232666016,133789600,0.15000152587890625,1,6939773490.99447,4865856400,0.2403886575183093,125189674.16449918,0.4180402890351806,0.1111083177006129,91929546.51408239,49.173876496768024,71.79929576190577,2365.4448218534703,48.36187534332275,51.07913518686304,45.64461549978246,11.237197996357096,1.1689875535111585,1.0,0.0,48.96533368428548,49.85383427937826,48.07683308919271,3.629100542116487,2.206339706327893,1.0,0.0,46.90250015258789,52.185001373291016,49.54375076293945,10.92286265411019,0.964505450701052,1.0036384403772254,1.0728723536101514,0.9255576660888138,0.5264033576401462,0.3991543084486676,48.854583740234375,47.92336551959698,49.25998915484931,48.334431488760494,1.14432179855398,0.7525632199095484,0.39175857864443153,0.15082297862110672,25.90768934766683,-0.39187412261962606,38.483080844301156,23.869558435724727,14.61352240857643,49.72625160217285,48.95625114440918,49.341251373291016,48.68375015258789,71.38257767106901,21.700180185261313,40.79737782353441,12.273423278124207,267.31277087908893,46.613749504089355,44.353750228881836,100.0,4.0,96.0,47.52151374511718,,0.0,0.0,76.23861209114679,1.0,1.0,0.6815940405581014,30.81925811877645,66.3293706874783,96.18708657947874,96.33712135610432,-3.8129134205212503,2.107926738963407,9.238451764994766,1.9149033878758654,1.0987362117808046,0.8161671760950608,22.60384884782858,8.536038068691743,14.067810779136837,49.314002190049656,0.2893129395252769,0.28889523509509907,163.21661558104657,8.800098880030944,-55967615.87322688
2018-08-06,52.0,52.3125,51.76750183105469,52.26750183105469,49.7542839050293,101701600,0.2700004577636719,1,7024680958.318153,4967558000,0.24636122443397362,111228217.648899,0.14066881459952402,0.14033861082409085,92457638.78448142,49.41683712694078,76.36507543687445,2377.7275502124758,48.593000411987305,51.77385369371555,45.41214713025906,13.091816742164244,1.0775968102921936,1.0,0.0,49.400833765665695,50.28383394877116,48.51783358256022,3.5748391911521447,2.123254513553475,1.0,0.0,46.90250015258789,52.3125,49.607500076293945,11.13329039479836,0.9916824084631283,0.957774413234034,1.0728723536101514,1.0969133800929214,0.6405053621307013,0.4564080179622201,49.21270879109701,48.150000205406776,49.72268341272706,48.625770032634136,1.1995399259728314,0.7255124648473318,0.47402746112549965,0.18319255100062146,25.82675619315898,-0.7329998016357422,45.75437117453499,27.304254752141656,18.450116422393332,49.790000915527344,49.02000045776367,49.40500068664551,48.74749946594238,82.64180423709497,24.05399602039535,40.04230527594997,11.740911913858469,211.04380821136075,46.554999351501465,44.353750228881836,100.0,0.0,100.0,47.801323002807614,,0.0,0.0,77.11348194270496,1.0,1.0,0.8963525758346061,35.217663061620215,68.94784702121903,99.10806372096822,96.72274797977497,-0.8919362790317849,2.837485605127675,8.958725247012973,2.255827268867417,1.330154423198127,0.9256728456692898,18.525150165121598,10.533860487977716,7.991289677143882,49.91184687404514,0.5192566000918664,0.5179131117691416,164.58338522998957,8.649658752712881,-31352984.045905143
2018-08-07,52.33000183105469,52.375,51.689998626708984,51.77750015258789,49.287837982177734,102349600,-0.4900016784667969,0,6948479469.905343,4865208400,0.22581917528439835,88173975.7289984,-0.005020642767813638,0.1357786970983345,91498123.32968676,49.64394993492028,74.31386216878147,2377.7275502124758,48.802500343322755,52.23299139163451,45.372009295011,14.058669224644035,0.9336113645784351,0.0,0.0,49.77300033569336,50.68425064086914,48.86175003051758,3.6616249734991446,1.5998623569776829,1.0,0.0,46.90250015258789,52.375,49.638750076293945,11.213564487297559,0.8908177498269532,0.9304971092397322,1.09194651081194,1.1795775420122538,0.7483197981070119,0.43125774390524196,49.53916708628336,48.361538666945236,50.03880906501334,48.859231523001085,1.1766589538470744,0.7239817481489664,0.452677205698108,0.21474328852085078,25.680075423796417,-0.9000001907348647,51.92189469736618,30.9366913989059,20.985203298460277,49.821250915527344,49.114999771118164,49.468125343322754,48.77874946594238,89.83643470015997,26.099730457012726,37.82114970777461,11.717248417166273,157.3520566432748,46.500624656677246,44.353750228881836,100.0,0.0,100.0,48.162217162583005,,0.0,0.0,71.93692198639218,0.810837405407354,0.9369458018024508,0.9789819339341502,36.853677398128525,70.57021510562615,88.3015161699903,94.53222215681244,-11.69848383000971,3.5361032373764942,8.185331158121672,2.4142367885114058,1.5469708962607829,0.8672658922506229,15.133357499826877,11.453759890347548,3.6795976094793286,50.16669059900232,-0.9374882313117561,-0.9419103115860583,162.10294713145217,7.813612898558965,-3538220.258367151
2018-08-08,51.51250076293945,51.95249938964844,51.130001068115234,51.8125,49.3211555480957,90102000,0.034999847412109375,1,7007908519.758553,4955310400,0.2809739646239509,76028201.5179309,-0.4484379341562701,0.09973511916341629,91559029.24909641,49.840856672704504,68.90262120728303,2379.334814008522,49.0446252822876,52.60470672349526,45.48454384107993,14.51772307655242,0.8887375560674636,0.0,0.0,50.08533363342285,51.018333435058594,49.15233383178711,3.725640757290009,1.4255984639809505,1.0,0.0,47.26750183105469,52.375,49.821250915527344,10.413981429255365,0.8898678019269549,0.9196972304690793,1.1164572433018674,1.2336924425458946,0.8453943269947884,0.38829811555110616,49.86500040690104,48.55451950660119,50.311684593472826,49.07799215092693,1.1378341658079378,0.7718345156727149,0.36599965013522295,0.24402325484025306,25.49908652405187,-0.7946252822875977,57.87901522403267,34.94382464643602,22.93519057759665,49.821250915527344,49.1299991607666,49.47562503814697,48.77874946594238,94.21625852171847,27.020618451081692,35.289880400947546,15.489789183579209,117.42497162825785,46.500624656677246,44.353750228881836,96.0,0.0,96.0,48.583495446324704,,0.0,0.0,72.08108793452294,0.8161055381114035,0.8756476478395854,0.9375311498806788,38.146533306236726,73.77508178995704,88.98678019269549,92.13212002788468,-11.013219807304504,3.7227505066815567,8.162412890678473,2.513738619852226,1.7403244409790717,0.7734141788731543,11.490723112249007,11.461152534727841,0.02957057752116654,50.36890184208814,0.06759663426965101,0.06757379803525865,162.28011990203456,7.964053876985005,-8846809.495930582
2018-08-09,52.38249969482422,52.44499969482422,51.79999923706055,52.220001220703125,49.70906448364258,93970400,0.407501220703125,1,7036318666.713598,5049280800,0.2694639610327079,70637465.97393519,0.39896182625469057,0.12603663947781582,92298099.02395694,50.07131183421594,74.00710336694416,2379.334814008522,49.267750358581544,53.030768387214884,45.504732329948204,15.275785889330304,0.8922716872012681,0.0,0.0,50.43600018819173,51.37474988301595,49.49725049336752,3.7225382319036515,1.4502005925261305,1.0,0.0,47.26750183105469,52.44499969482422,49.85625076293945,10.50889847027023,0.9565430097623872,0.8922275531985384,1.1150384476615551,1.2945382033899264,0.935223102273816,0.3593151011161104,50.19583384195963,48.7945195711576,50.605271766892876,49.31073356350295,1.1779138841870054,0.7343369124383046,0.4435769717487008,0.2716292250416786,25.391407700103866,-0.5627485275268569,64.3237246624449,39.64059747763898,24.683127184805926,49.85625076293945,49.25749969482422,49.556875228881836,48.81374931335449,97.10812926085924,28.217080077279565,37.4868538987423,14.661121314631284,118.13900400029836,46.500624656677246,44.353750228881836,100.0,0.0,100.0,48.962645901692234,,0.0,0.0,73.77060692215682,0.8778441826961381,0.8349290420716313,0.8825074972378891,39.748195391468876,75.50692761398136,95.65430097623872,90.98086577964149,-4.345699023761282,3.768375172334558,8.227981804566062,2.625266569443354,1.9173128666719284,0.7079537027714258,8.713652082590492,10.91165244430037,-2.1980003617098784,50.649585709777504,0.7864921026839555,0.7834153751629991,164.34293233197405,8.311162439932744,5134647.994824499
2018-08-10,51.84000015258789,52.275001525878906,51.66749954223633,51.88249969482422,49.561004638671875,98444800,-0.33750152587890625,0,7007554781.645185,4950836000,0.25169643202125086,55799932.23268106,-0.09333558110110061,0.12841590595259658,91661843.38553938,50.26685064582144,72.22137544194095,2379.334814008522,49.47025032043457,53.33698978778098,45.60351085308817,15.632585007354127,0.8119229256018481,0.0,0.0,50.82791684468587,51.700166829427076,49.95566685994466,3.4321689295531477,1.1045186979574668,1.0,0.0,47.26750183105469,52.44499969482422,49.85625076293945,10.465881676832495,0.8913567876220299,0.8637549962429423,1.1316589706658793,1.3005336127743732,1.0082852043739274,0.29224840840044575,50.460625330607094,49.00730807964619,50.80176837119001,49.501234758415634,1.1793011863122311,0.7383870088845127,0.44091417742771843,0.2949188956360654,25.265556065325093,-0.9177486419677763,71.66851741714731,45.245470700778974,26.42304671636834,49.88999938964844,49.37249946594238,49.63124942779541,48.81374931335449,98.55406463042962,29.100185420424243,35.557387591305215,15.029107278240609,95.10645989576629,46.475624084472656,44.353750228881836,96.0,0.0,96.0,49.38052835686807,,0.0,0.0,69.99271989729672,0.7397920944886145,0.8112472717653848,0.840607987225534,39.878062443000154,67.70721599059736,89.13567876220299,91.25891997704572,-10.864321237797016,3.6419781404383045,6.523966213555369,2.62727509550309,2.059305312438161,0.5679697830649291,6.7202131288440645,10.073364581209109,-3.3531514523650445,50.90849730423161,-0.6463070049586683,-0.6484046115521558,162.6344654431994,7.693803136254871,11062078.302169353
2018-08-13,52.32749938964844,52.73749923706055,51.92499923706055,52.217498779296875,49.88100814819336,103563600,0.33499908447265625,1,6978556856.949422,5054399600,0.2488256124198896,52784757.79725411,0.28243412375572147,0.12845672626928586,92330541.14275545,50.476869970104495,72.79805559594475,2379.334814008522,49.694750213623045,53.65102535843428,45.73847506881181,15.922306190510582,0.8188287560058207,0.0,0.0,51.29741668701172,52.17266693115234,50.422166442871095,3.4124534944163494,1.0256108744011556,1.0,0.0,47.26750183105469,52.73749923706055,50.00250053405762,11.007193682415057,0.9049358858575088,0.8628794508422809,1.1319477728813643,1.3171335486571607,1.0700548732305741,0.24707867542658657,50.76604175567627,49.208269559420074,51.0195730493603,49.702439500703136,1.153288435257164,0.7437942588375289,0.40949417641963504,0.3150312805779079,25.27112736390395,-1.9497512817382798,80.07085479503347,51.92587521564731,28.14497957938616,51.03249931335449,49.81999969482422,50.426249504089355,48.959999084472656,99.27703231521481,30.247005676278338,36.8987685495486,13.941503557141493,95.27525212706662,46.50562381744385,44.353750228881836,100.0,8.0,92.0,49.74826491742281,,0.0,0.0,71.55011460356916,0.7967026346793219,0.8047796372880244,0.8169853170416802,40.458660668474025,60.37508189146788,90.49358858575089,91.76118944139755,-9.506411414249122,3.505374863568477,7.548523709655762,2.6500380301021793,2.177451855970965,0.4725861741312145,5.4319465630130725,9.145080977569902,-3.71313441455683,51.250080440388345,0.6456880189719794,0.6436123838432728,164.33026472025722,8.114819734970055,15196326.317045212
2018-08-14,52.540000915527344,52.63999938964844,52.064998626708984,52.4375,50.0911750793457,82992000,0.220001220703125,1,7003093875.916735,5137391600,0.23815135410710436,47852412.58458835,0.01472266556443162,0.11682004703268226,92680200.58136174,50.643082887112875,73.1386904825473,2389.359357040653,49.92350025177002,53.95784198885099,45.88915851468906,16.162094872095544,0.8115749621707771,0.0,0.0,51.77075004577637,52.633500289916995,50.90799980163574,3.332964051622868,0.8864096004329574,0.0,0.0,47.26750183105469,52.73749923706055,50.00250053405762,10.956758597494218,0.9451555065216012,0.8340915820519982,1.1319477728813643,1.3326790824258978,1.122579715069639,0.21009936735625878,51.15708351135254,49.3925964648907,51.23771565715102,49.90503657472512,1.1568911973950062,0.771926713489466,0.3849644839055403,0.3323508193935797,25.332377576718805,-2.4459993362426786,88.23391184949926,58.91184031112828,29.322071538370984,51.41250038146973,49.81999969482422,50.61625003814697,48.959999084472656,99.6385161576074,31.311910199571425,35.061168039786224,13.247200873054476,88.10787052035747,46.75937366485596,44.353750228881836,96.0,4.0,92.0,50.16675772217209,,0.0,0.0,72.55742446128323,0.83351189562714,0.790002208265025,0.8020097057728114,41.23322777167483,58.56138238692927,94.51555065216012,91.381606000038,-5.484449347839883,3.386470390768608,9.828256724457725,2.6704300285010625,2.2760474904769845,0.39438253802407797,2.8597828377118657,7.888021349598295,-5.02823851188643,51.56357197673183,0.4213170409271827,0.420431985737002,165.44393316985162,8.12718570594285,-7103721.753441006
2018-08-15,52.30500030517578,52.685001373291016,52.08250045776367,52.560001373291016,50.208194732666016,115230400,0.12250137329101562,1,7070510904.588019,5252622000,0.27775826882395926,43032908.25034331,0.016340568799142408,0.10224447416572255,92949394.99842726,50.84494297081124,73.83002730744101,2389.359357040653,50.17150039672852,54.21382553142074,46.1291752620363,16.114029290444755,0.7954365243982726,0.0,0.0,52.01025021870932,52.82200063069662,51.198499806722005,3.121501660052781,0.8386208041680046,0.0,0.0,47.26750183105469,52.73749923706055,50.00250053405762,10.90259881158056,0.9675506493705747,0.8109325153995328,1.128850327813106,1.3394435949867187,1.165952491053055,0.17349110393366374,51.580625216166176,49.583846459021935,51.44114422886487,50.10170063387815,1.136586216440631,0.7890440077497924,0.3475422086908386,0.34682398447075946,25.374578127409187,-2.5990020751953153,91.9402025906342,65.58617480611046,26.354027784523737,51.93375015258789,49.81999969482422,50.876874923706055,48.959999084472656,99.8192580788037,32.33449525466441,33.59308376325833,12.5423578710142,81.84801188476858,46.81999969482422,44.353750228881836,92.0,0.0,92.0,50.526661534256476,,0.0,0.0,73.12796134863278,0.8543605361978418,0.8281916888347673,0.8076578447959389,42.03129913551044,58.51940774280075,96.75506493705747,93.92140139165616,-3.2449350629425346,3.3793822569005627,10.705071580761022,2.6734493600822073,2.355527864398029,0.31792149568417827,3.1640970638177635,6.943236492442189,-3.7791394286244255,51.72874760860534,0.2336140611032489,0.23334160769934442,166.0640475220819,8.080738874720602,37750756.603211135
2018-08-16,52.9375,53.45249938964844,52.86750030517578,53.33000183105469,50.9437370300293,114001600,0.7700004577636719,1,7136769121.576164,5366623600,0.28395584865584356,49425533.383978695,0.39833205365140945,0.18129994148871045,94619510.71174985,51.14598319347793,79.25808554663463,2424.363309677879,50.439500427246095,54.57217546490085,46.30682538959134,16.38666125813726,0.8497131249701304,0.0,0.0,52.197583516438804,52.86708386739095,51.528083165486656,2.565254197031171,1.3457189850650437,1.0,0.0,47.26750183105469,53.45249938964844,50.36000061035156,12.262210184882752,0.9801944046972911,0.8190890654953218,0.9983980315447297,1.3909036502336178,1.2109427228891676,0.17996092734445024,52.06041717529297,49.82846186711238,51.73173770612485,50.34083405589123,1.2415593508824112,0.7157245790028705,0.5258347718795408,0.3611264299585327,25.403099640690186,-0.06450042724609517,94.99181402872313,71.8649229377129,23.126891091010222,52.291250228881836,50.36000061035156,51.3256254196167,49.3174991607666,99.90962903940185,33.81455202787457,37.69288633038047,11.561061456430131,98.82491808794444,46.81999969482422,44.353750228881836,100.0,48.0,52.0,50.836178812649045,,0.0,0.0,76.44316699034586,0.9755052551013411,0.8877925623087739,0.8353288198028554,43.75404638413246,66.72371431722279,98.01944046972912,96.43001868631556,-1.9805595302708836,3.3836838441736603,12.102588076429464,2.762972994625711,2.437016890443566,0.32595610418214527,3.2711154943961684,6.208812292832985,-2.937696798436817,51.92382430866469,1.464993222307931,1.4543658642513169,169.96186778527854,8.740022214757744,22494841.29378055
2018-08-17,53.36000061035156,54.48749923706055,53.290000915527344,54.39500045776367,51.96107482910156,141708000,1.0649986267089844,1,7256585120.926311,5508331600,0.32398262815398376,63924575.09964985,0.6158277414845571,0.25867656412414297,97449415.45977098,51.52892320685045,84.2357247969899,2424.363309677879,50.766250419616696,55.06164015443833,46.47086068479506,16.922225688591894,0.9224005575942994,0.0,0.0,52.41825014750164,53.12600008646647,51.71050020853678,2.7003951370878716,1.8965033420937079,1.0,0.0,47.26750183105469,54.48749923706055,50.87750053405762,14.222041900529971,0.9871885301205329,0.8569299910991098,0.7369524652554511,1.5003277588940591,1.268819730090146,0.23150802880391308,52.39541721343994,50.08375035799467,52.141470437146204,50.641142678252145,1.2835172237674877,0.5952594780760179,0.6882577456914698,0.3781765942160034,25.626911807045836,1.081249427795413,100.70917675638091,77.9710124468069,22.738164309574017,52.80875015258789,50.87750053405762,51.843125343322754,49.834999084472656,99.95481451970093,35.74397840064638,42.643051987359044,10.386823504323104,117.6296687214947,46.828125,44.5049991607666,100.0,44.0,56.0,51.25479010496895,,0.0,0.0,80.10000393263668,1.0,0.9432885970997272,0.8864242827477562,46.53606351217869,70.14515203500814,98.70676298743723,97.82708946474128,-1.2932370125627672,3.5428823022281435,7.980149792086694,2.9626656894896164,2.542146650252776,0.42051903923684053,5.278105594276844,6.022670953121757,-0.7445653588449135,52.361306039813925,1.9969971688409416,1.9773187341661558,175.35299864190074,9.344446538991448,48228602.39431177
2018-08-20,54.525001525878906,54.79499816894531,53.77750015258789,53.8650016784668,51.45479202270508,121150800,-0.529998779296875,0,7156271471.841652,5387180800,0.25489761375354925,45619667.78386561,0.3338438788310263,0.28168921280756265,96268980.20707351,52.038895064792335,84.07858261511316,2400.741477085027,51.064375495910646,55.35099391653236,46.77775707528893,16.789076059355693,0.8266708052532886,0.0,0.0,52.62125002543131,53.376249949137375,51.86625010172527,2.869562860407794,1.3236766746480564,1.0,0.0,47.26750183105469,54.79499816894531,51.03125,14.74118945896723,0.8764534117675676,0.8729867936249409,0.4740441903292951,1.5266820410186384,1.3203921922758446,0.20628984874279377,52.56354236602783,50.31576963571402,52.40662908965706,50.87994704863842,1.306862542691015,0.5815350818601476,0.7253274608308674,0.3933255851068673,25.84898194104356,0.9331258773803697,105.04563397761055,83.87365014461183,21.17198383299872,52.96249961853027,51.03125,51.99687480926514,49.98874855041504,99.97740725985047,37.67633628085422,41.58673101579941,9.503564132616855,113.70943495792417,46.886874198913574,44.93375015258789,100.0,40.0,60.0,51.83667774874544,,0.0,0.0,73.94788196867849,0.3913179898331345,0.7889410816448247,0.8733407470177753,46.84709101925843,63.38599250938653,82.99045819635073,93.23888721783904,-17.009541803649274,3.7001690808464502,3.8912229846997883,3.000557448613723,2.6338288099249656,0.3667286386887576,5.3049299949119435,5.879122761479795,-0.5741927665678519,52.48565936606381,-0.9743520081563428,-0.9791298781817392,172.67009117011463,8.114296781396476,11278408.66251032
2018-08-21,54.20000076293945,54.29750061035156,53.50749969482422,53.7599983215332,51.354488372802734,104639200,-0.10500335693359375,0,7118521445.716317,5282541600,0.23044491673485573,37532934.205192566,-0.2897213164797626,0.1966980266611638,96064998.64345206,52.48116267365982,76.12210376468833,2396.0615196661374,51.33987541198731,55.57551364797812,47.104237175996495,16.500383773825195,0.7856857425855885,0.0,0.0,52.81200002034505,53.57749989827473,52.046500142415354,2.8989618936408035,1.1192021243373962,1.0,0.0,47.26750183105469,54.79499816894531,51.03125,14.66208532351256,0.8625041048240297,0.8646882058151812,0.567504021038034,1.5215555607509685,1.3606248659708695,0.16093069478009903,52.71041711171468,50.54778876671424,52.61483974071493,51.09328417996396,1.3176447995302456,0.6813184379529112,0.6363263615773344,0.4052609231568821,25.982940588596087,0.92762641906738,109.68714187181692,89.63010866103228,20.05703321078464,53.23124885559082,51.03125,52.13124942779541,49.98874855041504,99.98870362992523,38.942685192719196,38.8261022870026,11.141462541812578,98.84755761641696,46.86249923706055,46.0,96.0,36.0,60.0,52.428341832785414,,0.0,0.0,72.75561931935337,0.27335725526226573,0.5548917483651329,0.7623738090365616,46.72576370050394,59.950553383298676,78.01379531652894,86.57033883343895,-21.986204683471065,3.7905736811020816,3.389580079221864,2.977995220255661,2.7026620919911046,0.2753331282645566,4.116252862392947,5.526548781662426,-1.4102959192694797,52.65867220346094,-0.19493799992875704,-0.19512825133625178,172.13855354798372,8.10640357291382,1969563.4695030153
2018-08-22,53.525001525878906,54.09000015258789,53.459999084472656,53.76250076293945,51.35688400268555,76072400,0.00250244140625,1,7115502981.176593,5358614000,0.2013243604599015,32198281.70782689,-0.10559082221878321,0.11979040466085382,96068539.69124924,52.73940718481719,68.2107406419002,2396.1730524739114,51.59275035858154,55.77248232037562,47.41301839678746,16.202787921729232,0.7595561658248753,0.0,0.0,53.02591667175293,53.77216682434082,52.27966651916504,2.814661959386439,0.9935235782747595,0.0,0.0,47.26750183105469,54.79499816894531,51.03125,14.59022107868409,0.862836544893599,0.8412194920451865,0.6470224258437509,1.5003990480522802,1.3885797023871516,0.11181934566512863,52.835000356038414,50.77471190232497,52.79140297490331,51.29100392685103,1.2830055241672496,0.8146067897323211,0.4683987344349284,0.4136686644744673,26.075879569851107,0.1847497940063505,110.60859256416987,94.77287176122395,15.835720802945914,53.23124885559082,51.03125,52.13124942779541,49.98874855041504,99.99435181496261,40.023904835146595,36.7320078511238,10.947204274614938,92.14916186798104,46.9087495803833,46.079999923706055,92.0,32.0,60.0,52.90167310001739,,0.0,0.0,72.76688841025839,0.2744722027462402,0.31304914928054633,0.5522939930968347,46.63201996815993,59.33718080741822,71.82815217583635,77.61080189623867,-28.171847824163653,3.850036677192236,2.8602838848450824,2.9252674605318374,2.7471831656992514,0.17808429483258603,1.067691593785648,4.634777344087071,-3.5670857503014233,52.80651838496401,0.004654839070639127,0.004654730736364243,172.15122115970053,8.128226932300485,-17178388.11425969
2018-08-23,53.662498474121094,54.26250076293945,53.650001525878906,53.872501373291016,51.461952209472656,75532800,0.1100006103515625,1,7094847103.3267765,5434146800,0.20829915596923465,28785477.764074836,0.14697776504629784,0.10042879580450505,96223083.35985942,52.886217503748924,66.9997585257959,2401.0757354693014,51.858750343322754,55.90572030062903,47.81178038601648,15.60766478372094,0.7487973781881798,0.0,0.0,53.203250122070315,53.94625015258789,52.46025009155274,2.79306256220373,0.9503709446381153,0.0,0.0,47.26750183105469,54.79499816894531,51.03125,14.515383205449439,0.8774497184394776,0.8183474665467226,0.6960919738072482,1.4754998455038333,1.405963731010488,0.06953611449334529,53.00958379109701,51.015962013831505,52.957725805424495,51.48222595992066,1.184204691378072,0.8031495518298355,0.38105513954823644,0.41891367782255545,26.06720705071228,-0.046250343322753906,110.09032957802998,99.04196200132202,11.04836757670796,53.35999870300293,51.03125,52.195624351501465,49.98874855041504,99.9971759074813,41.133771951469456,36.273998525747004,10.362054183394688,96.11090652331671,46.96624946594238,46.54624938964844,88.0,28.000000000000004,60.0,53.280338113802976,,0.0,0.0,73.28989055599847,0.32621727530098493,0.29134891110316313,0.38642993624961414,46.6983463765226,56.88190208676486,74.8295354600591,74.8904943174748,-25.1704645399409,3.795978041256177,4.046161391587413,2.866037390559845,2.77095401067137,0.0950833798884747,-1.4802054197913261,3.411780791311392,-4.891986211102718,52.930553014541076,0.20460471293290983,0.2043956825655613,172.70805538449773,8.216902704198176,-125285.64343556762
2018-08-24,54.150001525878906,54.224998474121094,53.77750015258789,54.040000915527344,51.62195587158203,73905600,0.16749954223632812,1,7107646974.395493,5508052400,0.24186380975477326,26441717.25045003,0.027246386031768703,0.09232719376395111,96452869.50034182,53.00225050725816,66.41526852216347,2408.5411227506365,52.17350044250488,55.854353062798964,48.4926478222108,14.110046629324312,0.7535418645576385,0.0,0.0,53.41050008138021,54.13749974568685,52.683500417073574,2.722309894866846,0.9329443774554583,0.0,0.0,47.26750183105469,54.79499816894531,51.03125,14.42781541212845,0.8997014120594662,0.7812625520453707,0.7176124054361349,1.4525388970701627,1.415278764222423,0.03726013284773977,53.19520886739095,51.24942354055551,53.124229668517245,51.67169077144708,1.1599229563250122,0.8171965716226138,0.34272638470239836,0.42159779529574926,25.998252633026766,0.04650077819824361,110.38071203693502,102.40972391708887,7.9709881198461545,53.42999839782715,51.03125,52.230624198913574,49.98874855041504,99.99858795374065,42.16436284519783,34.81000653165219,9.943849271242561,97.56227336937292,47.11687469482422,46.866249084472656,84.0,24.0,60.0,53.459999084472656,,0.0,0.0,74.10538112218417,0.4069007272881213,0.3358634017784483,0.313420487387386,46.97408919773308,54.96814792837939,79.39978579391043,75.35249114326864,-20.60021420608957,3.627191128450278,4.299157376168576,2.811092254548039,2.7789816594467043,0.03211059510133474,-3.6824726599154873,1.9929301010660159,-5.675402760981504,53.14882198076921,0.3109184425569955,0.31043609072263223,173.55595502302666,8.300291324343597,2864478.694835633
2018-08-27,54.287498474121094,54.685001373291016,54.08250045776367,54.48500061035156,52.04705047607422,82100400,0.44499969482421875,1,7135240759.668568,5590152800,0.2699170553590797,27883565.20680664,0.28070212264473604,0.11273596272199037,97128936.34575242,53.16545399173641,73.30620377294129,2408.5411227506365,52.5238754272461,55.640885178002826,49.40686567648937,11.868925228391733,0.8145843837397935,0.0,0.0,53.62291692097982,54.3289166768392,52.916917165120445,2.6332016100495146,1.1105410676257035,1.0,0.0,47.334999084472656,54.79499816894531,51.064998626708984,14.203062938122185,0.9584453623809441,0.7676363426172008,0.6724508329479586,1.4534949513366513,1.4229220016452686,0.03057294969138269,53.38395881652832,51.504231232863205,53.33357904418406,51.88008409284741,1.1934240351099843,0.7739359425773491,0.4194880925326352,0.42331806727867816,25.91468966504727,-0.6413757324218778,110.76215835578292,104.91286241778705,5.849295937995862,53.43874931335449,51.03125,52.234999656677246,49.98874855041504,99.99929397687032,43.409455601599056,36.962284920482595,9.357627022210648,111.29593794110424,47.10249900817871,46.866249084472656,80.0,20.0,60.0,53.650001525878906,,0.0,0.0,76.18562051298136,0.6127165907311258,0.44861153110674357,0.3586079479961184,47.795024869697386,54.092450853790524,91.54166974583583,81.92366366660178,-8.458330254164164,3.4495958328247056,4.33741734335781,2.801643398910838,2.783514007339531,0.018129391571306996,-4.772443752168684,0.639855330419076,-5.41229908258776,53.41998518407979,0.8234635219933173,0.8200915597385006,175.8085885248817,8.62185731427688,14173720.425179794
2018-08-28,54.752498626708984,55.1349983215332,54.72999954223633,54.92499923706055,52.46736526489258,91107200,0.4399986267089844,1,7131866546.059947,5681260000,0.29796133007694303,29626919.16059152,0.24393492146212092,0.1621911666947326,97864680.90726914,53.38297136187643,79.77498983772162,2408.5411227506365,52.89150047302246,55.220665377145856,50.562335568899066,8.80733154965568,0.9365295820055759,0.0,0.0,53.87783355712891,54.566833114624025,53.188833999633786,2.557636460139194,1.2599175271887306,1.0,0.0,49.32749938964844,55.1349983215332,52.23124885559082,10.980023028174262,0.9638400132422403,0.7558724794736448,0.6309203825250597,1.4727795572220899,1.432893512760633,0.03988604446145683,53.63750044504801,51.77432735149677,53.57841292001122,52.10563336278913,1.291369832382113,0.6690432168707425,0.6223266155113705,0.42514089722097587,25.834286875540986,-0.6740016937255859,111.74700810584386,107.11361858614367,4.633389519700188,54.00124931335449,51.201250076293945,52.60124969482422,50.158748626708984,99.99964698843516,44.81750381563218,38.90266280299931,8.794927536666497,128.58642833729297,47.10249900817871,46.866249084472656,100.0,16.0,84.0,53.77750015258789,,0.0,0.0,78.06222464640034,0.7983850776221109,0.6060007985471189,0.46349191047743693,49.05051371158141,48.99368078573307,93.94378778944404,88.2950811097301,-6.0562122105559615,3.427397088443527,5.864211555211259,2.82652654266336,2.792116514404297,0.03441002825906292,-4.852391731156967,-0.4585940818961325,-4.393797649260835,53.74281551098198,0.8075591846931074,0.8043158749061696,178.0359061136868,8.776497045873398,20052342.60357599
2018-08-29,55.037498474121094,55.872501373291016,54.852500915527344,55.744998931884766,53.25066375732422,109019200,0.8199996948242188,1,7213630436.409142,5790279200,0.24717921724444833,38165317.95621851,0.4023167053274048,0.16243080091421216,99492276.93770587,53.63133949712664,80.08668736587819,2408.5411227506365,53.1600004196167,55.504904688476536,50.815096150756865,8.822062642401848,1.051194892387861,1.0,0.0,54.182583491007485,54.91333300272625,53.45183397928874,2.6973594267243914,1.5690499383314034,1.0,0.0,50.087501525878906,55.872501373291016,52.98000144958496,10.882241914500385,0.9779598194002913,0.7822852773026475,0.6304526869040096,1.5365178473778798,1.4536183796840825,0.0828994676937973,53.93145879109701,52.06259654118465,53.911733844914835,52.375215997536955,1.2290733420850382,0.6575759176625712,0.571497424422467,0.4292316155057729,25.841784045719447,-0.7225004196167006,113.18965900623948,109.13560136142327,4.054057644816211,54.58125114440918,51.57000160217285,53.075626373291016,50.52750015258789,99.99982349421758,46.47659071437277,41.98384979346746,7.983622786488752,146.91321892245986,47.328125,46.866249084472656,100.0,12.0,88.0,54.04899978637695,,0.0,0.0,81.05798237349842,1.0,0.8037005561177452,0.619437628590536,51.12469088910906,59.45694934101707,96.96783862340745,94.15109871956246,-3.032161376592556,3.5162944232716313,6.755398544647391,2.933673528812058,2.820427917285849,0.11324561152620882,-3.3850248567508903,-1.043880236867084,-2.3411446198838064,54.233418994629076,1.492944390012707,1.4819096678693633,182.18682757623208,9.274987215929059,33131243.168640107
2018-08-30,55.8125,57.064998626708984,55.599998474121094,56.25749969482422,53.74022674560547,195175200,0.5125007629394531,1,7193646934.545539,5985454400,0.15480411350777232,47002763.80631021,0.7280875581572055,0.2211038822898055,101286652.05338371,54.09470928122482,87.90252689171727,2408.5411227506365,53.380500411987306,56.00318297858777,50.75781784538684,9.826369353448431,1.0484840825716266,1.0,0.0,54.49166666666666,55.31041628519695,53.6729170481364,3.0050452431146404,1.5783718173373698,1.0,0.0,51.130001068115234,57.064998626708984,54.09749984741211,11.118287600880128,0.8639428367218914,0.8505567648311718,0.5989281796620366,1.6098283310406671,1.4848603699553995,0.12496796108526764,54.24979209899902,52.3530772282527,54.27262089874705,52.66279256770638,1.2890354164714701,0.5638155693271406,0.7252198471443295,0.4356952772465098,26.004257401668045,-0.8204990386962905,113.25820065321106,110.52993734995997,2.7282633032510972,55.26249885559082,52.166250228881836,53.71437454223633,51.123748779296875,99.9999117471088,48.44765418169052,46.90551773834709,6.986731513058106,172.20380409418243,47.47687530517578,46.947500228881836,100.0,8.0,92.0,54.413700103759766,,0.0,0.0,82.65245690671223,1.0,0.9327950258740364,0.7808321268463002,53.40263693717715,59.15923615323734,84.28990218343203,91.73384286542785,-15.71009781656796,3.7418380288516815,7.2848623500819425,3.0568609307434222,2.8677145199773637,0.18914641076605854,4.293787888073414,0.023653388121015584,4.270134499952398,54.70851072018697,0.9193663517075068,0.9151659046341187,184.78115831791882,9.24385292440273,108652759.00784862
2018-08-31,56.627498626708984,57.217498779296875,56.5,56.907501220703125,54.36114501953125,173360400,0.6500015258789062,1,7217205544.472807,6158814800,0.1292710205985634,56385872.480691254,0.21780310541157,0.21648738097950893,103289665.43183546,54.5243695938373,88.53623327681316,2436.3695085378217,53.62600040435791,56.58282176062269,50.66917904809313,11.027566232683267,1.0549034623604356,1.0,0.0,54.77341664632162,55.54416631062825,54.002666982014965,2.814320199462681,1.8844213453542773,1.0,0.0,51.130001068115234,57.217498779296875,54.173749923706055,11.351765310259724,0.9490763572650975,0.8615009967953202,0.598382176999581,1.700771671233582,1.528042630211036,0.17272904102254616,54.612083752950035,52.67442336449256,54.67798710212491,52.97721543089133,1.3248592075836423,0.5773571642906996,0.7475020432929427,0.4449962357141123,25.911995940724708,-0.29599857330322266,113.02111961968188,111.41610242130122,1.605017198380665,55.338748931884766,52.24250030517578,53.79062461853027,51.19999885559082,99.9999558735544,50.32481436600174,44.39344438372987,6.420930660441673,178.6403426892506,47.61562538146973,47.08625030517578,100.0,4.0,96.0,54.852500915527344,,0.0,0.0,84.44128874147158,1.0,1.0,0.9121651939972605,55.956619451414724,61.31174910914086,93.98355071492718,91.74709717392221,-6.016449285072818,4.0493674446554735,8.271498732534932,3.2103832891183863,2.9362482738055684,0.2741350153128179,8.111329001208247,1.6411885107384618,6.4701404904697855,55.182945304252804,1.1554042206015636,1.1487803984921108,188.07153184060206,9.467949963731542,37259423.53278005
2018-09-04,57.102500915527344,57.29499816894531,56.657501220703125,57.09000015258789,54.535484313964844,109560400,0.18249893188476562,1,7256303914.079547,6268375200,0.10753224754543163,51187127.26585931,0.06836967185870647,0.22031931000052857,103641019.04160514,54.80914776180961,88.78725296722212,2444.182798937981,53.86712532043457,57.1138132956896,50.62043734517953,12.05443192277944,0.9963327022363703,0.0,0.0,55.06024996439616,55.792999521891275,54.32750040690104,2.6616281544996236,1.8850231415562853,1.0,0.0,51.130001068115234,57.29499816894531,54.21249961853027,11.444822912225053,0.9667480757890673,0.8391005919400069,0.598382176999581,1.7671998819483719,1.5758740805585032,0.19132580138986865,54.92541694641113,53.03384648836576,55.04906603296537,53.281866151017,1.3246170953993408,0.5645120546850164,0.7601050407143244,0.455476776253934,25.78370574101003,0.5278751373291044,113.21523343713173,111.80811259522508,1.4071208419066465,55.377498626708984,52.28125,53.82937431335449,51.23874855041504,99.9999779367772,52.09256073357589,42.628704284403945,6.069427491122584,165.4533817245149,47.61562538146973,47.08625030517578,100.0,0.0,100.0,55.32550048828125,,0.0,0.0,84.91172602738915,1.0,1.0,0.9775983419580122,58.1690886343698,63.17152821315916,96.06718261155936,91.4468785033062,-3.9328173884406388,4.293087768554685,7.050437263146149,3.3167004266321873,3.012338704370892,0.3043617222612953,6.653436433404114,2.6436380952715925,4.009798338132521,55.9395018266255,0.32069398228711243,0.3201808558866759,188.9953599078972,9.149359155049922,-26277292.68016109
2018-09-05,57.247501373291016,57.41749954223633,56.275001525878906,56.717498779296875,54.179649353027344,133332000,-0.3725013732910156,0,7226252695.224058,6135043200,0.12712917281490937,36779487.213074036,-0.11139395141749307,0.21119541569934033,102771053.14616126,55.14563186167876,80.4015153017357,2444.182798937981,54.11412525177002,57.43806358557291,50.79018691796713,12.284919393367336,0.8916097812422945,0.0,0.0,55.35508333841959,56.123082605997716,54.58708407084147,2.774810265871599,1.3869900652207936,1.0,0.0,51.130001068115234,57.41749954223633,54.27375030517578,11.618959827712333,0.8886678436868641,0.8694403343817484,0.6232741085770772,1.7693905371239396,1.6145773718715906,0.154813165252349,55.118958473205566,53.38923102158766,55.30574799393945,53.53635745681551,1.2771015515587265,0.5775339841614667,0.6995675673972598,0.46383826143500406,25.76145346407303,-0.24912357330322266,113.31429028400599,112.10874567520688,1.2055446087991157,55.53375053405762,52.37624931335449,53.954999923706055,51.29999923706055,99.9999889683886,52.88721047868071,38.5551314880486,8.688692688476838,136.17683473058852,47.60750102996826,47.08625030517578,100.0,0.0,100.0,55.719400024414064,,0.0,0.0,79.61994091530362,0.5646809262880683,0.8548936420960223,0.9516312140320075,58.428355733453486,59.91550477190682,84.61536526780436,91.55536619809698,-15.38463473219563,4.407308645809401,4.26969078405756,3.3050260069546167,3.070876164887637,0.23414984206697964,7.011692938986634,3.5172490640146012,3.494443874972033,56.17101428065826,-0.6524809463923753,-0.6546189082562215,187.10972024854007,8.512121772195691,29401554.732358336
2018-09-06,56.557498931884766,56.837501525878906,55.32500076293945,55.775001525878906,53.279327392578125,137160000,-0.9424972534179688,0,7170708660.196958,5997883200,0.07293826831009112,13057714.285662234,-0.8435857104778928,0.12248700397581873,100491810.83010207,55.35146263593994,72.21034259650261,2444.182798937981,54.31225032806397,57.534634244229274,51.08986641189866,11.866140315310233,0.7269672447278781,0.0,0.0,55.57591679890951,56.432166035970056,54.719667561848965,3.0813679247387475,0.616253958749699,0.0,0.0,51.66749954223633,57.41749954223633,54.54249954223633,10.586930140563311,0.7143481710682744,0.9337463772375187,0.8760357056191966,1.6757579015942667,1.6268134778161258,0.0489444237781409,55.27812512715658,53.7047119140625,55.37794084500706,53.702182943412794,1.1514439813753303,0.6994690440545073,0.45197493732082306,0.4658267068169784,25.776303011243105,-0.5522520065307646,112.42463427008356,112.36811286321284,0.05652140687071494,55.59749984741211,53.37249946594238,54.484999656677246,51.29999923706055,49.9999944841943,51.83727761535091,33.932268000946856,15.177974671344774,83.43697125497037,47.60750102996826,47.08625030517578,96.0,0.0,96.0,,57.41749954223633,0.0,1.0,68.06209859212119,0.0,0.5215603087626889,0.7921513169529039,54.87986043526052,54.40506086381648,60.205970615499645,80.29617283162112,-39.794029384500355,4.306904220581053,3.545901397744977,3.1204651463797117,3.080793961186052,0.03967118519365975,7.439082295534838,4.301615710318649,3.137466585216189,56.12904489495714,-1.661739804650908,-1.6757015890012994,182.33870374414823,7.655746638664304,25482029.46843773
2018-09-07,55.462501525878906,56.342498779296875,55.1775016784668,55.32500076293945,52.849464416503906,150479200,-0.4500007629394531,0,7058333493.6170635,5847404000,0.009619614722756572,1518647.2724935506,-0.24870971219169413,0.060734328713229355,99277722.92415914,55.48806835177782,63.189426852677784,2444.182798937981,54.46750030517578,57.56862579518833,51.36637481516323,11.387067416853219,0.6382563299236562,0.0,0.0,55.74458338419596,56.65608240763346,54.83308436075846,3.2702693897822446,0.2698392370876305,0.0,0.0,51.66749954223633,57.41749954223633,54.54249954223633,10.556753968482752,0.6360871688179348,0.9568714495967747,1.204224229298432,1.5474045462115242,1.6109316914952054,-0.0635271452836812,55.408541997273765,53.89509655879094,55.36979621699666,53.82239167078514,1.106932118158066,0.819219841852932,0.2877122763051341,0.4608236206671819,25.56715258182201,-0.7049995422363295,110.54533279056056,112.38640405806012,-1.841071267499558,55.75,53.75250053405762,54.75125026702881,51.526248931884766,24.99999724209715,50.61557550594207,30.862703443249227,14.950276009474589,57.530974280837455,48.445624351501465,47.811248779296875,92.0,0.0,92.0,,57.41749954223633,0.0,0.0,63.334778492569846,0.0,0.1882269754293556,0.521560308762689,50.39255241771974,48.013523225974275,47.125747637201364,63.98236117350179,-52.874252362798636,3.9590221629423255,2.9110909417186472,2.875020039385313,3.0396391768259043,-0.16461913744059142,8.499493081466868,5.141191184548293,3.358301896918575,56.082710631928514,-0.8068144341164318,-0.8100867949099921,180.06075432924322,7.693867990761987,35643572.7625972
2018-09-10,55.23749923706055,55.462501525878906,54.11750030517578,54.58250045776367,52.14018630981445,158066000,-0.7425003051757812,0,7009562136.607102,5689338000,0.0008548642509157629,-15464595.657564819,-0.8253832326641941,-0.022067607822143533,97156366.36528976,55.512829626907596,54.68668451237826,2444.182798937981,54.60250034332275,57.46785872222098,51.737141964424524,10.495337615976513,0.4965100551284669,0.0,0.0,55.815250142415366,56.81649945576986,54.81400082906087,3.587726690464542,-0.11560575783148568,0.0,1.0,51.92499923706055,57.41749954223633,54.67124938964844,10.059063725361892,0.48384179755053736,0.9956844267074099,1.661413570400284,1.3699777671231317,1.5627409066207907,-0.192763139497659,55.47687530517578,54.000288889958306,55.248673792499275,53.87869602537614,0.9854099634187209,0.9149543847150714,0.07045557870364949,0.44766743438095963,25.51345409861683,-0.7299989700317369,106.7372639901412,111.93919357298881,-5.201929582847612,55.767499923706055,54.27375030517578,55.02062511444092,51.572500228881836,12.499998621048576,47.92096411119461,27.742441336912027,21.406627074263064,5.890164687471726,49.29625129699707,48.638750076293945,88.0,12.0,76.0,,57.32789962768555,0.0,0.0,56.37687011043239,0.0,0.0,0.23659576139734825,44.18388199687773,44.41578004273758,28.363897497192596,45.231871916631206,-71.6361025028074,3.336448927486643,1.525226102185849,2.5427077271467193,2.9402528868900677,-0.39754515974334836,9.632005495409624,6.03935404672056,3.5926514486890637,56.05990475979313,-1.3420701218917253,-1.3511572785480208,176.30214262224584,7.283574685703016,34835480.80299638
2018-09-11,54.502498626708984,56.07500076293945,54.13999938964844,55.962501525878906,53.458438873291016,142996000,1.3800010681152344,1,7135930819.309286,5832334000,0.06591334419053482,14935294.112973876,0.42963531294729845,0.029315008565503686,100771712.51252069,55.60432823702833,61.71140202419883,2505.978701377689,54.789750480651854,57.4920277304974,52.08747323080631,9.864170674768125,0.7169931018910225,0.0,0.0,55.91275011698404,57.04724947611491,54.778250757853186,4.05810609121244,0.5219265918902654,0.0,0.0,52.064998626708984,57.41749954223633,54.741249084472656,9.769164613037425,0.7281648262522397,1.0896161213657705,1.7150958961924607,1.325441455412097,1.5152810163790522,-0.1898395609669552,55.651041984558105,54.15278889582707,55.35849344378845,54.03305198837635,1.0072349372886837,0.8434795228657137,0.16375541442297004,0.4339860211114252,25.690765265597637,-0.7497495651245103,105.51263328357902,111.24648525940383,-5.733851975824805,55.767499923706055,54.27375030517578,55.02062511444092,51.572500228881836,6.249999310524288,45.988994369894954,28.272125945944122,18.507610232866696,36.22466092671465,49.341251373291016,48.68375015258789,84.0,8.0,76.0,,57.13527566833496,0.0,0.0,64.24008875116797,0.2755653879458661,0.09185512931528818,0.09336070158154801,41.33038846121412,52.714332424399224,63.23441950580036,46.24135488006478,-36.76558049419964,2.75994167327881,3.8795305569829615,2.453019784440878,2.84280626640023,-0.38978648195935195,9.454334882512654,6.72235021387898,2.7319846686336744,56.05594809397779,2.5282848102261113,2.496852389140747,183.28784772449333,9.159441356443644,13310255.545852438
2018-09-12,56.23500061035156,56.25,54.959999084472656,55.26750183105469,52.7945442199707,197114800,-0.6949996948242188,0,7032790126.86593,5635219200,0.011870373447201798,-6768994.452499092,0.32558426183119604,0.06011322885478792,98323738.9210974,55.66853886995112,68.30433931800926,2505.978701377689,54.93125057220459,57.413436310059836,52.44906483434934,9.037426645120807,0.5677328963989291,0.0,0.0,55.969000244140624,57.19199981689453,54.74600067138672,4.370274857221313,0.2132057816233217,0.0,0.0,52.08250045776367,57.41749954223633,54.75,9.712138407371677,0.5970012970687961,1.1096546007819277,1.890211870238528,1.2200020166734689,1.4562252164379357,-0.23622319976446682,55.753333727518715,54.268173511211685,55.3444947341371,54.12449271746363,1.0654191036749237,0.8246498915084316,0.24076921216649205,0.4170701263083815,25.868314111766814,-0.44624996185302734,102.28265814600266,110.03459627493307,-7.751938128930405,55.767499923706055,54.27375030517578,55.02062511444092,51.572500228881836,3.124999655262144,44.3500122261368,26.968952716752703,16.867590862093365,35.573276536323725,49.40500068664551,48.74749946594238,80.0,4.0,76.0,,56.95420914654541,0.0,0.0,58.51910061886312,0.07507416594866048,0.11687985129817502,0.06957832687115446,36.95528672611807,48.233047116331534,42.933010134392845,44.843775712461934,-57.066989865607155,2.300073836831487,2.2714672367347153,2.2540664224642737,2.725058297613039,-0.47099187514876517,12.270596028820698,7.831999376867325,4.4385966519533735,56.04882019126817,-1.2419024809011248,-1.2496785375286201,179.76968891551147,7.841256855023019,73567010.8552159
2018-09-13,55.880001068115234,57.087501525878906,55.64250183105469,56.602500915527344,54.06980514526367,166825600,1.3349990844726562,1,7087628827.336365,5802044800,0.006704216958317642,26014008.078801,0.6582939638273632,0.09663581448200688,102353449.2551632,55.80437734668542,69.88474176485151,2566.511187218534,55.133375549316405,57.464014732258235,52.802736366374575,8.454549208063963,0.8151764925612697,0.0,0.0,56.064417012532545,57.329916508992504,54.79891751607259,4.514448072034954,0.712597438600333,0.0,0.0,52.86750030517578,57.41749954223633,55.142499923706055,8.252712974177694,0.8208793926665576,1.1806891101861567,1.8865519736935252,1.2299852663755075,1.41097722642545,-0.18099196004994256,55.92979208628336,54.45375046363244,55.538034146658674,54.30804888028317,1.0678205209639544,0.7729962600009468,0.2948242609630076,0.4028912190963882,26.035741007769186,-0.20837631225585795,99.91863163151444,108.552421939189,-8.633790307674559,55.767499923706055,54.27375030517578,55.02062511444092,51.63624954223633,1.562499827631072,43.50878975248274,29.22916078636805,14.866067298131243,86.50190032128549,49.468125343322754,48.77874946594238,76.0,0.0,76.0,54.11750030517578,,1.0,0.0,64.97208029684862,0.3012179283971273,0.21728582743055078,0.1420069360146714,35.595800464598774,51.26291736644636,77.60992408331971,61.25911790783764,-22.390075916680292,2.131272450615384,3.886391266321247,2.264830520954437,2.6330127422813185,-0.3681822213268817,12.495099566711936,8.764619414836247,3.730480151875689,56.05900295708461,2.415522757937505,2.3868104561782566,186.52758942107664,9.464129506955715,14241896.907352507
2018-09-14,56.4375,56.709999084472656,55.630001068115234,55.959999084472656,53.456050872802734,127997200,-0.6425018310546875,0,7037851811.928492,5674047600,-0.03852966820257343,10549373.300418993,-0.1645358988580991,0.08293707984701633,100900537.56328222,55.890557763336595,64.24751752132443,2537.3784084448334,55.264875411987305,57.46690631226216,53.06284451171245,7.969007018867617,0.6578369477918286,0.0,0.0,56.04366709391276,57.27066637674967,54.816667811075845,4.3787258987918225,0.46590543669811424,0.0,0.0,53.290000915527344,57.41749954223633,55.353750228881836,7.468574923836169,0.6468804499819316,1.1706200008032832,1.9515364938633457,1.1725362673243112,1.3632890346052224,-0.19075276728091128,56.01604207356771,54.61326965918908,55.60295182939929,54.43041556207498,1.0568473133921514,0.8020096203427427,0.25483769304940873,0.3879332099256144,26.173662258704475,0.48012351989746094,96.1739004032418,106.68050869291788,-10.50660828967608,55.767499923706055,54.54249954223633,55.15499973297119,51.651248931884766,0.781249913815536,42.70884285502893,27.168927189459186,13.899809937483914,57.98814380050358,49.47562503814697,48.77874946594238,72.0,4.0,68.0,54.17690032958984,,0.0,0.0,60.124327658440734,0.13132912109016207,0.16920707181198277,0.16779091684690295,32.750161528617966,50.079604910463665,56.2968258507292,58.94658668948059,-43.7031741492708,1.9777209786807788,1.8843875499114162,2.1541931201813007,2.537248817861315,-0.38305569768001435,10.395730746676776,9.090841681204353,1.3048890654724232,56.05822316777281,-1.1351120898589695,-1.141603658278445,183.2751801127765,8.144047273425414,-13793303.949058026
2018-09-17,55.537498474121094,55.73749923706055,54.317501068115234,54.470001220703125,52.03273391723633,148780400,-1.4899978637695312,0,6921027838.631407,5525267200,-0.13034515498477606,-22626605.48118034,-1.0904311318444881,-0.01500100975935684,96939092.21307515,55.8733523489864,58.24984967784739,2537.3784084448334,55.26862545013428,57.46496612120917,53.07228477905939,7.947875139599864,0.31819208651262937,0.0,0.0,55.84033381144205,57.13758303324382,54.543084589640294,4.646280325551881,-0.028168592321706303,0.0,1.0,53.459999084472656,57.41749954223633,55.43874931335449,7.160482869859498,0.25521213377223634,1.217807802358697,2.3049648041272737,0.9953039026692565,1.2896920082180294,-0.2943881055487729,55.909792264302574,54.69980812072754,55.428651735753725,54.43334783308447,0.9518823107426387,0.8840927353134068,0.06778957542923192,0.3668262230322908,26.344011459391805,0.9888742446899386,88.52160413759063,103.93677210407998,-15.41516796648935,55.767499923706055,54.54249954223633,55.15499973297119,51.74374961853027,0.390624956907768,40.232585068421564,24.357078807230007,20.731408136063067,-33.940532993403416,49.556875228881836,48.81374931335449,68.0,0.0,68.0,54.235112353515625,,0.0,0.0,50.68045460934995,0.0,0.14418234982909595,0.17689174969054325,26.669328670923537,46.52585539378753,10.681848394647863,48.19619944289892,-89.31815160535214,1.8084928961361157,-2.2871965837501764,1.8284818815871418,2.3954954306064806,-0.5670135490193389,9.78191158165755,9.229055661294993,0.5528559203625569,55.96459266044568,-2.662612380533369,-2.6987019630750453,175.7326600961155,6.8768014309465,29253316.41331841
2018-09-18,54.4474983215332,55.462501525878906,54.279998779296875,54.560001373291016,52.11869812011719,126286800,0.09000015258789062,1,6854547464.771942,5651554000,-0.11696946842389967,-17770543.088177945,-0.1463067035932832,-0.04287541154902856,97147754.43108732,55.84748325387567,52.97317615563561,2541.5708894218023,55.30337543487549,57.43069294188708,53.1760579278639,7.693264616430836,0.3252790053355149,0.0,0.0,55.61566721598308,56.967417017618814,54.263917414347326,4.861039592984591,0.10951877284738666,0.0,0.0,53.459999084472656,57.41749954223633,55.43874931335449,7.1559835663629086,0.27795379951515037,1.2142772967810305,2.591457548347119,0.8522836416482988,1.2022103349040834,-0.3499266932557845,55.76833407084147,54.802788954514725,55.29501321845177,54.44272957680347,0.9291110699309318,0.9358426317153157,-0.006731561784383833,0.3421889815995752,26.456070875227596,1.6041257858276339,80.65415369576989,100.30786803872041,-19.653714342950522,55.602500915527344,54.67124938964844,55.13687515258789,51.85874938964844,0.195312478453884,37.88989080594137,22.54779971065909,19.427027786972875,-43.23719424279634,49.63124942779541,48.81374931335449,64.0,0.0,64.0,,57.087501525878906,0.0,1.0,51.17927752086523,0.014572140935799612,0.04863375400865336,0.1206743918832441,22.333906071014674,46.26709396145294,13.409126376325752,26.795933540567606,-86.59087362367424,1.5498825970817975,-3.0173724938745825,1.565468242083573,2.2294899929018994,-0.6640217508183264,7.941147706651409,8.971474070366277,-1.0303263637148676,55.875628282655015,0.1652288426123416,0.16509248993545889,176.1882499790965,7.811747402223773,-269345.0991721153
2018-09-19,54.625,54.904998779296875,53.82500076293945,54.592498779296875,52.14973831176758,108495200,0.032497406005859375,1,6900255975.377173,5760049200,-0.08448876494779707,-14728206.566425825,-0.5039387989215125,-0.10760794756680837,97212377.09375852,55.79273246738153,47.81470103378887,2543.0847174827863,55.345000457763675,57.380489525925874,53.309511389601475,7.355638454517948,0.3151545763038124,0.0,0.0,55.379417165120444,56.724916966756176,54.03391736348469,4.859205352862317,0.20757394952162375,0.0,0.0,53.459999084472656,57.41749954223633,55.43874931335449,7.15060154491068,0.28616539831411125,1.2008493687386697,2.842997706752517,0.7331104821634185,1.1083903643559505,-0.37527988219253205,55.57541720072428,54.89413510836088,55.1869340739664,54.45382359180298,0.8977132073516347,1.0069835682222574,-0.1092703608706227,0.3157451581005591,26.561458048000407,1.744999694824216,73.09309422201852,95.93769692226874,-22.84460270025022,55.45625114440918,54.741249084472656,55.09875011444092,52.15999984741211,0.097656239226942,35.19024701904201,21.012597493790683,20.972762712176465,-72.88671414544064,50.426249504089355,48.959999084472656,60.0,0.0,60.0,,57.031351470947264,0.0,0.0,51.37053435361621,0.02015933722819884,0.011577159387998947,0.06813108774191616,19.080417381967806,48.50519024639794,21.363904722262337,15.15162649774532,-78.63609527773767,1.170081149830537,-4.0680092988585566,1.3462975302872482,2.0528515003789694,-0.7065539700917212,5.376734631182505,8.252526182529524,-2.8757915513470182,55.80859587682319,0.05956269279305815,0.05954496126174824,176.3527551379621,7.985665272794478,-6219590.583030567
2018-09-20,55.060001373291016,55.56999969482422,54.787498474121094,55.00749969482422,52.54616928100586,106435200,0.41500091552734375,1,6853669561.056359,5866484400,-0.10017616976149053,-6314076.279174146,0.5982605670362999,-0.11688130407544449,98021475.5309432,55.706217957078195,45.39929427687764,2562.416722971042,55.40725040435791,57.31765240900956,53.49684839970626,6.89585565322113,0.39537523815397607,0.0,0.0,55.29366696675619,56.566166814168284,54.02116711934407,4.60269653729843,0.38755705059063883,0.0,0.0,53.650001525878906,57.41749954223633,55.53375053405762,6.7996480403963515,0.36031821730268615,1.1785145234175372,3.005506651126407,0.6644921483963842,1.0196107211640373,-0.35511857276765313,55.401875495910645,54.9929812504695,55.159328784867604,54.49483663647122,0.8960326059072661,1.0258862841935583,-0.12985367828629224,0.2901638298570157,26.61431419688773,1.3102483749389648,66.57494971365645,91.05209880261273,-24.47714908895628,55.45625114440918,54.75,55.10312557220459,52.15999984741211,0.048828119613471,33.37630211521444,23.93876813227054,19.66752382642219,-26.85614993261642,50.61625003814697,48.959999084472656,56.00000000000001,0.0,56.00000000000001,,56.90309744262695,0.0,0.0,53.85657174759747,0.09278408328630672,0.04250518715010119,0.03423870018225124,17.199659049342802,42.614530943437146,32.91577825159915,22.56293645006242,-67.08422174840085,0.8126101101145977,-3.6477499600589374,1.2193671720297736,1.8861546347091303,-0.6667874626793566,3.1396236146317915,7.229945668949977,-4.090322054318186,55.79545759398784,0.7601793741024432,0.7573045706151582,178.4535317822847,8.456575711985039,4220732.143168241
2018-09-21,55.19499969482422,55.34000015258789,54.3224983215332,54.415000915527344,51.98017883300781,384986800,-0.592498779296875,0,6538682198.043298,5481497600,-0.19025999779263902,-37998380.96006501,-0.09184255954568983,-0.1389988515723916,93874691.72308232,55.43654116552048,33.138858876356366,2562.416722971042,55.43437538146973,57.27081586615431,53.59793489678515,6.625637871978096,0.22245916095738108,0.0,0.0,55.20141690572103,56.4591672261556,53.943666585286465,4.556949407957009,0.18737197780161458,0.0,0.0,53.77750015258789,57.41749954223633,55.59749984741211,6.566321645368796,0.1751376016030115,1.1624132541812522,3.2559579405553496,0.5558939256048347,0.9268673620521968,-0.370973436447362,55.21000067392985,55.06432738670936,55.0448168049691,54.48892287936427,0.833403339901754,1.0608609930604695,-0.22745765315871558,0.2635434828718785,26.667594795275257,0.34062614440917827,59.76981089427058,85.83349290307154,-26.063682008800967,55.45625114440918,55.142499923706055,55.29937553405762,52.15999984741211,0.0244140598067355,31.157589007308015,22.377596977107537,21.36524817363558,-70.40254908402434,50.876874923706055,48.959999084472656,52.0,0.0,52.0,,56.77997357543945,0.0,0.0,49.93184972168295,0.0,0.03764780683816798,0.030576717792089442,14.385896602679082,40.82539565231617,16.423113516084914,23.567598829982135,-83.57688648391509,0.4550437927246094,-4.05958992079177,1.0201962091186056,1.7129629495910255,-0.6927667404724198,16.20396809520705,9.024750154201392,7.179217941005657,55.76900997721523,-1.0771236332936307,-1.0829666051332953,175.45424298371694,7.673358062173776,287553911.13788635
2018-09-24,54.20500183105469,55.314998626708984,54.157501220703125,55.1974983215332,52.72766876220703,110773600,0.7824974060058594,1,6626966016.661698,5592271200,-0.16238938460863103,-20187175.87235134,-0.09926684587317058,-0.15097288855323998,95467635.82297291,55.33044278452827,33.04759604701128,2599.2647318857807,55.49225025177002,57.21894703157527,53.765553471964765,6.223199715171673,0.4146486129805438,0.0,0.0,55.2183334350586,56.457333374023435,53.97933349609375,4.48763974531035,0.4915919634577233,0.0,0.0,53.82500076293945,57.41749954223633,55.62125015258789,6.473874753677494,0.3820453792505883,1.1619216693637129,3.333807348609461,0.5268963199013328,0.846873153622024,-0.3199768337206912,55.16187540690104,55.13615417480469,55.06830626905589,54.541409949154556,0.8205477446968471,1.0647227282612628,-0.2441749835644157,0.23972965933277668,26.60801315502603,-0.16724948883056356,54.85629363591027,80.20501071999725,-25.348717084086978,55.45625114440918,55.353750228881836,55.40500068664551,52.34250068664551,0.01220702990336775,28.95218274428196,20.722016679001378,20.839178238135016,-59.66041741653714,51.3256254196167,49.3174991607666,48.0,0.0,48.0,,56.66177466293945,0.0,0.0,54.63384609258929,0.1583798816919794,0.08372132165942818,0.05462477188256586,13.471648759367985,41.32723759121307,38.20453792505883,29.1811432309143,-61.79546207494117,0.31749230553121777,-1.0354158467889039,0.9660482198617972,1.56358000364518,-0.5975317837833827,11.949575093192703,9.609715141999654,2.3398599511930485,55.76155778289869,1.438017812809722,1.4277764021043193,179.4153240639629,8.750091654512154,-137564904.83875126
2018-09-25,54.9375,55.70500183105469,54.92499923706055,55.54750061035156,53.0620002746582,98217600,0.3500022888183594,1,6685518641.150995,5690488800,-0.15110773236974048,-12392381.490265995,0.4596192305146032,-0.11018623270094738,96090424.642169,55.24253416202549,38.18687251256336,2615.746431837207,55.54537525177002,57.20907379997127,53.881676703568765,5.990412489465494,0.5006387450971338,0.0,0.0,55.2183334350586,56.34183349609375,54.09483337402344,4.069300868547531,0.6464918368538787,0.0,0.0,53.82500076293945,57.41749954223633,55.62125015258789,6.467682976329152,0.47947124083622866,1.1237297618267557,3.366304689366661,0.5260932920917725,0.7827171813159738,-0.2566238892242013,55.18041706085205,55.180481103750374,55.14202847540907,54.6159351833173,0.8808728519129694,1.051153635681046,-0.17028078376807665,0.21961644941648653,26.46476869316937,-0.9628747940063462,48.21125642298031,74.19707719521699,-25.98582077223668,55.45625114440918,55.43874931335449,55.447500228881836,52.34250068664551,0.006103514951683875,27.29863692186867,22.213880645577305,19.777323700230053,-17.441910913070068,51.843125343322754,49.834999084472656,44.0,8.0,36.0,,56.54830370693945,0.0,0.0,56.59725432566107,0.3676399949945643,0.17533995889551401,0.09890302913103681,13.334572910324999,44.85205864232982,52.79691784225573,35.80818976113316,-47.20308215774427,0.3096982282750744,0.4021687200068785,0.9632596976064784,1.4435159424374397,-0.4802562448309613,7.73381164669418,9.23453444293856,-1.5007227962443803,55.75926873454191,0.6340908545882762,0.6320889566401533,181.1870710801707,8.743126680441037,-32424424.70977673
2018-09-26,55.25,55.9375,54.939998626708984,55.10499954223633,52.639312744140625,95938800,-0.4425010681152344,0,6621319125.443643,5594550000,-0.17126714260632245,-16686758.630755689,0.1286649168967296,-0.04073975931704578,95326159.44558547,55.19879039061063,38.959039787961196,2594.9089400097014,55.55437526702881,57.20645932402241,53.90229121003521,5.9476289637050535,0.3639973181478918,0.0,0.0,55.20183334350586,56.29608345031738,54.10758323669434,3.964542626699747,0.4557533507802473,0.0,0.0,53.82500076293945,57.41749954223633,55.62125015258789,6.466635187650111,0.3562976240029222,1.1111069229731816,3.3842280108860248,0.48416954359256437,0.723007653771292,-0.23883811017872758,55.22395865122477,55.228173329279976,55.136331716459416,54.65216217286685,0.9325986493308668,1.006153518954262,-0.0735548696233953,0.20080313543341557,26.350506488692822,0.40812625885009624,42.14604873048959,67.77790131732533,-25.63185258683574,55.267499923706055,55.43874931335449,55.35312461853027,52.34250068664551,0.0030517574758419375,26.01546232123278,22.28563000758171,18.480445993645084,-26.637478112031317,51.99687480926514,49.98874855041504,40.0,4.0,36.0,,56.43937158917945,0.0,0.0,53.447791183205595,0.2337691196920973,0.2532629987928798,0.1707747597826074,12.266278134168562,46.76268042690581,39.233669884068306,43.41170855046096,-60.766330115931694,0.4098158107084444,0.9572648377971795,0.8859110497058063,1.331994963891113,-0.4460839141853068,4.082902056057684,8.204207965562386,-4.121305909504702,55.75504271083761,-0.7966174233819068,-0.7998073723988419,178.94708587964882,8.045321821909937,-9128829.1176067
2018-09-27,55.95500183105469,56.61000061035156,55.8849983215332,56.23749923706055,53.72113037109375,120724800,1.1324996948242188,1,6617988720.421938,5715274800,-0.19903114973111388,5228606.767597243,0.48568787167874217,0.011717210959413955,97807255.54019524,55.22915466255844,45.36323507983519,2594.9089400097014,55.579000282287595,57.2562063999822,53.90179416459299,6.035395056319893,0.6963082974196664,0.0,0.0,55.18183314005533,56.20408350626627,54.1595827738444,3.705025034657309,1.01634420094078,1.0,0.0,53.82500076293945,57.41749954223633,55.62125015258789,6.463770058925951,0.6715377296783017,1.1504963374873869,3.2863329286326066,0.5361475562518905,0.6856356342674117,-0.14948807801552122,55.24687512715658,55.32346182603102,55.3057421042442,54.76959454799231,0.9514316998037605,0.8966872758785689,0.05474442392519163,0.1873700011598095,26.250600242373384,-0.3114984512329073,36.98964681603874,61.20187314096943,-24.21222632493069,55.21750068664551,55.43874931335449,55.328125,52.34250068664551,0.0015258787379209687,25.501181177788048,24.442350437093648,16.70101052854806,61.043468207730726,52.13124942779541,49.98874855041504,36.0,0.0,36.0,53.82500076293945,,1.0,0.0,59.63821008559377,0.6453598111679152,0.41558964195152504,0.28139753321330635,13.311692443790585,53.36721064010951,73.94629609059392,55.32562793897265,-26.053703909406078,0.5022423575906174,0.4913963880876065,0.9789145979199951,1.2613788906968895,-0.28246429277689433,2.485551065509927,7.0604765855518945,-4.574925520041967,55.75999658157313,2.055166870940983,2.0343332764519495,184.67991397610263,9.364168277992874,25508543.02706486
2018-09-28,56.1974983215332,56.459999084472656,56.005001068115234,56.435001373291016,53.909793853759766,91717600,0.19750213623046875,1,6699628342.089513,5806992400,-0.1709851574049586,7069437.5050735865,-0.00744098464919613,0.07014165724619952,98129361.2912631,55.317234599010476,51.3777947050881,2604.02207743452,55.58787536621094,57.281150469604036,53.89460026281784,6.09224616784816,0.7501442339117106,0.0,0.0,55.20183321634928,56.16158358256022,54.242082850138345,3.477240918610235,1.1424421393087043,1.0,0.0,53.82500076293945,57.41749954223633,55.62125015258789,6.462738062265595,0.7265139866971347,1.0809465053743903,3.0705518250173753,0.5865162829492192,0.6658117640037733,-0.07929548105455408,55.34416675567627,55.42625031104455,55.47947429948218,54.89295801653296,1.018617163385133,0.8481090083434093,0.17050815504172379,0.1784392068711384,26.122754076113708,1.0146255493164062,33.2018011901421,55.055228369030715,-21.853427178888616,55.21750068664551,55.53375053405762,55.37562561035156,52.34250068664551,1.0002464440185448,25.023634401732227,23.6993922353674,16.19336079243796,66.61259605091621,52.13124942779541,49.98874855041504,32.0,0.0,32.0,53.880700759887695,,0.0,0.0,60.621667270656815,0.7107482492073508,0.5299590600224539,0.3996039002556196,14.454596620479373,54.47544478124811,80.0,64.39332199155409,-20.0,0.6571616565479985,2.1124521709072663,1.0684727224438682,1.2227976570462853,-0.15432493460241714,-0.5308770373985513,5.542205860961806,-6.073082898360357,55.76912413190993,0.35119295649674864,0.350577714071143,185.6796897825477,8.964132232501754,-12732833.431774706
2018-10-01,56.98749923706055,57.35499954223633,56.587501525878906,56.814998626708984,54.27278518676758,94403200,0.37999725341796875,1,6661189988.516114,5901395600,-0.1978498014571201,11184225.963472672,0.600604122441565,0.08235371506721856,98765012.14341041,55.38822309795118,50.24757913955596,2604.02207743452,55.58325023651123,57.26252949517972,53.90397097784275,6.042393172486379,0.866749122827377,0.0,0.0,55.409583155314124,56.304083506266274,54.515082804361974,3.2286846426721825,1.2855868753426802,1.0,0.0,53.82500076293945,57.41749954223633,55.62125015258789,6.463275832216543,0.8322891801663282,1.0648516717314824,3.0248449066658205,0.6496081855294733,0.6625710483089133,-0.012962862779440032,55.36187489827474,55.53942328232985,55.68493958059399,55.03533139506452,1.0454262004125294,0.8270988631457764,0.21832733726675302,0.17390386520713635,26.062812238384797,0.37674884796142294,31.99687863359476,49.64886447323348,-17.65198583963872,55.59000015258789,55.59749984741211,55.59375,52.34250068664551,22.127452735267667,25.386106848973295,28.267430204242523,15.188082063938399,126.79921844950768,52.195624351501465,49.98874855041504,28.000000000000004,0.0,28.000000000000004,53.93528675689697,,0.0,0.0,62.51420733600325,0.8365801010455393,0.7308960538069346,0.5588149185936379,15.979316541010835,52.851448362591825,84.70251834945665,79.5496048133502,-15.297481650543352,0.9676911522360427,0.3754210639893258,1.1803475495883526,1.214307635554699,-0.033960085966346254,-2.8372603228732287,3.866312624194799,-6.703572947068028,55.92362146035225,0.6733361285923722,0.6710793457076925,187.60327434590417,9.09301235223522,5603664.432177141
2018-10-02,56.8125,57.5,56.657501220703125,57.31999969482422,54.75519561767578,99152800,0.5050010681152344,1,6717974693.279399,6000548400,-0.19226842887331008,16739660.812493177,0.09134253702565116,0.06562216329539393,99646333.46906257,55.47065864226296,47.73391029531846,2604.02207743452,55.594750213623044,57.31772743488007,53.87177299236602,6.1983450402654166,1.0006593992991073,1.0,0.0,55.648749796549474,56.50924975077311,54.78824984232584,3.09261198991748,1.4710923806977947,1.0,0.0,53.82500076293945,57.5,55.66250038146973,6.610335009941312,0.9510203149539278,1.0426163824880217,2.9020273124967906,0.7319212065399654,0.6764410799551238,0.05548012658484158,55.4752082824707,55.66557708153358,55.93648729047557,55.2045660839356,0.9982211648803457,0.8240340170134425,0.17418714786690326,0.17395553876565498,26.029814512301673,-1.124748992919919,30.081982332474123,44.869852041061876,-14.787869708587753,55.82875061035156,55.66250038146973,55.745625495910645,52.383750915527344,61.06372636763383,25.840890922004025,27.629557490397243,14.311863049504273,147.71416188026646,52.230624198913574,49.98874855041504,100.0,64.0,36.0,54.07207526831055,,0.0,0.0,64.92667354064493,0.9969809800470303,0.8481031100999729,0.7029860746431206,18.004489025567953,59.75616394617599,95.10203149539278,86.60151661494983,-4.897968504607221,1.1814337674309172,2.4303084928550773,1.3258345431555756,1.2366130170748741,0.08922152608070144,-4.390094182117425,2.2150312629323543,-6.605125445049779,56.156754712756594,0.8888516770602095,0.8849246437202751,190.15964087320785,9.292977724227285,12656784.98494266
2018-10-03,57.51250076293945,58.36750030517578,57.44499969482422,58.01750183105469,55.42148971557617,114619200,0.6975021362304688,1,6745620411.300471,6115167600,-0.1728165288962425,25769300.2468552,0.6660042052433004,0.06617289482510373,101041084.64280073,55.53683738693244,46.30571882712645,2604.02207743452,55.659750366210936,57.62789229128488,53.69160844113699,7.072047259014417,1.0989790255484675,1.0,0.0,55.998999913533524,56.84375012715658,55.15424969991049,3.0170189286501636,1.694733002116687,1.0,0.0,53.82500076293945,58.36750030517578,56.09625053405762,8.161192805122457,0.9229502455934678,1.0431048052743759,2.8930397631154166,0.843711678808269,0.709895199725753,0.13381647908251604,55.770833333333336,55.80144251309908,56.25664337364158,55.41293169483331,1.0223016305138426,0.8297587479582209,0.19254288255562169,0.1792058521745306,26.07518511377247,-1.0997489929199205,30.221750173206857,40.83060764767859,-10.608857474471733,56.26250076293945,56.09625053405762,56.179375648498535,52.817501068115234,80.53186318381691,26.908331769392294,31.58685172031177,13.285595818318063,198.36974073256948,52.234999656677246,49.98874855041504,100.0,60.0,40.0,54.277750752211915,,0.0,0.0,67.99080388369757,1.0,0.9445203603641893,0.8411731747570323,20.707317970148956,57.042538174872156,92.29502455934679,90.69985813473208,-7.704975440653214,1.5125074610990694,6.512760291628592,1.522589859447802,1.2938083855494598,0.22878147389834225,-4.5889640139365095,0.8542322075585815,-5.443196221495091,56.516722008611694,1.216856489783713,1.209512309926275,193.69046729390655,9.608534166779613,27043036.57848674
2018-10-04,57.69499969482422,58.087501525878906,56.682498931884766,56.997501373291016,54.4471321105957,128168000,-1.0200004577636719,0,6674923099.372845,5986999600,-0.1788432841431846,3412054.6872109883,-0.5714041574651025,0.03711087635317491,98787774.61488295,55.61789887630734,46.23391093660127,2604.02207743452,55.720875358581544,57.77365312636166,53.66809759080143,7.368074369147422,0.8109508576006311,0.0,0.0,56.21241671244303,57.119417063395176,55.305416361490884,3.2270462790879244,0.9327918175686614,0.0,0.0,53.82500076293945,58.36750030517578,56.09625053405762,8.152240094944489,0.6984041673209948,1.0792945841463524,2.8828140110499305,0.8403143008628859,0.7359790199531796,0.10433528090970634,55.973958333333336,55.881154133723335,56.370621527433805,55.53030722657092,0.9718520619439653,0.8269489898042636,0.14490307213970177,0.18366531614635973,26.112819806133828,-1.1283765792846694,29.3961036518544,37.45575128741012,-8.059647635555724,56.26250076293945,56.09625053405762,56.179375648498535,52.817501068115234,90.26593159190844,26.780021655651552,28.62219291020991,17.13232329517082,120.10564881013516,52.60124969482422,50.158748626708984,96.0,56.00000000000001,39.99999999999999,54.604930716449026,,0.0,0.0,59.767690802683596,0.5446517551769111,0.8472109117413132,0.8799447940684919,20.497510624724775,50.95173513241387,69.84041673209947,85.74582426227967,-30.159583267900526,1.615742896584905,4.467558538576649,1.5132534697391347,1.3376974023873949,0.1755560673517398,-3.812617084399649,-0.07913765083306457,-3.7334794335665844,56.54946201132756,-1.7580909649193122,-1.7737289417715907,188.52712172358306,8.08357218164943,32512571.27059059
2018-10-05,56.9900016784668,57.102500915527344,55.14500045776367,56.0724983215332,53.563507080078125,134322000,-0.9250030517578125,0,6667889312.832146,5852677600,-0.14166949228007394,-14825133.11356385,-1.83804332594946,-0.016289994654323077,96607885.02455723,55.71774242329817,46.51885780560508,2604.02207743452,55.75825023651123,57.80805350522052,53.70844696780194,7.352466262892348,0.5766532305365693,0.0,0.0,56.35383338928223,57.35483360290527,55.35283317565918,3.5525541153813496,0.35947302312216756,0.0,0.0,53.82500076293945,58.36750030517578,56.09625053405762,8.146775630455204,0.49477111394210055,1.1671151715080843,2.7584461459769747,0.7542868889322563,0.7396405937489949,0.014646295183261326,56.09729162851969,55.89375026409443,56.324756418833715,55.57046952990146,0.9722675947724848,0.8458404752576195,0.1264271195148653,0.18372128927941375,26.134162248621525,-0.7507505416870117,29.637460797700548,34.65365874983127,-5.0161979521307245,56.646249771118164,56.09625053405762,56.37125015258789,52.817501068115234,90.44402385017017,24.921092675195762,25.08904415191547,24.713030554772793,25.886730385037602,53.075626373291016,50.52750015258789,92.0,52.0,40.0,54.90593628354716,,0.0,0.0,53.45386388652052,0.19502868954869002,0.5798934815751998,0.7905415845602342,18.248531988946354,53.83956935475029,49.477111394210056,70.53751756188544,-50.522888605789944,1.5282577065860536,2.710994322167918,1.3573520168412256,1.3416283252781611,0.015723691563064524,-2.7656124851837327,-0.6164326177031982,-2.1491798674805347,56.5264450427716,-1.6228835115064677,-1.6361964986470134,183.84466263890684,7.557619307271935,32039205.017977417
2018-10-08,55.5525016784668,56.20000076293945,55.04999923706055,55.942501068115234,53.43933868408203,118655600,-0.12999725341796875,0,6733407973.268812,5734022000,-0.10165391475169143,-14910814.397720607,-0.48338557192031917,-0.04036705667768279,96332796.4773302,55.78502663479016,46.65901048726317,2597.984969618044,55.82625026702881,57.80450949906946,53.84799103498816,7.087200815308982,0.529382094925574,0.0,0.0,56.43791681925455,57.438167444864916,55.43766619364421,3.5446050527120216,0.25235419081241395,0.0,0.0,53.82500076293945,58.36750030517578,56.09625053405762,8.136852323966929,0.4661531136078684,1.1654038069451667,2.6683155580553666,0.6679204817175659,0.7252965713427092,-0.05737608962514329,56.17520840962728,55.88163493229793,56.265947903338564,55.598027421621,0.9684487125695775,0.8865461762236339,0.08190253634594369,0.18000966972193205,26.17481884122909,-1.4112493515014677,30.577114673640292,32.694309666571264,-2.1171949929309726,56.65374946594238,56.09625053405762,56.375,52.817501068115234,67.85603648826354,23.179123992642356,23.271578978533647,23.521233193134393,-8.088030357035702,53.71437454223633,51.123748779296875,88.0,48.0,40.0,,58.36750030517578,0.0,1.0,52.61267738879475,0.1484486666869491,0.2960430371375162,0.5743824768180098,16.206326157080937,54.796344008656476,46.61531136078684,55.31094649569879,-53.38468863921316,1.2196325750911896,1.6997707194079066,1.201338451546978,1.3135703505319245,-0.11223189898494645,-2.92019282314673,-1.0771846587919045,-1.8430081643548255,56.51464896716379,-0.23183781231315148,-0.232106972259416,183.18660338267713,7.974337424461481,10475637.882885247
2018-10-09,55.90999984741211,56.817501068115234,55.5625,56.717498779296875,54.179649353027344,107564000,0.7749977111816406,1,6823829922.209664,5841586000,-0.1164043407093496,-871861.7972545233,0.6592133741102855,0.04271524139601707,97822931.03002103,55.900391793802456,52.59331228605973,2633.9760741753244,55.864000129699704,57.87967899341876,53.84832126598065,7.21637855878291,0.7117149375725488,0.0,0.0,56.53525009155273,57.583000564575194,55.48749961853027,3.7065387393731957,0.5869714175448696,0.0,0.0,53.82500076293945,58.36750030517578,56.09625053405762,8.131353880298557,0.6367635240164294,1.1743635330621733,2.472155115204887,0.6544660429773259,0.7111304656696326,-0.05666442269230665,56.36708323160807,55.874327146089996,56.335417268870614,55.68095122589329,1.0313560956457102,0.8118639193787774,0.21949217626693274,0.17635209707060345,26.257666042423306,-0.6665018081665011,31.93588905855198,31.559847480800418,0.3760415777515611,56.708749771118164,56.09625053405762,56.40250015258789,52.817501068115234,45.22352606179149,22.075392056487235,25.30607760559404,21.67584248155964,40.39786759857492,53.79062461853027,51.19999885559082,84.0,44.0,40.0,,58.30115028381348,0.0,0.0,56.96104119821416,0.3892358003386753,0.24423771885810422,0.3733914125236068,15.808398319309006,57.272426788805994,60.80755618298228,52.2999929793264,-39.19244381701772,0.9746031368479962,4.231366029642962,1.1753858879353696,1.2859334580126136,-0.11054757007724403,-3.7355463001491764,-1.608856987063359,-2.1266893130858175,56.52108010432085,1.3853469122483641,1.3758386957984037,187.10972024854007,8.938968631045725,5845500.03677249
2018-10-10,56.3650016784668,56.587501525878906,54.01250076293945,54.09000015258789,51.66972351074219,167962400,-2.6274986267089844,0,6665977797.648207,5673623600,-0.13831396018234932,-63793163.73175318,-1.3644417484867888,-0.0974777811413464,90041893.69873737,55.85449215241085,45.276631898157376,2633.9760741753244,55.805125045776364,57.95159873984231,53.65865135171042,7.692747547130183,0.10047847361697512,0.0,0.0,56.492166900634764,57.69766731262207,55.28666648864746,4.267849785644389,-0.4963359299424998,0.0,1.0,53.82500076293945,58.36750030517578,56.09625053405762,8.139932557287818,0.05833779116199427,1.3274269813916981,2.9042078352225893,0.4268654835091539,0.6542774692375368,-0.22741198572838295,56.2747917175293,55.758942530705376,55.98996848175019,55.563102998241035,0.8858683631324836,0.886595362864268,-0.0007269997317843613,0.16319630052363018,26.44047645229035,-0.25762443542480185,29.572940465406493,30.735768997396836,-1.1628285319903426,56.19000053405762,56.09625053405762,56.14312553405762,52.817501068115234,28.23801247579609,21.34513459169617,21.407533788270445,27.16414609751431,-75.70862493743465,53.82937431335449,51.23874855041504,80.0,40.0,40.0,,58.23612726287842,0.0,0.0,42.66632101291005,0.0,0.17922815567520756,0.23983630389027608,10.070689492470416,47.11970809782086,1.7795498919533967,36.40080581190751,-98.2204501080466,0.408500379674571,-2.0064281944337035,0.768253500029808,1.1823974664160524,-0.4141439663862444,-0.4575407665972046,-1.378593742970128,0.9210529763729234,56.47520926517621,-4.632606661540716,-4.74334548620301,173.8090562223753,5.948000052105364,72999252.36821787
2018-10-11,53.630001068115234,54.875,53.08000183105469,53.61249923706055,51.21358871459961,212497600,-0.47750091552734375,0,6579557675.319347,5461126000,-0.18833501798533545,-69175254.4196975,-1.1171352002435098,-0.17071296976261927,88165986.90892182,55.867852252899596,49.8729817388482,2633.9760741753244,55.65562496185303,57.969130559603315,53.34211936410274,8.313645204185518,0.05843510238763384,0.0,0.0,56.25333366394043,57.56583366394043,54.94083366394043,4.666390112418671,-0.5060321626209083,0.0,1.0,53.08000183105469,58.36750030517578,55.723751068115234,9.500384692014874,0.10070875833101264,1.3741841001470596,3.314189365370643,0.20559015182098506,0.5645400057542265,-0.3589498539332414,56.11354160308838,55.639519471388596,55.62420398256717,55.41861383074618,0.8647938407894242,0.9739885294827443,-0.10919468869332005,0.14227899879931388,26.49335108470929,-0.5506254196167006,23.98331250844184,29.71149247720792,-5.728179968766078,55.723751068115234,55.723751068115234,55.723751068115234,52.85124969482422,16.702722935325735,21.33032519970931,19.284452423862295,29.622256196655815,-138.69072285625225,53.954999923706055,51.29999923706055,76.0,100.0,-24.0,,58.06718220288086,0.0,0.0,40.66886955264524,0.0,0.12974526677955786,0.18440371377095663,4.922322411818421,44.14570895835245,10.070875833101265,24.219327302678987,-89.92912416689873,-0.2736244762645015,-3.4835075422464974,0.3709767127140302,1.0201133156756481,-0.6491366029616179,4.583496566272024,-0.18617568112169758,4.769672247393721,56.26826727379551,-0.8827896361255583,-0.8867093091962985,171.39189825127096,6.860320150016207,85948704.22547491
2018-10-12,55.10499954223633,55.720001220703125,54.209999084472656,55.52750015258789,53.04290008544922,161351600,1.9150009155273438,1,6699769790.020816,5622477600,-0.12379181112534748,-15151866.399483323,0.9241469917170849,-0.0976119813633153,93929353.02911583,55.86378249781403,51.32209792337564,2728.0598543628385,55.63400001525879,57.94380348516849,53.324196545349096,8.303567851587818,0.4769461202958828,0.0,0.0,56.13858362833658,57.55658404032389,54.72058321634928,5.05178549346782,0.2845263405487051,0.0,0.0,53.08000183105469,58.36750030517578,55.723751068115234,9.504077493386934,0.46288397689609445,1.4475158884966115,3.433151711500642,0.18264698604671992,0.4881614018127252,-0.3055144157660053,56.14874998728434,55.63000018780048,55.60932647026266,55.42667948421594,0.9084424487357021,0.8977411393105544,0.010701309425147687,0.12361343846140418,26.498646149296658,0.603499221801755,21.951811496084307,28.595373906373425,-6.6435624102891175,55.723751068115234,55.723751068115234,55.723751068115234,53.84749984741211,8.351361467662867,20.509964851507075,21.60325923815598,26.321595535958203,-38.37807421638531,54.484999656677246,51.29999923706055,72.0,96.0,-24.0,,57.76795138057129,0.0,0.0,50.64766659563045,0.3652302550059187,0.12174341833530568,0.1435722802633571,4.159254746999537,48.68834372960932,46.28839768960945,19.379607804888042,-53.71160231039055,-0.5337201959946611,0.7667191976432709,0.32952900615078873,0.8819964537706763,-0.5524674476198875,5.362691386743975,0.923597732451437,4.439093654292538,56.257182605886584,3.5719299468948584,3.5096160666123755,181.0858267383545,9.344186706048518,3354006.9215201735
2018-10-15,55.290000915527344,55.45750045776367,54.317501068115234,54.34000015258789,51.908538818359375,123164000,-1.1875,0,6581467331.641193,5499313600,-0.12551041923811118,-33881206.91384285,-0.07173302011735994,-0.13556571355131267,91295392.38622555,55.809308556095445,45.14142775193892,2669.7181125564607,55.627499961853026,57.95106006587504,53.30393985783101,8.353997952866527,0.22294673870572343,0.0,0.0,55.91716702779134,57.37241757710774,54.46191647847494,5.2050224525614,-0.04188843149529109,0.0,1.0,53.08000183105469,58.36750030517578,55.723751068115234,9.50518804143101,0.23829762366837268,1.4237642080942159,3.7958185696951174,0.06786077940254387,0.40410127733068896,-0.3362404979281451,55.990625063578285,55.592115548940804,55.414045498312696,55.34618471891015,0.8727557793572503,0.9301129359280699,-0.05735715657081952,0.10281291200719492,26.403116211921855,0.8075014114379897,17.027139962927674,27.144835865312707,-10.117695902385034,55.723751068115234,55.723751068115234,55.723751068115234,54.227500915527344,4.175680733831434,19.74820167103357,20.210843523659243,24.625064338935736,-70.562425852107,54.75125026702881,51.526248931884766,68.0,92.0,-24.0,,57.4866744076003,0.0,0.0,45.53348893286863,0.17804813236428066,0.1810927957900659,0.1441938269683099,1.6328598694260965,46.35468426856096,23.82976236683727,26.72967862984933,-76.17023763316273,-0.6960362153894764,-3.374081547392497,0.12261148577303442,0.7301194601711479,-0.6075079743981135,3.7659421354143694,1.4920666130440234,2.273875522370346,56.172818653961,-2.1385799770146097,-2.161778947227333,175.0745815295021,7.3136805550778305,-15566171.735003531
2018-10-16,54.73249816894531,55.747501373291016,54.189998626708984,55.537498474121094,53.05244827270508,116736000,1.1974983215332031,1,6666723581.777126,5616049600,-0.06967055839706003,-9070868.202936731,0.10840350010236459,-0.13701295760805302,93867920.24176408,55.7926879727103,51.074221030134986,2728.5510707783224,55.67637481689453,57.948617312189405,53.404132321599654,8.162322000193816,0.4694406862249503,0.0,0.0,55.717083613077804,57.24383455912272,54.19033266703288,5.480369204703186,0.4411871532086087,0.0,0.0,53.08000183105469,58.36750030517578,55.723751068115234,9.496844023179193,0.46477491295633894,1.4371380619429974,3.9004387915714416,0.07268215563664171,0.33781745299187954,-0.26513529735523783,55.915833155314125,55.62884624187763,55.43303826382168,55.36035610818504,0.8691778818274453,0.9291906061043196,-0.06001272427687432,0.08552302233905394,26.21078840046216,1.1386238098144545,13.712421216951132,25.310465981284292,-11.59804476433316,55.5837516784668,55.723751068115234,55.653751373291016,54.74875068664551,2.087840366915717,18.76014287135781,20.080332765572898,22.605352610457384,-39.3887135191745,55.02062511444092,51.572500228881836,64.0,88.0,-24.0,,57.22227405300756,0.0,0.0,50.91597055647429,0.3750503489126268,0.3061095787609415,0.20298193096210446,1.5950590322744813,50.91706726026064,46.47749129563389,38.86521711736021,-53.52250870436611,-0.9413525300867462,-1.5903302513157782,0.13128917649049524,0.6103534034350173,-0.4790642269445221,2.0849258357833955,1.610638457591898,0.4742873781914976,56.15603910496694,2.2037142402845156,2.1797833981053394,181.13643925407078,9.053699496164313,636001.654453218
2018-10-17,55.57500076293945,55.65999984741211,54.834999084472656,55.29750061035156,52.82319259643555,91541600,-0.23999786376953125,0,6677819776.996968,5524508000,-0.0830316578276502,-10913571.094809331,0.25121750337707766,-0.15376084105817192,93472335.47382063,55.734291415520794,50.21170738503477,2716.7600026502178,55.71162490844726,57.93690407329535,53.48634574359917,7.988563135629103,0.40695003471082003,0.0,0.0,55.44916687011719,56.9661678314209,53.932165908813474,5.471681711132283,0.4500111523873786,0.0,0.0,53.08000183105469,58.36750030517578,55.723751068115234,9.490835140440103,0.41938523295091357,1.375924332042643,4.09312755559072,0.05648617175140913,0.2815511967437855,-0.22506502499237635,55.78937498728434,55.60326928358812,55.412186317133965,55.355700145382556,0.8895101538473744,1.006759843187347,-0.1172496893399726,0.07030755538999257,25.987833911707895,1.608374786376956,9.366553882655506,23.084960451373306,-13.7184065687178,55.091251373291016,55.723751068115234,55.407501220703125,54.74875068664551,1.0439201834578584,17.84265970023032,19.18283176003902,21.594994518527898,-36.03693072181915,55.02062511444092,51.572500228881836,60.0,84.0,-24.0,,56.97373771969039,0.0,0.0,49.85266394219407,0.33613265731010594,0.2964103795290039,0.26120425136000386,1.2018628549079975,49.31271859386883,41.93852329509136,37.41525898585417,-58.06147670490864,-0.9484704634722547,-2.6709461463298165,0.10204219547952167,0.5086911618439182,-0.4066489663643965,-0.8007117421678891,1.1283684176399407,-1.9290801598078298,56.114267874668094,-0.4321366110527358,-0.4330730199900046,179.9215457730439,8.279592019586431,-16164222.84495005
2018-10-18,54.46500015258789,54.935001373291016,53.25,54.005001068115234,51.588523864746094,130325200,-1.2924995422363281,0,6664284588.877081,5394182800,-0.07006933647555948,-33418098.272959128,-1.493321728464396,-0.25989517990211475,90426171.37087515,55.58452255575649,44.10771916461711,2716.7600026502178,55.661499977111816,57.99069980746719,53.332300146756445,8.369159405740577,0.14440601287012667,0.0,0.0,55.12991689046224,56.67491772969564,53.58491605122883,5.604945286977929,0.13594976980557505,0.0,0.0,53.08000183105469,58.36750030517578,55.723751068115234,9.49938193597968,0.1749408045388237,1.4430819598735352,4.4904297989081945,-0.05995208305787969,0.21325054078345246,-0.27320262384133215,55.51312510172526,55.5547115619366,55.19569627882339,55.25564836188127,0.7986796479305386,1.016446882756473,-0.2177672348259344,0.05243382602718871,25.83204428580045,2.356001853942871,3.629882165462079,20.195229492235697,-16.56534732677362,54.94875144958496,55.723751068115234,55.3362512588501,54.74875068664551,0.5219600917289292,18.233004618699265,17.135807514982446,27.551234786714613,-119.30417929684573,55.02062511444092,51.572500228881836,56.00000000000001,80.0,-23.999999999999993,,56.74011356637225,0.0,0.0,44.46688082630371,0.13900960406532767,0.28339753676268625,0.29530583168421065,-1.0024626264432683,44.972893117177136,17.494080453882372,35.303365014869215,-82.50591954611762,-0.8595882191377484,-5.7833193376801715,-0.10849946536730587,0.3852530364016734,-0.4937525017689793,-0.7355722365015865,0.7555802868116352,-1.4911525233132217,56.00087008736693,-2.337356169754945,-2.3651055938858523,173.37878225244427,7.032331363914686,39457796.80283958
2018-10-19,54.51499938964844,55.314998626708984,54.35749816894531,54.82749938964844,52.37422561645508,132314800,0.8224983215332031,1,6661866577.986375,5526497600,0.05027625240600582,-13097126.96053619,0.538215508708855,-0.2643515094544512,92441331.05537805,55.46192063295929,45.13934378014855,2716.7600026502178,55.68212490081787,57.973811989773864,53.39043781186187,8.231320528941723,0.3135379137736546,0.0,0.0,55.00258344014486,56.44758427937826,53.55758260091145,5.254301703140507,0.4394173187507267,0.0,0.0,53.08000183105469,58.36750030517578,55.723751068115234,9.49586331976248,0.3304960875443515,1.4297735197455566,4.7247617870357566,-0.08488301963164702,0.15362382870043256,-0.23850684833207958,55.247291564941406,55.48644227247972,55.13905060356571,55.223933623197354,0.8176999402666889,1.01897278843799,-0.2012728481713011,0.03635360878403611,25.69004598711823,1.3153764724731474,0.523050406865979,16.85588901814966,-16.33283861128368,54.94875144958496,55.723751068115234,55.3362512588501,54.74875068664551,0.2609800458644646,18.194247563374677,17.94890128385562,25.6642436184778,-63.13675145989701,55.02062511444092,51.63624954223633,52.0,76.0,-24.0,,56.5205068622532,0.0,0.0,48.294974468166366,0.2791202417485424,0.2514208343746581,0.2770762502221162,-1.4794862619123228,52.038341730450725,33.04960875443515,30.827404167802964,-66.95039124556484,-0.8258532468010387,-5.498345052317913,-0.15370694201325613,0.27746104071868755,-0.4311679827319437,-0.5545024914860291,0.4935637311521024,-1.0480662226381314,55.97954575426155,1.5230039908633808,1.5115227118788876,177.54235201632267,8.558325930089381,24877175.428496003
2018-10-22,54.9474983215332,55.84000015258789,54.73500061035156,55.162498474121094,52.69423294067383,115168400,0.33499908447265625,1,6635809970.510946,5641666000,0.0036030926826062875,-5714493.314719497,0.4329601135018667,-0.23995025399186434,93145016.41381454,55.357749912146076,45.51080878863881,2733.3595580512724,55.68037490844726,57.97359256148173,53.387157255412795,8.237076911946453,0.3870851980314872,0.0,0.0,54.95408337910969,56.39458401997884,53.513582738240565,5.242560888265976,0.5723412017663666,0.0,0.0,53.08000183105469,58.36750030517578,55.723751068115234,9.49616176761577,0.39385290667390044,1.3972961219946336,4.904391859454074,-0.07672490314739377,0.1075540823308673,-0.18427898547826108,55.094374656677246,55.45576917208158,55.14265796826653,55.21938287141393,0.834245468055392,1.0010479203310576,-0.1668024522756656,0.0232737114842719,25.53067374206744,0.39212341308594034,-2.5432621632695196,13.024872215725052,-15.568134378994571,54.8337516784668,55.723751068115234,55.278751373291016,55.017499923706055,0.1304900229322323,17.62465572633648,19.68044813640247,24.16103052813149,-34.25537325451074,55.15499973297119,51.651248931884766,48.0,72.0,-24.0,,56.31407656038129,0.0,0.0,49.81244344285899,0.3346605617092697,0.25093013584104606,0.2619161689927969,-1.3646554993072253,53.13633711375792,39.385290667390045,29.976326625235856,-60.614709332609955,-0.6961842256433854,-3.2194444580158437,-0.13894560054403082,0.19417971246614388,-0.3331253130101747,-1.46182532730051,0.10248591946157992,-1.5643112467620899,55.97006420293775,0.6110055869808839,0.6091465166832677,179.23815129338055,8.595839518199845,4250840.969959974
2018-10-23,53.95750045776367,55.8125,53.67499923706055,55.682498931884766,53.190975189208984,155071200,0.5200004577636719,1,6772018560.510107,5796737200,0.0344429245403441,6621447.871092132,-0.7495058209596565,-0.3410581130063613,94606826.46985818,55.176707410641946,38.333047446711255,2733.3595580512724,55.68712482452393,57.97953289142584,53.394716757622014,8.233170859962822,0.49899104075187334,0.0,0.0,54.82316665649414,56.3519172668457,53.29441604614258,5.5770241070905815,0.7810570506307128,0.0,0.0,53.08000183105469,58.36750030517578,55.723751068115234,9.495010724260887,0.4921981752935965,1.4713165860891155,4.943001181414424,-0.027977340574331322,0.08044779774982759,-0.10842513832415891,55.06187470753988,55.50240369943472,55.225710424207804,55.253687764782136,0.7659247835000244,1.046195056876883,-0.2802702733768586,0.01455019081405347,25.52144217747596,0.2553762435913072,-6.4742972495504425,9.019623580729837,-15.49392083028028,54.46000099182129,55.723751068115234,55.09187602996826,55.017499923706055,0.06524501146611615,17.873496294682457,17.540237961092302,26.92645615249125,-46.56893364950077,55.15499973297119,51.74374961853027,44.0,68.0,-24.0,,56.12003207662169,0.0,0.0,52.15952064655176,0.601641899438346,0.40514090096538546,0.3024972903936966,-0.5333695136697302,54.75126085895584,51.97198720790806,41.46896220991109,-48.02801279209194,-0.6793460397159379,-0.6955270432433509,-0.050634340812566826,0.14521690181040173,-0.19585124262296855,0.29064915409780934,0.1401185663888258,0.15053058770898353,55.96569748702245,0.9426702418267485,0.9382548327120155,181.8704462494504,8.911162248947846,52453694.89257336
2018-10-24,55.650001525878906,56.057498931884766,53.6349983215332,53.772499084472656,51.366432189941406,163702000,-1.9099998474121094,0,6626899961.313831,5633035200,0.0021638174997101506,-38991729.68492919,0.1516804375471021,-0.2894092133626324,88991582.88311577,54.9802867009181,37.7618464784198,2733.3595580512724,55.620499801635745,58.05006016238731,53.19093944088418,8.736204706596737,0.119684131537398,0.0,0.0,54.78233311971028,56.29583371480307,53.268832524617515,5.525506158291857,0.16639126587996708,0.0,0.0,53.08000183105469,58.36750030517578,55.723751068115234,9.506384324086195,0.13096878548661484,1.5664349885153601,5.1125600849320865,-0.1418306358952819,0.03599211102080569,-0.17782274691608757,54.88104120890299,55.472115149864784,55.002139448863936,55.14397008475922,0.8066570623971823,1.02194231065655,-0.21528524825936768,0.0023541237761303966,25.647822933636995,1.09699897766113,-10.547530941955324,5.182863197352374,-15.730394139307698,54.65374946594238,55.723751068115234,55.18875026702881,55.146249771118164,0.032622505733058076,17.851073504079082,16.670000694221304,23.771326832609954,-82.45056613657016,55.13687515258789,51.85874938964844,40.0,64.0,-24.0,53.08000183105469,,1.0,0.0,44.01688632657436,0.20549849625723146,0.3806003191349485,0.34555711864712674,-2.513664487200157,50.66937763919575,17.21559753962639,36.1909584716415,-82.78440246037361,-0.7232726041008419,-3.8789863560093556,-0.2572006253399613,0.06473339638032913,-0.3219340217202904,2.128167513867947,0.53772835588465,1.5904391579832968,55.95028394350512,-3.4301618714141613,-3.490372821874832,172.2018336754168,6.654925664432483,41202835.3455258
2018-10-25,54.4275016784668,55.345001220703125,54.1875,54.95000076293945,52.491249084472656,119423200,1.1775016784667969,1,6664816173.979602,5752458400,0.018165240273546986,-13332765.665957026,-0.07753753172544729,-0.16365879948948864,91606693.22468592,54.891774157690186,44.34426994171974,2793.2142332524854,55.55612487792969,57.98510885376038,53.127140902099,8.744252703613716,0.37523093585190315,0.0,0.0,54.87949981689453,56.329250717163085,53.429748916625975,5.28339691544438,0.524314848168697,0.0,0.0,53.08000183105469,58.36750030517578,55.723751068115234,9.517399720983082,0.35366420265409215,1.5670417032868709,5.101878917130787,-0.1354838742787834,0.0016969139608878775,-0.13718078823967128,54.73374970753988,55.48586522615873,54.99411811256786,55.129601986846644,0.875646813034818,0.9926726585902526,-0.1170258455554346,-0.007498219054662293,25.753168639354286,-1.4661247253417997,-11.527732895557644,1.462913820503268,-12.990646716060912,54.65374946594238,55.723751068115234,55.18875026702881,55.21624946594238,0.016311252866529038,17.830252341375946,15.40790149468235,21.971580502796296,-53.25808282825288,55.09875011444092,52.15999984741211,36.0,60.0,-24.0,53.13955177307129,,0.0,0.0,49.27430136133473,0.5281942761160363,0.44511155727053736,0.4102842591236238,-2.3868719683588187,50.71086986650089,50.033426451090726,39.74033706620839,-49.966573548909274,-0.5592946894028614,-3.1163186924642683,-0.2457552193304578,0.0026356732381717374,-0.24839089256862953,0.9249527448744888,0.6151732336826177,0.3097795111918711,55.930534430033504,2.189784180603227,2.1661527691367866,178.16246636855294,8.783419522625067,-11274738.684716478
2018-10-26,53.974998474121094,55.04750061035156,53.16749954223633,54.07500076293945,51.655391693115234,189033600,-0.875,0,6658280579.606683,5563424800,-0.015456088235090551,-35057284.85653459,-0.6551489828526788,-0.17592761455608574,88596604.09450422,54.76595378792409,42.870992040156004,2793.2142332524854,55.43812484741211,57.913711257944996,52.96253843687923,8.930988980405408,0.22468662805043454,0.0,0.0,54.77391649881999,56.26066729227701,53.28716570536295,5.428681710167868,0.26495195463948845,0.0,0.0,53.08000183105469,58.36750030517578,55.723751068115234,9.537657503161235,0.18817952132840243,1.598337639769707,5.163911287338179,-0.19876793427407335,-0.038396055686104366,-0.16037187858796897,54.732499758402504,55.4499998826247,54.85271544339426,55.05148337766833,0.8407859135831733,0.9676141344313113,-0.12682822084813794,-0.018430239315627598,25.889459020078828,-1.8256256103515653,-15.759802899061231,-2.1800798308288325,-13.579723068232399,54.61249923706055,55.723751068115234,55.16812515258789,55.22500038146973,0.008155626433264519,18.54081170034732,14.039363591456041,24.83903855007969,-97.59669208061264,55.10312557220459,52.15999984741211,32.0,56.00000000000001,-24.000000000000007,,56.057498931884766,0.0,1.0,45.830035931901925,0.3167881171114716,0.3501602964949126,0.39195739096679955,-3.4268275459582136,49.975158217219544,26.622050434645928,31.29035814178768,-73.37794956535407,-0.6849707996144048,-0.027730430035356295,-0.36105827141926516,-0.07010311569331565,-0.29095515572594954,4.00272943653804,1.292684474253702,2.710044962284338,55.88536201017443,-1.5923566657894184,-1.6051708785844276,173.73312779360907,7.458199989438725,79900422.54402503
2018-10-29,54.79750061035156,54.92250061035156,51.522499084472656,53.060001373291016,50.68581008911133,183742000,-1.0149993896484375,0,6640717178.88189,5379682800,-0.007405569567577386,-56691675.28457011,-1.637623476723571,-0.33998738961564684,85147727.2526827,54.5401381901086,36.06712710328183,2740.78500159445,55.250374984741214,57.84642313589201,52.65432683359042,9.397395590048975,0.07813309231586628,0.0,0.0,54.620249811808264,56.333000818888344,52.907498804728185,6.271487270678146,0.04451977197281557,0.0,0.0,51.522499084472656,58.36750030517578,54.94499969482422,12.389058395700562,0.22461680272139173,1.7785040283806268,5.281264300998272,-0.32705291339591724,-0.09612742722806694,-0.2309254861678503,54.68645826975504,55.39788451561561,54.57691327876299,54.903966192158904,0.7711411728871701,0.9987538413958147,-0.2276126685086446,-0.033163288191228754,26.169922325158378,0.27712516784667685,-19.819801874188236,-5.905882396510985,-13.91391947767725,53.78999900817871,54.94499969482422,54.367499351501465,54.94499969482422,0.0040778132166322595,20.114442274811218,11.968876927632254,28.311140477662413,-156.4626704775007,55.29937553405762,52.15999984741211,28.000000000000004,100.0,-72.0,,55.9996989440918,0.0,0.0,42.1495006709167,0.1288552847154708,0.3246125593143257,0.3732948043599253,-5.5085094639637395,49.53280280677314,30.355410616376453,35.67029583403771,-69.64458938362354,-1.0425297232235167,-1.0305392802647182,-0.5956817623179748,-0.17521884501824747,-0.4204629172997273,5.934363608544064,2.221020301111775,3.7133433074322895,55.82460570733626,-1.8770214985259326,-1.894861135659065,168.59509813633557,6.86006280494145,40013669.29096699
2018-10-30,52.787498474121094,53.79499816894531,52.317501068115234,53.32500076293945,50.9389533996582,146640000,0.2649993896484375,1,6694063703.614861,5526322800,-0.008503189636160738,-43041505.8870534,-0.16750834096102668,-0.2544921462209496,85880096.44778809,54.41060277153653,36.53073722977358,2754.473398386421,55.050625038146975,57.5931847186883,52.50806535760565,9.237169164853162,0.1606521592366067,0.0,0.0,54.4189998626709,56.12375030517578,52.71424942016601,6.265276637964347,0.17913218484813218,0.0,0.0,51.522499084472656,58.36750030517578,54.94499969482422,12.434011813598712,0.2633310967155156,1.748403335625572,5.089088457011963,-0.4026944367428271,-0.15744082913101898,-0.24525360761180814,54.50291665395101,55.32586537874662,54.384311353251675,54.7870057899945,0.8594427618173847,1.040044528207339,-0.1806017663899543,-0.04882006964349626,26.387569701389875,-0.7106248855590849,-25.424529498332078,-9.771558327731828,-15.65297117060025,53.78999900817871,54.94499969482422,54.367499351501465,54.94499969482422,0.0020389066083161297,21.575670665384838,11.196150188991218,26.48333529754514,-148.81877452660046,55.40500068664551,52.34250068664551,24.0,96.0,-72.0,,55.82061094970703,0.0,0.0,43.42692259245601,0.24002582771600825,0.22855640984764966,0.3011097552189627,-6.7584012663350315,51.78228958405508,39.74645510727837,32.24130538610026,-60.25354489272163,-1.3050664901733384,-3.9665019739697187,-0.7350181506293767,-0.2871787061404733,-0.4478394444889034,5.3376751173566035,2.844351264360741,2.4933238529958626,55.70126742364245,0.49943343910623383,0.4981904073320109,169.9365518722286,7.777254786976712,-1387246.0022796392
2018-10-31,54.220001220703125,55.11249923706055,54.154998779296875,54.71500015258789,52.26675796508789,153435600,1.3899993896484375,1,6720104042.273761,5679758400,-0.008950540464624221,-6424806.424568381,0.9844236850576346,-0.10438079727086788,89879634.88752435,54.48946702321751,45.33224271351335,2754.473398386421,54.88549995422363,57.034360533147755,52.73663937529951,7.830339819137457,0.4603278585618833,0.0,0.0,54.358666483561194,56.0766668955485,52.64066607157389,6.320980712456777,0.6037059323561238,0.0,0.0,51.522499084472656,58.087501525878906,54.80500030517578,11.961269273089767,0.486290918641515,1.7523128494751241,4.690079365121112,-0.3464854859259461,-0.19524976049000442,-0.15123572543594166,54.53416665395101,55.293846130371094,54.43518655314955,54.781672039075495,0.9375000959816993,0.9136476454998097,0.023852450481889553,-0.05943425526953307,26.48123984742645,0.6519985198974609,-26.529668583894377,-13.122619522104767,-13.40704906178961,53.78999900817871,54.94499969482422,54.367499351501465,54.94499969482422,0.0010194533041580649,21.513823730904285,16.04626524538403,24.428517247684436,-22.503347798080526,55.447500228881836,52.34250068664551,20.0,92.0,-72.0,,55.648686475097655,0.0,0.0,49.70088633301593,0.7543826766060124,0.37442126301249656,0.3091967440581574,-5.816925746332134,55.4535326366269,70.39693882100195,46.83293484821893,-29.60306117899805,-1.2966472176944492,0.6900993723720867,-0.6324843200820882,-0.35623982892879635,-0.27624449115329186,5.174388987069172,3.310358808902427,1.8640301781667445,55.69119786397753,2.6066561083192274,2.5732618994418477,176.97286949019232,9.192862862184285,22810652.28761293
2018-11-01,54.76250076293945,55.59000015258789,54.20249938964844,55.55500030517578,53.069175720214844,233292800,0.8400001525878906,1,6941627173.210595,5913051200,0.09022637435902005,22488164.150035135,0.15612141002666166,-0.15923976739161239,93461211.91486882,54.50852889756683,47.26580665716833,2754.473398386421,54.81337490081787,56.76127886135994,52.8654709402758,7.107403855598047,0.6903649818935449,0.0,0.0,54.46391639709473,56.152166748046874,52.775666046142575,6.199518736930955,0.8231404357374192,0.0,0.0,51.522499084472656,57.102500915527344,54.3125,10.18000048555928,0.7226702325187111,1.7158316408215568,4.548065582791589,-0.231490022419365,-0.20249781287587654,-0.028992209543488467,54.53562513987223,55.31115385202261,54.60746559192282,54.83895561434218,0.9155267650327048,0.9510782528435465,-0.03555148781084172,-0.06313443447418786,26.574964739823265,0.4841257095336928,-23.125998362373977,-15.750291607575873,-7.375706754798104,53.78999900817871,54.94499969482422,54.367499351501465,54.94499969482422,50.000509726652076,21.005753576499824,17.165051619926825,22.940603469688977,34.34104255465272,55.35312461853027,52.34250068664551,16.0,88.0,-72.0,51.522499084472656,,1.0,0.0,53.086805938914445,1.0,0.6648028347740063,0.42259350254471756,-3.9479452335077276,54.35230445467539,88.91954479346379,66.35431290724804,-11.080455206536213,-1.233184141271252,0.031513538664048504,-0.4221269712853955,-0.3694172574001162,-0.052709713885279286,9.065999803250756,4.461487007772093,4.604512795478663,55.687421265533864,1.5352282742306933,1.5235628870008178,181.22503529455383,9.31483331559896,101845398.85619691
2018-11-02,52.38750076293945,53.412498474121094,51.35749816894531,51.869998931884766,49.54905319213867,365314800,-3.6850013732910156,0,6758525595.506987,5547736400,0.02843994083937165,-173036650.6833317,-1.4126508138378784,-0.2550196098002208,69229630.01785432,54.13276019893342,42.57378479059839,2754.473398386421,54.60324993133545,56.84675921134196,52.359740651328934,8.217493584457944,-0.1091463547328734,0.0,1.0,54.20191637674968,55.99991671244303,52.40391604105631,6.634453007881564,-0.14847525291636102,0.0,1.0,51.35749816894531,56.817501068115234,54.08749961853027,9.999410119426907,0.0938645587564373,1.9639986903624482,4.6003888645820314,-0.43271602212922033,-0.24854145472654532,-0.18417456740267502,54.25,55.14317307105431,54.18631687499389,54.61903289712311,0.7977498110770088,0.9506596473156048,-0.152909836238596,-0.07493552910385903,26.774720715068018,-0.5982488632202134,-27.5680913606415,-18.530828185061647,-9.037263175579852,53.70749855041504,54.86249923706055,54.28499889373779,54.86249923706055,49.99817955393934,22.06948407696839,14.322863117663633,30.364849525219267,-221.68617900327263,55.328125,52.34250068664551,12.0,100.0,-88.0,,55.59000015258789,0.0,1.0,40.277585256597696,0.0,0.5847942255353368,0.5413394411072799,-6.887467830730035,50.405216908710074,10.904269781839934,56.740251132101896,-89.09573021816007,-1.499963850133554,-6.198294028908021,-0.7922440204026613,-0.45398261000062523,-0.33826141040203606,17.39662165091867,7.0485139364014096,10.348107714517262,55.514607768214354,-6.633068766174954,-6.863295875804054,162.57118531576631,5.035692967713061,190159972.30436105
2018-11-05,51.07500076293945,51.09749984741211,49.54249954223633,50.397499084472656,48.142452239990234,264654800,-1.4724998474121094,0,6784905764.564524,5283081600,0.015451181023632979,-203989150.95955324,-1.2133063502797001,-0.3494274562560826,61716536.50249416,53.67363341661398,35.429617845931915,2676.2786472326575,54.32599983215332,57.13754971348099,51.51444995082565,10.350660420477457,-0.1986361461646106,0.0,1.0,53.71191635131836,55.55491676330566,51.86891593933105,6.8625382864116276,-0.399190593037299,0.0,1.0,49.54249954223633,56.817501068115234,53.18000030517578,13.391380827515176,0.11752568562286783,2.0003487602910472,5.127677554109236,-0.7029048584803235,-0.339414135477301,-0.3634907230030225,53.94937483469645,54.910961444561295,53.603421830298316,54.30632668877864,0.7337459906512387,1.0177564888504527,-0.284010498199214,-0.09674328517083955,26.94127349038438,0.5014995574951158,-33.23220034528869,-21.503928529032564,-11.728271816256125,52.79999923706055,53.954999923706055,53.3774995803833,53.954999923706055,37.495976812889616,23.73099459648037,13.034102571904036,34.649281720980014,-281.52494215459467,55.37562561035156,52.34250068664551,8.0,100.0,-92.0,,55.59000015258789,0.0,0.0,36.488815885930364,0.0,0.33333333333333276,0.5276434645475586,-10.65306572831556,47.06941370060408,13.12355521621109,37.64912326383828,-86.87644478378891,-1.9466035730698579,-6.679940583822082,-1.2943332781621653,-0.6220527436329333,-0.672280534529232,18.70787113110618,9.380385375342364,9.327485755763817,55.10562375698831,-2.8388276031117377,-2.879901526483497,155.11724202920462,5.435432813119441,6943051.061606854
2018-11-06,50.47999954223633,51.18000030517578,50.42250061035156,50.942501068115234,48.66306686401367,127531600,0.5450019836425781,1,6832467279.010524,5410613200,0.0025760829602412267,-164918561.54002967,0.28584861011745966,-0.3469538057746267,63095671.900872014,53.46960667882031,36.12399326563436,2705.220106591133,54.03724994659424,56.989717742178776,51.0847821510097,10.92752794971063,-0.024095281091168368,0.0,1.0,53.2910831451416,54.996083450317386,51.58608283996582,6.39882023239088,-0.18873362365299753,0.0,1.0,49.54249954223633,56.587501525878906,53.06500053405762,13.037306655326189,0.19872265886219714,1.878564006332255,5.468003591926111,-0.8631050152342752,-0.4441523114286958,-0.41895270380557936,53.62562497456869,54.68509615384615,53.19404940534707,54.05715442058135,0.7408838886308603,1.0107779062515119,-0.26989401762065157,-0.1222490477128367,26.989661258835326,1.125248527526857,-39.59742439072511,-24.731694467784763,-14.865729922940346,52.56624984741211,53.954999923706055,53.26062488555908,53.954999923706055,24.994356615018077,25.199585649568355,12.955513681852466,33.55609600049789,-198.71288957353096,55.59375,52.34250068664551,4.0,96.0,-92.0,,55.348100128173826,0.0,0.0,38.78404926385495,0.13828381452198418,0.0460946048406608,0.3214073879031102,-12.753419171959782,47.63367638479317,21.48889726840716,15.172240755486067,-78.51110273159284,-2.292787248948038,-7.085857215415336,-1.5966526993245922,-0.8169727347712651,-0.7796799645533271,14.02742785754836,10.309793871783564,3.717633985764797,54.77654121187771,1.0814068030024382,1.0756014153713966,157.87609724014064,7.175015164278072,-95722269.03498733
2018-11-07,51.49250030517578,52.51499938964844,51.032501220703125,52.48749923706055,50.13892364501953,133697600,1.5449981689453125,1,6961204732.040156,5544310800,0.08896025984390128,-111849831.7211136,1.0783508777181101,-0.16326290533301918,67150489.44734836,53.35994164381185,41.39748901702137,2705.220106591133,53.957124900817874,56.985519678189995,50.92873012344575,11.225189566489362,0.25735896872854375,0.0,0.0,53.043416595458986,54.65441665649414,51.43241653442383,6.074269586823987,0.32746203062176443,0.0,0.0,49.54249954223633,56.057498931884766,52.79999923706055,12.074400557153638,0.45203376373349696,1.8479574378523498,5.369749580387839,-0.8555342867896272,-0.5264287065008821,-0.32910558028874504,53.40270837148031,54.499230751624474,53.085349379456844,53.94088366624647,0.8265716803350687,0.945632478465644,-0.11906079813057535,-0.1434750227599253,27.016319773100193,1.7253740310668917,-40.09306502932324,-27.905620260425383,-12.187444768897858,52.56624984741211,53.954999923706055,53.26062488555908,53.954999923706055,15.618287102408969,25.42113106818719,17.553654594317283,31.41134861510932,-107.4041752746293,55.745625495910645,52.383750915527344,0.0,92.0,-92.0,,55.11587610473632,0.0,0.0,44.86685538637792,0.5047622919222864,0.21434870214808957,0.19792554677402777,-12.377184347246653,52.51391059520329,45.2033763733497,26.605276285989323,-54.7966236266503,-2.764639966628131,-4.849307611248781,-1.5860590866162951,-0.9707900051402711,-0.615269081476024,10.36435585181923,10.320706267790698,0.04364958402853247,54.74082115798683,3.0328274751950213,2.9877464814641375,165.69703436920028,8.7656569124686,-12290793.915527225
2018-11-08,52.494998931884766,52.529998779296875,51.6875,52.122501373291016,49.963993072509766,101450400,-0.36499786376953125,0,6964516651.951773,5442860400,0.12001497467396235,-101161167.08646373,0.27820128824901985,-0.18183534965157883,66445003.76377022,53.22886515320437,40.513755524158,2686.408016583329,53.88262500762939,57.01286290900388,50.75238710625491,11.618728304091592,0.21885145957029203,0.0,0.0,52.77199986775717,54.351499684651685,51.19250005086263,5.986128328858645,0.2943974138144802,0.0,0.0,49.54249954223633,56.057498931884766,52.79999923706055,12.091095021309672,0.39600952766841463,1.7474115719968022,5.4400797312282805,-0.8689697646133112,-0.5949369181233679,-0.2740328464899433,53.10604190826416,54.27249996478741,52.9372189169698,53.80618868158311,0.819838211738699,0.9713674665674096,-0.1515292548287106,-0.16196605205916442,26.878598703988352,-0.11012592315673686,-42.08773514542285,-30.83094606557668,-11.256789079846168,52.56624984741211,53.81500053405762,53.19062519073486,53.954999923706055,9.367622639267745,25.61458002660785,16.992653635047358,30.294157753524033,-88.26718433599163,56.179375648498535,52.817501068115234,0.0,88.0,-88.0,,54.89294104223632,0.0,0.0,43.760564516178825,0.4381101932845841,0.36038543324295097,0.20694291341056723,-12.44517458495253,51.35038222629483,39.600952766841466,35.43107546953278,-60.399047233158534,-3.2420665179981967,-6.393386839460313,-1.6149996606445085,-1.0996319362411187,-0.5153677244033898,5.825756456796974,9.421716305591953,-3.5959598487949798,54.62924859094902,-0.695399607668512,-0.6978287789222826,163.84937823460996,7.675848089115291,-31996560.833848983
2018-11-09,51.38750076293945,51.502498626708984,50.5625,51.11750030517578,49.00060272216797,137463200,-1.0050010681152344,0,6989377344.312222,5305397200,0.09096563733631312,-106445380.76361722,-0.7359595831551632,-0.26532961369850955,63794504.282996446,53.014548836695525,35.46084344083698,2686.408016583329,53.66212501525879,56.916655458837866,50.40759457167971,12.129711384532964,0.10906423304422573,0.0,0.0,52.46841646830241,53.95391604105631,50.982916895548506,5.662452472341461,0.04529904016659429,0.0,0.0,49.54249954223633,56.057498931884766,52.79999923706055,12.140777853646128,0.2417499478882443,1.7286705521262236,5.715383314861593,-0.9497643721639832,-0.665902408931491,-0.28386196323249224,52.88479200998942,54.04634607755221,52.65726220746303,53.60702657962701,0.7587529836863912,1.005941985642596,-0.24718900195620475,-0.18111887743428826,26.562827001440954,1.2878757476806655,-46.414836318626904,-33.78594989273653,-12.628886425890371,52.56624984741211,53.322500228881836,52.94437503814697,53.954999923706055,5.460975554278798,26.295270536086214,15.867311637389122,33.06377293845086,-121.38452938553819,56.179375648498535,52.817501068115234,0.0,84.0,-84.0,,54.67892338223632,0.0,0.0,40.77901957081659,0.2584773018414302,0.40044992901609966,0.3250613548023802,-13.46170302757439,47.86287485127661,24.174994788824428,36.32644130967187,-75.82500521117557,-3.403632478153,-4.937465850575527,-1.771716196109513,-1.2340487882147975,-0.5376674078947155,3.7818630202359453,8.293745648520753,-4.511882628284807,54.472366659898896,-1.9281520296150378,-1.9469833380291401,158.76196109305266,6.765631545133999,28433074.83208628
2018-11-12,49.75,49.962501525878906,48.4474983215332,48.54249954223633,46.53223419189453,204542000,-2.575000762939453,0,6810487751.685777,5100855200,0.07014234381108805,-166481155.8049807,-1.3535936048621797,-0.3084787411201183,53490874.353740446,52.56245272759646,35.06480902917592,2686.408016583329,53.37224998474121,57.29730645966678,49.44719350981564,14.708229374057558,-0.11524598096342913,0.0,1.0,52.04999974568684,53.34699948628744,50.753000005086264,4.983668576129296,-0.8521591769271847,0.0,1.0,48.4474983215332,56.057498931884766,52.252498626708984,14.258347010904007,0.01248373365094069,1.8228036952778588,6.608038392262756,-1.207654631281038,-0.7742528534014004,-0.4334017778796375,52.350833574930824,53.75673073988695,52.02422179742815,53.231876428709185,0.7271339861554426,1.0186512393111873,-0.2915172531557447,-0.2087612188210358,26.340662186721282,0.7027507781982436,-53.78440710114529,-36.93704740416022,-16.847359696985073,52.01874923706055,52.63249969482422,52.32562446594238,53.40749931335449,3.116994585075158,27.6917284656042,14.141157520092332,38.08425284298265,-179.89062955029226,56.37125015258789,52.817501068115234,4.0,100.0,-96.0,,54.47346642863632,0.0,0.0,34.325822610011585,0.0,0.2321958317086709,0.3310103979892406,-16.618025276498738,37.67025949690937,1.2483733650940692,21.67477364025333,-98.75162663490593,-3.446926532072183,-11.660602605531915,-2.2686681595723757,-1.4409726624863133,-0.8276954970860624,5.325184707942769,7.700033460405157,-2.3748487524623876,54.06141297272332,-5.037415263982947,-5.168721684884758,145.72704656756966,4.751281103726022,83535321.18588692
2018-11-13,47.907501220703125,49.29499816894531,47.86249923706055,48.057498931884766,46.067317962646484,187531600,-0.4850006103515625,0,6674011833.412231,4913323600,0.0021848086563112344,-155691410.75572705,-0.4783749537404668,-0.35348269764065904,51617197.85751742,52.1326919886286,35.02319789259903,2659.567422465125,52.998250007629395,57.42071763853999,48.5757823767188,16.689108150831235,-0.05859663519202709,0.0,1.0,51.5759162902832,52.868416213989256,50.28341636657715,5.012028933936972,-0.8610899675374424,0.0,1.0,47.86249923706055,56.057498931884766,51.959999084472656,15.462774136211108,0.023794960596200662,1.7837732189385496,7.3993127290346346,-1.434632465531493,-0.906328775827419,-0.528303689704074,51.849375089009605,53.453461426955,51.4139567411907,52.848589206722195,0.6968202679140021,1.053272545971778,-0.3564522780577759,-0.24234698362389323,26.16302279599418,0.061751365661621094,-62.04164032153926,-40.88282204167632,-21.158818279862942,51.72624969482422,52.34000015258789,52.033124923706055,53.114999771118164,1.7496753871187543,29.169652736679364,13.304872458855217,38.247085034964776,-170.11785298847255,56.375,52.817501068115234,0.0,100.0,-100.0,,54.111908342210135,0.0,0.0,33.258274489324606,0.0,0.0861591006138095,0.23960162044619346,-19.44562921826344,41.124743356647706,2.523450944307154,9.315606366075224,-97.47654905569284,-3.689662159190462,-11.128066104769822,-2.714608823179355,-1.6956998946249218,-1.0189089285544333,5.639225518094575,7.287871871943041,-1.6486463538484664,53.54745187675501,-0.9991257453266678,-1.004150503720691,143.27192438208218,5.8163219242616435,29298212.715873063
2018-11-14,48.474998474121094,48.619998931884766,46.48249816894531,46.70000076293945,44.76605224609375,243204000,-1.3574981689453125,0,6480302553.401952,4670119600,-0.05663513294676956,-180613921.3163626,-0.9030617753314175,-0.4124487150410854,44747323.394260004,51.56932390098671,29.012701690410154,2659.567422465125,52.56837501525879,57.63743093850657,47.49931909201101,19.285572064102833,-0.07884291879733539,0.0,1.0,50.83658294677734,52.24708290100098,49.42608299255371,5.549153276884635,-0.9663531790452067,0.0,1.0,46.48249816894531,56.057498931884766,51.26999855041504,18.214374631439835,0.022715673802971997,1.81914597333864,8.497238773894324,-1.704405466349776,-1.0659441139318906,-0.6384613524178855,51.31937503814697,53.06817304171049,50.688732744536665,52.39313821088644,0.6477871005857307,1.0659261064497072,-0.41813900586397645,-0.2829998285610996,25.919971825361547,0.7566257476806655,-73.69996471327849,-46.502151636221264,-27.197813077057226,49.9474983215332,51.53499984741211,50.741249084472656,52.42499923706055,0.8748376935593771,30.934137712814426,12.150222692951901,40.5307486213798,-176.53549264356235,56.40250015258789,52.817501068115234,0.0,100.0,-100.0,,53.611955613798166,0.0,0.0,30.407703990944512,0.0,0.0,0.10611831077416023,-22.75722082330733,36.697357200461965,2.3881696033092674,2.053331304236837,-97.61183039669073,-4.278390424391802,-11.98643129616091,-3.253108182772736,-2.007181552254485,-1.2459266305182513,8.26923824929843,7.484145147414119,0.7850931018843115,52.383145709813235,-2.8247374480918963,-2.8654007407217463,136.40013123336772,5.125119004637654,86605263.2301932
2018-11-15,47.09749984741211,47.99250030517578,46.724998474121094,47.852500915527344,45.87081527709961,185915200,1.1525001525878906,1,6625147967.325652,4856034800,-0.011045780088894664,-124202318.78996678,-0.13123888673339143,-0.3750265653182792,49335488.12376571,51.10838973330512,35.78709597275471,2725.2023648662675,52.2607500076294,57.67849032934028,46.84300968591852,20.73349625070425,0.09316533920640527,0.0,0.0,50.07733294169108,51.47583300272623,48.67883288065592,5.585361595289188,-0.2954350836842046,0.0,1.0,46.48249816894531,56.057498931884766,51.26999855041504,18.321590795274897,0.14308121539631613,1.7664813302284088,9.18603107758171,-1.8044053212989652,-1.2136363554053056,-0.5907689658936597,50.86333338419596,52.82826922490047,50.25238938622754,52.05679470752651,0.6861448720275036,1.0787197042688546,-0.3925748322413509,-0.3221568779659451,25.669767921162805,2.4542501449584933,-84.83985743654546,-52.86568120021059,-31.97417623633487,49.506248474121094,51.26999855041504,50.388123512268066,52.42499923706055,0.43741884677968856,32.572588047796984,11.500305910243416,38.36275430469507,-144.29730977189402,56.14312553405762,52.817501068115234,36.0,96.0,-60.0,,52.89900986931288,0.0,0.0,35.464950710614275,0.22299148931346688,0.07433049643782173,0.053496532350543836,-23.857785272654787,39.457164741123094,15.042574232128729,6.651398259915058,-84.95742576787127,-4.967397757137526,-10.262540589057926,-3.466224402475705,-2.2989901222987292,-1.167234280176976,7.657791308665815,7.518874379664458,0.13891692900135677,51.68897848957809,2.4678803720759257,2.437920125852111,142.23420367163774,7.30063084366715,-1930210.2702359855
2018-11-16,47.625,48.74250030517578,47.3650016784668,48.38249969482422,46.37887954711914,147713200,0.529998779296875,1,6695653334.045951,5003748000,0.009494589800964815,-95275156.7219665,0.6481233583414664,-0.2117589342422051,50971511.616544776,50.79934630368756,41.81780003781372,2755.3858223466978,51.938500022888185,57.47267156003489,46.40432848574148,21.310478872928226,0.17872333698050127,0.0,0.0,49.6723331451416,51.003083038330075,48.341583251953125,5.358113094064052,0.01537345337411901,0.0,0.0,46.48249816894531,56.057498931884766,51.26999855041504,18.435266245116736,0.19843356391499858,1.7275830598764663,9.73163880618496,-1.8199106574970259,-1.3348912158236497,-0.4850194416733762,50.33562501271566,52.62711539635291,49.96471404908857,51.784624706585596,0.7525659196492167,1.049909511287252,-0.29734359163803536,-0.3562578927603898,25.47267260371729,3.6165002822875962,-89.79783225060054,-59.150751411911905,-30.64708083868863,49.506248474121094,51.26999855041504,50.388123512268066,52.42499923706055,0.21870942338984428,33.403506116567534,13.984397387757665,36.14377869626021,-109.86930456366593,55.723751068115234,52.85124969482422,32.0,92.0,-60.0,,52.25735869927612,0.0,0.0,37.706828726590416,0.3218436405635219,0.1816117099589957,0.08531406879893923,-24.04367007517462,37.485885890719594,20.861939193550345,12.764227676329455,-79.13806080644966,-5.300868023143096,-11.57360950398199,-3.5143841783323437,-2.542068933505452,-0.9723152448268917,5.416668185884801,7.0984331409085275,-1.6817649550237261,51.4742059455371,1.1075675652406636,1.101478951439816,144.9171111434238,7.505716259097959,-14754257.76468134
2018-11-19,47.5,47.67499923706055,46.247501373291016,46.46500015258789,44.5407829284668,167701200,-1.9174995422363281,0,6579055266.614295,4836046800,-0.01571690968764055,-127602559.22346884,-0.9299530333433561,-0.26621926941237145,44325162.70400847,50.41664321520698,41.80079118839859,2755.3858223466978,51.503625106811526,57.31599095862773,45.69125925499532,22.57070580861889,0.06655989293505973,0.0,0.0,49.31733322143555,50.635332870483396,47.9993335723877,5.344975338102776,-0.5820689788909439,0.0,1.0,46.247501373291016,56.057498931884766,51.15250015258789,19.04719820837688,0.0221711349057719,1.7683245860421402,10.608831447073849,-1.9642819167765069,-1.4607693560142212,-0.5035125607622857,49.578125,52.27855770404522,49.426296526550004,51.39057844332651,0.6562100851611298,1.0185275903482358,-0.36231750518710604,-0.3918693802673061,25.36409837053371,0.36637382507323935,-96.33310444608507,-65.45471586250746,-30.878388583577618,49.388750076293945,51.15250015258789,50.27062511444092,52.3075008392334,0.10935471169492214,34.540039895823995,12.753134641185715,37.56995646601719,-129.79334690043234,55.723751068115234,53.84749984741211,28.000000000000004,100.0,-72.0,,51.67987264624304,0.0,0.0,33.21160529333913,0.12363370070064021,0.22282294352587576,0.1595883833075645,-25.660524741813546,33.505562031627576,2.328057882960132,12.744190436213076,-97.67194211703986,-5.452044408461624,-16.362163806416216,-3.8222607650597187,-2.7981072998163055,-1.0241534652434132,4.478349515329425,6.574416415792707,-2.096066900463282,51.106788750873804,-3.9632089171313667,-4.043882749156946,135.2105343550071,5.318828302360174,29990759.719188213
2018-11-20,44.592498779296875,45.36750030517578,43.877498626708984,44.244998931884766,42.4127082824707,271300800,-2.220001220703125,0,6441584016.252155,4564746000,-0.08865276909472028,-195414780.35979247,-1.2844572061613506,-0.4282821902137276,31362973.84788318,49.60211805420158,34.578991141250256,2755.3858223466978,50.93175010681152,57.21827269351628,44.64522752010676,24.686065464159316,-0.031832271554104286,0.0,1.0,48.682166417439774,50.073416264851886,47.29091657002767,5.715644761913105,-1.094669531791387,0.0,1.0,43.877498626708984,56.057498931884766,49.967498779296875,23.9143565254139,0.030172438092601304,1.8502422800258167,11.91367705168626,-2.23210243761536,-1.6150359723344492,-0.617066465280911,48.942708333333336,51.890288426325874,48.62917381967843,50.86127625729379,0.563444491934278,1.1182395816820867,-0.5547950897478087,-0.43446477116976845,25.271719315461247,-0.5342510223388643,-106.91545591384212,-72.87942596078733,-34.03602995305479,48.20374870300293,49.967498779296875,49.0856237411499,51.12249946594238,0.05467735584746107,36.22163730474147,11.438666292330737,43.138252616936164,-166.09218809354053,55.723751068115234,54.227500915527344,24.0,100.0,-76.0,,51.0279880934888,0.0,0.0,28.913866005708925,0.0,0.14849244708805348,0.1843090335243084,-28.53390911911357,29.938607858214855,3.1376756226138807,8.775890899708125,-96.86232437738612,-5.852595710754393,-14.700212371342216,-4.388608784262004,-3.1162075967054452,-1.272401187556559,8.190824683929542,6.897698069420074,1.2931266145094673,50.16159858055191,-4.777792345664034,-4.8956997714846295,123.9726634483981,4.133113092917114,127677642.04050463
2018-11-21,44.932498931884766,45.067501068115234,44.13750076293945,44.19499969482422,42.364784240722656,124496800,-0.049999237060546875,0,6332481690.820028,4440249200,-0.07982959134389746,-168387632.4536049,-0.01493906509168073,-0.4405007955793234,31222285.743764054,48.87887117151973,26.644360339009694,2752.272087636547,50.4528751373291,57.24005949900867,43.66569077564953,26.905044928382548,0.03899326222543517,0.0,0.0,47.92766647338867,49.26366653442383,46.59166641235352,5.575068261572693,-0.8969560658823339,0.0,1.0,43.877498626708984,55.59000015258789,49.73374938964844,23.214735521015044,0.02710787848468682,1.7582180825408131,12.639664768434637,-2.4204848083216888,-1.7761257395318972,-0.6443590687897915,48.42583338419596,51.45403847327599,47.94699318508547,50.36747799340716,0.5639388692024575,1.1504158160042226,-0.5864769468017651,-0.47957951616486694,25.216338696609224,0.4896259307861328,-120.47812046157817,-81.58946877369348,-38.88865168788469,47.689998626708984,49.967498779296875,48.82874870300293,51.12249946594238,0.027338677923730535,37.783120613021985,10.999826322674936,41.48327038512536,-143.70921269444725,55.653751373291016,54.74875068664551,20.0,96.0,-76.0,,50.026919568139625,0.0,0.0,28.823398995079685,0.0,0.041211233566879515,0.13750887472693635,-30.784631364262882,30.122091627083332,3.329848696341691,2.931860733971907,-96.67015130365832,-6.0663893755744525,-12.307157105657673,-4.805650202772745,-3.4540961179189056,-1.3515540848538397,4.655310369333316,6.449220529402723,-1.793910160069407,48.71228883517042,-0.11300539782478358,-0.11306929706873525,123.7195622490495,5.563860167711844,-76373104.44353029
2018-11-23,43.73500061035156,44.150001525878906,43.025001525878906,43.0724983215332,41.288753509521484,94496000,-1.1225013732910156,0,6245964814.734959,4345753200,-0.11434162837582916,-159485383.49887678,-1.2083837552430707,-0.42591029139398007,28822197.713376988,48.153711586512834,30.1080554903275,2682.3675912144245,49.859000015258786,57.035648643072115,42.68235138744546,28.78777603087505,0.027181694013534305,0.0,0.0,47.05791651407877,48.422166697184245,45.69366633097331,5.798175032663475,-0.9606625096701434,0.0,1.0,43.025001525878906,55.59000015258789,49.3075008392334,25.20106424690348,0.003780087612053898,1.699396091181263,13.393852662851236,-2.6300382304387853,-1.946908237713275,-0.6831299927255103,47.7699998219808,50.98384607755221,47.197070898385114,49.8271091288239,0.6046894826856943,1.2070778587872213,-0.602388376101527,-0.5279555038537139,25.105495001625528,2.6284992218017607,-136.65519551707982,-91.61617535129936,-45.03902016578046,46.493751525878906,49.541250228881836,48.01750087738037,50.696250915527344,0.013669338961865268,39.49075857372625,10.456329724499259,44.13173571303259,-145.80384607867808,55.407501220703125,54.74875068664551,16.0,100.0,-84.0,,49.166000636339334,0.0,0.0,26.79633412559022,0.0,0.0,0.0632345602183111,-33.309993496771426,30.31617700557332,0.4997034127202632,2.322409243891951,-99.50029658727973,-6.451925737717573,-15.448795370409963,-5.278327955248292,-3.818942485384783,-1.4593854698635091,0.3183904303101562,5.223054509584211,-4.904664079274054,47.28277115539553,-2.539883201814963,-2.5726950151686356,118.03734666831191,4.882348611039831,-38735693.49500653
2018-11-26,43.560001373291016,43.73749923706055,42.564998626708984,43.654998779296875,41.847145080566406,179994000,0.5825004577636719,1,6400629041.319725,4525747200,-0.0705099196279173,-121723673.37122092,-0.2841797130602033,-0.35954410302115886,31256386.383187626,47.525050533228686,31.62580785512405,2682.3675912144245,49.33799991607666,56.724576587307965,41.95142324484536,29.94274872834643,0.11531563336277803,0.0,0.0,46.28374977111817,47.67125015258789,44.89624938964844,5.995626492370105,-0.44729739426693205,0.0,1.0,42.564998626708984,55.59000015258789,49.07749938964844,26.399532911821062,0.08368522264064297,1.6467065430982928,13.899189271337395,-2.717779043381988,-2.1010823988470175,-0.6166966445349704,47.03395811716715,50.58576906644381,46.65213672621769,49.36991576959968,0.6578188576457897,1.1659550593851333,-0.5081362017393436,-0.573673963001582,25.05420562391473,2.784501457214354,-147.2350729590758,-101.9995826688472,-45.23549029022861,45.92999839782715,49.311248779296875,47.62062358856201,50.46624946594238,0.006834669480932634,41.17742298389004,9.926982272325994,43.88372078796806,-130.57922910713097,55.3362512588501,54.74875068664551,12.0,100.0,-88.0,,48.18344077866566,0.0,0.0,29.564598240329545,0.15319226682997492,0.05106408894332442,0.030758440836734745,-34.54015223927026,37.12945404489431,10.938285357725958,4.9226124889293095,-89.06171464227404,-7.065551118289719,-16.82781726344316,-5.504929471756369,-4.1561398826591,-1.3487895890972688,0.8540952574482018,4.349262659157009,-3.4951674017088075,46.58294543257834,1.3523721178542836,1.3433091844251788,120.98602295116345,6.307047193709948,75274749.04598102
2018-11-27,42.877498626708984,43.692501068115234,42.720001220703125,43.560001373291016,41.75608444213867,165549600,-0.09499740600585938,0,6521067536.085842,4360197600,-0.03290761944058945,-106581260.3989476,0.03231034281406967,-0.3776539792571153,30896134.79676986,47.047757756569396,32.05188802995595,2676.5305056516045,48.86299991607666,56.45018710123059,41.27581273092273,31.054938084788493,0.15052934550223196,0.0,0.0,45.717749913533524,47.0509999593099,44.384499867757164,5.832526965119488,-0.30920625019968895,0.0,1.0,42.564998626708984,55.59000015258789,49.07749938964844,26.65616427204562,0.07639175662322159,1.5792858735296744,14.445613746972546,-2.7631281452452825,-2.2334915481266706,-0.5296365971186119,46.32041645050049,50.15240375812237,46.176423594998205,48.93955174024349,0.628761171552558,1.1714907617193397,-0.5427295901667818,-0.6152315384221002,25.0015715583479,2.254500389099121,-152.86514315441687,-112.09108298361137,-40.7740601708055,45.65374946594238,49.311248779296875,47.48249912261963,50.46624946594238,0.003417334740466317,42.74361136475642,9.497512521679011,41.98518504898418,-117.06648957552335,55.3362512588501,54.74875068664551,8.0,96.0,-88.0,,47.17212119131346,0.0,0.0,29.369536566963475,0.1423977982836057,0.09853002170452631,0.049864703549283684,-35.5884270177772,36.44786938816317,9.984974724999187,7.140987831815142,-90.01502527500081,-7.434675968394565,-16.427645977074416,-5.646002153659152,-4.454112336859111,-1.1918898168000416,0.5824741530074292,3.595904957927093,-3.013430804919664,46.14663163854084,-0.2176094574784626,-0.21784657090835324,120.50513646551617,6.15731726503256,23062078.691089094
2018-11-28,44.182498931884766,45.3224983215332,43.73249816894531,45.23500061035156,43.36171340942383,184250000,1.6749992370605469,1,6685038980.440451,4544447600,-0.0024566861845808086,-47266993.28075426,1.1401807825922021,-0.3732375574803944,37981042.962489925,46.59502589094822,32.83946361810713,2676.5305056516045,48.458499908447266,55.912459516525566,41.004540300368966,30.76430191673733,0.2837726881024278,0.0,0.0,45.353583272298174,46.70258344014486,44.0045831044515,5.948814053996248,0.45604794396137704,0.0,0.0,42.564998626708984,55.59000015258789,49.07749938964844,26.878672576507867,0.20499053135138967,1.5976069810009257,14.791765851792672,-2.6335512557687224,-2.313503489655081,-0.3200477661136416,45.83020814259847,49.77057691720816,46.031589289667956,48.66514054543668,0.6464785193174195,1.1565158866574783,-0.5100373673400588,-0.6451112379410125,24.901771527242982,0.0839996337890625,-155.21357856712504,-121.14815118959433,-34.06542737753071,45.65374946594238,49.311248779296875,47.48249912261963,50.46624946594238,0.0017086673702331585,42.66352435396858,15.958998402324498,38.716070621152724,-79.16264061563139,55.278751373291016,55.017499923706055,4.0,92.0,-88.0,,46.342839129684656,0.0,0.0,37.233080683387676,0.615220750809158,0.30360360530757896,0.15106590531847666,-34.16512468408,39.610025220138446,26.793797719603486,15.905685934109549,-73.20620228039651,-7.136837891971361,-11.507799989641903,-5.4115763896949645,-4.645605147426282,-0.7659712422686829,1.2397877914244397,3.124681524626563,-1.8848937332021232,46.10116803517734,3.8452690180298843,3.7731807379427273,128.9841521611892,7.965444026482217,43995061.16849071
2018-11-29,45.665000915527344,45.70000076293945,44.42499923706055,44.88750076293945,43.02861404418945,167080000,-0.3474998474121094,0,6639174137.24676,4377367600,-0.021948999996366444,-48808890.59859155,0.40826433664582157,-0.36394733973776566,36697517.512678646,46.25957058211688,34.15628446056654,2655.9691277416205,47.967124938964844,54.989757231402244,40.94449264652744,29.281022372607318,0.28073576632071384,0.0,0.0,45.12725003560384,46.39000027974446,43.86449979146322,5.5963979331528355,0.40506860965703056,0.0,0.0,42.564998626708984,55.59000015258789,49.07749938964844,27.154017553589888,0.17831108361991152,1.5653464354887237,15.049468579400353,-2.529739706191549,-2.3567507329623747,-0.17298897322917428,45.525624910990395,49.35538467994103,45.85557567017126,48.38531537636281,0.6549502128932193,1.13737476844489,-0.48242455555167074,-0.6660771116923642,24.711983384447738,0.09037399291992188,-158.87973742694146,-129.37480452186054,-29.50493290508092,45.65374946594238,49.311248779296875,47.48249912261963,50.46624946594238,0.0008543336851165792,42.26743056301452,16.739593481846107,36.501873794306015,-67.42519951519051,55.09187602996826,55.017499923706055,0.0,88.0,-88.0,42.564998626708984,,1.0,0.0,36.329411804031686,0.6817773106450035,0.47979861991258854,0.2939774156415647,-33.25374122883325,42.75818909978172,25.986037887893357,20.921603444165353,-74.01396211210664,-6.78263216579662,-7.529482028663765,-5.228321209677135,-4.762148359876452,-0.4661728498006834,0.9366839411239324,2.687082007926037,-1.7503980668021044,46.063094138311456,-0.7682101088169024,-0.7711760421706959,127.22507275669824,6.768141720826435,16797149.312655807
2018-11-30,45.0724983215332,45.08250045776367,44.25749969482422,44.64500045776367,42.7961540222168,158126000,-0.24250030517578125,0,6629590898.400694,4219241600,-0.08638847426285512,-47314135.26396785,-0.20478146320729815,-0.32600604545577533,35843257.35997518,45.89184147612838,34.14333397287925,2641.620515921678,47.421624946594235,53.65213175159561,41.19111814159286,26.277070058304037,0.27717506972292355,0.0,0.0,44.84108339945475,46.059583536783855,43.62258326212565,5.434748872922718,0.41953922052036596,0.0,0.0,42.564998626708984,53.412498474121094,47.98874855041504,22.87458487478752,0.19174942247645332,1.4913118682337967,15.042950608301586,-2.4389216822212703,-2.373184922814154,-0.0657367594071161,45.24125003814697,49.004327040452225,45.669333329800864,48.108255012022134,0.6988273401871553,1.1516789758221164,-0.4528516356349611,-0.679930417134386,24.559070166757326,-0.7216241836547823,-163.59377462496906,-137.57435367456816,-26.0194209504009,45.119998931884766,49.07749938964844,47.0987491607666,50.46624946594238,0.0004271668425582896,41.96686628885708,16.098049353903995,35.88105103806566,-68.87845270276925,55.18875026702881,55.146249771118164,20.0,84.0,-64.0,42.62769866943359,,0.0,0.0,35.67863665502132,0.8141063127071101,0.7037014580537567,0.4957012277579748,-32.67857258772064,48.760850640222806,28.117621032471455,26.96581887998944,-71.88237896752855,-6.26333833582261,-7.100865733686776,-5.069653184493576,-4.823649324799877,-0.24600385969369842,0.26694099480140054,2.20305380530111,-1.9361128104997094,45.948369286372674,-0.5402401582936811,-0.5417047326309099,125.99751166395454,6.572947270078977,14839566.82243821
2018-12-03,46.1150016784668,46.23500061035156,45.3025016784668,46.20500183105469,44.29154968261719,163210000,1.5600013732910156,1,6782299865.956299,4382451600,0.006972114921959677,-4182426.778425783,0.6277704781721104,-0.1844800395247546,41546198.82092774,45.63416936211333,41.64602784258887,2641.620515921678,47.13837509155273,53.0406391710476,41.23611101205786,25.042289082011926,0.42093091329641724,0.0,0.0,44.616166814168295,45.79016698201498,43.44216664632162,5.262667107806611,1.176675804825729,1.0,0.0,42.564998626708984,52.529998779296875,47.54749870300293,21.139888961453902,0.3652787906280565,1.501180696669206,14.709058591707883,-2.215529426458133,-2.3416538235429503,0.12612439708481737,45.20000012715658,48.667980927687424,45.7517438684553,47.96727329491343,0.8020334223675721,1.0746613578478457,-0.27262793548027353,-0.681306977681027,24.3672370579873,0.7141258239746122,-164.61918841317714,-145.16169633757838,-19.457492075598765,44.39999961853027,49.07749938964844,46.738749504089355,50.46624946594238,50.00021358342128,40.70312894338083,20.25276888696606,33.237219315823346,-32.43780258736022,55.18875026702881,55.21624946594238,16.0,80.0,-64.0,42.68914471130371,,0.0,0.0,42.779652175081765,1.0,0.8319612077840374,0.6718204285834609,-30.071642730072632,58.63736202231691,54.086232569581384,36.063297163315404,-45.913767430418616,-5.471639375125662,-1.0599548689463634,-4.618835456492527,-4.782686551138408,0.16385109464588066,-0.023776508199483518,1.7576877426009914,-1.781464250800475,45.95844451315548,3.4942353170470897,3.4345727746338373,133.89439653216405,8.264477301056083,25513838.86988753
2018-12-04,45.23749923706055,45.59749984741211,44.067501068115234,44.17250061035156,42.343223571777344,165377200,-2.032501220703125,0,6639621416.479885,4217074400,-0.043884194407397735,-51603417.36385993,-0.866178897504304,-0.21218032122217156,34271459.127041385,45.34944606484149,42.29140212468987,2641.620515921678,46.82712516784668,52.66528580724932,40.98896452844404,24.93495220334963,0.2726488939359897,0.0,0.0,44.39783350626628,45.58208376566569,43.21358324686686,5.334720935120727,0.404862636032273,0.0,0.0,42.564998626708984,52.529998779296875,47.54749870300293,21.280401299181708,0.16131479769472087,1.5648127032962307,14.448364690924805,-2.177395654774351,-2.3088021897892306,0.13140653501487964,44.893333435058594,48.28711553720328,45.50878336720857,47.68617902198292,0.7497078046946224,1.0423589454615185,-0.29265114076689613,-0.6806690899503418,24.085604440382514,1.5553745269775376,-164.0523275315493,-151.51023762843477,-12.542089903114544,44.39999961853027,49.07749938964844,46.738749504089355,50.46624946594238,50.00007632185522,40.08851695087139,18.300557794838394,35.60274109649196,-60.696168922707606,55.16812515258789,55.22500038146973,12.0,76.0,-64.0,42.83097894726563,,0.0,0.0,37.04181755073789,0.6410110462310168,0.8183724529793751,0.7846783729390565,-29.462795919027634,54.53124267289253,26.021878541060087,36.07524404770431,-73.97812145893991,-4.8482645259184025,-7.690298803132528,-4.566093781115468,-4.7393679971338205,0.1732742160183527,-0.14908957626367336,1.3763322788280585,-1.5254218550917318,45.884435696722676,-4.398877048278937,-4.498561964280867,123.60566960590016,5.393486304097408,26253337.801630676
2018-12-06,42.939998626708984,43.69499969482422,42.60499954223633,43.68000030517578,41.87110900878906,172393600,-0.49250030517578125,0,6807270432.227933,4044680800,-0.007509135405162254,-56360629.256215885,-1.0638017719298503,-0.22366174955063103,32349360.549030274,45.002201553532714,43.90320156450405,2641.620515921678,46.464000129699706,52.134123205815364,40.79387705358405,24.406521437190364,0.2545026988698881,0.0,0.0,44.280833562215165,45.4250836690267,43.13658345540365,5.16815070883359,0.23745545075209623,0.0,0.0,42.564998626708984,52.529998779296875,47.54749870300293,21.446711701040737,0.11189178739522981,1.565081539778131,14.04834455211241,-2.161992916064335,-2.2794403350442516,0.1174474189799164,44.501458485921226,47.92634626535269,45.227432126895835,47.38942504296017,0.751743625905383,1.0795863873538785,-0.32784276144849545,-0.6794173701725754,23.898955164106532,0.0010000228881850148,-160.83518469713337,-155.99435587682976,-4.840828820303614,44.39999961853027,49.07749938964844,46.738749504089355,50.46624946594238,37.499992456144476,40.08247780205489,17.005974099710837,39.684356172758775,-87.66531751665799,54.367499351501465,54.94499969482422,8.0,72.0,-64.0,,46.23500061035156,0.0,1.0,35.78918704678324,0.5626399282894265,0.7345503248401473,0.79496132853452,-29.3402451826842,54.53147989035381,18.04939499010433,32.71916870024861,-81.95060500989567,-4.767955432218663,-9.719422145010613,-4.562184314547841,-4.703931260616625,0.14174694606878369,0.08765846433924628,1.118597515930296,-1.03093905159105,45.85966401309567,-1.1149477579278533,-1.1212098902849021,121.11258320602963,5.81768146468179,32946520.073618412
2018-12-07,43.372501373291016,43.622501373291016,42.07500076293945,42.122501373291016,40.37811279296875,169126400,-1.5574989318847656,0,6648526719.217294,3875554400,-0.09221034473548502,-85939708.98440157,-0.27564136387624666,-0.23397621220369214,26318816.008894287,44.62728343743233,36.09690119567117,2547.4281829718684,45.94575023651123,51.19829037269716,40.6932101003253,22.86409563081613,0.13605714910382166,0.0,0.0,44.09483362833659,45.30083376566569,42.88883349100749,5.4700291988587635,-0.31771643053608994,0.0,1.0,42.07500076293945,52.529998779296875,47.302499771118164,22.75509260930352,0.004543339967855104,1.5690733400239507,13.98509902097981,-2.2495320764155124,-2.2734586833185038,0.02392660690299131,44.139583587646484,47.495480904212364,44.749750472495094,46.99928254891061,0.7172809822301871,1.0505743146285589,-0.3332933323983718,-0.6826828037198864,23.884760470246245,-1.7007513046264648,-158.99570178742678,-158.47663435131275,-0.5190674361140282,44.15500068664551,48.83250045776367,46.49375057220459,50.22125053405762,24.999942905825247,40.26312384341766,15.775425846693016,39.20225086207849,-102.13236963020525,54.367499351501465,54.94499969482422,4.0,100.0,-96.0,,46.16240058898926,0.0,0.0,32.09305336574111,0.3313904674705131,0.5116804806636516,0.6882010861610581,-30.378514212489105,46.3794904561878,0.7124201516724881,14.927897894278972,-99.28757984832751,-4.880006700403555,-9.34574145063253,-4.786311523105695,-4.720407313114439,-0.06590420999125612,0.11693626143514464,0.9182652650312659,-0.8013290035961212,45.72035458871891,-3.5657026579741458,-3.6308266090556707,113.22836594953696,4.681004010840439,25156396.516040146
2018-12-10,41.25,42.522499084472656,40.83250045776367,42.400001525878906,40.64412307739258,248104000,0.2775001525878906,1,6860663667.177106,4123658400,-0.029357113459387126,-63827050.86410621,-0.7978158689324499,-0.3372575855804004,27953308.15947969,44.135995248387395,28.361460264281334,2547.4281829718684,45.459625244140625,50.099444606148474,40.819805882132776,20.41292393894463,0.17028633233927362,0.0,0.0,43.94508361816406,45.207583618164065,42.68258361816406,5.745807703859581,-0.11191369991491198,0.0,1.0,40.83250045776367,51.502498626708984,46.16749954223633,23.471372919688967,0.14690734180980425,1.5811658686924541,13.75295841198033,-2.2703444311689367,-2.2728358328885907,0.0024914017196540073,43.98583380381266,47.0218271108774,44.38825063455414,46.65859506572308,0.6335202926952281,1.136204472065087,-0.5026841793698589,-0.6867035124973828,23.95622549842909,-1.2646255493164062,-156.12392355987106,-159.4642844180678,3.340360858196732,43.53375053405762,48.21125030517578,45.8725004196167,49.60000038146973,15.624914321933705,40.8361858121088,14.579164950119615,41.80464804849454,-118.83185207454751,54.367499351501465,54.94499969482422,0.0,100.0,-100.0,,45.998904595947266,0.0,0.0,33.41255025586068,0.4139450963675801,0.43599183070917275,0.5607408787376573,-30.827547316920416,46.78622350459164,22.908313449144796,13.890042863640543,-77.0916865508552,-5.091484743006092,-4.169956945521087,-4.865865395155898,-4.749498929522731,-0.11636646563316688,3.7504643701894165,1.4847050860628963,2.26575928412652,45.68002622246369,0.6587931474645314,0.6566325892903624,114.63309981286307,5.924132456708676,104359167.96455652
2018-12-11,42.915000915527344,42.9474983215332,41.75,42.157501220703125,40.41165542602539,189126800,-0.24250030517578125,0,6800254211.463653,3934531600,-0.05269171667409177,-61260801.70022232,0.42501645321244313,-0.2404740508264148,26871626.43621545,43.81139246330461,35.76451999862785,2532.8585582182695,45.01162528991699,49.07408789874201,40.94916268109198,18.05072615200608,0.14871995830635293,0.0,0.0,43.84166704813639,45.106666819254556,42.57666727701823,5.770764919724625,-0.1656783131053832,0.0,1.0,40.83250045776367,49.962501525878906,45.39750099182129,20.283651188575135,0.14512602496474644,1.542799113976529,13.247719816065333,-2.2801222897941145,-2.2742931242696955,-0.005829165524418922,43.816042264302574,46.50653868455153,44.0450584170386,46.32518070683271,0.7506410442652054,1.1041132618313827,-0.3534722175661773,-0.6908925448721005,23.952727789020734,-1.939126968383789,-156.11025541381235,-159.8248524468895,3.7145970330771547,43.53375053405762,47.12249946594238,45.328125,49.60000038146973,9.37489812562197,40.996084362979914,15.723020955717724,39.51793185030267,-105.13037048639693,54.367499351501465,54.94499969482422,0.0,96.0,-96.0,,45.68892034765625,0.0,0.0,32.812527665956395,0.376404543896163,0.37391336924475155,0.4405285602058588,-31.36639612919634,47.390212875779476,24.52569598364111,16.048809861486138,-75.47430401635889,-5.394933633243333,-4.610246607513179,-4.921993298253468,-4.783997803268878,-0.1379954949845894,3.8325676088504927,1.9542775906204155,1.8782900182300772,45.57784085474919,-0.5719346614357357,-0.5735764707643476,113.40553872011934,5.7770639499865695,2060157.1313242912
2018-12-12,42.599998474121094,42.97999954223633,42.255001068115234,42.275001525878906,40.52429962158203,142510800,0.11750030517578125,1,6665606272.802009,4077042400,-0.04107540914629824,-50117106.81578418,0.1367223884891201,-0.13896122263709546,27268828.879576147,43.651171662509206,43.85647344694545,2539.9180765706424,44.69825038909912,48.586076833565514,40.81042394463273,17.395877514769765,0.1883542902655458,0.0,0.0,43.75958366394043,44.999833297729495,42.51933403015137,5.668470903716917,-0.09850134102680938,0.0,1.0,40.83250045776367,49.29499816894531,45.06374931335449,18.93250325799206,0.17045807483164616,1.4707690347321962,12.290871620711314,-2.252425461924659,-2.2699195918006883,0.017494129876029163,43.74958419799805,46.137500322782074,43.7727419722448,46.02516743416946,0.8401232279511254,1.0423400430311418,-0.20221681508001643,-0.6934154903282119,23.890380874312083,-1.0432516098022475,-153.8735864606925,-159.6759644350637,5.802377974371183,43.53375053405762,46.68124961853027,45.107500076293945,49.60000038146973,5.468639075283121,41.11506879972199,15.265260232582015,37.98118953738433,-93.56380891988852,54.28499889373779,54.86249923706055,12.0,92.0,-80.0,,45.3975351542627,0.0,0.0,33.43627255254671,0.4154292873605001,0.40192630920808053,0.40394383638733505,-31.641771392568497,46.5634659812268,26.700620589973543,24.71154334091982,-73.29937941002646,-5.481279272191664,-1.8515220308351719,-4.89389954995023,-4.805978152605149,-0.08792139734508098,1.775135697848406,1.918449212066014,-0.14331351421760785,45.49842080859308,0.2787174328968023,0.27832973607848643,114.00033715929965,6.118242454435169,-21952996.162724257
2018-12-13,42.622501373291016,43.14250183105469,42.38750076293945,42.73749923706055,40.96764373779297,127594400,0.4624977111816406,1,6656310633.406095,4204636800,-0.005105226880553922,-34527217.56215863,0.08727922728045251,-0.13165991603908594,28664739.366379313,43.55844612078602,49.273649544745076,2567.705332741022,44.43225040435791,48.08521760327519,40.77928320544063,16.442863756272846,0.26803088078649095,0.0,0.0,43.558833821614584,44.71558354695638,42.40208409627279,5.311206126771003,0.14498172484486688,0.0,0.0,40.83250045776367,48.74250030517578,44.78750038146973,17.80238402382675,0.24083423717386387,1.4104421617765548,11.715764917937165,-2.1681625974663064,-2.249568192933812,0.0814055954675057,43.673125902811684,45.842884944035454,43.61347385913953,45.78163645660584,0.8267223142980127,1.0116590103460017,-0.184936696047989,-0.6916887930181844,23.872366842024224,-0.8722490310668931,-150.47916961719682,-158.74256801175872,8.263398394561904,43.53375053405762,46.68124961853027,45.107500076293945,49.60000038146973,3.124884074022205,41.06963193214188,15.4119186542226,36.37453115244353,-77.37306885417323,53.3774995803833,53.954999923706055,8.0,88.0,-80.0,,45.12363307247276,0.0,0.0,35.956551888291045,0.5731111484071498,0.4549816598879371,0.4102737794469231,-31.200227128468843,42.59262890503747,35.26142943992973,28.829248671181464,-64.73857056007027,-5.202948132683254,-2.101705572997168,-4.735878324317658,-4.79195818694765,0.05607986262999276,-0.5991573420310919,1.414927901246593,-2.014085243277685,45.29772641439168,1.0940217492328541,1.0880806234899953,116.34154739125404,6.620608908328357,-8555881.616243422
2018-12-14,42.25,42.27000045776367,41.31999969482422,41.369998931884766,39.656761169433594,162814800,-1.3675003051757812,0,6510633958.131336,4041822000,0.00895555719864219,-61401799.1514408,-0.5659816550584895,-0.08577405174018728,23455045.475491576,43.434574553716416,48.00475652685076,2567.705332741022,44.16575031280517,47.89496184334867,40.43653878226168,16.887345982492082,0.1251551624221012,0.0,0.0,43.22375043233235,44.348000081380206,42.099500783284505,5.201999538692906,-0.3244394392373476,0.0,1.0,40.83250045776367,48.74250030517578,44.78750038146973,17.90980520287624,0.06795176795065874,1.4111478998225322,11.049792167316381,-2.1865246214805794,-2.2369594786431657,0.05043485716258633,43.49062569936117,45.47471178494967,43.2683238703311,45.45484849181168,0.8214523560818021,0.986774233649824,-0.16532187756802186,-0.691424570522237,23.837020622616524,1.0692502975463896,-148.9185034775117,-157.1119823287079,8.193478851196204,43.53375053405762,46.68124961853027,45.107500076293945,49.60000038146973,1.7576938353460019,41.442707682849786,14.344171492129476,39.07191709750177,-114.80051363849782,53.26062488555908,53.954999923706055,4.0,84.0,-80.0,,44.86616511559021,0.0,0.0,32.08793803485577,0.20271275411276926,0.3970843966268059,0.4179974552409413,-31.88657104136137,43.99141347746471,9.949069115039686,23.970373048314325,-90.05093088496031,-5.032190962398758,-5.027553655563148,-4.810322097706395,-4.7956309690994,-0.014691128606995285,-0.8251224387163969,0.9669178332539949,-1.7920402719703918,44.900287231484526,-3.199766784645952,-3.252078245893708,109.41912241643963,5.050807931582142,41218293.20569652
2018-12-17,41.36249923706055,42.087501525878906,40.682498931884766,40.98500061035156,39.2877197265625,177151600,-0.3849983215332031,0,6409765002.12381,3864670400,-0.06375828677638636,-62373409.08079517,-0.3251739465809033,-0.08870221127738014,21806433.669404335,43.28161923344434,48.23163863914769,2567.705332741022,43.82237529754639,47.39174509734579,40.25300549774698,16.290170377867458,0.1025384246605265,0.0,0.0,42.88275044759114,44.06500027974447,41.700500615437825,5.513871287702031,-0.3026010178335438,0.0,1.0,40.682498931884766,48.74250030517578,44.71249961853027,18.39243381620689,0.037531219221527384,1.410533369239693,10.535071822406685,-2.206705279944771,-2.230908638903487,0.02420335895871606,43.136459032694496,45.03230799161471,42.91704336879579,45.12374864874056,0.8143457350046102,0.9749148994492761,-0.16056916444466596,-0.6925709645978472,23.920497003137662,1.0651254653930664,-147.33317712476705,-155.19131440777343,7.858137283006386,43.13999938964844,46.60624885559082,44.87312412261963,49.52499961853027,0.8788469176730009,42.01587543694785,13.356434882180432,39.505852126761944,-123.23180877103351,53.26062488555908,53.954999923706055,0.0,100.0,-100.0,,44.62414523612062,0.0,0.0,31.07427312849279,0.12712318158519775,0.30098236136837175,0.384349472627705,-32.74539252995782,38.09126154747714,5.448024980162206,16.886174511710546,-94.5519750198378,-4.716499698863309,-9.395379557102142,-4.89034121948191,-4.814573019175903,-0.0757682003060074,-0.3136382215966173,0.7108066222838726,-1.0244448438804898,44.48940879572794,-0.9306220243493368,-0.934979365766031,107.47022194003316,5.400653424074221,40866025.37403864
2018-12-18,41.345001220703125,41.88249969482422,41.09749984741211,41.51750183105469,39.79815673828125,135366000,0.532501220703125,1,6419249956.439764,4000036400,-0.08212188521681155,-43165413.463295974,0.06089019741579045,-0.08666079309154294,23565188.31545145,43.17649519529893,47.44251070845257,2601.0664698333367,43.47912540435791,46.507765403863004,40.45048540485281,13.931466980251333,0.17615438387795077,0.0,0.0,42.44125035603842,43.60875027974446,41.273750432332356,5.501722564306802,0.1043903274736751,0.0,0.0,40.682498931884766,47.67499923706055,44.178749084472656,16.082430914019543,0.11941406688990214,1.3592299407629895,9.883066076821693,-2.1548899687715135,-2.2157049048770925,0.060814936105578976,42.855625788370766,44.62442339383639,42.70172928606639,44.8566192548379,0.821353861450818,0.9773085526084047,-0.15595469115758664,-0.6913153040711111,23.986229894695697,1.1658750534057631,-147.55568785396966,-153.35835444359793,5.802666589628274,42.18874931335449,46.092498779296875,44.140624046325684,49.385000228881836,0.43942345883650047,42.54810263718178,12.752350650321587,37.719083236227874,-108.3693697448191,53.19062519073486,53.954999923706055,0.0,96.0,-96.0,,44.30881353178175,0.0,0.0,34.171772433987,0.26462187112145186,0.1981526022731391,0.2987397867561057,-32.63260317718526,42.60180567639272,15.03831871691554,10.145137604039151,-84.96168128308446,-4.543176045137294,-7.507655526830185,-4.8039509097402675,-4.812448597288776,0.008497687548508104,-1.9051941603314106,0.1876064657608159,-2.0928006260922265,43.907495574818334,1.2992587843676517,1.2908908204906755,110.16579702353609,6.331422014943655,-10609197.069617808
2018-12-19,41.5,41.86249923706055,39.772499084472656,40.22249984741211,38.55680465698242,196189200,-1.2950019836425781,0,6307544281.0664625,3803847200,-0.07999126334763995,-73293983.42128947,-0.7164137364596089,-0.21927468730952945,17445711.180167463,42.84202258415006,39.4638196711493,2601.0664698333367,43.16700038909912,46.18710047803791,40.14690030016033,13.992633547460711,0.012516066525189419,0.0,0.0,42.04191691080729,43.26541697184245,40.818416849772134,5.820381899478252,-0.243529616931871,0.0,1.0,39.772499084472656,46.23500061035156,43.00374984741211,14.970930265311807,0.06963259677965841,1.4323069619454798,9.85785519231623,-2.193041778156875,-2.211172279533049,0.018130501376174113,42.48708407084147,44.205384914691635,42.32030937242727,44.51335115058414,0.7127017067215603,1.0675693782973397,-0.35486767157577936,-0.6925962208297788,24.153978211724176,3.038001441955565,-148.1070435311894,-151.94411653627083,3.837073005081436,41.697500228881836,44.86750030517578,43.28250026702881,48.4375,0.21971172941825023,43.49243461132031,11.453277198846004,40.33489189014022,-145.8650098192361,52.94437503814697,53.954999923706055,0.0,100.0,-100.0,,44.01870836378999,0.0,0.0,30.573385177601352,0.0,0.13058168423554936,0.20990554929235353,-33.56288735843373,31.693429689464416,6.9632596779658416,9.149867791681205,-93.03674032203416,-4.54321302526138,-9.905925781175569,-4.926705632065395,-4.8353000042440994,-0.09140562782129535,-0.22005548658852067,0.10607407529094859,-0.3261295618794693,43.263844904606934,-3.1191712567684604,-3.1688532452514906,103.61036589121957,4.8766908338548305,70963113.31395888
2018-12-20,40.099998474121094,40.52750015258789,38.82500076293945,39.20750045776367,37.58382797241211,259092000,-1.0149993896484375,0,6164872423.750755,3544755200,-0.08181773124453683,-100391731.7700757,-0.7499171029207998,-0.30200193299285955,10907623.720153153,42.346536023880795,31.23594817841142,2601.0664698333367,42.91512546539307,46.345920184993744,39.48433074579239,15.988743746618116,-0.04034492160768815,0.0,1.0,41.661250305175784,42.946000289916995,40.37650032043457,6.167601669802022,-0.45495227731268456,0.0,1.0,38.82500076293945,46.23500061035156,42.53000068664551,17.26663913260038,0.05161939307701931,1.4593262047157756,10.146426091403102,-2.278909480089929,-2.2247197196444253,-0.05418976044550394,41.90395895640055,43.84634648836576,41.84141569324825,44.12032517333818,0.6361344552375133,1.152536114491365,-0.5164016592538517,-0.6986010003392117,24.33175895334758,1.2573751449584947,-150.18129106874858,-150.9647375675288,0.7834464987802221,40.98375129699707,44.05999946594238,42.52187538146973,47.821250915527344,0.10985586470912512,44.64614003239513,10.513716079383139,41.59153208416073,-175.6534602292486,52.32562446594238,53.40749931335449,0.0,100.0,-100.0,,43.594087435858256,0.0,0.0,28.0777414005925,0.0,0.08820729037381676,0.13898052562750185,-35.11115057517832,30.219786348443666,5.161939307701931,9.05450590086111,-94.83806069229807,-4.721036765154672,-15.14446725676342,-5.165214606049797,-4.901282924605239,-0.26393168144455803,3.8953711896743966,0.8639334981676383,3.031437691506758,42.49327087657354,-2.5234617278859672,-2.55584700476037,98.47233623394607,4.582724486019373,104650561.81186575
2018-12-21,39.21500015258789,39.540000915527344,37.407501220703125,37.682498931884766,36.12197494506836,382978400,-1.5250015258789062,0,5880668418.596039,3161776800,-0.12410642761873908,-169484719.28558803,-0.6695755116872394,-0.33520150788428393,-3988573.1187099107,41.62180147124277,29.124440882530394,2601.0664698333367,42.589500427246094,46.65086549645247,38.52813535803972,19.072142328338593,-0.10410741360911424,0.0,1.0,41.22158355712891,42.56483345031738,39.87833366394043,6.517216357430165,-0.817358982565563,0.0,1.0,37.407501220703125,46.23500061035156,41.821250915527344,20.72693809763769,0.031152390846281627,1.5266435537266199,11.074588555515774,-2.4418668101065677,-2.268149137736854,-0.17371767236971358,41.363125483194985,43.4473080268273,41.201582345346175,43.64344915545274,0.5994794059600487,1.1606108284138226,-0.5611314224537739,-0.7128021304935067,24.478766052562708,1.0904998779296875,-153.01443528784995,-150.61923887063756,-2.3951964172123894,40.275001525878906,43.07500076293945,41.67500114440918,47.11250114440918,0.05492793235456256,46.074021895381875,9.466206648013623,44.07036598210207,-204.29811058546576,52.033124923706055,53.114999771118164,8.0,100.0,-92.0,,43.021797035108,0.0,0.0,24.801964411504443,0.0,0.0,0.07292965820312215,-37.51572902198733,28.318235665534928,3.1152390846281626,5.080146023431985,-96.88476091537184,-4.90227189905503,-14.692402713886441,-5.595036270870642,-5.04003359385832,-0.5550026770123218,11.66948332568513,3.0250434636711367,8.644439862013993,41.583731576809036,-3.88956579244758,-3.9672299344433615,90.75262413631894,3.782815889876076,188382099.65586007
2018-12-24,37.037498474121094,37.88750076293945,36.647499084472656,36.70750045776367,35.18736267089844,148676800,-0.9749984741210938,0,5746380005.856197,3013100000,-0.13521618544699454,-165981138.4072479,-1.0060436084983517,-0.4519025140750313,-7835442.547386529,41.107812038691584,22.837863984923644,2533.766372677912,42.271250534057614,47.0631688954587,37.47933217265653,22.672233732665546,-0.08053473125814924,0.0,1.0,40.737833531697596,42.03608373006185,39.43958333333333,6.373683064682886,-1.0522173919218238,0.0,1.0,36.647499084472656,46.23500061035156,41.44124984741211,22.68090346216356,0.006258290872659358,1.4979793662006375,11.899562385227895,-2.619490045974203,-2.338417319384324,-0.2810727265898789,40.78208382924398,43.06298109201285,40.51018513187194,43.129675177846146,0.5374895370135377,1.3088218172228745,-0.7713322802093368,-0.7350169162424554,24.585149838107057,-0.14874916076659872,-157.57985187934509,-150.78252736680787,-6.797324512537216,39.89500045776367,42.69499969482422,41.295000076293945,46.61750030517578,0.02746396617728128,47.5683061496194,8.91028778925998,45.08164205363067,-205.86759736534333,50.741249084472656,52.42499923706055,4.0,100.0,-96.0,,42.23579562109132,0.0,0.0,22.95779555619933,0.0,0.0,0.029402430124605698,-40.13581615354995,24.014878906619742,0.6704063483376659,2.98252824688926,-99.32959365166234,-5.28113965427174,-15.962682689326622,-6.073521386777617,-5.24673115244218,-0.8267902343354372,8.23447003122074,4.066928777181058,4.167541254039682,40.377083308630354,-2.5874039720229502,-2.6214661031888298,85.81708316267782,3.859722143999143,-123630253.8413592
2018-12-26,37.07500076293945,39.307498931884766,36.68000030517578,39.29249954223633,37.66530990600586,234330000,2.5849990844726562,1,5978034604.285601,3247430000,-0.11272047787126631,-55734856.42557284,0.81433025041542,-0.3318661463664795,8666439.299933936,40.66785999271151,30.569969783601636,2533.766372677912,42.05312557220459,46.96879513386291,37.13745601054627,23.3783791086738,0.21920142359640654,0.0,0.0,40.35200017293295,41.793250401814774,38.910749944051105,7.143389287793407,0.13243696012502842,0.0,0.0,36.647499084472656,46.23500061035156,41.44124984741211,22.798546827196727,0.2758800559899988,1.6109312922514722,11.974893734760812,-2.52259105826613,-2.375252067160685,-0.1473389911054448,40.546250343322754,42.73375026996319,40.32284888731262,42.84543994557875,0.6363317829946916,1.2335099202775253,-0.5971781372828336,-0.749824551096516,24.808507376007302,0.34687595367431356,-158.04977584410955,-151.24654840940974,-6.8032274346998065,39.89500045776367,42.69499969482422,41.295000076293945,46.35249900817871,0.01373198308864064,47.5450633896685,14.243900818791062,39.75415004640312,-130.89740930230198,50.388123512268066,52.42499923706055,0.0,96.0,-96.0,,41.341668175232336,0.0,0.0,36.44970237495773,1.0,0.3333333333333328,0.11111111111111105,-37.973226724440806,38.89196696474334,37.5310426206792,13.772229351215017,-62.4689573793208,-5.6178529178395,-6.718503742156992,-5.887653532021762,-5.374915628358097,-0.5127379036636652,8.769158496865842,5.007374721118015,3.761783775747827,40.31837373850003,7.042155015286333,6.805254299266172,98.90261020387709,7.284972214773639,70470289.20448893
2018-12-27,38.959999084472656,39.192501068115234,37.51750183105469,39.037498474121094,37.420867919921875,212468400,-0.2550010681152344,0,6151179818.443941,3034961600,-0.0974423055066821,-55512686.7848817,0.28479366409467344,-0.23553790093615637,7287558.608404088,40.34424676248876,37.666346050408244,2517.3226966859374,41.82700042724609,46.859290496155396,36.794710358336786,24.062399968950547,0.2228397096622858,0.0,0.0,39.959916814168295,41.49616711934407,38.42366650899251,7.688956472657537,0.1997825364331976,0.0,0.0,36.647499084472656,46.23500061035156,41.44124984741211,22.921800339365504,0.24928281713408554,1.6273379341444891,11.91655010721722,-2.4382675370537186,-2.387855161139292,-0.05041237591442638,40.26604175567627,42.374327146089996,40.12510266989854,42.56337020695226,0.7298559227323688,1.1655801202154141,-0.43572419748304536,-0.7588229261676166,24.979631617001907,0.3305007934570341,-158.19208709668118,-152.1035392404636,-6.088547856217588,39.458749771118164,42.1612491607666,40.80999946594238,46.35249900817871,0.00686599154432032,47.52348082685695,13.116254519516055,36.60693491545315,-109.82141787886377,50.388123512268066,52.42499923706055,0.0,92.0,-92.0,,40.59060112071079,0.0,0.0,35.783970353582944,0.9506569360196596,0.6502189786732194,0.3278507706688509,-36.490192947276064,44.80060371194269,34.26521298035773,24.15555398312487,-65.73478701964227,-5.7442863127764525,-7.9304314404458305,-5.728558441679636,-5.445644191022405,-0.28291425065723086,8.226241804676741,5.651148137829761,2.57509366684698,40.23702677546495,-0.6489815386805042,-0.6510965796513446,97.6117689837003,5.897236257959527,19547284.81632358
2018-12-28,39.375,39.630001068115234,38.63750076293945,39.057498931884766,37.44003677368164,169165600,0.020000457763671875,1,6125186450.992427,3204127200,-0.14807458403833354,-47098961.61020343,0.45689494944793246,-0.18321387855585788,7374228.850353869,40.13182726478942,43.78323156504653,2518.6124208803803,41.51812534332275,46.432742594413725,36.60350809223178,23.674562425210166,0.2496624573468298,0.0,0.0,39.595166778564455,41.15516700744629,38.035166549682614,7.879750766582807,0.3276705872456601,0.0,0.0,36.647499084472656,46.23500061035156,41.44124984741211,23.092327619799043,0.25136891409163864,1.5638541712476184,11.633683460840896,-2.3428200974553874,-2.3788481484025112,0.0360280509471238,40.00770823160807,42.08942325298603,39.960855940973346,42.30367603842873,0.8037877946846433,1.1487477200056257,-0.3449599253209824,-0.7621413794908666,25.033318537910123,0.7568761825561552,-159.95800802620033,-153.33015085698452,-6.627857169215815,39.36750030517578,41.44124984741211,40.404375076293945,46.35249900817871,50.00343299577216,47.07697882455572,14.52521242835246,34.94122408928467,-82.7245678582973,50.27062511444092,52.3075008392334,32.0,88.0,-56.0,,39.95970479491269,0.0,0.0,35.88288532967246,0.9579883664407467,0.9695484341534683,0.6510335820533403,-35.28844519652058,44.736362237081536,37.10544770254889,36.30056776786194,-62.89455229745111,-5.481021533292882,-7.353382432676013,-5.5381005076891325,-5.464135454355751,-0.07396505333338155,6.028436019333186,5.7266057141304465,0.30183030520273935,40.139796316855524,0.05123396361303989,0.05122084349902245,97.7130133255165,5.911795600549496,-15487942.301870644
2018-12-31,39.63249969482422,39.84000015258789,39.119998931884766,39.435001373291016,37.80190658569336,140014000,0.37750244140625,1,6107685442.812035,3344141200,-0.14158624035773848,-32819734.690023705,0.17805321889043196,-0.1135089437113663,8727506.153727373,39.931413158335104,50.947623091643244,2542.955565317165,41.24550037384033,45.984013661784196,36.50698708589646,22.977116267204924,0.30895917236786685,0.0,0.0,39.376333491007486,40.91333376566569,37.83933321634929,7.806721136233831,0.51908518926471,0.0,0.0,36.647499084472656,46.23500061035156,41.44124984741211,23.24496354506518,0.2907433476066981,1.485718876193169,11.581920759297576,-2.211226380535919,-2.345323794829193,0.13409741429327404,39.771041552225746,41.90442334688627,39.87995523825298,42.0911816187889,0.8781956460052178,1.086716973512421,-0.2085213275072031,-0.7585267735282786,25.043558370771613,1.4919988632202177,-158.23089144077133,-154.54100800320722,-3.689883437564106,39.26499938964844,41.44124984741211,40.35312461853027,46.35249900817871,75.00171649788608,46.45520421604783,14.983175232411531,33.64150148987655,-62.94237478787883,49.0856237411499,51.12249946594238,28.000000000000004,84.0,-56.0,36.647499084472656,,1.0,0.0,37.829445587963306,1.0,0.9695484341534683,0.8631052823267188,-33.727061782029985,46.12623520938957,42.91764603618176,38.09610223969613,-57.08235396381824,-4.908338019427127,-6.71791850994817,-5.253419589315732,-5.421992281347747,0.16857269203201497,3.0225282980372405,5.185790230911806,-2.1632619328745655,40.113138215703366,0.9665299922675619,0.9618889717450063,99.62396889792358,6.264923291045463,-19503748.191568494
2019-01-02,38.72249984741211,39.712501525878906,38.557498931884766,39.47999954223633,37.84504318237305,148158800,0.0449981689453125,1,6196195519.816563,3492300000,-0.11576198765936531,-27178790.489572495,-0.26895135614667226,-0.1630780729513031,8896565.985880703,39.72428953309873,44.3732686403442,2542.955565317165,40.987250328063965,45.514811957529275,36.459688698598654,22.09253654844609,0.3335471817745706,0.0,0.0,39.17616678873698,40.688167063395184,37.66416651407878,7.718980179004638,0.6004737758953218,0.0,0.0,36.647499084472656,46.23500061035156,41.44124984741211,23.391424038304773,0.29543676734945923,1.4526472479732662,11.524302269559499,-2.079337131517498,-2.2921264621668542,0.21278933064935623,39.49958324432373,41.72307718717135,39.81842359271196,41.89776072422946,0.8035918225312687,1.1146553349613462,-0.31106351243007746,-0.7488040319143475,25.051451201762777,0.3827486038208008,-155.92700144680225,-155.4711539579664,-0.45584748883584325,39.2549991607666,41.44124984741211,40.348124504089355,46.35249900817871,87.50085824894305,46.123958390301816,14.14670503402394,34.48224318013892,-62.428513588930684,48.82874870300293,51.12249946594238,24.0,80.0,-56.0,36.71134910583496,,0.0,0.0,38.07079660664679,1.0,0.985996122146915,0.9750309968179506,-32.383100845583144,51.63473852737145,43.61045819810105,41.2111839789439,-56.38954180189895,-4.184911514731013,-7.622111150573412,-4.9628836853684595,-5.33017056215189,0.36728687678343075,0.8978200079823939,4.328196186325924,-3.43037617834353,40.094929291949065,0.11410718239708295,0.11404212963359583,99.85175418422223,6.098475982647514,10576031.137478173
2019-01-03,35.994998931884766,36.43000030517578,35.5,35.54750061035156,34.07539749145508,365248800,-3.9324989318847656,0,5868257548.283219,3127051200,-0.23164428649033947,-228487608.40137535,-0.8071487266653906,-0.23049743831948247,-27484906.469192967,39.08777612648756,36.16311281174419,2542.955565317165,40.45437526702881,44.90815795535025,36.00059257870737,22.01879356150319,-0.05086597169905589,0.0,1.0,38.608833440144856,40.13533376057943,37.082333119710285,7.907518484344263,-0.5027291802080258,0.0,1.0,35.5,45.59749984741211,40.548749923706055,24.960216987065404,0.004704195203700493,1.705382477399572,12.159720799905429,-2.266012567661761,-2.2869036832658356,0.02089111560407453,39.01437505086263,41.43365419827975,39.16135851850267,41.42737108616443,0.7324952301817691,1.1146760889872107,-0.3821808588054416,-0.7511994171899404,25.025691129459116,0.5306253433227539,-162.3672042912565,-157.05561626464052,-5.311588026615993,38.013750076293945,40.86750030517578,39.44062519073486,45.77874946594238,68.75037637865985,46.841126764832936,11.718879621820937,41.74842579951382,-162.6906702697052,48.01750087738037,50.696250915527344,20.0,100.0,-80.0,,39.84000015258789,0.0,1.0,27.883307816295655,0.3259122555245567,0.7753040851748517,0.9102828804917452,-34.41916837642999,43.6604488617491,0.6215322076672277,29.04987881398335,-99.37846779233277,-4.2012496499454315,-14.07420466971701,-5.4698439902177265,-5.3581052477650575,-0.11173874245266902,7.988464126255663,5.060249774311872,2.928214351943791,39.49418883596217,-9.960737025028877,-10.492435551203627,79.9450465100247,2.1024135820676975,229271252.31797308
2019-01-04,36.13249969482422,37.13750076293945,35.95000076293945,37.064998626708984,35.53004837036133,234428400,1.5174980163574219,1,6074060163.36854,3361479600,-0.14086422764684323,-145025859.77577257,0.29316684744360344,-0.21579117973640027,-17477321.523143355,38.74264629251339,37.914231745490504,2651.5125653817527,40.09900016784668,44.442236055819414,35.75576427987395,21.662564501821908,0.15072107302075846,0.0,0.0,38.21866683959961,39.65491714477539,36.78241653442383,7.515962350040077,0.098374945950166,0.0,0.0,35.5,43.69499969482422,39.59749984741211,20.436917779798826,0.190969943256667,1.6938442449184037,12.330904901640281,-2.265390773391154,-2.2826011012908993,0.017210327899745526,38.68770821889242,41.18019265394945,38.83884161207287,41.10423238546402,0.7417762511684639,1.0760905943806929,-0.33431434321222897,-0.7539319745491897,25.03264425550355,1.418501663208005,-163.96154659681494,-158.586755767759,-5.374790829055939,37.670000076293945,40.86750030517578,39.26875019073486,45.77874946594238,46.87510907061242,46.86132895113137,13.972630817321466,38.877885685551426,-119.01887175493383,47.62062358856201,50.46624946594238,16.0,96.0,-80.0,,39.753200149536134,0.0,0.0,35.100387277133166,0.8034533763612969,0.7097885439619507,0.823696250427906,-33.6387776701327,50.726507058108005,23.116669437064544,22.449553280944283,-76.88333056293546,-4.209529259625604,-9.56447950534495,-5.511332147373417,-5.38875062768673,-0.12258151968668685,8.118028832564454,5.671805585962389,2.446223246602065,39.3768774574366,4.268930277240135,4.180324359937826,87.62677508288499,5.753954459663948,-18330462.362336576
2019-01-07,37.17499923706055,37.20750045776367,36.474998474121094,36.98249816894531,35.45097351074219,219111200,-0.08250045776367188,0,6158562795.455655,3142368400,-0.15971504551007223,-126890276.13654043,0.09945561435505818,-0.1682599462068611,-17965026.23030396,38.45141750555809,44.44475548425917,2645.6107440269693,39.76412506103516,43.98229257490267,35.545957547167646,21.21594531449099,0.17028017700280293,0.0,0.0,37.95550003051758,39.29475059509277,36.61624946594238,7.056951237625062,0.13673643778492775,0.0,0.0,35.5,43.622501373291016,39.56125068664551,20.426707140729345,0.18251744146454293,1.597710018790821,12.359296881966559,-2.2456684266657945,-2.2752145663658787,0.02954613970008424,38.309791247049965,40.92721176147461,38.55325031313017,40.798918739795965,0.8131154557251655,1.0577860675610364,-0.2446706118358709,-0.7559143269911796,24.929573641572585,0.4583747863769503,-163.800189079733,-159.78517285574603,-4.015016223986976,37.670000076293945,40.86750030517578,39.26875019073486,45.77874946594238,29.687462230135786,46.8156648604647,13.826944519575472,37.59539422614281,-103.45337497218691,47.48249912261963,50.46624946594238,12.0,92.0,-80.0,,39.668136146545415,0.0,0.0,34.8959249440135,0.789924472840602,0.6397633682421513,0.7082853324596513,-33.10139010213584,46.5815382598002,22.504710824298705,15.4143041563435,-77.4952891757013,-4.353029576469872,-10.923113053775399,-5.504235151397116,-5.411847532428808,-0.09238761896830816,7.550942853485612,6.047633039467034,1.5033098140185777,39.29675856718936,-0.22258319390364711,-0.2228312784927855,87.2091494142871,5.299828849010019,13824235.610572636
2019-01-08,37.38999938964844,37.95500183105469,37.130001068115234,37.6875,36.126766204833984,164101200,0.7050018310546875,1,6216246223.6178055,3306469600,-0.1065614482281473,-92235715.76299588,0.35254673428221844,-0.11985132614520959,-14836745.226955758,38.2396455585581,50.245260874504716,2696.044341299832,39.542374992370604,43.707267711999556,35.37748227274165,21.065465695636824,0.2773201955924745,0.0,0.0,37.89358342488607,39.10208409627278,36.685082753499344,6.378392129539556,0.41473590798688226,0.0,0.0,35.5,43.14250183105469,39.321250915527344,19.32737179425679,0.28622825984957845,1.5351893831226764,12.235776494529881,-2.148385320324863,-2.2498487171576755,0.10146339683281269,38.098541259765625,40.63692327646109,38.42005795726399,40.568443277588855,0.8600573533781853,1.0113586073649383,-0.15130125398675298,-0.7528953082326509,24.80521807742528,-0.3348745346069322,-157.47524653020147,-159.7735500391745,2.298303508973021,37.670000076293945,40.86750030517578,39.26875019073486,45.77874946594238,51.746564046296854,46.08542462722635,16.66615170341911,35.902076201659675,-72.74085948443123,47.48249912261963,50.46624946594238,8.0,88.0,-80.0,,39.58477342361451,0.0,0.0,38.20837682162247,1.0,0.864459283067299,0.7380037317571336,-31.622453430636643,44.82880792464994,34.27340547738555,26.631595246249606,-65.72659452261445,-4.451816020292398,-6.302442307238171,-5.295705594677553,-5.3886191448785565,0.09291355020100323,4.960537447253393,5.830213921024307,-0.8696764737709142,39.29000058678096,1.9063120826344981,1.8883696214533785,90.77794004936892,6.068860667779752,-26713014.612566322
2019-01-09,37.8224983215332,38.63249969482422,37.407501220703125,38.32749938964844,36.740264892578125,180396400,0.6399993896484375,1,6306812377.760416,3486866000,-0.13884730442485507,-62565815.52617142,0.3242501271717487,-0.10103990259121255,-11773300.161754409,38.088268138713424,50.78396559028978,2696.044341299832,39.33874988555908,43.319008331255546,35.35849143986262,20.235815613233722,0.3729667294589841,0.0,0.0,37.99775009155273,39.20475044250488,36.79074974060059,6.3530095757984055,0.6365986753175252,0.0,0.0,35.5,43.14250183105469,39.321250915527344,19.427414072098372,0.36997039086848793,1.504170292222518,11.99784007052989,-1.9966292564068837,-2.1992048250075173,0.20257556860063364,38.02520783742269,40.38461553133451,38.40581817763083,40.40244743403771,0.8609630866438268,0.9777149408707543,-0.11675185422692747,-0.7423960091948393,24.778870064183533,-1.6562509536743164,-147.82461417356475,-158.63742096466956,10.812806791104805,37.670000076293945,40.86750030517578,39.26875019073486,45.77874946594238,75.87328202314842,44.818061508943444,18.89106269957153,33.83480905126615,-48.14849782972218,47.48249912261963,50.46624946594238,4.0,84.0,-80.0,,39.50307795514222,0.0,0.0,41.136321078928596,1.0,0.9299748242802001,0.8113991585298835,-29.502535430432687,47.288621929633685,44.4400743214035,33.73939687436259,-55.5599256785965,-4.379705664690803,-2.244471230863637,-4.941852247111125,-5.299265765325071,0.35741351821394574,3.4678125545565632,5.357733647730758,-1.8899210931741952,39.26519758350655,1.6981741682214002,1.6839163790430156,94.0176817459522,6.353932532827351,22000350.81653467
2019-01-10,38.125,38.49250030517578,37.71500015258789,38.45000076293945,36.85770034790039,143122800,0.12250137329101562,1,6434288483.767275,3629988800,-0.09281592444755322,-51123164.80111046,0.045496217111161516,-0.04661776305044324,-11315854.728880944,37.92907000394211,56.70398634028051,2704.6613692698825,39.1533748626709,42.93145703234523,35.375292692996574,19.298883853184144,0.406913869505374,0.0,0.0,37.97700017293294,38.99900067647298,36.954999669392905,5.3822076461344155,0.7314091765943928,0.0,0.0,35.5,43.14250183105469,39.321250915527344,19.519394835976456,0.3859993531113547,1.4315032782590553,11.509117098290782,-1.8452062562495541,-2.128405111255925,0.28319885500637065,38.08916632334391,40.14634631230281,38.41261549844754,40.2578217546971,0.9278302021217346,0.9818998507193302,-0.054069648597595554,-0.7253278842710484,24.745677240095006,-2.4458744049072294,-143.34260442845246,-156.98747844597744,13.644874017524984,37.670000076293945,40.86750030517578,39.26875019073486,45.545000076293945,87.93664101157421,43.64122432768074,18.175713451438483,32.55358387084804,-39.29800183637634,47.0987491607666,50.46624946594238,0.0,80.0,-80.0,,39.42301639603937,0.0,0.0,41.70570517796283,1.0,1.0,0.9314780357824998,-27.6232054546014,50.272959135423854,58.67728838199933,45.79692272692947,-41.32271161800067,-3.6914409413057214,2.0367593785168836,-4.583472666486889,-5.156107145557435,0.5726344790705458,0.7435971626834535,4.434906350721298,-3.6913091880378444,39.251331154572284,0.3196174424155096,0.31910775161971827,94.63779609818248,6.081832640056973,-16211591.887044251
2019-01-11,38.220001220703125,38.42499923706055,37.877498626708984,38.0724983215332,36.49583435058594,108092800,-0.37750244140625,0,6403193088.388104,3521896000,-0.06713907560224698,-49649183.529300034,0.024058557910435846,0.008666212723216455,-12377110.778003529,37.79188453339594,59.92471885574342,2678.106980457993,38.94324970245361,42.462062394759336,35.42443701014789,18.071489766217535,0.37627199043239706,0.0,0.0,37.93125,38.84050064086914,37.02199935913086,4.794203412063347,0.577672929324629,0.0,0.0,35.5,43.14250183105469,39.321250915527344,19.62471516744832,0.336604213960416,1.3456031640561967,10.815966750533194,-1.7356561659108536,-2.049855322186911,0.3141991562760573,38.20291614532471,39.83355771578275,38.36028977892226,40.09594594483311,0.9766476776287903,0.9180247763146271,0.058622901314163256,-0.7048787423576514,24.596852007158756,0.34924983978271484,-139.41113829854535,-154.70449292068244,15.293354622137088,37.670000076293945,40.548749923706055,39.109375,45.545000076293945,93.9683205057871,42.548446945079654,17.645848025897326,31.604569208138805,-37.43820601684229,46.738749504089355,50.46624946594238,0.0,76.0,-76.0,,39.344556068118585,0.0,0.0,40.408542021938146,0.93081025126562,0.9769367504218728,0.968970524900691,-26.41339953918011,48.340883482422576,59.27415279004663,54.13050516448317,-40.72584720995337,-3.1796104094561386,3.7185802540277106,-4.328757247176297,-4.990637165881207,0.6618799187049103,-2.9962758447472195,2.9486699116275945,-5.944945756374814,39.22861308794935,-0.9818008684413626,-0.9866523136390803,92.7268405257754,5.548681627880725,-29023277.973047376
2019-01-14,37.712501525878906,37.817501068115234,37.30500030517578,37.5,35.9470329284668,129756800,-0.5724983215332031,0,6372177746.864163,3392139200,-0.07265591892883924,-53168664.4833314,-0.23303175696230038,0.039847909489283524,-14328271.155769039,37.71768371427015,65.89692473613155,2678.106980457993,38.68137474060059,41.78702391838988,35.5757255628113,16.05759463626069,0.30980228722396563,0.0,0.0,37.77450002034505,38.63575070699056,36.91324933369954,4.559958099679125,0.3406387219183533,0.0,0.0,35.5,42.27000045776367,38.885000228881836,17.501964454892477,0.2954209549138876,1.2877926492863192,9.72010750461358,-1.675716147381351,-1.975027487225799,0.2993113398444478,38.05354118347168,39.57692307692308,38.227937505241904,39.903653652623255,1.0119849837343668,0.8791037551597292,0.1328812285746377,-0.6843213469818717,24.423914001854452,0.35612373352050497,-135.69990703884275,-152.20105020935705,16.501143170514297,37.60625076293945,39.59749984741211,38.60187530517578,45.545000076293945,96.98416025289356,41.840445761948345,16.93316393955917,33.34078690773623,-59.17647359764273,46.738749504089355,50.46624946594238,0.0,72.0,-72.0,,39.26766494675621,0.0,0.0,38.45513556471104,0.8266169573658301,0.9191424028771494,0.9653597177663409,-25.92154261707226,63.494932635508704,46.08294768854844,54.67812962019814,-53.91705231145156,-2.8285145703484034,-4.5619381895252875,-4.1994053025046485,-4.832390793205896,0.6329854907012473,-5.106298973484321,1.3376761346052113,-6.443975108089533,39.174743679897084,-1.5037056846080588,-1.5151259681275508,89.82879606902381,5.131371999359587,17419631.872478366
2019-01-15,37.567501068115234,38.34749984741211,37.51250076293945,38.26750183105469,36.68275451660156,114843600,0.7675018310546875,1,6465015909.104558,3506982800,-0.011809908628192511,-32981330.516439475,0.26810862239813066,0.13085878312474655,-11977799.868171375,37.769176390896334,71.18853081594807,2732.9190340916425,38.52624988555908,41.37884871496994,35.67365105614822,14.808598490039424,0.4546469605475802,0.0,0.0,37.63225008646647,38.505000559488934,36.759499613444014,4.638311400552282,0.863936637231628,0.0,0.0,35.5,42.087501525878906,38.79375076293945,17.098735395858295,0.420114032639324,1.243763369098898,8.646058581561494,-1.5484328967982322,-1.8897085691402855,0.34127567234205336,37.98937479654948,39.36875005868765,38.23402432459772,39.78245722139595,1.0630399502562375,0.7598085741832876,0.3032313760729499,-0.659743937511137,24.229036648847927,0.5312490463256836,-128.9584134138452,-149.20454042791738,20.246127014072187,37.06624984741211,39.56125068664551,38.31375026702881,45.545000076293945,98.49208012644678,40.64890985077369,19.023072431206586,31.81285425167117,-27.337444828813947,46.738749504089355,50.46624946594238,0.0,68.0,-68.0,,39.192311647821086,0.0,0.0,42.47028355716737,1.0,0.9191424028771494,0.9384071853920574,-24.362323775165535,62.645813315827084,63.76732105422759,56.37480717760756,-36.23267894577241,-2.584617704503671,-1.9724538537653886,-3.8922505168068104,-4.6443627379260795,0.752112221119269,-7.503335579567491,-0.4305262082293293,-7.0728093713381615,39.15573580368056,2.046671549479173,2.0260086856178194,93.71396803088734,6.237106869542799,-2488272.3898999095
2019-01-16,38.27000045776367,38.970001220703125,38.25,38.73500061035156,37.130889892578125,122278800,0.467498779296875,1,6507473753.787303,3629261600,0.02566002375729262,-20103256.19496431,0.4003973295494068,0.10129214592003133,-10483968.627599088,37.75034483577333,69.8564419519439,2732.9190340916425,38.413749885559085,41.03792964869327,35.7895701224249,13.662710727029006,0.561209740526463,0.0,0.0,37.57241681416829,38.40166714986165,36.74316647847493,4.414144236687243,1.2009848209534948,1.0,0.0,35.5,41.88249969482422,38.69124984741211,16.615143571868774,0.506854800631629,1.1913871542593208,8.234190911516679,-1.3937702434709962,-1.7905209040064278,0.3967506605354316,37.962499936421715,39.238461567805366,38.31109759932908,39.70486784280008,1.1118999985093552,0.7798992866135124,0.3320007118958428,-0.6300246091740456,23.992152997088336,1.0212514877319308,-120.11762103760955,-144.51014228862329,24.392521251013733,37.46000099182129,39.321250915527344,38.390625953674316,45.545000076293945,99.24604006322338,38.94742170041546,21.736737042543616,30.532672947535104,18.958309458850522,46.49375057220459,50.22125053405762,12.0,64.0,-52.0,,39.118465414864666,0.0,0.0,44.83124380593835,1.0,0.9422056524552761,0.926830152736525,-22.378055064075507,61.24949435401647,74.53918194962667,61.4631502308009,-25.46081805037334,-2.3330515468821744,-0.825701415483955,-3.510325859764162,-4.4175553622936965,0.9072295025295345,-9.059467027381631,-2.1563143720597897,-6.903152655321842,39.15032945696766,1.221660042928363,1.2142580008430048,96.08049417589173,6.3636772780457065,14196749.21072805
2019-01-17,38.54999923706055,39.415000915527344,38.314998626708984,38.96500015258789,37.35137176513672,119284800,0.22999954223632812,1,6529161936.8480015,3748546400,0.028987223594683913,-13312012.539147701,0.23515121833630312,0.09774625693729058,-9775682.866312163,37.73343680365981,68.65118800703495,2749.1464799908445,38.286124801635744,40.51217217862563,36.060077424645854,11.62848101511064,0.6524844794341568,0.0,0.0,37.87966677347819,38.72591730753581,37.033416239420575,4.468099147324747,1.141260085181703,1.0,0.0,35.5,41.86249923706055,38.68124961853027,16.61828996803749,0.5445973387949212,1.1822486677152246,7.910101264845627,-1.2383648365721527,-1.6800896905195728,0.4417248539474201,37.923333168029785,39.106346130371094,38.41169799213813,39.65006282871028,1.0750839632735372,0.7423682583537458,0.3327157049197914,-0.5957455803358128,23.863697124770304,1.1938747406005845,-107.68350600925665,-138.25702666778346,30.573520658526817,37.94499969482422,39.321250915527344,38.63312530517578,45.545000076293945,99.62302003161169,36.96069872683078,22.899052828346804,28.636680683629052,52.38899381365774,45.8725004196167,49.60000038146973,8.0,60.0,-52.0,35.5,,1.0,0.0,46.00527318146817,1.0,1.0,0.9537826851108085,-20.392011018290333,58.945622465074926,79.83871038626006,72.71507113003811,-20.161289613739942,-2.0531177745145968,-1.191837718614745,-3.1232354963015667,-4.158691389095271,1.035455892793704,-10.415479499890614,-3.8081473976259548,-6.6073321022646585,39.11447176921463,0.5937770455975322,0.5920211370575412,97.24477514120235,6.250448305289659,11840805.594099104
2019-01-18,39.375,39.470001220703125,38.994998931884766,39.20500183105469,37.58143615722656,135004000,0.24000167846679688,1,6513530967.534081,3883550400,0.0552161176474238,-6781555.519307824,0.12930245481611038,0.07434679303501758,-8944136.95401016,37.719906127464824,68.17893482266086,2749.1464799908445,38.23524990081787,40.3242427772845,36.146257024351236,10.927052297999754,0.7321099179325773,0.0,0.0,38.13025016784668,38.90525093078613,37.35524940490723,4.065017981932736,1.193387487214625,1.0,0.0,35.5,40.52750015258789,38.013750076293945,13.148861758793814,0.7369471344814478,1.1145239077552256,7.570227189627153,-1.0833506108156215,-1.5607418745787824,0.477391263763161,37.900416692097984,38.99278846153846,38.53374473658683,39.617095347402454,1.0475275372294999,0.7567955646463037,0.29073197258319616,-0.5574944659396839,23.763940280757662,-2.687749290466307,-97.47960975584415,-130.88807340957362,33.40846365372947,38.30000114440918,39.321250915527344,38.81062602996826,44.45624923706055,99.81151001580585,35.06471317402319,22.541376362192757,27.78368854553858,91.57334384206852,45.328125,49.60000038146973,4.0,56.00000000000001,-52.00000000000001,35.57830001831055,,0.0,0.0,47.26636148993313,1.0,1.0,0.9807352174850922,-18.37129444319331,57.114498938323116,85.36870278323467,79.91553170637381,-14.631297216765331,-1.6811323053696583,-0.6965494284959242,-2.7345533571194856,-3.8738637827001137,1.1393104255806281,-10.613514442519179,-5.169220806604599,-5.44429363591458,39.126929824470075,0.6159416849145227,0.6140525175956757,98.45968793261295,6.271575524340854,30527985.990500063
2019-01-22,39.102500915527344,39.182498931884766,38.154998779296875,38.32500076293945,36.73786544799805,121576000,-0.8800010681152344,0,6432184958.957975,3761974400,0.07439736650883388,-21096620.424717814,-0.47645461710705284,0.027596233320911538,-11673049.206538929,37.65791631025257,62.47260776541905,2687.4387456251525,38.19112491607666,40.232854573785716,36.149395258367605,10.692168205024952,0.5327849101758677,0.0,0.0,38.296833546956385,39.10133412679036,37.492332967122394,4.201394764648481,0.5175060259054676,0.0,0.0,35.5,39.84000015258789,37.670000076293945,11.363897141351172,0.6509218118932412,1.1080718221554844,7.324921996629188,-1.0197543583396111,-1.4525443713309483,0.4327900129913371,38.13187503814697,38.84086535527156,38.50163027910262,39.52138463744223,0.966551371250683,0.7944670601958456,0.17208431105483746,-0.5212294582894179,23.78005015866686,-1.1261262893676758,-88.58154009449883,-123.23321713893996,34.65167704444113,38.38750076293945,39.321250915527344,38.8543758392334,44.01499938964844,99.90575500790291,33.91755367620131,21.131942444057163,31.04857938583205,39.622230814688095,45.107500076293945,49.60000038146973,0.0,52.0,-52.0,35.733968066406256,,0.0,0.0,43.27530485420324,0.7940955691023004,0.9313651897007662,0.9771217299002554,-17.63393849667502,48.52521378802653,67.06230835964001,77.42324050971159,-32.93769164035998,-1.2715811673332666,7.813489288692979,-2.5802596940733302,-3.615142964974757,1.0348832709014268,-11.392523783314209,-6.413881401946522,-4.9786423813676866,39.085929576845196,-2.2446142762788446,-2.2701891722531897,94.00503344461907,5.180392496654633,9923873.232749254
2019-01-23,38.537498474121094,38.78499984741211,37.92499923706055,38.47999954223633,36.886451721191406,92522400,0.154998779296875,1,6459080986.381193,3854496800,0.17513952351250175,-16034123.355812816,-0.29163164918143814,0.02597621238985683,-11298858.501460453,37.58345072297883,64.14438579678477,2698.307622773613,38.23099994659424,40.26256327430577,36.19943661888271,10.627832547144822,0.5612827550698548,0.0,0.0,38.37741673787435,39.18541730244955,37.56941617329916,4.210812677122097,0.5634794137897077,0.0,0.0,35.5,39.84000015258789,37.670000076293945,11.352044567629768,0.686635815083875,1.0832647009750922,7.0532967699094264,-0.9459425273294286,-1.3512240025306443,0.4052814752012157,38.24979178110758,38.67711536700909,38.49830247343088,39.44424500076031,0.9871012308099009,0.8078025805799501,0.17929865022995073,-0.4860950864573359,23.817992934741792,-1.2485017776489258,-81.44060545740194,-115.85721617047744,34.4166107130755,38.38750076293945,38.885000228881836,38.636250495910645,44.01499938964844,99.95287750395146,33.011373313320895,20.02740160843917,30.823590226120928,23.8988031957768,45.107500076293945,49.60000038146973,0.0,48.0,-48.0,35.88340939257813,,0.0,0.0,44.169509504231094,0.8402288907699819,0.8781081532907601,0.9364911143305088,-16.777322302666846,50.3985163161105,75.062937681126,75.8313162746669,-24.937062318874002,-1.000846010095934,3.81762031014267,-2.3981762797366133,-3.3717496279271284,0.9735733481905151,-13.552192230202573,-7.841543567597733,-5.71064866260484,39.068067739083276,0.4044325537150728,0.4036169236386833,94.78965295571491,5.7479739221707575,-13020831.397007853
2019-01-24,38.52750015258789,38.619998931884766,37.935001373291016,38.17499923706055,36.594085693359375,101766000,-0.30500030517578125,0,6428625087.557349,3752730800,0.20955591753968272,-18177628.741627924,-0.052165647369146306,0.07990357519673143,-12105476.52188039,37.94045943912853,71.96955977855106,2698.307622773613,38.304374885559085,40.21281170799524,36.39593806312293,9.964589309382763,0.46610428834280526,0.0,0.0,38.389500045776366,39.14350051879883,37.63549957275391,3.928159898531511,0.357758173641469,0.0,0.0,35.5,39.84000015258789,37.670000076293945,11.330298864175145,0.6163592495418408,1.043437986736958,5.479531490038665,-0.9016632820525174,-1.261311858435019,0.3596485763825015,38.34916687011719,38.55423076336201,38.44856351398929,39.35022679604181,1.1338162716615738,0.751309926907324,0.3825063447542498,-0.453732294773334,23.774906540300677,-0.6168748855590849,-75.19667314019567,-108.2854460273378,33.08877288714213,38.38750076293945,38.79375076293945,38.59062576293945,44.01499938964844,99.97643875197573,32.16992011921765,19.168003894704988,29.500916247373464,4.949281764445909,45.107500076293945,49.60000038146973,0.0,44.0,-44.0,36.02687306570313,,0.0,0.0,42.7416905958362,0.6342351478623128,0.7561865359115311,0.8552199596343525,-16.412178137765913,55.50732127593094,63.21017570363274,68.44514058146626,-36.78982429636726,-0.8470151901245089,3.2245011212265617,-2.2913801405160252,-3.155675730444908,0.8642955899288829,-14.718277438548999,-9.216890341787986,-5.501387096761013,39.06133635557927,-0.792620345125028,-0.7957782781980782,93.24571053618949,5.429242408247234,13584230.524948403
2019-01-25,38.869998931884766,39.532501220703125,38.58000183105469,39.439998626708984,37.806697845458984,134142000,1.2649993896484375,1,6536712513.458059,3886872800,0.17704989840935237,8660539.382350447,0.552966414506698,0.09846068712980961,-7660432.605245943,38.18093141749009,70.6649940955504,2698.307622773613,38.31174983978271,40.236474166614215,36.38702551295121,10.047697298508034,0.7930936059772269,0.0,0.0,38.486000061035156,39.25750045776367,37.71449966430664,4.009252172244381,1.1182748380423293,1.0,0.0,35.5,39.84000015258789,37.670000076293945,11.32811779868446,0.907833753037914,1.0748443864275201,4.67012501553544,-0.7557845684071722,-1.1602064004294497,0.40442183202227744,38.495208422342934,38.49480761014498,38.60109199286924,39.356876561276415,1.152186291798276,0.7295129257704052,0.42267336602787076,-0.41763305129562656,23.81458350174898,0.015749549865724077,-62.95089500748187,-99.78986343944185,36.83896843195998,38.41875076293945,38.69124984741211,38.55500030517578,44.01499938964844,99.98821937598787,30.416255941668446,23.199387603153653,27.025859115125705,90.58784610847081,44.87312412261963,49.52499961853027,0.0,40.0,-40.0,36.16459819190313,,0.0,0.0,49.965915174808,1.0,0.8248213462107642,0.8197053451376851,-14.042023530550358,57.51807707368242,96.97457037127607,78.41589458534494,-3.025429628723927,-0.638875164705162,4.65007927484971,-1.920336760541601,-2.908607936464247,0.9882711759226459,-13.63480111757177,-10.100472496944743,-3.5343286206270275,39.073313457245966,3.313685435310676,3.2599663795302547,99.64926550058983,6.871286806373185,44939191.096518576
2019-01-28,38.9474983215332,39.08250045776367,38.415000915527344,39.07500076293945,37.456809997558594,104768400,-0.36499786376953125,0,6639126661.574712,3782104400,0.16009895558527687,1960427.7290787045,-0.195914674105532,0.0773628093826246,-8630012.81625171,38.38080431130646,62.9473023450324,2673.336107753365,38.313624954223634,40.24124469067878,36.386005217768485,10.062319807944204,0.6974911841575072,0.0,0.0,38.55925025939941,39.342750549316406,37.77574996948242,4.063877200133077,0.829132299105263,0.0,0.0,35.5,39.84000015258789,37.670000076293945,11.327563387106382,0.8237328657252979,1.0698597189029322,3.6535990868869495,-0.6619958380922029,-1.0605642879620003,0.39856844986979745,38.55750020345052,38.40086526137132,38.67400103441851,39.33599687251071,1.0645801984130991,0.7488966763954392,0.3156835220176599,-0.3814543779826889,23.675179646918068,0.1363758087158189,-53.89945226632029,-90.7009240202727,36.801471753952406,38.52250099182129,38.68124961853027,38.60187530517578,43.50124931335449,99.99410968799393,28.92904900562328,21.71778299817148,26.32794279376633,57.19295022859819,44.140624046325684,49.385000228881836,0.0,36.0,-36.0,36.36667237363113,,0.0,0.0,48.08092027704366,0.8396777589712363,0.8246376356111824,0.8018818392444925,-12.548032518048604,57.766035255870875,80.95731826402309,80.38068811297731,-19.04268173597692,-0.6061765446382381,1.9503003983946374,-1.6829263034511457,-2.663471609861627,0.9805453064104812,-14.384969173000082,-10.957371832155811,-3.4275973408442706,39.07336785496085,-0.9254510052704501,-0.9297599082140007,97.80160936599955,5.850593118109849,-1640689.2323741019
2019-01-29,39.0625,39.532501220703125,38.52750015258789,38.66999816894531,37.068572998046875,166348800,-0.4050025939941406,0,6519950695.068098,3615755600,0.1296448775045996,-7944161.304762896,0.1699179978499452,0.06431789963746223,-10354176.455212167,38.503508876121224,63.112180899676375,2673.336107753365,38.29424991607666,40.19922943162652,36.3892704005268,9.949167406201706,0.5986226491680138,0.0,0.0,38.696166865030925,39.528917185465495,37.863416544596355,4.304045531636948,0.48428778984320514,0.0,0.0,35.5,39.84000015258789,37.670000076293945,11.333294586260784,0.7304142989615059,1.0633738538241624,2.7463410021260235,-0.6132784262484776,-0.9711071156192957,0.35782868937081813,38.575833320617676,38.34115365835336,38.67338520896109,39.28666363520957,1.032805925010668,0.785157010707093,0.24764891430357505,-0.34796706606994154,23.545925446830672,-0.2217515945434556,-46.187038436326446,-81.50410457832615,35.3170661419997,38.728750228881836,38.013750076293945,38.37125015258789,42.73125076293945,99.99705484399696,27.08518949640244,23.174486801673847,24.664684585588155,63.83898878985458,43.28250026702881,48.4375,0.0,32.0,-32.0,36.55662210445545,,0.0,0.0,46.006906986296954,0.6560608123329623,0.8319128571013988,0.8271239463077819,-11.835557214177665,52.45994021016721,61.27934019036659,79.73707627522192,-38.72065980963341,-0.4216099907370179,0.572164893733648,-1.5610346349157633,-2.442984214872454,0.8819495799566908,-11.170628847478332,-11.000023235220315,-0.17060561225801685,39.05671260096943,-1.0364749483978586,-1.0418837564118544,95.75144523739316,5.5037695785602025,72746375.04912919
2019-01-30,40.8125,41.537498474121094,40.057498931884766,41.3125,39.60165786743164,244439200,2.6425018310546875,1,6690067646.383782,3860194800,0.1849189784907469,85466580.82185222,1.0701623369380207,0.11759734319219595,6349497.301366115,38.86882737382398,64.73214690949584,2673.336107753365,38.38812484741211,40.6586756352442,36.117574059580015,11.829443594117931,1.1439792424506976,1.0,0.0,38.988833363850915,39.88608373006185,38.091582997639975,4.602601764652111,1.794881965867491,1.0,0.0,35.5,41.537498474121094,38.51874923706055,15.7275159912587,0.9627331625696439,1.2437864989593241,2.440684153514502,-0.3573227190360839,-0.8483502363026534,0.49102751726656946,38.84583346048991,38.42211517920861,39.079402869120926,39.43672558815701,1.0194476623255397,0.6923618144137212,0.3270858479118185,-0.30412717271327583,23.465233443607815,-0.888124847412108,-35.91445400708026,-72.14819713048956,36.233743123409305,39.73124885559082,38.51874923706055,39.124999046325684,42.397499084472656,99.99852742199849,26.55588192387176,30.77373445637706,20.655159495744112,227.53669924514097,42.52187538146973,47.821250915527344,100.0,28.000000000000004,72.0,36.73517485143031,,0.0,0.0,58.56554560339164,1.0,0.8319128571013988,0.8294877832713268,-6.995077904350948,62.27437369711401,94.68402666368641,78.97356170602536,-5.31597333631359,0.09277222577263444,8.510084237456788,-0.9060658908846865,-2.135600550074901,1.2295346591902145,-4.285561951472485,-9.65713097847075,5.371569026998265,39.29961555422513,6.833467691179762,6.610105934348143,109.12805700270792,8.351518213513828,119046935.7555263
2019-01-31,41.52750015258789,42.25,41.13999938964844,41.61000061035156,39.88683319091797,162958400,0.2975006103515625,1,6665110336.1301565,4023153200,0.14819422909440028,80182815.4847182,0.6113380155381763,0.15801461450841128,7522997.415421526,39.164294019447794,65.37193287936982,2692.5874027302243,38.49462490081787,41.130472098806976,35.85877770282876,13.694624663990975,1.0909628812911498,1.0,0.0,39.29033330281575,40.22658360799154,38.35408299763998,4.765804850572168,1.738807237077632,1.0,0.0,35.5,42.25,38.875,17.53491563404372,0.9051852756076388,1.2304079100985479,2.3389668306416542,-0.12898332459335649,-0.7044768539607941,0.5754935293674376,39.18833351135254,38.573172936072716,39.46872559854103,39.597708923134384,1.0725507732055908,0.6405248345954974,0.4320259386100934,-0.25304092478907836,23.46001499535354,-0.22712306976318075,-27.76551656587669,-63.268420525669576,35.50290395979289,40.08749961853027,38.875,39.48124980926514,42.12125015258789,99.99926371099924,26.51182552057083,32.894505484951004,19.344247216915804,238.78562203181843,41.67500114440918,47.11250114440918,100.0,24.0,76.0,37.11936074124557,,0.0,0.0,59.70198239764536,1.0,0.8853536041109868,0.8497264394379282,-2.755649604837471,63.22621323675359,87.05764551778829,81.00700412394711,-12.942354482211707,0.7955000596887913,10.960001627604168,-0.3257343116586219,-1.7736273023916451,1.4478929907330231,-3.3450216642130055,-8.394709115619202,5.0496874514061965,39.53570319391921,0.7201225061459926,0.7175420051331205,110.63403520785022,7.233833845519214,-12082135.59954539
2019-02-01,41.7400016784668,42.244998931884766,41.48249816894531,41.630001068115234,39.9059944152832,130672400,0.020000457763671875,1,6584994102.834011,4153825600,0.24465218171742745,69101485.81791241,0.09846848388271745,0.1633296092207171,7585807.023177889,39.406217217685914,71.55939643549212,2693.881634401298,38.798749923706055,41.40772113059202,36.189778716820086,13.448738487792802,1.0425991549727607,1.0,0.0,39.57908325195312,40.48158340454101,38.67658309936523,4.56049043300342,1.636242365323247,1.0,0.0,35.95000076293945,42.25,39.10000038146973,16.237634587322734,0.901587459211496,1.1836171953826384,2.1360977115495627,0.052980434915205876,-0.5529853961855942,0.6059658311008,39.46854178110758,38.7624998826247,39.801229516937056,39.74824908202185,1.0855920147524982,0.6426255200734294,0.4429664946790688,-0.19860223651379977,23.283976880031584,-0.06374931335449219,-15.99275494395988,-54.214325546571324,38.22157060261144,40.08749961853027,38.875,39.48124980926514,42.12125015258789,99.99963185549962,26.470916003219973,31.419329805191655,18.476741759182087,210.9356575624485,41.295000076293945,46.61750030517578,96.0,20.0,76.0,37.632424667121015,,0.0,0.0,59.781844835882204,1.0,1.0,0.9057554870707953,0.652711319750562,60.805516152241104,87.46210373817212,89.73459197321561,-12.537896261827877,1.3791686338536877,8.786827140965405,0.1332899841849108,-1.392243845076334,1.5255338292612448,-4.263453588108623,-7.568458010117086,3.305004422008463,39.73512771930414,0.048066468325647094,0.0480549200991387,110.73527954966642,6.7802923685237175,-12387280.07016328
2019-02-04,41.852500915527344,42.915000915527344,41.81999969482422,42.8125,41.03953552246094,125982000,1.1824989318847656,1,6687390247.22798,4279807600,0.21740289265277377,80511785.04916872,0.43784730072101885,0.21124954191238277,11164321.955064509,39.743959051594054,78.27557936775192,2770.4012614388125,39.08612499237061,42.10229015048485,36.069959834256366,15.433431473204259,1.1177339124822971,1.0,0.0,39.908333206176756,40.872833251953125,38.94383316040039,4.83357719197899,2.0055296298537506,1.0,0.0,36.474998474121094,42.915000915527344,39.69499969482422,16.476441301518896,0.9840837148029152,1.1937554605855856,1.663228196327886,0.28927126744502374,-0.3845340634594706,0.6738053309044943,39.80833339691162,38.89788451561561,40.26450189894674,39.97523063150172,1.1389983987326566,0.5749338836412398,0.5640645150914169,-0.1379980624758167,23.17623837730867,-0.12112483978271626,-2.7584522842406143,-44.67842690098708,41.919974616746465,40.420000076293945,39.20750045776367,39.81375026702881,42.12125015258789,99.99981592774981,26.84758248557713,32.97886271675767,17.086113217685707,207.585362846712,41.295000076293945,46.35249900817871,100.0,16.0,84.0,38.094182200408916,,0.0,0.0,64.288114417499,1.0,1.0,0.9617845347036624,5.0891673348312185,66.08315764358541,98.10271332471423,90.87415419355823,-1.8972866752857758,2.1146097632015426,10.526653737960093,0.7236262627514876,-0.9690698235107695,1.692696086262257,-5.2146061917705016,-7.0976876464477705,1.883081454677269,40.11963104296953,2.840497001068898,2.8009029158216237,116.72120884546887,7.768468936719053,4309412.316538781
2019-02-05,43.21500015258789,43.77000045776367,43.087501525878906,43.54499816894531,41.741703033447266,144406400,0.7324981689453125,1,6736582518.671642,4424214000,0.21045966434794663,84121161.98271382,0.5015722711026195,0.22792551681984627,13635035.498632032,40.12855884388446,78.81748894839927,2770.4012614388125,39.41424999237061,42.84322200115559,35.985277983585625,17.39965626365452,1.1023304019385085,1.0,0.0,40.39966659545898,41.32966651916504,39.46966667175293,4.603998013243935,2.1910386190958873,1.0,0.0,37.130001068115234,43.77000045776367,40.45000076293945,16.846697300934913,0.9661141100149601,1.1701299603033941,1.4465849010144118,0.5295357762951411,-0.2017200955085483,0.7312558718036895,40.18999989827474,39.07124988849346,40.76919363279268,40.23965785649754,1.19015668941346,0.5621318781772493,0.6280248112362108,-0.07195134993412623,23.11612268776581,-0.2092481613159194,15.348380858766292,-33.9240950880795,49.27247594684579,40.852500915527344,39.635000228881836,40.24375057220459,41.58749961853027,99.9999079638749,27.671455379182284,36.18639350486777,16.11295904208651,200.9819390723535,40.80999946594238,46.35249900817871,100.0,12.0,88.0,38.672680446223126,,0.0,0.0,66.77177708246487,1.0,1.0,1.0,9.621444542871673,64.61729213232708,96.15051767617436,93.9051115796869,-3.849482323825635,2.9463083267211942,11.75413319240867,1.315954967071462,-0.5120648653943233,1.8280198324657855,-4.91817312309503,-6.661784741777223,1.743611618682193,40.94543957918029,1.7109446281934337,1.6964728072546453,120.42918872636625,7.734210324074148,30017360.4103221
2019-02-06,43.662498474121094,43.89250183105469,43.212501525878906,43.560001373291016,41.75608444213867,112958400,0.015003204345703125,1,6739074145.576466,4537172400,0.19397616771596465,72345958.55057809,0.0744968985791741,0.20464691460768678,13673954.732276015,40.427815106557816,78.87097341608633,2771.355788893004,39.70787506103515,43.483335841984704,35.9324142800856,19.016181425705973,1.010153135703747,1.0,0.0,40.91550013224284,41.82750002543131,40.00350023905436,4.457967715124118,1.949836376516801,1.0,0.0,37.30500030517578,43.89250183105469,40.598751068115234,16.589911990387872,0.9495255589000703,1.1211169947906328,1.3558242841757338,0.7129394416805539,-0.01878818807072788,0.7317276297512818,40.552916526794434,39.24442305931678,41.19854866979242,40.48560922811187,1.1504916079203582,0.5937702147585936,0.5567213931617646,-0.004896505266662404,23.116633102697698,-1.3828742980957003,31.840489483967282,-22.031077018728055,53.87156650269534,41.153751373291016,39.696250915527344,40.42500114440918,40.86750030517578,99.99995398193745,28.501544332739343,35.427875043984855,15.440368386682945,162.0331422616894,40.404375076293945,46.35249900817871,100.0,8.0,92.0,39.386305247838806,,0.0,0.0,66.82267305114058,1.0,1.0,1.0,13.274043852805779,63.382112965393425,94.4281472437346,96.22712608154109,-5.571852756265402,3.4335588791791167,11.108275319060661,1.760970021875112,-0.05745788794043616,1.8184279098155482,-6.374353512843746,-6.604298495990529,0.22994498314678236,41.56707136026143,0.03445448381349525,0.03444854961922594,120.50513646551617,7.122116952410131,-9238266.795094565
2019-02-07,43.099998474121094,43.48500061035156,42.584999084472656,42.73500061035156,40.96525192260742,126966800,-0.8250007629394531,0,6654429971.012824,4410205600,0.13157909223666947,47046863.490783945,-0.36683009857249826,0.16164824911420098,11269278.341879763,40.6907556423769,72.05785866712989,2771.355788893004,39.92825012207031,43.8667084318429,35.98979181229772,19.727678011091264,0.8563260376930732,0.0,0.0,41.38466682434082,42.31816711425781,40.45116653442383,4.511334083607721,1.2232637207487191,1.0,0.0,37.30500030517578,43.89250183105469,40.598751068115234,16.498347675491218,0.824288280442001,1.1065055241934054,1.4046107526803164,0.7826950794354275,0.14150846543050322,0.6411866140049243,40.920416514078774,39.371346106896034,41.4349258914169,40.652230811981475,1.100991442471872,0.6418178883359857,0.45917355413588634,0.05581888038769519,23.147661206921658,-1.4482505798339815,45.96054669974332,-9.929805717925255,55.89035241766857,41.153751373291016,39.696250915527344,40.42500114440918,40.86750030517578,99.99997699096872,28.52214681834419,33.28264175586828,18.40250017891063,114.89378576492562,40.35312461853027,46.35249900817871,96.0,4.0,92.0,40.107296701153345,,0.0,0.0,61.26557813915693,0.7692330484315612,0.9230776828105198,0.9743592276035068,14.831351785540845,62.35156823213679,80.60325567569814,90.39397353186905,-19.396744324301864,3.6561177309821673,11.506848687858632,1.925343489894638,0.3391023876265787,1.5862411022680594,-6.6980988652411675,-6.623058569840657,-0.07504029540051071,41.77193186015398,-1.893941085698192,-1.9121058690960702,116.32889908992095,6.067578682309296,20976927.63013637
2019-02-08,42.247501373291016,42.665000915527344,42.10499954223633,42.602500915527344,41.01337814331055,95280000,-0.13249969482421875,0,6728442166.02512,4314925600,0.11339562038090464,38522372.86026459,-0.3820326186141787,0.12512431529775175,10973863.091088973,40.887262374165715,66.29412981293152,2762.7632115902506,40.135875129699706,44.17719923330131,36.0945510260981,20.138213458866918,0.8051754477733419,0.0,0.0,41.71200014750163,42.60625063578288,40.81774965922038,4.287737270421014,0.9979034284550734,0.0,0.0,37.30500030517578,43.89250183105469,40.598751068115234,16.41300084921854,0.8041744794350949,1.0588550785855884,1.5110919196758932,0.8178575541071353,0.27677828316582964,0.5410792709413057,41.26395829518636,39.49144231356107,41.61455281820312,40.79669526409599,1.0214751089251863,0.6995078167485388,0.32196729217664755,0.10881841056610299,23.16274722004707,-1.9608758926391587,55.73414323585148,2.2517048934271617,53.48243834242432,41.21000099182129,39.696250915527344,40.453125953674316,40.86750030517578,99.99998849548436,28.003296830189242,31.93695712493711,20.73897695665177,84.71396579309865,40.348124504089355,46.35249900817871,92.0,0.0,92.0,40.71292952193756,,0.0,0.0,60.39685082688137,0.7331578046624182,0.8341302843646593,0.9190693223917265,15.863219163922981,56.79214536924751,78.38290146994429,84.47143479645901,-21.61709853005571,3.714265094083899,10.713361284648887,2.004715207476397,0.6722249515965424,1.3324902558798546,-8.753593216475036,-7.049165499167533,-1.7044277173075022,41.87500858450488,-0.3100495915100643,-0.310531241082046,115.65817222197441,6.263506303044579,-14687663.39414972
2019-02-11,42.76250076293945,42.8025016784668,42.3125,42.35749816894531,40.77751922607422,83973600,-0.24500274658203125,0,6659891608.050484,4230952000,0.0998854597303936,30080067.788743816,0.10065733588748434,0.16634659765450438,10490939.267410764,41.11619714179145,72.0311448803035,2746.874835075981,40.35012512207031,44.385506800255605,36.314743443885014,20.001829813301185,0.748721584097804,0.0,0.0,42.07533340454101,42.95183410644531,41.19883270263672,4.166339900278474,0.6609609460615731,0.0,0.0,37.30500030517578,43.89250183105469,40.598751068115234,16.325851545564948,0.7669824202576447,1.0019697385737092,1.4887577856870164,0.8165418088478589,0.3847309883022355,0.43181082054562336,41.61249987284342,39.75336529658391,41.728852102932684,40.912310294084826,1.0951326405250517,0.6606530893970937,0.434479551127958,0.1528577211419483,23.122226104912368,-0.9101264953613253,65.44889437969623,14.655697428540792,50.79319695115544,41.97500038146973,39.92125129699707,40.9481258392334,40.86750030517578,99.99999424774218,27.62117963425829,31.810002284580776,20.05963340239303,76.31398459349272,39.44062519073486,45.77874946594238,88.0,0.0,88.0,41.2216610913963,,0.0,0.0,58.73829893843931,0.6642838751406296,0.7222249094115357,0.8264776255289051,16.27142171475511,56.304959970096725,74.27728538142162,77.75448084235468,-25.722714618578383,3.6675225426169007,10.956120538240555,1.9958340239854797,0.9369467660743299,1.0588872579111497,-11.089743624363097,-7.857281124206646,-3.2324625001564504,41.94060464765709,-0.5750900564918116,-0.5767500667860581,114.41794351751385,6.103977608696411,-8699561.092769295
2019-02-12,42.525001525878906,42.75,42.42499923706055,42.72249984741211,41.128902435302734,89134000,0.3650016784667969,1,6733941344.379228,4320086000,0.143028798221751,30430638.048703197,0.010938167431885304,0.18795872741259892,11259021.92136487,41.32826666915049,76.83617724926935,2746.874835075981,40.61125011444092,44.54984757638956,36.67265265249228,19.39658321696488,0.7680205013800316,0.0,0.0,42.44758338928223,43.25608406066895,41.639082717895505,3.8094073058154954,0.6700162212966091,0.0,0.0,37.51250076293945,43.89250183105469,40.70250129699707,15.709935178396725,0.8166141398486917,0.9410229478218071,1.4953827836514757,0.8353225775526383,0.47484930615231613,0.36047327140032215,41.88604164123535,39.97096149738018,41.881720986698745,41.04639840914611,1.1175950723444317,0.6204954208905024,0.4970996514539293,0.1904206468593104,23.06646219546069,-1.5362493515014677,77.81428105415173,27.292223546455457,50.522057507696275,42.51625061035156,40.18375015258789,41.35000038146973,40.86750030517578,99.99999712387108,27.26635652375098,30.935838471835652,19.50837894285452,73.23898601489445,39.26875019073486,45.77874946594238,84.0,0.0,84.0,41.64899560974164,,0.0,0.0,60.47948797212624,0.7365894397876982,0.711343706530248,0.7558996334354812,17.08970764272475,60.83577158692488,80.36085784739035,77.67368156625209,-19.63914215260965,3.3782796635347196,8.322772147563406,2.0350691167254973,1.1565712362045635,0.8784978805209338,-12.619498585777459,-8.809724616520809,-3.80977396925665,42.09363841502112,0.8617168016179066,0.8580252145780953,116.26561896248786,6.598701787811649,7206467.850641489
2019-02-13,42.84749984741211,43.119998931884766,42.47999954223633,42.54499816894531,40.95802688598633,89960800,-0.17750167846679688,0,6662253463.235771,4230125200,0.07875568080155652,23802233.61371477,0.15117654151574997,0.2024831694758058,10885256.503768802,41.57037208365071,81.98781060376787,2746.874835075981,40.82512493133545,44.695373673024584,36.95487618964632,18.960131772767756,0.7221915634367262,0.0,0.0,42.62216669718424,43.34666735331218,41.89766604105632,3.3996425441027265,0.446743645029005,0.0,0.0,37.92499923706055,43.89250183105469,40.90875053405762,14.617230453136385,0.7741930328667909,0.9109205920044701,1.4597839376906068,0.8263578313604256,0.545151011193938,0.28120682016648757,42.17520809173584,40.184903805072494,41.98376363012129,41.15740579876086,1.1211422209151554,0.5815550931791832,0.5395871277359722,0.22071110782165584,23.05434807752054,-2.1551267623901396,83.84004934623081,39.692841981134066,44.14720736509675,42.6875,40.51125144958496,41.59937572479248,40.86750030517578,99.99999856193554,27.226408959274714,32.17308949816738,18.610318660703218,69.44768939488523,39.26875019073486,45.77874946594238,80.0,0.0,80.0,42.007956605151726,,0.0,0.0,59.171794896613925,0.6324479180495569,0.677773744325961,0.703780786755915,17.432418869583284,52.88910203933983,75.39929827689231,76.67914716856811,-24.600701723107694,3.0650586072136363,8.880351473459127,2.007798633861673,1.3268167157359856,0.6809819181256875,-13.730859490788443,-9.793951591374336,-3.9369078994141073,42.12193911777944,-0.41547587126400387,-0.41634137038721875,115.36708749785896,6.254411156388919,9668002.779467732
2019-02-14,42.4275016784668,42.814998626708984,42.345001220703125,42.70000076293945,41.10724639892578,87342800,0.15500259399414062,1,6706854600.038063,4317468000,0.08073775245757903,22335966.035571437,-0.11838309122180828,0.15452963335234107,11203469.24673217,41.80364288418468,76.56875269103914,2756.882421000025,41.02337493896484,44.85102709162958,37.1957227863001,18.660834991560666,0.7190149152930962,0.0,0.0,42.71750005086263,43.37800038655599,42.05699971516927,3.0924110020807363,0.4867530060338228,0.0,0.0,37.92499923706055,43.89250183105469,40.90875053405762,14.546591066368078,0.8001674822369745,0.8668282734046089,1.5522193271593008,0.8222818658434434,0.6005771821238391,0.22170468371960428,42.51104164123535,40.37769229595478,42.09395395824716,41.27167209240372,1.1010156735492889,0.6756960241339076,0.42531964941538125,0.2450975813632972,22.982842958749863,0.28912506103515767,90.30207525987964,51.503378670449564,38.79869658943008,42.85625076293945,40.598751068115234,41.727500915527344,40.86750030517578,99.99999928096777,27.006708082749885,31.04291027081203,18.96556507923963,60.532289202380284,39.26875019073486,45.77874946594238,76.0,12.0,64.0,42.3094838412962,,0.0,0.0,59.985443551923275,0.671536013715829,0.6801911238510275,0.6897695249024123,17.93215507748839,49.81259504199674,78.22910326249709,77.99641979559325,-21.77089673750291,2.839168907614315,10.42152258809909,1.9923638276695577,1.4599261381227,0.5324376895468577,-14.720451181798143,-10.779251509459097,-3.941199672339046,42.15386113141012,0.36432624436515404,0.36366418385633814,116.15172631933852,6.477149168840441,8130045.534027785
2019-02-15,42.8125,42.92499923706055,42.4375,42.60499954223633,41.015777587890625,98507200,-0.095001220703125,0,6676039448.158881,4218960800,0.05998159655635761,17808213.13791168,0.050107148492110065,0.17210262068074408,10984305.216735965,42.02685203856072,82.1174178954626,2756.882421000025,41.20537490844727,44.96986039402546,37.44088942286908,18.27181766428465,0.6858985297128978,0.0,0.0,42.80450007120768,43.43750025431315,42.17149988810222,2.957633809774368,0.342416689366015,0.0,0.0,37.92499923706055,43.89250183105469,40.90875053405762,14.482340246273983,0.7842477202918794,0.8288953697702027,1.6405893770239852,0.8021392670963436,0.6408895991183401,0.16124966797800355,42.618749936421715,40.54221153259277,42.17257635578396,41.370437088687616,1.1534989753194218,0.6461476287865395,0.5073513465328823,0.26348470993911466,22.9363585305665,0.40462570190429403,94.4857252346267,62.30828728365705,32.17743795096965,42.99875068664551,40.598751068115234,41.79875087738037,40.86750030517578,99.99999964048388,26.896953627523654,30.722778444473626,18.249474310513346,56.75898468615617,39.26875019073486,45.77874946594238,72.0,8.0,64.0,,43.89250183105469,0.0,1.0,59.206650588064875,0.6341224032134644,0.6460354449929495,0.6680001043899795,18.16037038129073,47.938642527107184,76.00182877880664,76.54341010606535,-23.998171221193356,2.7711761923397304,3.128591932795953,1.9389190048361409,1.555724711465388,0.38319429337075284,-14.618530325384105,-11.5471072726441,-3.0714230527400055,42.1745396750939,-0.22248529041146714,-0.22273315664587123,115.67082052330755,6.304463821877519,21563841.8195896
2019-02-19,42.4275016784668,42.86000061035156,42.372501373291016,42.73249816894531,41.13852310180664,75891200,0.12749862670898438,1,6712232890.518911,4294852000,0.08315290804910247,16646471.80096671,-0.04175290538377726,0.15698327044976387,11211415.271500884,42.366177553771955,76.71934208821887,2765.1325964830025,41.3817497253418,45.084862101140025,37.67863734954357,17.897321405578342,0.6823801584352882,0.0,0.0,42.81841672261557,43.39066670735677,42.24616673787435,2.6729152011777444,0.42492917784078077,0.0,0.0,37.92499923706055,43.89250183105469,40.90875053405762,14.42061448247486,0.8056132119193656,0.7947557564992371,1.6361686075972877,0.7873876711533612,0.6701892135253443,0.11719845762801684,42.712291399637856,40.70692297128531,42.2587181731934,41.47133050204004,1.1454841140598746,0.673273090134389,0.47221102392548564,0.2771309442893201,22.94170081208467,0.24825134277343608,97.07228556444535,71.38872113984361,25.68356442460174,42.99875068664551,40.598751068115234,41.79875087738037,40.86750030517578,99.99999982024194,26.696909621383696,29.522345700875043,18.057375483059126,52.41359874732904,39.26875019073486,45.545000076293945,68.0,4.0,64.0,,43.86340179443359,0.0,0.0,59.9580186118692,0.16863891435479475,0.49143244376136214,0.6058863375351132,18.54052552600268,55.56149545008667,69.75220899153804,74.66104701094726,-30.247791008461956,2.6804997500251346,2.6976629226833024,1.8986313234262604,1.6243060338575628,0.2743252895686976,-16.063291524964264,-12.450344123108133,-3.6129474018561307,42.17822771087935,0.2992574300642481,0.29881054635017,116.31623147820407,6.475683711874964,-6241098.384477586
2019-02-20,42.79750061035156,43.33000183105469,42.747501373291016,43.00749969482422,41.40327072143555,104457600,0.27500152587890625,1,6701024318.255832,4399309600,0.11331583010317663,18372118.599349815,0.2356044930528903,0.0973719958865403,11883643.683611928,42.634842255298054,74.74740290494677,2765.1325964830025,41.615874671936034,45.10208365221014,38.12966569166193,16.75422663950426,0.6995900175179354,0.0,0.0,42.77450014750163,43.33675028483073,42.212250010172525,2.628903367147548,0.70720274825492,0.0,0.0,37.92499923706055,43.89250183105469,40.90875053405762,14.339486172132215,0.8516963968945469,0.7750305470602509,1.6709156732777433,0.7887945177507234,0.6939102743704202,0.09488424338030321,42.82708295186361,40.89673071641188,42.373915330367375,41.58512081261665,1.2004511789951027,0.7852478326296661,0.41520334636543654,0.2877747247358857,23.013971413217803,1.1966253280639663,99.83042910588271,78.943158875612,20.887270230270715,42.795000076293945,40.598751068115234,41.69687557220459,40.548749923706055,99.99999991012098,26.93711025722067,31.93230942000583,17.171763359198266,64.2197113466809,39.109375,45.545000076293945,64.0,0.0,64.0,,43.80376577758789,0.0,0.0,61.600872644751966,0.3540872387158951,0.3856161854280508,0.5076946913941209,19.279035664452284,49.31942083308504,67.8473623522629,71.20046670753588,-32.1526376477371,2.6660809685202196,3.308908458722145,1.8968191082215358,1.6788086487303575,0.21801045949117825,-14.981530758717145,-12.956581450229937,-2.0249493084872086,42.210959832200274,0.6435418888726563,0.6414799994127751,117.70831704019709,6.69641280541439,34194355.78085491
2019-02-21,42.95000076293945,43.092498779296875,42.57500076293945,42.76499938964844,41.16981887817383,68998800,-0.24250030517578125,0,6682691131.766177,4330310800,0.09519559311442856,13357211.6484766,-0.15375345791584796,0.04272260492553855,11494589.909840083,42.753288893972794,68.35161998666416,2749.5412344355286,41.83012466430664,45.034402394900276,38.625846933713,15.320431178766372,0.6458791659062276,0.0,0.0,42.700083287556964,43.246083196004236,42.15408337910971,2.557371632136238,0.5594469899052521,0.0,0.0,37.935001373291016,43.89250183105469,40.91375160217285,14.242129339975806,0.8107423659637465,0.7492772939899679,1.7406550781465555,0.7615628829881942,0.707440796093975,0.05412208689421916,42.82312456766764,41.09923069293682,42.43408210871831,41.67251922573011,1.079220707333413,0.8730326185435089,0.20618808878990413,0.2941713282017698,23.064902914455004,1.7148735046386747,98.56071164602017,84.78762164742052,13.773089998599644,42.71750068664551,40.70250129699707,41.71000099182129,39.696250915527344,99.99999995506049,26.8803587600741,30.535470454595025,17.87874178685356,51.288583197417005,38.60187530517578,45.545000076293945,60.0,0.0,60.0,,43.74651520141602,0.0,0.0,59.290764361997745,0.06833743909630124,0.19702119738899646,0.35802327552613655,19.351587107544265,51.27186587677996,53.21573742259817,63.60510292213305,-46.78426257740183,2.564044324089501,-0.11095033074817519,1.8274942267420633,1.708545764332699,0.11894846240936441,-16.675346807766267,-13.700334521737204,-2.975012286029063,42.24444592331064,-0.5638558551334882,-0.5654515232660806,116.48075594745335,6.297703818524553,-14465263.445656568
2019-02-22,42.89500045776367,43.25,42.845001220703125,43.24250030517578,41.6295051574707,75652800,0.47750091552734375,1,6755542081.77748,4405963600,0.14074011513317597,16609650.164723806,0.11442911427364083,0.04386264995346166,12339305.957490757,42.864629092291615,67.17486084324294,2749.5412344355286,42.0834997177124,44.86514899762329,39.30185043780151,13.219667083629583,0.7083297480803388,0.0,0.0,42.71783332824707,43.21433296203613,42.22133369445801,2.32455438446009,1.028365925393227,1.0,0.0,38.415000915527344,43.89250183105469,41.153751373291016,13.015792299284307,0.8813324660455437,0.7228496256261273,1.7515215952777177,0.7696400184386576,0.7198806405629116,0.049759377875746025,42.797916412353516,41.29057678809533,42.55845413894253,41.78881412050387,1.0648703695703507,0.8424952426410357,0.22237512692931505,0.29915954662878375,23.088603302318305,1.4765016555786161,99.74976275240711,89.67824603814894,10.071516714258166,42.821250915527344,40.90875053405762,41.86500072479248,39.696250915527344,99.99999997753025,26.97939898890009,30.617456833199963,17.122765454007684,64.7054555808982,38.31375026702881,45.545000076293945,56.00000000000001,16.0,40.00000000000001,,43.69155464829102,0.0,0.0,62.28960352443079,0.43928008977368616,0.28723492252862687,0.28995743511522476,20.17658527379647,53.997035360434914,68.63687064462336,63.233323473161484,-31.363129355376646,2.4492356244255475,-0.6946787839923749,1.8417369208403311,1.7351839956342254,0.10655292520610571,-17.43609830092864,-14.447487277575492,-2.9886110233531493,42.283500923615726,1.1165694431014783,1.1103818232729434,118.89791391855766,6.868658749295101,9516793.144070506
2019-02-25,43.540000915527344,43.967498779296875,43.48749923706055,43.557498931884766,41.93275451660156,87493600,0.3149986267089844,1,6693567361.526981,4493457200,0.0689110432580689,18174037.83345258,0.3730546230563925,0.03923460154884549,12976650.321283866,42.949996381806855,66.29987027765569,2749.5412344355286,42.28937473297119,44.85938441424604,39.71936505169634,12.154399054148806,0.7467158408299314,0.0,0.0,42.83916651407877,43.327665964762375,42.350667063395186,2.280620704994589,1.2352438337451233,1.0,0.0,38.415000915527344,43.967498779296875,41.19124984741211,13.129770536523184,0.9261593867352225,0.7230645104756239,1.7515222682209879,0.7923255276209318,0.7343696179745156,0.05795590964641617,42.797707875569664,41.476057492769684,42.71215333785672,41.91982781023579,1.0984173594350586,0.8758049521766336,0.22261240725842502,0.3038833375927143,23.04805427133465,0.4456258773803725,101.59308335820083,93.69426703576056,7.898816322440268,43.15625,40.94624900817871,42.051249504089355,39.73374938964844,99.99999998876513,27.70496497896849,34.973355709738804,16.031512961977576,101.22877418616923,38.390625953674316,45.545000076293945,100.0,12.0,88.0,42.372501373291016,,1.0,0.0,64.164974041971,0.6712548216943482,0.3929574501881113,0.2924045233685783,21.38521875280692,55.382631919919916,77.98657635644545,66.61306147455566,-22.013423643554543,2.4471987892599643,-0.005744814801094983,1.890097285722785,1.7661666536519374,0.12393063207084754,-16.95351048335607,-14.948691918731608,-2.004818564624461,42.39577284381407,0.7284468393037979,0.7258064799711583,120.49246885379934,6.930099440115725,21010043.54522355
2019-02-26,43.4275016784668,43.82500076293945,43.29249954223633,43.58250045776367,41.956817626953125,68280800,0.02500152587890625,1,6699658201.414654,4561738000,0.027026560919409342,15821621.598421128,-0.1316021071726857,-0.005992139756533453,13015842.750374025,42.924204520512724,58.77130046649522,2751.119440898562,42.514749717712405,44.67571456033214,40.35378487509267,10.16571828350403,0.7470541674238518,0.0,0.0,42.94674987792969,43.43949928283691,42.45400047302246,2.2946993954504085,1.1451053755749165,1.0,0.0,38.52750015258789,43.967498779296875,41.24749946594238,12.795556043089167,0.9292282318523095,0.704008181498374,1.7515222682209877,0.8030641476757765,0.7481085239147678,0.05495562376100871,42.868332862854004,41.65365365835336,42.84605289476548,42.0429887470897,0.9571507660669928,0.9836612513046868,-0.02651048523769406,0.3077042523137432,23.087470714559814,0.08775119781493856,102.0201246449513,96.38380521251605,5.6363194324352435,43.15625,40.94624900817871,42.051249504089355,39.73374938964844,99.99999999438256,28.036561303071455,33.29494647536467,17.019556465016322,103.70235044837015,38.63312530517578,45.545000076293945,96.0,8.0,88.0,42.404401321411136,,0.0,0.0,64.31665605018975,0.6900171904447548,0.6001840339709292,0.42679213556255585,22.4486438712536,52.90906035492851,79.3289407118996,75.31746257098948,-20.67105928810039,2.43812507180607,1.9831515977721135,1.9101024251787193,1.7949538079572938,0.11514861722142555,-18.022226160075085,-15.563398767000304,-2.458827393074781,42.57778242968023,0.05739890143372506,0.057382434565189655,120.61902910866552,6.722019608172815,-4123689.1176961362
2019-02-27,43.3025016784668,43.75,43.182498931884766,43.717498779296875,42.086788177490234,111341600,0.13499832153320312,1,6798246564.043463,4673079600,0.12738411351212828,15708665.529621152,-0.04714701286196559,-0.014680990573757716,13360727.255827941,42.92295631014985,49.77489837086643,2751.119440898562,42.76712474822998,44.089204395453486,41.44504510100648,6.18269128451625,0.8594238944161842,0.0,0.0,43.03849983215332,43.55549926757813,42.52150039672851,2.402497472918729,1.1566728129844432,1.0,0.0,40.057498931884766,43.967498779296875,42.01249885559082,9.142536166343364,0.9360613785789618,0.69035747016006,1.7515222682209879,0.8130949651324997,0.7611058121583142,0.05198915297418549,42.961249351501465,41.82721123328576,42.98012149238569,42.16702652725319,0.9271637750191033,1.0081268858830297,-0.08096311086392638,0.31075879699672926,23.092261411886554,-0.4096265792846694,100.19847997355753,98.20140861555237,1.997071358005158,43.15625,40.94624900817871,42.051249504089355,39.73374938964844,99.99999999719128,28.148048101897256,31.5568079679658,17.1429555974189,107.39473574190319,38.81062602996826,44.45624923706055,92.0,4.0,88.0,42.43566327056885,,0.0,0.0,65.17384856069884,1.0,0.7870906707130337,0.5934107182906915,23.584259752655505,58.591698091624814,86.57717570963639,81.29756425932716,-13.42282429036361,2.3493967617259273,2.617212228879145,1.9282719985175716,1.8216174460693493,0.1066545524482223,-15.09941155023248,-15.47060132364674,0.37118977341425996,42.725807023633116,0.30975350224347054,0.30927475445330366,121.30240427794519,6.776559337710786,48501587.43373602
2019-02-28,43.58000183105469,43.727500915527344,43.22999954223633,43.287498474121094,41.67282485961914,112861600,-0.43000030517578125,0,6711473018.465816,4560218000,0.01042577333103519,6531638.676442853,0.0055104187159878675,0.011914760661134149,12250633.49937522,42.96618770344798,50.286288966220646,2751.119440898562,42.865874671936034,44.02339768905568,41.70835165481639,5.400673733959594,0.6821232908327904,0.0,0.0,43.108499908447264,43.61124954223633,42.605750274658206,2.3324849385007074,0.6780195883234877,0.0,0.0,41.13999938964844,43.967498779296875,42.553749084472656,6.596154659826829,0.7595047031078828,0.6710718604731556,1.6972679128612258,0.7773858095631141,0.7643618116392742,0.013023997923839903,43.03874937693278,42.01807652986967,43.027410258806526,42.25002444924341,1.0222733553692849,0.9674193587659867,0.05485399660329815,0.31046671363189665,23.083499998331067,-0.14337482452392436,95.25645299905727,98.75189503101655,-3.4954420319592714,43.170000076293945,40.94624900817871,42.05812454223633,39.73374938964844,99.99999999859564,28.25157155794979,30.07457052987833,16.337743276459193,81.2004500675267,38.8543758392334,44.01499938964844,88.0,0.0,88.0,42.466299980743415,,0.0,0.0,60.21223803824578,0.2290308033222761,0.6396826645890097,0.6756524564243244,23.34046135194776,54.517213314116916,63.48990154492742,76.46533932215448,-36.51009845507258,2.3178453894222457,2.19559781710058,1.8399653484154022,1.82528702653856,0.01467832187684226,-12.517058408323681,-14.879892740582129,2.3628343322584477,42.76401906426419,-0.9835885336134886,-0.9884577204482881,119.12569920485635,6.231603058294645,28348739.431791842
2019-03-01,43.56999969482422,43.787498474121094,43.22249984741211,43.74250030517578,42.110862731933594,103544800,0.4550018310546875,1,6798524587.567368,4663762800,0.06691767549277623,12328986.522121217,0.014322892571592444,0.040225868602974946,13339009.479898952,43.0556202602311,58.18765703839799,2780.03689806711,42.97249965667724,44.03675270653709,41.9082466068174,4.95318195758936,0.8617563739187514,0.0,0.0,43.20491650899251,43.71716626485188,42.69266675313314,2.371256779319337,1.0247282112232503,1.0,0.0,41.48249816894531,43.967498779296875,42.724998474121094,5.782769515865091,0.9094573767169971,0.6604645370967385,1.592355221536273,0.776845895744593,0.7668586284603379,0.00998726728425503,43.12374941507975,42.22048040536734,43.1374241120941,42.36057821634951,1.0952374373427813,0.8584837208921529,0.23675371645062848,0.30949205998563944,23.117486051625587,-0.42750148773193075,90.87471000221777,98.35067111630445,-7.475961114086687,43.170000076293945,40.951250076293945,42.060625076293945,39.73374938964844,99.99999999929781,28.41293917519059,29.017639306634262,15.450186335574545,96.6022541447138,38.636250495910645,44.01499938964844,84.0,0.0,84.0,42.496323956714484,,0.0,0.0,63.3883625522502,0.7225588934513172,0.6505298989245305,0.6924344114088581,23.949938451500163,58.74984829780901,86.40491600744961,78.82399775400448,-13.595083992550386,2.2504848368027623,2.38750181147337,1.833888791075947,1.8270073794460375,0.006881411629909406,-11.10049461885944,-14.124013116237592,3.023518497378152,42.856879409374734,1.0511160198520164,1.0456302034614229,121.42896453281136,6.881250492012462,13819545.335386664
2019-03-04,43.92250061035156,44.4375,43.49250030517578,43.962501525878906,42.3226432800293,109744800,0.220001220703125,1,6797944246.028732,4773507600,0.10794421393789826,14016844.156935375,0.39610149810283135,0.0613290230469283,13890966.725081025,43.170282109199796,59.13621358863619,2780.03689806711,43.08912467956543,44.04504790787807,42.13320145125279,4.436958213569739,0.9568237387928772,0.0,0.0,43.33574994405111,43.89374974568685,42.777750142415364,2.5752400840237013,1.0616055597067577,1.0,0.0,41.81999969482422,44.4375,43.12874984741211,6.074619349176762,0.8185297349605487,0.6889180528694865,1.4111191015631583,0.7851198965896486,0.7705108820862001,0.014609014503448536,43.24187469482422,42.443076647244965,43.26435909883023,42.47923920224058,1.0976605922474354,0.8018325015106876,0.29582809073674776,0.30850941445591595,23.236401383371263,-0.38912391662597656,90.04474804206642,97.5698336138179,-7.5250855717514895,43.50625038146973,41.42625045776367,42.4662504196167,39.96875,99.9999999996489,29.215292885206544,32.56199010023006,14.073095028509409,140.08671935055074,38.59062576293945,44.01499938964844,100.0,4.0,96.0,42.52574745316613,,0.0,0.0,64.84945178746742,0.9459523704073903,0.6325140223936606,0.6409088619690672,24.860967889786505,59.864463735503286,77.29994020447154,75.73158591894953,-22.70005979552846,2.12699238272274,3.3317743987312376,1.8482437805718455,1.8312546596711992,0.016989120900646304,-9.368004296790415,-13.172811352348157,3.804807055557742,43.00578161016143,0.502946148867256,0.5016855995467306,122.5426329824057,6.877369159851213,23061625.865272775
2019-03-05,43.98500061035156,44.0,43.6349983215332,43.88249969482422,42.245635986328125,78949600,-0.0800018310546875,0,6826063383.371834,4694558000,0.07201004168348478,11112136.054368157,-0.06819301122524722,0.055676795999990265,13747296.27090277,43.249418478375134,52.59838316749422,2774.977858328117,43.14262466430664,44.14906629960243,42.136183029010844,4.665648616081797,0.8675697648876238,0.0,0.0,43.45416653951009,43.999916585286456,42.908416493733725,2.5118421971349987,0.8924261286179057,0.0,0.0,42.10499954223633,44.4375,43.271249771118164,5.406487147949135,0.762057793674391,0.6565264154292175,1.3151364719040164,0.7762732281466356,0.7716633512982872,0.004609876848348349,43.340416272481285,42.613942072941704,43.35945765206007,42.58318442391344,1.1103704599898372,0.8585467128027682,0.251823747187069,0.3065456515551401,23.294294447742203,-0.5376251220703097,88.1447449206814,96.27142425990664,-8.126679339225234,43.50625038146973,41.42625045776367,42.4662504196167,39.96875,99.99999999982445,29.960335615935644,31.39792352479584,13.569992500525974,106.83910588801402,38.55500030517578,44.01499938964844,96.0,0.0,96.0,42.60221755503949,,0.0,0.0,63.851548299588686,0.7796920295760539,0.8160677644782531,0.6997038952654816,25.378703761612087,57.364442293616,73.47667245176251,79.06050955456124,-26.52332754823749,1.9947348762961,2.769318292169892,1.822957203996007,1.8295951685361609,-0.006637964540153973,-10.364056749058882,-12.611060431690301,2.2470036826314193,43.09857558843012,-0.18197743139706235,-0.18214321147684842,122.13765561514096,6.627501237657157,-11353513.87307565
2019-03-06,43.66749954223633,43.872501373291016,43.48500061035156,43.630001068115234,42.00255584716797,83241600,-0.2524986267089844,0,6805118796.742444,4611316400,0.03675690496209886,6522060.948735766,-0.0645891252964392,0.04026496265626246,13268326.525987858,43.314538823414026,45.792136712688034,2774.977858328117,43.146874809265135,44.16076769052974,42.13298192800053,4.699728013890289,0.7382531072944846,0.0,0.0,43.51758321126302,44.043833287556964,42.991333134969075,2.4185629690839217,0.6068102998140205,0.0,0.0,42.10499954223633,44.4375,43.271249771118164,5.405954586687244,0.6538054562017235,0.6306236823335614,1.1758497259836715,0.7403533185105431,0.7654013447407385,-0.02504802623019542,43.42583306630453,42.789134392371544,43.40107971606856,42.660726397558015,1.0857328313644035,0.9178656667232546,0.1678671646411488,0.30219375800552895,23.253416395405644,-0.4143766403198228,84.17655992147101,94.67318517940117,-10.496625257930162,43.64125061035156,41.482500076293945,42.561875343322754,39.96875,99.99999999991223,30.3131440895551,30.134478041170553,14.5424015393837,76.62956593152578,38.60187530517578,43.50124931335449,92.0,0.0,92.0,42.67562885283791,,0.0,0.0,60.67791560352696,0.2465587738515502,0.6574010579449976,0.7019942816056371,25.00575627887187,58.50664812300165,61.409825426225446,70.72881269415318,-38.590174573774554,1.868154278923484,2.4058245203424407,1.7354447076478339,1.8107650763584957,-0.07532036871066183,-10.729822752596377,-12.234812895871517,1.5049901432751405,43.121325770547735,-0.5753970910156836,-0.5770588777250119,120.85948200668102,6.368580483278869,8976158.996742308
2019-03-07,43.467498779296875,43.61000061035156,43.005001068115234,43.125,41.51639175415039,99185600,-0.5050010681152344,0,6745279230.011674,4512130800,0.0033526325102314156,-1565209.7498908266,-0.22645038430058478,0.03254587029349272,12120290.020935941,43.356733397734246,45.32369479586909,2774.977858328117,43.12512474060058,44.121140555036625,42.12910892616454,4.619190415921663,0.4999373802108485,0.0,0.0,43.56116663614909,44.09616686503092,43.02616640726725,2.4563172669387137,0.09236780415899722,0.0,0.0,42.10499954223633,44.4375,43.271249771118164,5.408681068851996,0.4372991458023619,0.6300613141002052,1.1676612436583165,0.6634888788205373,0.7450188515566983,-0.08152997273616103,43.458541552225746,42.960480616642876,43.35860591359648,42.69511703477594,1.0372029540773207,0.9114809389976476,0.12572201507967307,0.2934574296614618,23.127035520823757,-0.11762504577636435,81.48839299938635,92.6441440957322,-11.155751096345853,43.72125053405762,42.24749946594238,42.984375,39.96875,99.99999999995612,29.630471764296107,28.21217970721423,18.513850350945084,17.89308948952949,38.37125015258789,42.73125076293945,88.0,0.0,88.0,42.7461036987244,,0.0,0.0,54.8102546848251,0.0,0.3420836011425341,0.6051841411885951,23.042919406069323,53.60804750052368,36.44063569709252,57.10904452502683,-63.55936430290748,1.6957426295561007,0.9185089753070594,1.5540158334268381,1.7594152277721644,-0.20539939434532628,-9.593003221455474,-11.70645096098831,2.1134477395328357,43.12139716434344,-1.157462882769189,-1.164213626520505,118.3031154793774,5.982140974588148,25571493.4414818
2019-03-08,42.58000183105469,43.26750183105469,42.375,43.227500915527344,41.615074157714844,95997600,0.10250091552734375,1,6832671823.826107,4608128400,0.09794367287004022,64083.34129753895,-0.45207270521123016,-0.003324119256745869,12348460.267624125,43.38075140966293,37.79459353711516,2781.5735167871717,43.149749755859375,44.130197993115544,42.169301518603206,4.544398254003931,0.539650823324217,0.0,0.0,43.54558334350586,44.129333877563475,42.96183280944824,2.6811009945727373,0.22755277347025277,0.0,0.0,42.10499954223633,44.4375,43.271249771118164,5.40559440312151,0.4812437954962867,0.6563053657956534,1.1044295028163336,0.6038830360989706,0.7167916884651528,-0.1129086523661822,43.47687498728434,43.034134498009315,43.338435913893534,42.73455287779456,0.947255792056316,0.9710357641625209,-0.02377997210620486,0.28208689188468977,23.101964603255077,-0.3847503662109375,78.54641122427147,90.08340274751782,-11.536991523246357,43.40625,42.78874969482422,43.09749984741211,39.96875,99.99999999997806,27.88327541469437,25.691802873940993,23.165990363243573,-27.05134309651838,39.124999046325684,42.397499084472656,84.0,0.0,84.0,,44.4375,0.0,1.0,55.745682192360064,0.09026091901503641,0.11227323095552832,0.37058596334768684,21.62165652002644,57.36391547030689,41.404363721004124,46.418274948107374,-58.595636278995876,1.442632652731497,0.5115415270923115,1.4131025023845663,1.690152682694645,-0.27705018031007866,-8.85431187280476,-11.1360231433516,2.2817112705468414,43.121889235145225,0.23768328238225056,0.2374012624563715,118.82198548979149,6.381591117852757,14387185.748894572
2019-03-11,43.872501373291016,44.779998779296875,43.837501525878906,44.724998474121094,43.05670928955078,128044000,1.49749755859375,1,6945771570.035684,4736172400,0.11731020611338493,27447153.92005191,1.094907957726164,0.07786594239396423,16784191.534330394,43.525102664782224,46.0374064853997,2781.5735167871717,43.25587463378906,44.41889408044696,42.092855187131164,5.377394199073311,1.1315990005815324,1.0,0.0,43.623250071207686,44.25325037638346,42.993249766031894,2.8883694091908034,1.3744030708096269,1.0,0.0,42.3125,44.779998779296875,43.54624938964844,5.704424659510649,0.9777100983241606,0.7459246155930411,0.9808122309421522,0.6697599385143533,0.707385338474993,-0.03762539996063963,43.64020824432373,43.1539421081543,43.551753230851624,42.88199329233727,1.052347180562961,0.8613056429913969,0.19104153757156406,0.2759012354308836,23.21071077967946,-0.01337432861328125,75.30114955987213,87.11462773806458,-11.813478178192454,43.57749938964844,43.131248474121094,43.354373931884766,40.13999938964844,99.99999999998903,27.955699198490247,35.975368622038644,19.84487616370251,174.95877213391447,39.48124980926514,42.12125015258789,100.0,0.0,100.0,42.375,,1.0,0.0,66.61768877682681,1.0,0.36342030633834493,0.27259237947880255,23.606418454507445,68.6690479956011,97.71308386310861,58.51936109373509,-2.286916136891393,1.3620811798993273,4.58318511036174,1.561867551138382,1.6644956563833924,-0.10262810524501043,-5.5815697325772655,-10.025132461196733,4.443562728619468,43.225633692685804,3.464224225036916,3.405570730178198,126.4024697208356,7.893593151199795,46761549.21796143
2019-03-12,45.0,45.66749954223633,44.842498779296875,45.227500915527344,43.54046630859375,129870400,0.50250244140625,1,6937114103.839418,4866042800,0.146021764847415,32849016.65524539,0.6011039880358706,0.10397304917846283,18243335.084758177,43.728591899072086,47.297203427243055,2781.5735167871717,43.39937477111816,44.77279788877046,42.02595165346586,6.329229971148341,1.165536396217846,1.0,0.0,43.79116668701172,44.45041694641113,43.1319164276123,3.0108823732021968,1.5893694830125258,1.0,0.0,42.345001220703125,45.66749954223633,44.00625038146973,7.655636375075827,0.8675699476332791,0.7655822608452605,0.9203701199231507,0.753825969196825,0.7166734646193594,0.03715250457746555,43.80562496185303,43.29230748690092,43.80956056695558,43.05573459775876,1.1053586767883823,0.8251820813241008,0.28017659546428153,0.2752011421456555,23.30691490768031,0.1581241607666044,74.89070117927746,84.30265231647792,-9.411951137200461,44.021249771118164,43.74374961853027,43.88249969482422,40.583749771118164,99.99999999999451,28.716330684954197,40.96192303447623,18.144254918743353,238.04998384813692,39.48124980926514,42.12125015258789,100.0,0.0,100.0,42.375,,0.0,0.0,69.3396843494859,1.0,0.6967536396716781,0.3908157256551839,26.168365305693147,65.10940418787054,86.63633446065329,75.25126068158869,-13.36366553934671,1.455867935629449,4.590392776418559,1.7508143252909798,1.68175939016491,0.06905493512606986,-2.8835706595638313,-8.596820100870152,5.713249441306321,43.407591857751456,1.1235381968699443,1.1172733878123342,128.94618794680608,7.59424471549184,30606884.57720323
2019-03-13,45.5625,45.82500076293945,45.22999954223633,45.4275016784668,43.733009338378906,124130000,0.20000076293945312,1,6895390456.35519,4990172800,0.08350108393017737,31702884.947878096,0.13061985239384458,0.12428542848629799,18792250.992140338,43.9291722865967,54.36612009492129,2793.8739272513417,43.534624862670896,45.129663586036436,41.939586139305355,7.327678731111424,1.0933639064893423,1.0,0.0,43.98558349609375,44.64758377075195,43.32358322143555,3.0100784031522125,1.5890616194362819,1.0,0.0,42.345001220703125,45.82500076293945,44.08500099182129,7.99363622223441,0.8857761101263784,0.7487740195019453,0.7804871836072506,0.8270535359295721,0.738749478881402,0.08830405704817013,43.9614585240682,43.392884474534256,44.05847458411115,43.23142104818158,1.1620226315026991,0.7856034385018991,0.37641919300080007,0.2785277169396104,23.40364877458562,0.04787559509277628,74.39429804071287,81.9846350988841,-7.5903370581712295,44.10000038146973,43.96500015258789,44.03250026702881,40.66250038146973,99.99999999999726,29.534146754766088,40.15484542023014,17.141382507180165,223.7951869823803,39.81375026702881,42.12125015258789,100.0,12.0,88.0,42.50669998168945,,0.0,0.0,70.37508005143255,1.0,1.0,0.6867246486700078,28.56772785284742,64.61343552065209,88.47828995452218,90.94256942609469,-11.521710045477816,1.6146618674783113,4.2931820982337445,1.9130843166312246,1.728024375458173,0.18505994117305158,-1.219491349605135,-7.121354350617149,5.901863001012014,43.598063798771136,0.4422105110627239,0.44123563333351434,129.95861205458428,7.3484293214946845,19975987.84173262
2019-03-14,45.974998474121094,46.025001525878906,45.63999938964844,45.932498931884766,44.21916580200195,94318000,0.5049972534179688,1,6944385800.508332,5084490800,0.14559005943509556,33978234.37644923,0.12449985055198444,0.12500476679189396,19840742.086477883,44.10047208568155,55.13794836954001,2824.932176275122,43.70399990081787,45.543425008459174,41.864574793176565,8.417651069996829,1.1057596533311709,1.0,0.0,44.23066685994466,44.88141721089681,43.57991650899251,2.942530136444621,1.807592127649309,1.0,0.0,42.345001220703125,46.025001525878906,44.185001373291016,8.420282613781797,0.9748634276296012,0.7336466022929617,0.7557859790498679,0.9152851308113199,0.7740566092673855,0.1412285215439344,44.15729173024496,43.484711426955,44.34678602223017,43.43150089141885,1.16092863394362,0.7702118601359631,0.3907167738076569,0.28613553167660843,23.446719803093494,0.013498878479005327,76.78117867737757,80.41868717390186,-3.6375084965242905,44.20000076293945,44.06500053405762,44.132500648498535,40.76250076293945,99.99999999999864,30.437174087038706,39.779457035454264,16.178382421572852,214.04645154244824,40.24375057220459,41.58749961853027,100.0,8.0,92.0,42.70579802856445,,0.0,0.0,72.86666111929047,1.0,1.0,0.8989178798905595,31.410087482249484,65.87801691657494,97.46568341579346,90.860102610323,-2.534316584206533,1.8974558998556716,5.392068948403972,2.1074222903315802,1.8039039584328544,0.3035183318987258,-2.1293995354966797,-6.122963387593056,3.993563852096376,44.036136405093394,1.1116553514043392,1.1055218768405428,132.5149592715042,7.599562807002066,-8720989.832988858
2019-03-15,46.212501525878906,46.83250045776367,45.935001373291016,46.529998779296875,44.79438018798828,156171600,0.5974998474121094,1,6995282259.962416,5240662400,0.1437335299983339,42454559.06125719,0.3167968959516507,0.12098635771298384,21872255.923956715,44.36910358124179,57.45704638056099,2824.932176275122,43.895499801635744,46.04781180435027,41.74318779892122,9.806526921624522,1.112016049331711,1.0,0.0,44.51550025939942,45.19950065612793,43.831499862670896,3.073088666836184,1.9725857832338534,1.0,0.0,42.372501373291016,46.83250045776367,44.602500915527344,10.160492771758932,0.9321744976316371,0.7502820946515562,0.7557844195129816,1.0216456544488537,0.8235744183036793,0.1980712361451744,44.39166673024496,43.59894209641676,44.68266490793274,43.661019253483886,1.1475823567037513,0.7419193643537881,0.40566299234996317,0.29840158976054887,23.544852015492648,-0.6080013275146499,79.11007897804788,79.20372394456645,-0.09364496651856768,44.603750228881836,44.46875,44.53625011444092,41.166250228881836,99.99999999999932,31.80226760137243,43.950681597032634,14.82715503602437,206.89019672804227,40.42500114440918,40.86750030517578,100.0,4.0,96.0,42.97133430834961,,0.0,0.0,75.4929491515728,1.0,1.0,1.0,34.70934190955565,67.12326597337191,93.2136478429312,93.05254040441561,-6.786352157068807,2.3944412119248355,6.4333506685700526,2.3399491627015387,1.9111129992865914,0.42883616341494735,1.706462315615935,-4.557078246951258,6.263540562567194,44.52037360149154,1.3008215562104963,1.2924335364068895,135.53956398312198,7.8190077733600205,68977354.39716746
2019-03-18,46.45000076293945,47.09749984741211,46.4474983215332,47.005001068115234,45.25166320800781,104879200,0.4750022888183594,1,7070311690.116059,5345541600,0.1958576406435244,43506459.20242594,0.24093137914580198,0.1475958924500187,22942917.03198159,44.57467001811723,63.02007715062607,2853.7705447404214,44.115499877929686,46.573053186425184,41.65794656943419,11.141450579935398,1.087881691151287,1.0,0.0,44.804083506266274,45.45858408610026,44.149582926432295,2.9216112845716133,2.181371743327739,1.0,0.0,42.372501373291016,47.09749984741211,44.73500061035156,10.710517816176756,0.9804235324511759,0.7402540377742912,0.7557844195129816,1.131225783991411,0.8851046914412257,0.24612109255018533,44.7014586130778,43.76317288325383,45.03994739411466,43.90872161012325,1.2159484118661776,0.7045570399928959,0.5113913718732818,0.314760582779473,23.673137591862684,-0.37299957275390483,81.74614451193773,78.49276834359495,3.2533761683427826,44.736249923706055,44.60124969482422,44.66874980926514,41.298749923706055,99.99999999999966,33.225226203116634,43.75660786153866,13.922728082497343,186.9026284875495,40.42500114440918,40.86750030517578,100.0,0.0,100.0,43.35745092329102,,0.0,0.0,77.36836520400354,1.0,1.0,1.0,38.089409620699435,71.58051554578807,98.04131747410085,96.24021624427519,-1.9586825258991498,2.6511983983656933,8.587935836062702,2.576312273529285,2.04415285413513,0.532159419394155,0.9738195778477945,-3.450898681991448,4.424718259839242,45.02994049808968,1.0208517113258653,1.015676213215011,137.94407365289314,7.843866367670259,-13102402.402062103
2019-03-19,47.087501525878906,47.247501373291016,46.47999954223633,46.63249969482422,44.8930549621582,126585600,-0.3725013732910156,0,6994030395.680782,5218956000,0.13654636452109856,30555063.625098355,0.05532666913701819,0.1549154411642318,21939761.861949004,44.82933187220149,62.04482188174343,2853.7705447404214,44.31049995422363,46.912804128473304,41.708195779973956,11.745767603335857,0.9461430303915364,0.0,0.0,45.098833592732746,45.79358418782552,44.404082997639975,3.081013586146169,1.6037529963444437,1.0,0.0,42.375,47.247501373291016,44.81125068664551,10.996268104229715,0.8737811174691555,0.7429788171023308,0.7849000291499109,1.1744724906469415,0.942978251282369,0.23149423936457247,44.9422918955485,43.91817283630371,45.28495544037767,44.11048294973073,1.2255950294467044,0.6884411217834469,0.5371539076632575,0.3307098899203162,23.860541308778984,-0.3479984283447237,83.29152879996938,78.39443155231697,4.897097247652411,44.81125068664551,44.78000068664551,44.79562568664551,41.37375068664551,99.99999999999983,34.6348530292604,42.01375287367089,12.920546796493174,149.58832484287257,40.453125953674316,40.86750030517578,100.0,0.0,100.0,43.80625679418555,,0.0,0.0,72.67170860435323,0.791797429325594,0.9305991431085309,0.9768663810361771,39.402319164688095,64.20752522691856,87.37811174691555,92.8776923546492,-12.621888253084443,2.7425442527322232,6.606845446615867,2.662570010818961,2.167836285471896,0.4947337253470647,1.9225259319738457,-2.376213759198389,4.298739691172234,45.28002757907714,-0.7924717898659783,-0.7956285361644166,136.05843399353606,7.064770145032213,30323974.180674583
2019-03-20,46.557498931884766,47.372501373291016,46.182498931884766,47.040000915527344,45.28535461425781,124140800,0.407501220703125,1,7048798442.498241,5343096800,0.16692361003551925,33416844.18423609,-0.08267875970769788,0.14861621413396855,23024574.554172702,45.09385096789972,69.51120527410885,2878.7084097101056,44.51212501525879,47.297775660749025,41.72647436976855,12.516367819039475,0.9537316810277341,0.0,0.0,45.41908353169759,46.194084294637044,44.64408276875814,3.412665790134607,1.5457521213797747,1.0,0.0,42.375,47.372501373291016,44.87375068664551,11.227281042138223,0.9334666600512188,0.7876811795327228,0.7395706465422787,1.2274781560240697,0.9998782322307093,0.22759992379336047,45.1987501780192,44.098269095787636,45.55496243655455,44.32748428053048,1.1799772177221264,0.6946532472731224,0.485323970449004,0.34682677368175874,24.212746827807543,-0.6296253204345703,85.49681473466006,78.83981174512516,6.657002989534902,44.87375068664551,44.85875129699707,44.86625099182129,41.661251068115234,99.99999999999991,35.377170529132236,37.50585439982953,14.216621175391401,130.30675050510396,40.9481258392334,40.86750030517578,100.0,8.0,92.0,44.28803103526032,,0.0,0.0,74.49570677842186,0.8726551843453644,0.8881508712236523,0.9395833381107278,41.07115712445825,61.58710296053664,93.34666600512189,92.9220317420461,-6.653333994878117,2.8166618571561983,7.000282701922321,2.7691130591933972,2.2880916402161966,0.48102141897720063,2.4584546051232823,-1.4092800863340547,3.867734691457337,45.655786344582424,0.8738566951588034,0.8700606660803967,138.12124642347555,7.531505174828126,19205927.516978234
2019-03-21,47.505001068115234,49.08250045776367,47.45249938964844,48.772499084472656,46.9532356262207,204136800,1.7324981689453125,1,7175287823.024575,5547233600,0.22203334293338692,79166813.90282458,1.1897419859692433,0.2325747208052293,30542997.7117202,45.599180450205736,71.6768201431964,2878.7084097101056,44.8125,48.04028822794808,41.58471177205192,14.40574941343635,1.1134230012651796,1.0,0.0,45.93800010681152,46.815501022338864,45.06049919128418,3.82037055808718,2.115097447481132,1.0,0.0,42.375,49.08250045776367,45.728750228881836,14.96792291830108,0.9537828770578464,0.9131630158030835,0.7395706465422788,1.3932234383177473,1.078547273448117,0.31467616486963035,45.60625012715658,44.330961374136116,46.04996807469579,44.65674463637804,1.2280385735581203,0.5782189950076921,0.6498195785504282,0.36948609120103015,24.677830569332055,-1.1824989318847656,93.19048309606876,80.46693084199154,12.72355225407722,46.46000099182129,45.7137508392334,46.086875915527344,42.77874946594238,99.99999999999996,37.020677071696625,45.154589042958484,11.863726102723094,175.7972954397981,41.35000038146973,40.86750030517578,100.0,4.0,96.0,44.78154628934523,,0.0,0.0,80.46532611519017,1.0,0.8881508712236523,0.9023002951852787,44.88568031293197,67.26382968540275,95.37828770578463,92.03435515260738,-4.621712294215366,3.110352920083443,11.143392978192615,3.119849979352966,2.4544433080435506,0.6654066713094156,8.027467613984768,0.4780694537297101,7.549398160255058,46.76471412233819,3.6830317500555987,3.6168287604782634,146.89132753288027,8.993202236224086,99150784.29297422
2019-03-22,48.834999084472656,49.42250061035156,47.69499969482422,47.76250076293945,45.980899810791016,169630800,-1.0099983215332031,0,7018913467.733025,5377602800,0.11388792571881932,43382008.59094472,0.2966059448171676,0.22546789557053906,27030222.551612012,45.96936155548317,62.51833917856761,2819.0950883390797,45.038500022888186,48.42403305256275,41.652966993213624,15.033951077207556,0.9023001276571675,0.0,0.0,46.471666717529295,47.4326675415039,45.51066589355469,4.1358569289795435,1.1716092292571565,1.0,0.0,42.375,49.42250061035156,45.89875030517578,15.647724961466484,0.7644555227176772,0.9945968057755096,0.923729508282886,1.4266339963649273,1.148164618031479,0.2784693783334482,45.95062510172526,44.5316345508282,46.31343464211789,44.88680064575296,1.212492963079745,0.6265334007149943,0.5859595623647507,0.39004340607131455,25.224816493462725,-1.9135000228881864,98.3138854248576,83.02390149365658,15.289983931201022,47.13249969482422,45.883750915527344,46.50812530517578,43.2762508392334,99.99999999999997,38.69380886704749,41.81765903311721,10.309591505567454,144.14637620323668,41.59937572479248,40.86750030517578,100.0,0.0,100.0,45.55571803966055,,0.0,0.0,70.15599092811453,0.5981560521061885,0.8236037454838504,0.8666351626437185,44.18224703149771,58.18966847770581,76.44555227176772,88.39016866089143,-23.554447728232276,3.3484409556669377,9.471692857335833,3.1782928964439585,2.5992132257236324,0.5790796707203261,9.807923609605076,2.3440402849047834,7.4638833247002925,46.95665117941171,-2.0708356973546005,-2.0925781911268704,141.77861378865674,6.936787270863881,20275792.74323672
2019-03-25,47.877498626708984,47.994998931884766,46.650001525878906,47.185001373291016,45.424957275390625,175381200,-0.5774993896484375,0,6983055087.3607435,5202221600,0.12059795703554665,22715645.084265403,-0.9480793497590306,0.16261887138955453,24909677.47256542,46.18825897430812,58.917468281408375,2819.0950883390797,45.21987514495849,48.65688938969752,41.78286090021947,15.201343363824893,0.7858769397509052,0.0,0.0,46.75458348592122,47.75583432515462,45.75333264668783,4.28300613365487,0.7149400881897569,0.0,0.0,42.375,49.42250061035156,45.89875030517578,15.58496255852064,0.682511664663917,1.0296368657985444,1.2679327087921162,1.390484094847423,1.196628513394668,0.19385558145275517,46.28895854949951,44.70413457430326,46.44752183152914,45.057037736681714,1.1143915455987217,0.721841564434244,0.3925499811644777,0.4048119403514159,25.717283482295926,-1.9923742294311495,99.51871852251536,85.76034786512747,13.758370657387886,47.326250076293945,45.89750099182129,46.61187553405762,43.36375045776367,99.99999999999999,38.63517008560117,37.67904223846135,16.97861934734524,88.8971873193628,41.727500915527344,40.86750030517578,96.0,4.0,92.0,46.32907455379875,,0.0,0.0,65.02591364001756,0.39819257502052097,0.6654495423755694,0.7924013863610243,41.740574102181974,54.7072218148461,68.2511664663917,80.02500214798135,-31.748833533608305,3.312705892675062,9.414495938066123,3.0860530667230393,2.6965811939235143,0.389471872799525,11.298870315668669,4.135006291057561,7.163864024611108,46.97675217356137,-1.2091062662626273,-1.216475416893248,138.85525341885514,6.651833830741644,35077869.14871943
2019-03-26,47.915000915527344,48.220001220703125,46.14500045776367,46.6974983215332,44.955631256103516,199202000,-0.4875030517578125,0,6889933703.256719,5003019600,0.07516737336600138,5597469.655618953,-0.14583128700091647,0.1568158598392347,22851574.683757834,46.38295988600695,55.14812052481168,2819.0950883390797,45.37562503814697,48.78392515385905,41.96732492243489,15.022603491838387,0.6939197310255143,0.0,0.0,46.93208351135254,48.05833435058594,45.80583267211914,4.799492180912734,0.3958557092046171,0.0,0.0,42.375,49.42250061035156,45.89875030517578,15.531467840777461,0.6133377718597426,1.1341732555126351,1.6910572812016276,1.3074264175086299,1.2187880942174605,0.08863832329116939,46.578125,44.86153837350699,46.48597975306823,45.1785533355596,1.0806350646927305,0.729644682858597,0.35099038183413356,0.41201316737424826,26.26879874931477,-0.6506265640258775,99.2437775903029,88.52140114841525,10.722376441887647,47.53125,45.89750099182129,46.714375495910645,43.36375045776367,100.0,37.908882625107026,32.35840023792902,18.017748585269374,70.43413656772752,41.79875087738037,40.86750030517578,92.0,0.0,92.0,,49.42250061035156,0.0,1.0,60.972651266385476,0.2402018875015344,0.41218350487608085,0.6337455975785004,38.36540064969523,49.63523517195692,61.333777185974256,68.67683197471123,-38.666222814025744,3.26605156169218,8.027291267165145,2.8939094348547174,2.7360468421097552,0.15786259274496217,13.498151393914082,6.007635311628865,7.490516082285216,46.965178228172434,-1.0331737576970035,-1.0385480469770947,136.38746362165088,6.472286659362361,55227712.38707474
2019-03-27,47.1875,47.439998626708984,46.63750076293945,47.11750030517578,45.35995864868164,119393600,0.4200019836425781,1,6913366336.031354,5122413200,0.04533328218806905,11961480.96684889,-0.096621582985011,0.16608934564748998,23925412.697283823,46.58405112107553,60.52157052506722,2844.4503123176087,45.54562511444092,48.94531023605481,42.145939992827024,14.928701112660638,0.7311795261186818,0.0,0.0,47.08916676839193,48.23616727193196,45.942166264851885,4.8716109553671245,0.5123511440040397,0.0,0.0,42.375,49.42250061035156,45.89875030517578,15.473496285633475,0.672933649443019,1.101005716338325,1.850111779418758,1.260957724072128,1.227222020188394,0.033735703883733814,46.77750015258789,45.03019230182354,46.58313676108477,45.322179037012646,1.1414581639362305,0.7660500691187618,0.3754080948174686,0.4148996573180314,26.613298317714623,-0.3181241989135728,99.18367664471694,91.01056758923073,8.173109055486208,47.67875099182129,45.89875030517578,46.788750648498535,43.36375045776367,100.0,37.234472840362464,30.561010721291947,17.01692925605527,65.62843148292961,41.79875087738037,40.86750030517578,88.0,48.0,40.0,,49.35695060729981,0.0,0.0,63.10632893493919,0.29776507968956306,0.31205318073720567,0.46322874266295216,36.38490202776274,49.222194230422126,67.2933649443019,65.62610286555595,-32.706635055698094,3.2157647637759936,5.34936145931686,2.782208955669053,2.7452792648216153,0.03692969084743769,10.702916243700585,6.94669149804321,3.7562247456573754,46.97248736317489,0.8994100299563712,0.8953894277632379,138.51355617902348,7.206619051770417,-39294475.86988625
2019-03-28,47.23749923706055,47.38999938964844,46.88249969482422,47.18000030517578,45.42013168334961,83121600,0.0625,1,6927697904.912426,5205534800,0.08615671419321899,10994855.114441907,0.0595286216904552,0.20263229756903892,24035671.093131468,46.78793497857208,64.97804940985978,2848.2233933038324,45.740250205993654,49.04490638919165,42.435594022795655,14.449663778905029,0.7178365946966448,0.0,0.0,47.21766675313314,48.37691701253255,46.05841649373372,4.910239489216149,0.4837539618162904,0.0,0.0,42.375,49.42250061035156,45.89875030517578,15.407656448342037,0.6818020417221482,1.0416551141869141,1.99619024206765,1.215166494467205,1.2248109150441564,-0.009644420576951473,46.940208435058594,45.19067309452937,46.67496192171416,45.45979542724695,1.2006689662177892,0.7416786269570446,0.4589903392607446,0.41420480182364894,26.79296590699437,-0.3127485275268569,99.2386551127715,93.24707604864446,5.991579064127038,47.78375053405762,45.89875030517578,46.8412504196167,43.36375045776367,100.0,36.60823518309966,29.447040950030395,16.396650530203612,63.084960951986474,41.69687557220459,40.548749923706055,84.0,44.0,40.0,,49.29271160430908,0.0,0.0,63.42676142222352,0.12589909670547514,0.22128868796552373,0.3151751245262702,34.94245140808229,50.20880802758392,59.84779457868933,62.824978902988505,-40.15220542131067,2.8688896964578063,4.317062296444756,2.6730575512860275,2.7308349221144983,-0.05777737082847079,6.28635385903554,6.814623970241676,-0.5282701112061368,46.97972905436255,0.13264710478100294,0.13255920623032047,138.82993750580516,7.112581685119906,-35991583.61437315
2019-03-29,47.45750045776367,47.52000045776367,47.1349983215332,47.48749923706055,45.716163635253906,94256000,0.3074989318847656,1,7006040044.856544,5299790800,0.08299354133945337,13564678.572911702,0.07811874024721321,0.13000449632054245,24649991.12569303,46.974560838789046,64.49856085881632,2848.2233933038324,45.92750015258789,49.182170215930704,42.672830089245075,14.173077361187152,0.7396554879775448,0.0,0.0,47.3125,48.42050056457519,46.20449943542481,4.683754037834367,0.5789707346077217,0.0,0.0,42.375,49.42250061035156,45.89875030517578,15.344838249278098,0.7254343801760255,0.9759898163912697,2.116742807782355,1.1899719530813044,1.217843122651586,-0.027871169570281573,47.11187489827474,45.37230770404522,46.79996766253667,45.60999570945537,1.1754988377386548,0.7795938202456633,0.39590501749299156,0.4116710491384654,26.87156291901115,0.004998779296876421,98.59572076804702,95.11925118821216,3.4764695798348555,47.78375053405762,45.89875030517578,46.8412504196167,43.46750068664551,100.0,36.13639592590885,29.571947475430484,15.922486485496112,67.42430751814986,41.71000099182129,39.696250915527344,80.0,40.0,40.0,,49.22975738137818,0.0,0.0,65.03576488616753,0.20844310241142738,0.2107024262688214,0.24801476499051708,34.24676455608536,48.40399289862934,57.751078609385154,61.630746044125466,-42.248921390614846,2.4772719214944274,4.534692603556085,2.609015709323148,2.7064710795562283,-0.09745537023308026,3.276525418353583,6.107004259864058,-2.8304788415104754,46.99322515123179,0.6517569518774025,0.6496421999774071,140.38652822666373,7.370904260025284,2985651.9499935657
2019-04-01,47.90999984741211,47.91999816894531,47.095001220703125,47.810001373291016,46.026634216308594,111448000,0.32250213623046875,1,7087769333.997794,5411238800,0.1158334764016962,16761469.93086907,0.13324573115056526,0.0965860494001635,25406868.591469605,47.130986544645694,64.27090805024679,2848.2233933038324,46.1198751449585,49.341887391840515,42.89786289807648,13.972337248333702,0.7622780577522749,0.0,0.0,47.38833338419597,48.51383349100748,46.26283327738444,4.7501147494960305,0.6873247219361077,0.0,0.0,42.375,49.42250061035156,45.89875030517578,15.280831936774975,0.7711955874552088,0.9608905295763615,2.1814621707436106,1.1823983722294784,1.2107541725671647,-0.028355800337686254,47.268333435058594,45.54798082204965,46.95535746419119,45.77295909196171,1.1125762310717597,0.8111015150003269,0.30147471607143284,0.40859884429415483,26.931504051267844,0.41012363433837606,97.08326743544384,96.65166659215377,0.4316008432900702,47.78375053405762,45.89875030517578,46.8412504196167,43.673749923706055,100.0,36.0302384253594,30.755117371628298,14.926388405527641,71.94772031817214,41.86500072479248,39.696250915527344,76.0,36.0,40.0,,49.16806224290589,0.0,0.0,66.69088792281651,0.2933531031931047,0.2092317674366686,0.21374096055700473,34.16223167149655,45.649045475794324,61.53848953494826,59.712454241007585,-38.46151046505174,2.368683613047885,4.0875251402944075,2.5831809777776025,2.681813059200503,-0.0986320814229007,1.890650810619995,5.263733570015246,-3.373082759395251,47.01149414178407,0.6791305952341675,0.6768348914307332,142.0190666866722,7.516364033344487,21594449.288812548
2019-04-02,47.772499084472656,48.6150016784668,47.76250076293945,48.505001068115234,46.695709228515625,91062800,0.6949996948242188,1,7155331951.422328,5502301600,0.1309637000830698,23408205.399293326,0.6377659697661037,0.1328107720696106,26730621.287389737,47.29773210533289,63.76177267253858,2889.62716515654,46.351000213623045,49.56102873101773,43.14097169622836,13.850956840630257,0.8355111711344569,0.0,0.0,47.53908348083496,48.67308349609375,46.40508346557617,4.770811434410408,0.925889583017263,0.0,0.0,42.375,49.42250061035156,45.89875030517578,15.204635450952422,0.8698120662964286,0.9500515681714596,2.186381387988181,1.2184316008104048,1.2122896582158127,0.006141942594592109,47.43291695912679,45.738269365750824,47.19376417248719,45.97533257167679,1.1298791312765313,0.77791015756055,0.35196897371598124,0.4075169977186861,26.966778201599446,0.6540008544921889,96.73350735522033,97.90018799443824,-1.1666806392179154,47.78375053405762,45.89875030517578,46.8412504196167,43.673749923706055,100.0,36.44751716682777,34.059559994746245,13.954884280596405,98.90728803787394,42.051249504089355,39.73374938964844,72.0,32.0,40.0,,49.107601007203044,0.0,0.0,69.98802859716741,0.46250078045778154,0.3214323286874374,0.24712217413097595,35.10432319930187,55.213405551405266,75.74357577957966,65.01104797463769,-24.256424220420346,2.4051909951602752,4.244578423881498,2.6501855074367042,2.6754875488477436,-0.025302041411039422,-0.5551600738046648,4.0999548412512645,-4.655114915055929,47.1061386269429,1.4536701001068852,1.443205607203124,145.5372254956541,7.990343455189446,-5654826.911153078
2019-04-03,48.3125,49.125,48.287498474121094,48.837501525878906,47.015811920166016,93087200,0.3325004577636719,1,7184508992.137258,5595388800,0.1503105238131513,24485824.14395692,0.46559073464305295,0.15717440664754403,27368731.50139579,47.44361161604911,63.84919522864825,2889.62716515654,46.61137523651123,49.74009269858898,43.48265777443348,13.42469492136757,0.8557570020863001,0.0,0.0,47.727583440144855,48.826333363850914,46.6288335164388,4.604255420071697,1.0050822128798529,1.0,0.0,42.375,49.42250061035156,45.89875030517578,15.119701091400483,0.9169919781754409,0.9387965639422043,2.1863813879881815,1.2593017554368942,1.221692077660029,0.03760967777686508,47.585625330607094,45.94038479144756,47.446646842239765,46.18734508680287,1.1497566603964828,0.7749453480668582,0.3748113123296246,0.408394588198459,26.97158114897486,0.021124458312989702,96.03808776962744,98.21658851372254,-2.1785007440951034,47.78375053405762,45.89875030517578,46.8412504196167,43.673749923706055,100.0,37.16847078733633,35.78840781004416,13.055861142577681,117.74516805163043,42.051249504089355,39.73374938964844,68.0,28.000000000000004,40.0,46.14500045776367,,1.0,0.0,71.44435496536013,0.5372122492268829,0.4310220442925892,0.3205620468055652,36.328110210001064,57.598699245289026,83.22582903370825,73.50263144941206,-16.77417096629174,2.564977668313425,3.8985223191638356,2.7265082092729225,2.6856916809327793,0.040816528340143154,-2.405120102622505,2.798939852476511,-5.204059955099016,47.2113424999295,0.685497269233637,0.6831584191218543,147.2203764713788,7.881963501112374,7230448.391991422
2019-04-04,48.6974983215332,49.092498779296875,48.28499984741211,48.92250061035156,47.097633361816406,76457200,0.08499908447265625,1,7228773991.034655,5671846000,0.19329627695861865,21916248.12358347,-0.01848245776814224,0.13322588138184455,27501801.208041184,47.589745678414666,62.339649407857976,2894.656408173312,46.90125026702881,49.74555342685725,44.056947107200365,12.128901228153245,0.855315560568563,0.0,0.0,47.76066678365071,48.77716649373373,46.74416707356771,4.256639525941358,1.071487534711625,1.0,0.0,42.375,49.42250061035156,45.89875030517578,15.026253181369661,0.9290528617669666,0.9256668007364605,2.1863813879881815,1.283752068444791,1.2341040758169814,0.0496479926278095,47.776458740234375,46.140577169565056,47.67370126810312,46.38994919965833,1.1307795937032659,0.830408346345101,0.3003712473581649,0.4100275711483798,26.970582112500963,0.13875064849853658,94.20314501290875,97.75983957906155,-3.5566945661527996,47.635000228881836,45.89875030517578,46.76687526702881,43.673749923706055,100.0,37.833493899305836,33.544490433490886,12.256665401004303,119.27978316161038,42.051249504089355,39.73374938964844,64.0,24.0,40.0,46.204600448608396,,0.0,0.0,71.82079825423308,0.5565242878153701,0.5187457725000111,0.42373338182667936,37.43118641183183,67.3750577877078,84.74447058056722,81.23795846461839,-15.255529419432783,2.69580852284151,4.910740214472168,2.767306476063668,2.7020146399589575,0.06529183610471057,-5.061560649324067,1.2268397521163956,-6.288400401440462,47.22385780852514,0.1740447029781267,0.1738934206920728,147.65065044130984,7.681823535155935,-7092595.312545121
2019-04-05,49.11249923706055,49.275001525878906,48.98249816894531,49.25,47.41291427612305,74106400,0.3274993896484375,1,7290212002.563385,5745952400,0.184534926807686,22252469.930077687,0.17367141470160077,0.12842159820725874,27997887.885260366,47.70147245243609,61.76414172271472,2914.033958279941,47.20237522125244,49.67854034395333,44.72621009855155,10.491697127927665,0.9134669291590101,0.0,0.0,47.84825007120768,48.72125002543132,46.97525011698405,3.6490360793735888,1.3028350528602861,1.0,0.0,43.837501525878906,49.42250061035156,46.630001068115234,11.8320297618372,0.9691135830565941,0.8683502122155489,2.186381387988181,1.3144039508195817,1.2501640508175016,0.06423990000208013,47.960625330607094,46.36990415132963,47.91620876531803,46.60180481449845,1.1420701604655783,0.8284827715233772,0.31358738894220106,0.4126402448926593,26.853956052663015,1.5701238632202177,94.39201777269507,97.19020616241487,-2.7981883897197974,47.71000099182129,45.89875030517578,46.804375648498535,43.673749923706055,100.0,38.574287050455766,34.06642849479276,11.905732896923022,140.4739769523927,42.05812454223633,39.73374938964844,60.0,20.0,40.0,46.26300843963623,,0.0,0.0,73.2822624947354,0.6314993362291049,0.5750786244237855,0.5082821470721287,38.78950567747938,69.65944862324805,94.73682372782325,87.56904111403293,-5.263176272176746,2.8664262547212473,4.698127213988132,2.8205000987658164,2.7257117317203297,0.09478836704548677,-7.393730709745136,-0.4972743402559108,-6.896456369489226,47.42123899893882,0.6694248772294742,0.667194178598729,149.3084855039846,7.864329567997345,1269196.4071891606
2019-04-08,49.10499954223633,50.057498931884766,49.084999084472656,50.025001525878906,48.15900421142578,103526800,0.7750015258789062,1,7386819824.712561,5849479200,0.17965993593110188,30535463.935689494,0.415670499161093,0.15416044320897834,29626993.021694075,47.890559677504136,68.5985939148949,2914.033958279941,47.46737537384033,49.96065797576543,44.97409277191524,10.505247371647028,1.0129033808810515,1.0,0.0,48.09283332824707,48.92858352661133,47.257083129882815,3.4755706433847484,1.6559483930805563,1.0,0.0,44.842498779296875,50.057498931884766,47.44999885559082,10.986493589577991,0.9937684745819743,0.8787651757352049,2.176098712549633,1.3852634795215693,1.277183936558315,0.10807954296325417,48.06500053405762,46.61153881366436,48.24063842078894,46.85537494126737,1.1448465635335925,0.7879098257119278,0.3569367378216647,0.4182678581217577,26.679627708886034,0.2951253890991197,95.83594966814476,96.8115586155084,-0.9756089473636393,48.34749984741211,46.21624946594238,47.281874656677246,43.99625015258789,100.0,39.74162228081225,37.70381371762013,10.972339988166981,158.80566217306017,42.060625076293945,39.73374938964844,100.0,16.0,84.0,46.383488163085936,,0.0,0.0,76.40132369495001,0.7915113009495787,0.6598449749980174,0.5845564573072716,40.96060812849458,74.16852088881909,99.16939504971539,92.88356311936862,-0.8306049502846033,3.0746173522051663,2.568050571361844,2.9564665340059273,2.7718626921774496,0.18460384182847767,-7.00506548833056,-1.7988325698708407,-5.206232918459719,48.105865687952466,1.5736071591449852,1.5613543354025872,153.23162168023123,8.38831541411475,35259523.43327026
2019-04-09,50.08000183105469,50.712501525878906,49.807498931884766,49.875,48.01460266113281,143072800,-0.15000152587890625,0,7265089652.639437,5706406400,0.13288539060926924,23107377.900338486,0.43566746534139195,0.19118517356962766,29197984.772675525,48.14831878477343,69.10694603755438,2914.033958279941,47.69975032806396,50.18095757574768,45.21854308038025,10.40343914011602,0.9383450181291189,0.0,0.0,48.40391667683919,49.12266705830892,47.68516629536946,2.9698025730783226,1.523361768624512,1.0,0.0,45.22999954223633,50.712501525878906,47.97125053405762,11.493775011264512,0.8472409990224081,0.8813889175610985,2.177573852870055,1.41302779220063,1.3043527076867782,0.10867508451385177,48.241042137145996,46.83894260113056,48.49207866374449,47.07905087154386,1.2183552531452921,0.7470129764441288,0.47134227670116335,0.4240797066572614,26.627874745196618,-0.5147489547729478,98.70840220834889,96.75875034480083,1.9496518635480555,48.79750061035156,46.54375076293945,47.67062568664551,44.563751220703125,100.0,41.16242187098211,40.229524303564034,10.173049772023385,160.71933658062528,42.4662504196167,39.96875,100.0,12.0,88.0,46.60392880921387,,0.0,0.0,74.58638655497916,0.6984026253035504,0.7071377541607441,0.6473537845275158,42.21696534105473,65.33975380817448,81.66390082039983,91.85670653264617,-18.336099179600165,3.276477488349464,4.422924267608088,3.001393966195505,2.8177689469810607,0.1836250192144444,-3.7119573511779738,-2.1814575261322675,-1.5304998250457063,48.774385973537,-0.2998531160489981,-0.300303576209604,152.4722987718017,7.721339555579796,61070538.23955411
2019-04-10,49.66999816894531,50.185001373291016,49.54499816894531,50.154998779296875,48.28415298461914,86781200,0.279998779296875,1,7343734452.408172,5793187600,0.1844460456118252,23277556.781135555,-0.29130912995760555,0.08539580814628131,29685175.350438293,48.209207738123624,61.361787732353875,2930.393375846819,47.93612518310547,50.40714184106464,45.46510852514629,10.309622016883655,0.9489798943775607,0.0,0.0,48.69358329772949,49.396084213256835,47.99108238220215,2.885394205770427,1.5401520120940706,1.0,0.0,45.63999938964844,50.712501525878906,48.17625045776367,10.581794245685535,0.8900931470092335,0.857250346239559,2.177573852870055,1.4410136629648704,1.3316848987423968,0.10932876422247362,48.48854192097982,47.08019256591797,48.74791252767562,47.30689886471075,1.1559264019703557,0.910817173185744,0.24510922878461172,0.43004408415050227,26.60206310501298,-1.2386268615722642,101.28203227060983,96.98579225122732,4.296240019382509,48.903751373291016,46.54375076293945,47.723751068115234,44.563751220703125,100.0,41.989202940746615,38.11497466776185,11.79419680725768,131.41419931615332,42.4662504196167,39.96875,96.0,8.0,88.0,46.93261462654707,,0.0,0.0,75.74466538721165,0.9574390920036243,0.8157843394189174,0.7275890228592264,43.61124214562127,64.90136194841182,87.79414086022135,89.5424789101122,-12.20585913977866,3.3014261245727567,6.294367531134632,3.0460962302473282,2.8634344036343142,0.182661826613014,-5.194693605148378,-2.78410474193549,-2.4105888632128876,49.29239957117371,0.561401061246869,0.5598310786807836,153.88968093646093,7.9348601580357325,-19559906.022587568
2019-04-11,50.212501525878906,50.25,49.61000061035156,49.73749923706055,47.88223648071289,83603200,-0.4174995422363281,0,7293441575.38936,5709584400,0.1442352533643298,14965863.27961731,0.049759222282995716,0.06776389939384045,28989246.757496122,48.29016495174251,64.69323204910819,2906.0002361246534,48.12637519836426,50.53619451030951,45.71655588641901,10.014547332985739,0.8342831619595084,0.0,0.0,48.965083312988284,49.680834197998045,48.249332427978516,2.9235154382752073,1.0395843304208616,1.0,0.0,45.935001373291016,50.712501525878906,48.32375144958496,9.926989375153005,0.7959178947822289,0.8355252505804469,2.117784398811258,1.4132133000750997,1.3479905790089375,0.06522272106616223,48.741875330607094,47.31509634164664,48.900156636811765,47.486943336736665,1.1552628604525081,0.9257169458416854,0.22954591461082274,0.43312020675321555,26.530603869711452,-1.0088748931884766,100.63758646909284,97.2126662180102,3.4249202510826393,48.903751373291016,46.54375076293945,47.723751068115234,44.6200008392334,100.0,42.79537105798321,36.61714322008111,11.162351484252172,112.91044873786156,42.561875343322754,39.96875,92.0,4.0,88.0,47.23500557849362,,0.0,0.0,70.57921635242556,0.6226436610485397,0.759495126118571,0.7608057398994109,43.329874580218146,61.209471218116356,78.6534852586101,82.7038423130771,-21.346514741389893,3.347249861324535,6.509986669083588,2.976003930288381,2.885948308965128,0.09005562132325284,-6.594652422578613,-3.546214278064115,-3.048438144514498,49.39562567743287,-0.8324186071133277,-0.835902558310897,151.77625599080517,7.298253174169247,2024256.8514318764
2019-04-12,49.79999923706055,50.03499984741211,49.0525016784668,49.717498779296875,47.862972259521484,111042800,-0.020000457763671875,0,7332715880.096686,5598541600,0.14208233896873462,12510610.406620571,-0.34175062948985213,0.11107309369878178,28944594.194230437,48.51012803084633,67.21820869129705,2906.0002361246534,48.285750198364255,50.67369468461459,45.89780571211392,9.890886965369043,0.7997868227625387,0.0,0.0,49.18716672261556,49.96266721089681,48.41166623433431,3.1532635032815794,0.8419288992690994,0.0,0.0,46.14500045776367,50.712501525878906,48.42875099182129,9.459314703305498,0.782155990388719,0.8502225424169335,1.944895423239485,1.3737319159942771,1.3531388464060055,0.020593069588271673,48.95854187011719,47.568653987004204,49.02590158180948,47.6521696658152,1.2022012954491348,0.818731294899239,0.3834700005498958,0.4331399496058657,26.418188108644603,-1.1057498931884737,99.74111988514332,97.50798315686569,2.2331367282776284,49.23750114440918,46.54375076293945,47.890625953674316,45.385000228881836,100.0,42.501973632185695,33.63788617787834,14.87090040116928,87.97275940648424,42.984375,39.96875,88.0,0.0,88.0,47.51320525428444,,0.0,0.0,70.33177276166387,0.6066057555250823,0.7288961695257483,0.768058545021079,43.03120661085349,62.328214164726845,78.2155990388719,81.55440838590113,-21.7844009611281,3.259183816348802,5.518116320435378,2.882831832481633,2.8853250136684294,-0.0024931811867965337,-5.559358846671344,-3.948843191785561,-1.6105156548857833,49.463401506583814,-0.040212029294728335,-0.040220116499334324,151.67501164898897,7.42776079228986,35148755.16024101
2019-04-15,49.64500045776367,49.962501525878906,49.502498626708984,49.807498931884766,47.94963073730469,70146400,0.09000015258789062,1,7355589212.996584,5668688000,0.1219039273850549,11625264.163316377,0.12377717368161226,0.13033084089039096,29071575.375072148,48.79658496566285,78.58758208151798,2911.260767549066,48.42587509155273,50.82562905838279,46.02612112472268,9.911040171367643,0.787867810498316,0.0,0.0,49.40208333333333,50.14108441670736,48.66308224995932,2.9917810485348113,0.7742997322144932,0.0,0.0,46.14500045776367,50.712501525878906,48.42875099182129,9.431943273053987,0.8018604526856549,0.8112005780922324,1.588718445728217,1.3343236424508547,1.3493758056149754,-0.015052163164120724,49.177500089009605,47.821730833787186,49.14614732797491,47.811823685524054,1.3307421208558232,0.8192079284444269,0.5115341924113963,0.4306042597516446,26.173758001562465,-0.9383758544921861,99.5598714764243,97.82202361477725,1.7378478616470545,49.49875068664551,47.275001525878906,48.38687610626221,45.92625045776367,100.0,42.22953316537372,32.31230901938281,14.284878860047117,88.94782769726308,43.09749984741211,39.96875,84.0,0.0,84.0,47.769148956012,,0.0,0.0,70.82740823874414,0.5807508346696534,0.6033334170810914,0.6972415709084704,42.91031378675279,63.225907008724185,77.79135154464787,78.22014528070997,-22.208648455352137,3.1098531498628503,5.569094128260827,2.7907817347173203,2.8664163578782076,-0.07563462316088732,-7.8436451713284105,-4.727803587694131,-3.115841583634279,49.531127803343225,0.1810230900540999,0.18085944072407933,152.13060153196997,7.531519716354339,-18810096.9164989
2019-04-16,49.8650016784668,50.342498779296875,49.63999938964844,49.8125,47.95444107055664,102785600,0.005001068115234375,1,7303282172.826294,5771473600,0.13350631154012516,10037946.109537642,0.1768448307133324,0.14986415615455836,29081895.864915814,49.04076062002628,78.42703984654256,2911.260767549066,48.58487510681152,50.90845031466137,46.261299898961674,9.565014637751275,0.7641672387106582,0.0,0.0,49.56583315531413,50.28983408610026,48.84183222452799,2.921370971481431,0.670349811855933,0.0,0.0,46.14500045776367,50.712501525878906,48.42875099182129,9.401076071665928,0.802955377030642,0.8003304592478528,1.3171448414307374,1.288641192630287,1.3372288830180379,-0.048587690387750904,49.37125015258789,48.01740396939791,49.24866312367108,47.96002193104079,1.2981255432654792,0.6998484557443234,0.5982770875211558,0.42560647202088936,25.937136052408533,-0.7748737335205078,99.06956986474967,98.15885495867971,0.9107149060699555,49.49875068664551,47.77750015258789,48.6381254196167,46.09749984741211,100.0,42.2829864232521,33.637960470410626,13.415416958957731,90.73363494976181,43.354373931884766,40.13999938964844,80.0,0.0,80.0,48.00461716160135,,0.0,0.0,70.8565433081987,0.5726422001606281,0.5866662634517874,0.6396319500195425,42.81634912554049,58.549479289017015,76.5012768771688,77.5027424868962,-23.4987231228312,2.8641911674948304,4.896026955079072,2.686907012851572,2.8305144888728804,-0.1436074760213084,-7.030623539796449,-5.188367578114595,-1.842255961681854,49.572113780572835,0.010040793499932477,0.010040289445978345,152.15591744501995,7.4844517979934295,33837883.5705688
2019-04-17,49.8849983215332,50.845001220703125,49.65250015258789,50.782501220703125,48.88825225830078,115627200,0.970001220703125,1,7406789132.109995,5887100800,0.15511738168038358,24626600.25767289,0.26556981024578097,0.1645813839085102,31333509.920554142,49.27461580838361,79.04372933616337,2911.260767549066,48.77200012207031,51.169399445317175,46.374600798823444,9.831047803028255,0.9193087649474133,0.0,0.0,49.733499908447264,50.49300079345703,48.9739990234375,3.054282873346553,1.1905859709711692,1.0,0.0,46.14500045776367,50.845001220703125,48.4950008392334,9.636678321938675,0.9867021298181851,0.839547520134591,0.986586312948057,1.3155437445063853,1.3328918553157074,-0.01734811080932208,49.618958473205566,48.23105782728929,49.48463821552217,48.16909447101578,1.2567504369460472,0.6669827809284796,0.5897676560175675,0.42240478665035197,25.873005526361876,-0.2669990539550753,99.57454433302904,98.75567710535975,0.818867227669287,49.91374969482422,48.03750038146973,48.97562503814697,46.33250045776367,100.0,42.70170329316403,34.48909985457301,12.072167272471102,112.52323568018225,43.88249969482422,40.583749771118164,100.0,0.0,100.0,48.22124791074356,,0.0,0.0,75.88679940979652,0.9547295215475109,0.702707518792597,0.6309023997751587,44.165741932052654,60.35918916885968,98.33333333333333,84.20865391838333,-1.6666666666666667,2.7418236900778368,6.217318054863499,2.731095028780273,2.810630596854359,-0.0795355680740859,-5.308531367411596,-5.212400335973996,-0.09613103143759982,49.80633279307,1.9473048345357569,1.9285874533208958,157.06616181599483,8.436796003240403,32705822.83356552
2019-04-18,50.779998779296875,51.037498474121094,50.630001068115234,50.96500015258789,49.06394958496094,96783200,0.18249893188476562,1,7469134716.315643,5983884000,0.13353544954504692,23631776.024346717,0.24630887327388434,0.17659496483898668,31681323.24600706,49.52001861554362,79.18634289895382,2921.7230718417723,48.881625175476074,51.462575132903574,46.300675218048575,10.560000606208824,0.9036062324874309,0.0,0.0,49.94458325703939,50.66408398946126,49.22508252461751,2.881196259938619,1.2091145634513332,1.0,0.0,46.14500045776367,51.037498474121094,48.59124946594238,10.008869383524486,0.9851817371635483,0.7963425087217179,0.6910339507753696,1.3361876102632948,1.333551006305225,0.002636603958069861,49.82395839691162,48.444038537832405,49.71238620583997,48.376198595576675,1.3247463150450316,0.6617826054185094,0.6629637096265222,0.4204017874306243,25.814661630821302,-0.04412364959716797,99.5221953341783,99.32569683441343,0.19649849976487133,50.045000076293945,48.338748931884766,49.191874504089355,46.57124900817871,100.0,43.22398725662831,34.94219735205629,11.643150911967796,123.62346286915074,44.03250026702881,40.66250038146973,100.0,0.0,100.0,48.483623241739515,,0.0,0.0,76.70159370329084,1.0,0.8424572405693791,0.7106103409379213,45.52940524348419,66.19684920973246,98.16110660647004,90.99857227232407,-1.8388933935299594,2.707022094726561,5.071640099580859,2.7620764943392437,2.8009197763513365,-0.03884328201209275,-5.3628250116403695,-5.24248527110727,-0.12033974053309926,50.03760335710502,0.3593736572596429,0.35872945307078297,157.98998988328998,8.075707633815462,4435819.193417206
2019-04-22,50.70750045776367,51.23500061035156,50.584999084472656,51.13249969482422,49.225196838378906,77758000,0.16749954223632812,1,7522368877.917578,6061642000,0.23875798911098559,22116440.793041814,0.06373963571522862,0.17163024373646266,31936879.59578078,49.76658116010282,78.76320086392232,2931.3254906705683,49.05012512207031,51.75392487148947,46.34632537265116,11.024639560817628,0.8850829879692929,0.0,0.0,50.12608324686686,50.88133379618326,49.370832697550455,3.0134034035608046,1.1662798516785537,1.0,0.0,46.14500045776367,51.23500061035156,48.69000053405762,10.377139996932696,0.9798622961778833,0.7817084104374368,0.4464872148641195,1.3504961567724507,1.33694003639867,0.013556120373780622,50.01520824432373,48.64403856717623,49.930865204145235,48.580369047372784,1.3297282133368538,0.6755590026238056,0.6541692107130481,0.41908695793665196,25.68090584076103,-0.12762451171875,99.78276064081015,99.76423138693183,0.018529253878327268,50.14375114440918,48.58500099182129,49.364376068115234,46.670000076293945,100.0,43.84568679111466,34.67999399197211,10.973268134524451,115.05609958538503,44.132500648498535,40.76250076293945,100.0,0.0,100.0,48.79008826962531,,0.0,0.0,77.45458395643749,1.0,0.9849098405158365,0.8433581999592711,46.88997654659513,65.40938254102228,97.04820964632344,97.84754986204229,-2.9517903536765555,2.776007214714504,4.699253846409807,2.779921567610004,2.79672013460307,-0.016798566993065922,-6.867559292165948,-5.567500075319006,-1.3000592168469423,50.24503217022793,0.32865602224043666,0.3281171287500939,158.8378895218189,8.017660055377561,-6832695.01873754
2019-04-23,51.10749816894531,51.9375,50.974998474121094,51.869998931884766,49.93518829345703,93292000,0.7374992370605469,1,7602575579.915881,6154934000,0.30570144815047545,28785917.654586203,0.5635701571914444,0.1663305428382727,33282457.833388768,49.99592231412028,78.89610125060008,2931.3254906705683,49.284375,52.11026271976563,46.458487280234365,11.467682078815576,0.9574887943706429,0.0,0.0,50.313249842325845,51.06750055948893,49.55899912516276,2.9982190358475886,1.5319838311949003,1.0,0.0,46.14500045776367,51.9375,49.041250228881836,11.753217002825599,0.9883468151144343,0.7997877219815838,0.42173980329276284,1.4051481348368995,1.3505816560863162,0.05456647875058329,50.2608331044515,48.84942318842961,50.22919346995131,48.82404533511441,1.2998808690499388,0.6782408390186339,0.621640030031305,0.4204665774989253,25.63200475465368,-0.03437499999999716,100.3890201108108,99.95096670942758,0.4380534013832289,50.4950008392334,49.041250228881836,49.76812553405762,47.021249771118164,100.0,44.86221366424541,37.899236206390896,10.051093188086508,137.16621867240576,44.53625011444092,41.166250228881836,100.0,24.0,76.0,49.13237599732698,,0.0,0.0,80.45051070694029,1.0,1.0,0.942455693695072,49.04580803012858,71.83289491735955,98.15192155249034,97.78707926842795,-1.8480784475096634,2.8960879269768185,6.024831692494351,2.877983840118861,2.8129728757062282,0.06501096441263288,-6.756721923512132,-5.8053444449576315,-0.9513774785545008,50.54883167745471,1.4423297148822956,1.43202708692991,162.57118531576631,8.584609013952544,20376243.076266587
2019-04-24,51.84000015258789,52.119998931884766,51.76250076293945,51.790000915527344,49.858184814453125,70162400,-0.07999801635742188,0,7543207510.480566,6084771600,0.34427870862210475,23871807.586377323,0.24712214824185402,0.15072564380961564,33174247.828791574,50.1866527698642,78.6070249821816,2926.804568569538,49.53900012969971,52.30369751527688,46.77430274412254,11.161700390959952,0.9070971379310118,0.0,0.0,50.489166514078775,51.18866678873698,49.789666239420576,2.7708925417223855,1.4298312299335358,1.0,0.0,46.63750076293945,52.119998931884766,49.37874984741211,11.06703436603767,0.9398088232429077,0.7555587666779566,0.4237493120440837,1.4255719438692935,1.3655797136429118,0.05999223022638178,50.47249984741211,49.03346164409931,50.46931769234763,49.04374574847834,1.340394021052023,0.6954901612609464,0.6449038597910767,0.4223295107235568,25.48343442829882,0.4860013961791978,100.51228826986372,99.86543959823356,0.6468486716301527,50.58625030517578,49.13249969482422,49.859375,47.11249923706055,100.0,45.90959383635851,38.32688836036458,9.72421280330969,143.10005769206074,44.66874980926514,41.298749923706055,100.0,20.0,80.0,49.58119583775466,,0.0,0.0,79.22076784448817,0.8784687508360477,0.9594895836120153,0.981466474709284,50.46352156057063,69.11364195971875,91.39509530279851,95.53174216720409,-8.604904697201494,3.0430734073414527,5.157362265030139,2.906735450388237,2.8317253906426303,0.07501005974560693,-8.525878858249348,-6.349451327615975,-2.1764275306333722,50.806241553256136,-0.15422791209707132,-0.1543469657664609,162.16622725888524,8.032470374283932,-8159117.384353444
2019-04-25,51.70750045776367,51.939998626708984,51.279998779296875,51.31999969482422,49.405704498291016,74172800,-0.470001220703125,0,7478025560.762912,6010598800,0.3048432628237544,15481362.710756456,-0.29475185615905725,0.13099211535312172,32501119.697362695,50.34551219778751,72.81200767210225,2926.804568569538,49.74912509918213,52.38134872812747,47.11690147023679,10.581989627747697,0.7983930731355631,0.0,0.0,50.64433314005534,51.34583307902019,49.942833201090494,2.7702998360147064,0.9815870374599817,0.0,0.0,46.88249969482422,52.119998931884766,49.50124931335449,10.527821799114715,0.8472554933469485,0.7460028747513718,0.5097767906722825,1.3878346946634252,1.3700307098470146,0.017803984816410656,50.58041636149088,49.21375010563777,50.600191846574795,49.21235715191137,1.2969144771243721,0.7058679154631179,0.5910465616612542,0.4215825047084283,25.242725743219502,0.12587490081786967,99.19000303078957,99.70459699397765,-0.5145939631880765,50.58625030517578,49.13249969482422,49.859375,47.21624946594238,100.0,45.861611934863404,35.999208696573355,13.573556786760706,115.67101661027897,44.79562568664551,41.37375068664551,96.0,16.0,80.0,50.03818039469808,,0.0,0.0,72.23465554771464,0.18805534804259474,0.6888413662928804,0.882776983301632,49.66916142795114,62.69527597710634,74.50202254895882,88.01634646808257,-25.497977451041184,3.071131896972659,2.5887019079357443,2.8200939255548803,2.8293990976250805,-0.009305172070200207,-9.56017142446299,-6.991595346985378,-2.568576077477611,50.848832725232576,-0.9075134435114762,-0.911656431257768,159.787033502164,7.476873244649482,7846979.67115327
2019-04-26,51.224998474121094,51.25,50.529998779296875,51.07500076293945,49.16984939575195,74596400,-0.24499893188476562,0,7516360041.443623,5936002400,0.31927119291728673,10658876.848870002,-0.6949402176521202,0.06894842732785593,32145000.476179376,50.44709012281409,67.09627446944882,2926.804568569538,49.94387512207031,52.35393731231179,47.53381293182883,9.651082077035191,0.7346673138662466,0.0,0.0,50.752916463216145,51.46241658528646,50.043416341145836,2.7958989217281056,0.7269797352419517,0.0,0.0,47.095001220703125,52.119998931884766,49.607500076293945,10.061289194920885,0.792040070661131,0.750402678828969,0.6539606765859547,1.322908619441101,1.360606291765832,-0.03769767232473087,50.680416425069176,49.36894240746131,50.67323937216936,49.35033075272826,1.1489462424560686,0.8018893688541281,0.3470568736019405,0.4172451166231189,24.885811683528495,0.21112365722656534,98.53855968097443,99.57097919351445,-1.0324195125400166,50.811248779296875,49.13249969482422,49.97187423706055,47.232500076293945,0.0244081034903588,44.46448568742809,33.385562535784615,19.48074781095192,75.25123502651805,44.86625099182129,41.661251068115234,92.0,12.0,80.0,50.412907731391684,,0.0,0.0,68.8273771244114,0.0,0.35550803295954697,0.6679463276214811,48.006989592033314,66.08941943990503,65.93319952345777,77.27677245840503,-34.066800476542234,2.8450656890869155,2.4060165672971494,2.680647929331185,2.7996488639663015,-0.11900093463511663,-10.282396861675162,-7.6497556499233355,-2.6326412117518263,50.87435334890176,-0.4773946479767366,-0.4785378159592568,158.54682410808718,7.426290482502139,8668158.178992227
2019-04-29,51.099998474121094,51.49250030517578,50.96500015258789,51.15250015258789,49.24445724487305,88818800,0.0774993896484375,1,7490682550.193198,6024821200,0.2636317684956087,10119523.411789522,0.2011861445830091,0.05362811628656422,32279770.964412067,50.55742569839809,66.79335393516342,2926.804568569538,50.12712516784668,52.308747463045975,47.94550287264738,8.704358320547243,0.7350028662151029,0.0,0.0,50.91308314005534,51.5770834604899,50.24908281962077,2.6083681422631115,0.6802838079775811,0.0,0.0,47.095001220703125,52.119998931884766,49.607500076293945,10.02450807692609,0.8074628417951328,0.7281124262048613,0.7512238552796052,1.2631470175785608,1.3411144369283778,-0.07796741934981699,50.76354153951009,49.46048091008113,50.74697179992606,49.4838247823475,1.1893189316614459,0.8476334988717155,0.3416854327897304,0.4101737632319519,24.43437190756682,-0.3896259307861314,97.51626970828538,99.3439123303879,-1.8276426221025162,50.8799991607666,49.13249969482422,50.00624942779541,47.232500076293945,0.0122040517451794,43.395761847118195,34.01004666638104,18.51416800823636,84.2784696054848,46.086875915527344,42.77874946594238,88.0,8.0,80.0,50.529998779296875,,0.0,0.0,69.32035912519913,0.042413863463528545,0.07682307050204061,0.37372415658482283,46.765159194502424,58.56452959430148,68.45966925581314,69.63163044274326,-31.540330744186857,2.705286351372216,1.9888373992001114,2.552646290246276,2.7502483492222964,-0.19760205897602034,-9.49253061559807,-8.018310643058282,-1.4742199725397889,50.90845844447386,0.15173644344743664,0.15162144002611733,158.9391338636351,7.65171840061911,23636693.262754917
2019-04-30,50.76499938964844,50.849998474121094,49.77750015258789,50.16749954223633,48.296199798583984,186139600,-0.9850006103515625,0,7439917204.738653,5838681600,0.1840792857988198,-17518639.877122648,-0.5272048215986391,-0.015148475637723714,28695437.470180713,50.56229342543392,53.9750256589877,2926.804568569538,50.24500007629395,52.15036391160392,48.33963624098398,7.58429229740986,0.47966253672359327,0.0,0.0,50.96383310953776,51.68908297220865,50.23858324686686,2.8461354588933676,-0.04900635511239513,0.0,1.0,47.76250076293945,52.119998931884766,49.94124984741211,8.672501069417294,0.5519219253921064,0.7928011835843751,1.1521386605781825,1.1233548646658633,1.297562522475875,-0.17420765781001157,50.79937489827474,49.55298086313101,50.65782222181994,49.53446735715408,0.9891278862289754,0.9507129121972944,0.03841497403168104,0.3967391420807323,24.14718055554337,-0.5275012969970732,93.64140813067115,98.74078324882362,-5.099375118152466,50.88624954223633,49.13249969482422,50.00937461853027,47.232500076293945,0.0061020258725897,40.67968261328466,29.852160024587683,26.809081593478957,6.785835435428949,46.50812530517578,43.2762508392334,84.0,4.0,80.0,,52.119998931884766,0.0,1.0,56.9852481241753,0.0,0.014137954487842367,0.1488230193164768,41.67861740452269,52.82280032790918,36.34878116116131,56.91388331347741,-63.65121883883869,2.327999597437241,0.8645394556857379,2.267824657457675,2.6537636108693725,-0.3859389534116975,-0.6679895544195971,-6.548246425330545,5.880256870910948,50.897821369620374,-1.9256157712981836,-1.9443972487746652,153.952961063894,6.6495433103701345,113460219.04016852
2019-05-01,52.470001220703125,53.82749938964844,52.307498931884766,52.630001068115234,50.666847229003906,259309200,2.4625015258789062,1,7290644512.316095,6097990800,0.06501444450038789,76205351.63024323,1.6141737464899233,0.12095744410852835,41423783.64053029,51.00366671271243,65.2577037833965,2926.804568569538,50.451250076293945,52.44934460143841,48.45315555114948,7.920892037849948,1.0452071872485014,1.0,0.0,51.26283315022787,52.06983311971029,50.455833180745444,3.1484797850227104,1.3470681348130749,1.0,0.0,48.28499984741211,53.82749938964844,51.05624961853027,10.985851755615151,0.783942549312322,1.0795210499671486,1.1521386605781825,1.1974682014606088,1.2775436582728217,-0.08007545681221284,51.042083422342934,49.76240392831656,50.96123435201922,49.76376615055861,1.0403965515765323,0.7576212612828569,0.28277529029367543,0.3888973180961536,23.955090623140922,-0.6437511444091797,93.79309819810332,98.09840034494297,-4.305302146839651,51.802499771118164,49.986249923706055,50.89437484741211,48.10000038146973,1.582544015586169,40.42018640264093,43.21686345711485,19.85193310726963,193.5940387617831,46.61187553405762,43.36375045776367,100.0,0.0,100.0,49.77750015258789,,1.0,0.0,70.91787673986764,0.5937554956630111,0.21205645304217943,0.10100582601068762,41.72078504587364,55.87819568686266,74.92148909874838,59.90997983857429,-25.078510901251622,2.331484783397002,5.858103002621624,2.406305418761331,2.6042719724477643,-0.19796655368643323,10.268388952218546,-3.184919349820727,13.453308302039272,51.08707231990681,4.908559422631198,4.79189221066556,166.4183930632467,9.650230513091444,131838914.91258445
2019-05-02,52.459999084472656,53.162498474121094,52.032501220703125,52.287498474121094,50.33710861206055,127985200,-0.3425025939941406,0,7220422062.410281,5970005600,0.016970809429908425,59056692.3983715,-0.41496824101451374,0.0877626253015634,40590888.67371989,51.1882752327299,63.15887410658711,2907.7576725690687,50.62374992370606,52.63045909568259,48.617040751729526,7.9279357021192585,0.9145465057042391,0.0,0.0,51.469583002726246,52.27033259073893,50.66883341471354,3.111544882616523,1.0107186339144831,1.0,0.0,48.28499984741211,53.82749938964844,51.05624961853027,10.948417591721885,0.7221468574256349,1.0845686703122306,1.1437568278413133,1.2145657005514252,1.2649480667285424,-0.05038236617711722,51.24875005086263,49.97740393418532,51.16527498618874,49.950709285637316,1.0144326746791608,0.8188707448536334,0.19556192982552734,0.3828958854743474,23.94115836152485,-0.8112499237060575,91.76639597567672,97.23664486066502,-5.470248884988308,51.802499771118164,50.232500076293945,51.017499923706055,48.10000038146973,12.6316794567764,39.86380929365105,39.78412910846914,20.20811560328508,139.9307614120222,46.714375495910645,43.36375045776367,96.0,0.0,96.0,49.77750015258789,,0.0,0.0,67.63640841280582,0.4539118303518877,0.3492224420049658,0.1918056165116627,40.51001109095424,50.92025359227528,67.7486564669735,59.67297557562774,-32.25134353302651,2.3300144419950612,4.979168991456288,2.43152843657549,2.5697232652733093,-0.13819482869781918,9.49575861963769,-0.6487837559290437,10.144542375566735,51.14629927144076,-0.6507744386150871,-0.6529012074648843,164.68461026142202,8.078452523849286,-52125022.73405808
2019-05-03,52.72249984741211,52.959999084472656,52.557498931884766,52.9375,50.96287155151367,83569600,0.6500015258789062,1,7294648861.034147,6053575200,0.031025056709201953,58380074.558188416,0.0776631835179616,0.1177207548021215,41629767.35604918,51.393649741436334,69.68878083689631,2943.9048775265105,50.824499893188474,52.9119666684398,48.737033117937145,8.214411473357528,1.0061158653787732,1.0,0.0,51.66366628011067,52.46391614278158,50.86341641743978,3.097921306366819,1.2958974935889382,1.0,0.0,48.98249816894531,53.82749938964844,51.404998779296875,9.532806482868029,0.8163056418137956,1.0433618643161637,1.1197453598649172,1.26597194605678,1.26515284259419,0.000819103462589954,51.5091667175293,50.201250076293945,51.437924988313554,50.171953042256774,1.074736807722935,0.7938734514540198,0.2808633562689151,0.3801972328435671,23.9345083354934,-0.04199867248534872,90.83544570731019,96.2424987569428,-5.407053049632609,51.802499771118164,50.35499954223633,51.078749656677246,48.10124969482422,37.23604345287986,39.347173406731876,37.856905779231376,19.22919378940292,145.83162182024833,46.788750648498535,43.36375045776367,92.0,0.0,92.0,49.8585001373291,,0.0,0.0,70.43256411127757,0.5730733223066166,0.540246882773838,0.36717525927366124,40.57763185446615,54.646652623447444,79.4219830601011,74.030709541941,-20.578016939898905,2.5162644217996046,6.273525721455458,2.523266226033755,2.5604318574253986,-0.03716563139164375,5.920303324823257,0.6650336602214165,5.25526966460184,51.2632733431444,1.2431298969114213,1.2354664826436323,167.97498378410526,8.674033452733298,-39454954.37960291
2019-05-06,51.0724983215332,52.209999084472656,50.875,52.119998931884766,50.175865173339844,129772400,-0.8175010681152344,0,7406923817.121951,5923802800,0.053563436626671596,34884481.676750444,-1.2511843223392942,0.019509219372056758,39625723.42477404,51.49427636682323,62.64129703534236,2943.9048775265105,50.96799983978271,52.99654665171743,48.939453027847996,7.960080122082205,0.7839468838787453,0.0,0.0,51.73874956766764,52.60749918619791,50.86999994913737,3.358216523551877,0.7194241908630195,0.0,0.0,49.0525016784668,53.82749938964844,51.44000053405762,9.36861898876116,0.6424081096907737,1.1452756778845474,1.1789329258902383,1.2266067033858903,1.2574436147525303,-0.03083691136664002,51.62062486012777,50.39125002347506,51.54285944117066,50.31625273778477,0.9239273711746323,0.8123762898525764,0.11155108132205593,0.37571504771622916,24.134475237805976,-0.0029996871948227977,88.49949907311343,94.92144086386533,-6.421941790751902,51.802499771118164,50.46125030517578,51.13187503814697,48.10124969482422,51.55290190418627,37.1045176713753,32.635386283601655,27.828510642858568,60.92289988559135,46.8412504196167,43.36375045776367,88.0,4.0,84.0,49.93788012237549,,0.0,0.0,63.05393821876622,0.2586244272010966,0.42853652661986646,0.43933528379955694,37.90222816154073,57.753946838777956,59.22386966534515,68.79816973080659,-40.77613033465485,2.43872015335981,2.6337767518949353,2.437794224816697,2.5359043309036586,-0.09811010608696158,6.070865561350961,1.7462000404473255,4.324665520903635,51.28283373056496,-1.5442759256013905,-1.5563240649014265,163.83671062289312,7.433465097900701,39180827.39478454
2019-05-07,51.470001220703125,51.85499954223633,50.20750045776367,50.71500015258789,48.823272705078125,155054800,-1.404998779296875,0,7347395945.692255,5768748000,-0.01767511573340587,-1220702.0948026292,-0.5432164323654702,-0.031923727990714856,35445911.27610478,51.53865614584974,54.48623885567828,2943.9048775265105,51.00249977111817,52.988750961552284,49.01624858068405,7.788838583786033,0.42762757804378204,0.0,0.0,51.67191632588705,52.6091657002767,50.7346669514974,3.6276934978705113,-0.010491764223539325,0.0,1.0,49.0525016784668,53.82749938964844,51.44000053405762,9.362281716798595,0.34816738659958124,1.221997957508202,1.6172761459373697,1.0697068903706537,1.219896269876155,-0.15018937950550137,51.599791526794434,50.515384674072266,51.41549647369639,50.34578958332574,0.8641503494669099,0.8549815502457052,0.009168799221204726,0.36384704755934927,24.439323155300738,0.12999992370605185,82.45865958669974,92.91548212129153,-10.456822534591794,51.802499771118164,50.46125030517578,51.13187503814697,48.10124969482422,25.776450952093136,34.45423204752559,28.684529045225315,28.68482675631429,-5.406914612173806,46.8412504196167,43.46750068664551,84.0,0.0,84.0,50.01567250772095,,0.0,0.0,52.81348614466351,0.0,0.2772325831692373,0.4153386641876475,31.594557184792993,53.373349371604824,25.44910644697661,54.69831972414096,-74.55089355302339,2.4596467747407758,-0.4905327170636838,2.124719662207731,2.453667397164473,-0.328947734956742,7.722758048117452,2.941511641981351,4.781246406136101,51.26886991133872,-2.6956999387760083,-2.7327003926567173,156.72446457616314,6.361258905901565,47167555.861721665
2019-05-08,50.474998474121094,51.334999084472656,50.4375,50.724998474121094,48.832908630371094,105358000,0.009998321533203125,1,7309537210.617406,5874106000,0.02027015373417661,-895829.9155315086,-0.12351959802863718,-0.05971582858174473,35466682.31340984,51.57204150843887,47.82850203538943,2944.4852602030387,51.04499969482422,52.96830909911506,49.12169029053338,7.5357406828855655,0.4168097395070148,0.0,0.0,51.56608289082844,52.557332356770836,50.574833424886066,3.8445792675041015,0.07574533676659559,0.0,0.0,49.0525016784668,53.82749938964844,51.44000053405762,9.35448670727646,0.35026127692957865,1.1895480702046475,1.9655249022686883,0.9353868814312065,1.1629943921871653,-0.22760751075595875,51.56583309173584,50.627499947181114,51.30926601222327,50.37387913079206,0.8751944154618646,0.9159664543986217,-0.04077203893675707,0.346923891771584,24.65784337400567,0.8249992370605455,76.81696821052087,90.4295893634839,-13.61262115296303,51.802499771118164,50.795000076293945,51.298749923706055,48.10124969482422,12.888225476046568,31.993252539665153,27.030747161900276,27.03102770871214,-16.363072200143243,46.8412504196167,43.673749923706055,80.0,0.0,80.0,50.0919090453595,,0.0,0.0,52.87214322442076,0.0021224093652005335,0.08691561218876526,0.2642282406592898,26.99292815472547,51.62053838321599,23.395024691927816,36.02266693474987,-76.60497530807218,1.9025512807509486,-0.7969514949107279,1.8568887240201286,2.334311662535604,-0.47742293851547557,5.7314157717429,3.4994924679336608,2.231923303809239,51.25656376260736,0.019714722474861723,0.019712779378844303,156.77507709187938,7.18139151539183,-18610305.202176213
2019-05-09,50.099998474121094,50.41999816894531,49.165000915527344,50.18000030517578,48.3082275390625,139634400,-0.5449981689453125,0,7395765983.44576,5734471600,0.023170312163270822,-11639353.116423769,-0.9830337265930912,-0.1475260142865287,33966426.13576594,51.474042675059096,40.94345435336958,2944.4852602030387,51.04624977111816,52.96727482997636,49.125224712259964,7.526606038530609,0.27453457414624904,0.0,0.0,51.40691630045573,52.457665506998694,50.35616709391276,4.087968243034458,-0.0838291324133274,0.0,1.0,49.0525016784668,53.82749938964844,51.44000053405762,9.354257624393245,0.23612548003294623,1.2265930190435577,2.4086069785224624,0.7760150902216836,1.085598531794069,-0.3095834415723855,51.42499987284342,50.69192299476037,51.13553282652365,50.35951773630197,0.737186058687088,0.9682009135778891,-0.2310148548908011,0.32454311506495914,24.877630917566325,0.7437511444091811,69.80947305764056,87.23746862755792,-17.427995569917357,51.49625015258789,51.05624961853027,51.27624988555908,48.10124969482422,6.444112738023284,30.708287305628726,24.397725485253304,32.343638095454516,-92.39112378368922,46.8412504196167,43.673749923706055,76.0,4.0,72.0,,53.82749938964844,0.0,1.0,49.2763577620961,0.0,0.0007074697883997337,0.12161855504880092,22.044722974931005,54.298331149153285,21.769431031069033,23.53785405665783,-78.23056896893097,1.2966982897590213,-3.258142782937543,1.5409502018767116,2.1756393704038257,-0.6346891685271141,6.305039002962667,4.060601774939462,2.244437228023205,51.23051296828973,-1.0744173195458284,-1.08023086105824,154.0162411913271,6.808189945616192,39090094.97286874
2019-05-10,49.35499954223633,49.712501525878906,48.192501068115234,49.29499816894531,47.63899230957031,164834800,-0.8850021362304688,0,7470049386.585355,5569636800,0.07590016415198401,-30816466.974809237,-0.7745923295835303,-0.20740686895072574,31059308.77351126,51.26937135389776,34.65286188107312,2944.4852602030387,51.024124717712404,53.01389607330874,49.034353362116065,7.799335575493426,0.06549617022482769,0.0,0.0,51.21841634114584,52.34916547139485,50.08766721089681,4.415400596213443,-0.3505061470960112,0.0,1.0,48.192501068115234,53.82749938964844,51.010000228881836,11.043792231044547,0.19565171769742504,1.3026836408452565,3.030373284584437,0.5717092134183872,0.9828206681189328,-0.41111145470054555,51.21708297729492,50.70951901949369,50.85237364843467,50.280664435016284,0.680948709725169,0.9940716435584941,-0.3131229338333251,0.2953900646872853,25.134389844296667,0.295874977111815,61.2606481959981,83.20906623730379,-21.948418041305686,51.010000228881836,51.010000228881836,51.010000228881836,48.10124969482422,3.222056369011642,30.14988876492044,21.52141980688393,34.29914130816461,-154.40627729251295,46.8412504196167,43.673749923706055,72.0,100.0,-28.0,,53.734249420166016,0.0,0.0,44.03871951899133,0.0,0.0007074697883997337,0.02944351725518839,16.051416348967926,51.36858162465995,19.565171769742502,21.576542497579794,-80.4348282302575,0.5238678315106569,-4.817537560293797,1.137035915977752,1.967918679518611,-0.8308827635408589,8.203930732674674,4.889267566486505,3.3146631661881694,51.15650186363434,-1.7636551033244685,-1.7793928137729953,149.53627079028325,6.300568333934137,49616507.43397063
2019-05-13,46.9275016784668,47.369998931884766,45.712501525878906,46.43000030517578,44.8702392578125,229722400,-2.8649978637695312,0,7439211812.564462,5339914400,0.04354730000834783,-120436141.01555216,-1.7397704318907772,-0.371931196742313,17707970.712713208,50.67387266080934,27.50005562264819,2944.4852602030387,50.85974979400635,53.64019133095028,48.079308257062415,10.933760186416011,-0.2965910144076322,0.0,1.0,50.74849967956543,51.99224853515625,49.50475082397461,4.901618228889758,-1.2360817479258008,0.0,1.0,45.712501525878906,53.82749938964844,49.77000045776367,15.955638587757774,0.08841638548054856,1.5306649410673714,4.469556886306775,0.17657846367443852,0.8215722272300339,-0.6449937635555953,50.809583028157554,50.61365362314078,50.17200851870253,49.995430055028095,0.5716650068745658,1.04769788517025,-0.4760328782956843,0.2511446710853137,25.51166927252627,0.21525096893310547,47.66745152354491,78.10084883651199,-30.433397312967074,49.77000045776367,49.77000045776367,49.77000045776367,48.10124969482422,1.611028184505821,30.848963561369224,17.513476520344813,40.80348345232461,-290.11831652673754,46.76687526702881,43.673749923706055,68.0,100.0,-32.0,,53.512579486083986,0.0,0.0,32.13185594960419,0.0,0.0,0.0004716465255999705,5.2147359128956925,45.18373010825099,8.841638548054856,16.72541378295547,-91.15836145194514,-0.4534040899837706,-9.528447815134358,0.3531892084538231,1.6449727853056535,-1.2917835768518304,13.119975053598646,6.535409063908934,6.584565989689712,50.66095636181807,-5.811944355795539,-5.98768102775229,135.0333615844247,4.034733146060333,98220943.7851783
2019-05-14,46.602500915527344,47.42499923706055,46.352500915527344,47.165000915527344,45.58054733276367,146118800,0.7350006103515625,1,7514485480.256681,5486033200,0.06301667441343026,-87888491.27278216,0.25506163688897765,-0.37136409041037555,20021074.449046075,50.35581689278837,29.862169949969285,2991.097331045071,50.72762489318848,53.91663957837508,47.53861020800187,12.573088891511716,-0.05857754343527969,0.0,1.0,50.420083109537764,51.66383196512858,49.17633425394694,4.933545440172211,-0.8085769604443779,0.0,1.0,45.712501525878906,53.82749938964844,49.77000045776367,15.997196558790955,0.17898949747520093,1.4848482791139546,5.335585173289383,-0.07637667291940176,0.6419824472001469,-0.7183591201195486,50.48374970753988,50.53346135066106,49.709391964367896,49.7857686372873,0.578917486257759,1.051964430760244,-0.4730469445024851,0.20125314270258038,25.743810575362374,0.42487525939941406,37.43477304755346,71.8388127086731,-34.40403966111964,49.4375,49.77000045776367,49.603750228881836,48.10124969482422,0.8055140922529105,31.445607125484027,16.811976245579423,38.49237227381048,-210.61331109535132,46.804375648498535,43.673749923706055,64.0,96.0,-32.0,,53.04457480847168,0.0,0.0,36.84911995259692,0.11762929397116209,0.039209764657053586,0.013305744815151255,-1.103054806138927,45.80269426290784,17.898949747520092,15.435253355105827,-82.10105025247991,-1.2732643464032378,-7.655408299571179,-0.15341065330504725,1.2852960975835135,-1.4387067508885607,11.97801309702895,7.623929870532938,4.354083226496011,50.47082533845091,1.5830295186744392,1.5706302908331082,138.75400907703897,6.508629250544466,-24443183.46262425
2019-05-15,46.567501068115234,47.9375,46.505001068115234,47.72999954223633,46.12657165527344,106178800,0.5649986267089844,1,7589903839.024367,5592212000,0.11351853047867803,-66762867.35015501,0.44858912569896775,-0.3182683059919452,21293010.736995094,50.155188029537555,34.52476287902185,3026.928261853704,50.62349987030029,54.05221791290419,47.194781827696396,13.545954157213266,0.07804924579529846,0.0,0.0,49.866999816894534,51.101998519897464,48.632001113891604,4.953170263050484,-0.3651832060479243,0.0,1.0,45.712501525878906,53.82749938964844,49.77000045776367,16.03010041692203,0.2486134993780843,1.4796133443910358,5.941393813994476,-0.22861939179057345,0.4678620794020028,-0.6964814711925762,50.19854132334391,50.445192043597885,49.40487005327073,49.6334894450613,0.6212909464746958,1.0196359602648448,-0.39834501379014897,0.1516184360808827,25.937443172625688,-0.45600032806396484,25.16460266227013,64.43861345162793,-39.2740107893578,49.33625030517578,49.77000045776367,49.55312538146973,48.10124969482422,0.40275704612645524,31.501829945201887,18.240663786252764,35.59258896688422,-157.93129947816246,47.281874656677246,43.99625015258789,60.0,92.0,-32.0,,52.60465041151611,0.0,0.0,40.28510494778821,0.2102110201578285,0.1092801047096631,0.04949662312223904,-4.641927544069124,48.120281861572096,24.86134993780843,17.20064607779447,-75.13865006219157,-2.0116318197811367,-6.690778750094803,-0.46061519016032404,0.936113840034746,-1.39672903019507,8.735815090140978,7.846306914454546,0.8895081756864318,50.034386186990325,1.197919253136237,1.1908009914138429,141.61408931940747,7.1305293403936645,-27284182.30492036
2019-05-16,47.477500915527344,48.11750030517578,47.209999084472656,47.52000045776367,45.923622131347656,132125600,-0.20999908447265625,0,7548046145.033716,5460086400,0.0555826412141055,-61189065.590904355,0.3039293888207882,-0.2469204769581661,20711693.84402409,49.96297353932597,39.81573058109061,3026.928261853704,50.46037483215332,54.14425237330921,46.77649729099743,14.601070853752448,0.10091312190211273,0.0,0.0,49.37916653951009,50.59191563924154,48.16641743977865,4.911986915619896,-0.266508951504528,0.0,1.0,45.712501525878906,53.82749938964844,49.77000045776367,16.08192148941125,0.22273560168815087,1.4224021320222446,6.527869425488694,-0.36204458976106224,0.3018807455693898,-0.6639253353304521,49.977916399637856,50.35461513812725,49.11489011550041,49.47693470526147,0.6875551879660469,0.984416165952485,-0.2968609779864382,0.10318022016713212,26.075016234498175,2.169626235961914,13.400196232839551,55.83469684335341,-42.434500610513865,48.96125030517578,49.77000045776367,49.36562538146973,48.10124969482422,0.20137852306322762,31.378500288614763,18.31858670073595,33.85269908191118,-122.97434190563543,47.67062568664551,44.563751220703125,56.00000000000001,88.0,-31.999999999999993,,52.19112147837788,0.0,0.0,39.42645862663524,0.18807298424545354,0.1719710994581476,0.10682032294162158,-7.621871636477421,48.91397878698275,22.273560168815088,21.677953284714544,-77.7264398311849,-2.4528964996337876,-5.277319197947489,-0.731744179217638,0.6025422361842692,-1.3342864154019072,7.5494217628447995,7.786929884132597,-0.23750812128779764,49.64215366010753,-0.43997294466099346,-0.4409436739650996,140.55105269591303,6.759995709993191,25756428.83179
2019-05-17,46.73249816894531,47.724998474121094,46.689998626708984,47.25,45.66269302368164,131516400,-0.2700004577636719,0,7558847378.788816,5328570000,0.03482471645081949,-57520554.5355509,-0.3590577789880967,-0.28693790007038794,19964440.31158797,49.73854702128116,34.82156427254111,3009.7297768274952,50.274624824523926,54.20442296777192,46.34482668127593,15.633326581607983,0.1151679152120442,0.0,0.0,48.81949984232585,50.095498911539714,47.54350077311198,5.2274155750673765,-0.11500822382762517,0.0,1.0,45.712501525878906,53.82749938964844,49.77000045776367,16.14133947710942,0.18946381748114274,1.3836619035612312,7.121892632002659,-0.48399263506084367,0.14470606944334313,-0.6286987045041867,49.52958297729492,50.2428844158466,48.82798394388496,49.3119765789458,0.6533550107090058,1.012023735907317,-0.35866872519831117,0.05635804876790823,26.191689250608416,2.012873649597168,0.6081926839915597,46.06899613345099,-45.460803449459426,48.78375053405762,49.77000045776367,49.276875495910645,48.10124969482422,0.10068926153161381,31.538151695669885,17.281035138707466,34.780954490562976,-118.5019172682322,47.723751068115234,44.563751220703125,52.0,84.0,-32.0,,51.80240428122794,0.0,0.0,38.29625195049403,0.15893344754864125,0.18573915065064064,0.15566345160615058,-10.329298013686918,49.90826843690342,18.946381748114273,22.027097284912603,-81.05361825188572,-2.7983676125021546,-10.222308491220216,-0.9814910466750358,0.28573557961240814,-1.267226626287444,6.499935701947305,7.529531047695539,-1.0295953457482332,49.09841216678843,-0.5681827760158575,-0.5698030747711691,139.18428304697002,6.653515355460286,17140572.97380276
2019-05-20,45.880001068115234,46.087501525878906,45.06999969482422,45.772499084472656,44.23482894897461,154449200,-1.4775009155273438,0,7617666529.606866,5174120800,0.035923264090554685,-81903165.94511017,-1.0730091261988652,-0.325923921827547,15134835.350689217,49.3849037081295,35.60896984480037,3009.7297768274952,50.00662479400635,54.37270481600246,45.64054477201024,17.462006444071857,0.015111302564043623,0.0,0.0,48.210333251953124,49.454582595825194,46.96608390808105,5.161753756687267,-0.47964052763491655,0.0,1.0,45.06999969482422,53.82749938964844,49.44874954223633,17.512679031826732,0.08021688999471191,1.4632957437226861,7.9395820511836215,-0.6918837107074651,-0.022611886586818522,-0.6692718241206466,48.98666636149088,50.09038440997784,48.35790935012922,49.049793060836684,0.6517588467218445,1.0172253246314225,-0.365466477909578,0.006708564779414185,26.221649523547857,2.930875205993651,-13.297863084716088,35.429382503293674,-48.727245588009765,48.20249938964844,49.44874954223633,48.82562446594238,48.10124969482422,0.050344630765806905,32.421221476118696,15.313617858352991,39.28148354807453,-148.44598214270357,47.723751068115234,44.6200008392334,48.0,100.0,-52.0,,51.437010115907,0.0,0.0,32.76167818265222,0.01623838228865533,0.1210816046942496,0.15959728493434608,-14.629490345810936,46.890292315892275,8.021688999471191,16.413876972133526,-91.9783110005288,-2.9341396219590123,-12.459956164995994,-1.4105741686806275,-0.05352637004619898,-1.3570477986344285,6.922637143619345,7.4081522668803,-0.4855151232609556,48.29745029187151,-3.1269860646081393,-3.176919983681925,131.70502384735835,5.400320124201514,40374798.58066933
2019-05-21,46.30500030517578,47.0,46.17499923706055,46.650001525878906,45.08283996582031,113459200,0.87750244140625,1,7634857826.208783,5287580000,0.012077254893641608,-55979752.95295158,0.7334960068128923,-0.3888294746616206,17309956.37294892,48.743089124192245,29.804768455803526,3067.429165761125,49.74562492370605,54.256625072960155,45.23462477445195,18.136268892681677,0.15688059239601096,0.0,0.0,47.77858327229818,48.94058278401693,46.61658376057943,4.864101997735346,0.014379423124733542,0.0,0.0,45.06999969482422,53.82749938964844,49.44874954223633,17.604562628885322,0.18041700098356686,1.4397162609031517,8.550629136254244,-0.7768764246693323,-0.17346479420332128,-0.603411630466011,48.462708155314125,49.97240374638484,48.09515430024455,48.872030724913884,0.6270775669615338,1.0682131990709465,-0.44113563210941265,-0.03931017404336013,26.26966256209962,2.3743740081787124,-22.669545812945024,24.375325389575238,-47.04487120252026,47.744998931884766,49.44874954223633,48.59687423706055,48.10124969482422,0.025172315382903453,32.35802981328812,19.125285624100268,36.7447657004733,-100.04386107437436,47.890625953674316,45.385000228881836,44.0,96.0,-52.0,,50.92764928222038,0.0,0.0,38.450924064776814,0.16498567307160053,0.11338583430296527,0.140068863215952,-16.22345651641102,46.92936515405197,19.524276421231264,15.497449056272252,-80.47572357876874,-2.9472940781537247,-11.877210812979634,-1.5896135543090864,-0.3607438068987765,-1.2288697474103099,4.809293292186366,6.888380471941514,-2.079087179755148,48.09037656880401,1.9170953278885294,1.8989505899506653,136.1470300340191,7.170090500895995,-12631842.010100648
2019-05-22,46.165000915527344,46.4275016784668,45.63750076293945,45.69499969482422,44.159934997558594,118994400,-0.9550018310546875,0,7533185053.98361,5168585600,-0.003682275232708177,-64216912.514709055,-0.3684620809043587,-0.38550760608232376,14873946.38006151,48.316033008351624,30.209686458513374,3067.429165761125,49.440874862670896,54.17619430886991,44.70555541647188,19.15548403765929,0.10447492398285324,0.0,0.0,47.287333424886064,48.43858311971029,46.136083730061856,4.869167328510615,-0.19156749279529053,0.0,1.0,45.06999969482422,53.82749938964844,49.44874954223633,17.713075909658613,0.07136740185893264,1.396994711106782,9.297995655767002,-0.9107953474908825,-0.32093090486083353,-0.589864442630049,47.927291552225746,49.81423069880559,47.725899745564504,48.63669509305539,0.6025299106553915,1.053962868554257,-0.4514329578988655,-0.08464111747399936,26.27421255418017,1.274125289916995,-36.16373903362388,12.60052404610141,-48.76426307972529,47.39125061035156,49.44874954223633,48.420000076293945,48.83250045776367,0.012586157691451726,32.552122708724156,18.087695704305435,37.63132697734861,-106.80416662499755,48.38687610626221,45.92625045776367,40.0,92.0,-52.0,,50.459037315228684,0.0,0.0,34.98179481516394,0.0744095606151642,0.08521120532513958,0.10655954810745162,-18.721424080307177,49.919023333870655,7.9214201311598424,11.822461850620776,-92.07857986884015,-3.1064042932846974,-12.327320354433104,-1.8726505691809041,-0.6631251593552021,-1.209525409825702,3.403721116711124,6.191448600895436,-2.787727484184312,47.731167937879235,-2.0471635580224024,-2.068408395681187,131.31271409181045,5.968627763421878,12695184.184565902
2019-05-23,44.95000076293945,45.1349983215332,44.45249938964844,44.915000915527344,43.40614700317383,146118800,-0.779998779296875,0,7585103686.138904,5022466800,0.03832764733708755,-71324851.53151123,-0.5786025932726488,-0.43238373299593885,12379745.999418253,47.86754340318694,24.853257857273746,3067.429165761125,49.12062492370605,54.16081292952945,44.08043691788266,20.521677049719113,0.08279095905553892,0.0,0.0,46.77858339945475,47.872583262125644,45.68458353678385,4.677353537318319,-0.3517288472859767,0.0,1.0,44.45249938964844,53.82749938964844,49.13999938964844,19.08566923682508,0.04933349609375,1.381545270513682,10.00513209025911,-1.067560271155493,-0.4702567781197654,-0.5973034930357276,47.4439582824707,49.625865349402794,47.293453771712635,48.36101404286813,0.5677786351685118,1.088750636789446,-0.5209720016209342,-0.130529670215545,26.132782866427526,1.6043735504150405,-49.09343308224665,0.3389594596297722,-49.43239254187642,46.28499984741211,49.13999938964844,47.71249961853027,49.13999938964844,0.006293078845725863,33.23926312680688,16.877614005634506,41.494246868834225,-122.68157115869916,48.6381254196167,46.09749984741211,36.0,100.0,-64.0,,50.027914305596326,0.0,0.0,32.409830925184664,0.008989529655889185,0.08279492111421753,0.09379732024744093,-21.624386104604227,46.43439220332494,5.96199218915195,11.135896247181028,-94.03800781084806,-3.5658456241383334,-11.436457102651874,-2.207481154570471,-0.971996358398256,-1.235484796172215,3.8747335811608568,5.72810559694852,-1.8533720157876634,47.29383906506988,-1.706967468007714,-1.7217040980903153,127.36428131289755,5.729879259936091,40802497.90917024
2019-05-24,45.04999923706055,45.53499984741211,44.654998779296875,44.74250030517578,43.239437103271484,94858800,-0.1725006103515625,0,7509109158.112617,4927608000,-0.0025767000207414454,-63473187.15518346,0.2794687731683666,-0.32305136903110593,12015431.16999208,47.467200154513165,30.151217501941147,3055.6483933572877,48.80399990081787,54.1023173284972,43.50568247313854,21.712636007076703,0.11671798159693948,0.0,0.0,46.36966667175293,47.39966659545898,45.339666748046874,4.442559102256823,-0.28988664422538074,0.0,1.0,44.45249938964844,53.82749938964844,49.13999938964844,19.209491064364357,0.030933430989583333,1.3313908502738372,10.481789047252548,-1.1919765959788222,-0.6146007416915769,-0.5773758542872454,46.94541676839193,49.393557621882515,46.900999392245424,48.09297598822425,0.6349739878746169,1.073578482548255,-0.43860449467363816,-0.17533878047153253,26.090128643648804,1.3760004043579102,-60.51712585752567,-11.68154913826696,-48.83557671925871,46.28499984741211,49.13999938964844,47.71249961853027,49.13999938964844,0.0031465394228629316,33.489224260810275,18.265028443164507,39.479703105944076,-104.9491689669802,48.97562503814697,46.33250045776367,32.0,96.0,-64.0,,49.470372814001536,0.0,0.0,31.85207788758497,0.0,0.02779969675701734,0.06526860773212496,-24.0785642237828,39.47305751672399,3.9176076940161946,5.933673338109338,-96.0823923059838,-3.8697057499605023,-11.793983930817596,-2.478483752535261,-1.273293837225657,-1.205189915309604,1.1171114709705443,4.805906771752925,-3.6887953007823806,46.940268075867515,-0.3840601287663059,-0.384799533458402,126.49106576131865,6.127977655237672,-23985620.1549623
2019-05-28,44.72999954223633,45.147499084472656,44.477500915527344,44.557498931884766,43.06063461303711,111792800,-0.18500137329101562,0,7424012557.169758,4815815200,-0.023500230111034838,-57360134.92216409,-0.16930788268637859,-0.29634361548259935,11553190.093096886,47.02261742379953,31.131074164789652,3055.6483933572877,48.474249839782715,53.96430362483409,42.98419605473134,22.65142339777148,0.14328665426168513,0.0,0.0,46.191999944051105,47.1232499440511,45.260749944051106,4.032083482542222,-0.3775844360624654,0.0,1.0,44.45249938964844,53.82749938964844,49.13999938964844,19.340165203146594,0.011199951171875,1.2652515821409849,10.916430774279608,-1.2906279389835262,-0.7498061811499668,-0.5408217578335595,46.47687498728434,49.14711526724008,46.540460859882245,47.83108879886577,0.6502860515431438,1.0933332532448432,-0.4430472017016994,-0.21799635035538822,26.03036461535352,0.8207483291625977,-68.14446684351846,-23.412575792830506,-44.73189105068795,46.28499984741211,49.13999938964844,47.71249961853027,49.13999938964844,0.0015732697114314658,33.80237506570647,17.56578023110455,38.9825002239165,-100.82059740144392,49.191874504089355,46.57124900817871,28.000000000000004,92.0,-64.0,,48.96858547156623,0.0,0.0,31.23131681588282,0.0,0.0029965098852959417,0.03786370925217709,-26.236627596752786,38.57333445764612,1.5256018436919065,3.8017339089533597,-98.4743981563081,-3.8829926659079135,-11.204665881022496,-2.698303491293577,-1.5582957680392413,-1.1400077232543357,-0.06402274272864854,3.8319208688566104,-3.895943611585259,46.79657346980796,-0.41348018557115784,-0.41433737858862507,125.55457008230664,6.191016556182191,19292803.068926096
2019-05-29,44.10499954223633,44.837501525878906,44.0,44.345001220703125,42.85527801513672,113924800,-0.21249771118164062,0,7403948350.503273,4701890400,-0.01300966986554152,-52624224.111401536,-0.28945900001743535,-0.30819642991037066,11009875.05461517,46.65447307572854,31.235529830505797,3055.6483933572877,48.18312492370605,53.89612725316266,42.470122594249446,23.713706151282917,0.1640887328880197,0.0,0.0,45.93333333333333,46.8410836537679,45.025583012898764,3.952468739192611,-0.3748727909398161,0.0,1.0,44.0,53.82749938964844,48.91374969482422,20.39614368144337,0.035105697494779174,1.2224765765147771,11.295081525452503,-1.370162250902169,-0.8738773951004073,-0.4962848558017616,46.064375241597496,48.88605763362004,46.20269783847007,47.57286008937224,0.61317064543276,1.0829191309232047,-0.4697484854904447,-0.2579131443667899,25.92224258385385,-1.753124618530272,-75.6515834708919,-34.61437425207073,-41.03720921882116,46.05875015258789,48.91374969482422,47.486249923706055,48.91374969482422,0.0007866348557157329,34.3123512571662,16.704883351641552,39.86626758397511,-99.66316273898715,49.364376068115234,46.670000076293945,24.0,100.0,-76.0,,48.51697686337445,0.0,0.0,30.496133780360253,0.0,0.0,0.010265402214104576,-28.217464866546297,37.4031487138485,5.373852322450153,3.605687286719428,-94.62614767754985,-4.144940982145421,-10.041580549972652,-2.8801342789315765,-1.8226634702177085,-1.057470808713868,-0.8693324363405308,2.8916702078171825,-3.7610026441577133,46.47502387010232,-0.4769067301252372,-0.4780475588425759,124.47888515747908,6.189683801750995,17328199.2556099
2019-05-30,44.48749923706055,44.807498931884766,44.16749954223633,44.57500076293945,43.07756042480469,84873600,0.22999954223632812,1,7427156402.345058,4786764000,0.0527003182856582,-42317779.36006571,0.0518405976378537,-0.23427683532244603,11450080.006934242,46.309601883786904,36.812735230039685,3071.4968027013206,47.780374908447264,53.31556558450994,42.24518423238459,23.1693061708651,0.21045494788737104,0.0,0.0,45.645916620890304,46.474416987101236,44.81741625467936,3.6301182122905056,-0.14629775774787362,0.0,1.0,44.0,53.162498474121094,48.58124923706055,19.17627999294167,0.06275589180871428,1.1642288578281432,11.497364350003187,-1.398513531789341,-0.9788046224381941,-0.4197089093511468,45.90979194641113,48.6054807809683,45.95228290377306,47.3507964355624,0.685554086024268,1.0559934242213285,-0.37043933819706043,-0.2929928441563317,25.88070957659876,-0.6153739929199205,-84.67957391190022,-45.51212649037515,-39.16744742152507,45.86249923706055,48.91374969482422,47.38812446594238,48.91374969482422,0.00039331742785786645,34.785900577807375,16.057243853245232,38.320673460536824,-91.91306879173827,49.76812553405762,47.021249771118164,20.0,96.0,-76.0,,47.97493963976952,0.0,0.0,32.35229480102143,0.13706104997115584,0.045687016657051494,0.016227842180782628,-29.34792633083365,38.85648649761863,10.06565618117687,5.655036782439653,-89.93434381882312,-4.295779598460477,-3.9952606720735737,-2.9535163863452985,-2.0488340534432266,-0.9046823329020719,-3.4141348401731344,1.6305091982191189,-5.044644038392253,46.14257823579292,0.5186594563198366,0.5173190509235592,125.6431661227897,6.632823312119257,-12870680.412087768
2019-05-31,44.057498931884766,44.497501373291016,43.747501373291016,43.76750183105469,42.29718780517578,108174400,-0.8074989318847656,0,7324751435.72722,4678589600,0.040586685291970084,-48751055.516809955,-0.2530620903163303,-0.1970246753747889,9490445.436834566,45.91689640555297,38.3012946867744,3071.4968027013206,47.35437507629395,52.74605662217502,41.96269353041288,22.771630022334293,0.16736970509882745,0.0,0.0,45.284750111897786,46.09750035603841,44.47199986775716,3.589509678787374,-0.4334037681202968,0.0,1.0,43.747501373291016,52.959999084472656,48.353750228881836,19.454375010416946,0.002171013593783191,1.1305559110101726,11.564193958728113,-1.4692044668594022,-1.0768845913224356,-0.39231987553696657,45.62666702270508,48.2969231238732,45.61616273873947,47.08536720559887,0.7184786599741607,1.059267547556278,-0.34078888758211734,-0.3260669295386999,25.838112711251856,0.37562446594237997,-94.0103073879979,-56.025293165040644,-37.985014222957254,45.37375068664551,48.78750038146973,47.08062553405762,48.78750038146973,0.00019665871392893322,35.42798315361997,15.23481224622547,38.957549134943115,-102.4676431583029,49.859375,47.11249923706055,16.0,100.0,-84.0,,47.49794688299718,0.0,0.0,29.38517777491765,0.0,0.045687016657051494,0.030458011104701144,-31.200150267447448,30.94664256613505,0.45767649089666357,5.299061664841238,-99.54232350910334,-4.259220302806185,-7.203432669401591,-3.1202994774238495,-2.2631271382393514,-0.8571723391844981,-3.872578474583077,0.5298916636586797,-4.402470138241757,45.676131310899166,-1.8115511341867174,-1.8281606204169965,121.55552478767748,5.7873373696922386,26554432.55860804
2019-06-03,43.900001525878906,44.47999954223633,42.567501068115234,43.32500076293945,41.86955261230469,161584400,-0.4425010681152344,0,7291167277.656411,4517005200,-0.0013145259044456486,-52001086.098802716,-0.7086763970709801,-0.1233751014590891,7856784.2361848615,45.608162805711274,40.08445295614538,3071.4968027013206,46.87375011444092,51.88963918469079,41.85786104419104,21.401697359412154,0.1462492190517408,0.0,0.0,44.90833358764648,45.80883369445801,44.00783348083496,4.010391991295069,-0.37914083115063174,0.0,1.0,42.567501068115234,52.209999084472656,47.388750076293945,20.571210950298493,0.07855844964024934,1.2087501673212648,11.358727309469083,-1.5431452622555781,-1.1701367255090642,-0.3730085367465139,45.25958379109701,47.98942316495455,45.26367628092408,46.80682154317966,0.7883797259664441,1.0403083376039206,-0.2519286116374765,-0.3576389121937014,25.98474583974124,0.6462503433227553,-103.14456977543074,-66.00826057512005,-37.13630920031069,44.78375053405762,48.197500228881836,46.49062538146973,48.197500228881836,9.832935696446661e-05,36.53321923093087,13.512251282097598,41.52891292212275,-114.02851685802072,49.859375,47.21624946594238,12.0,100.0,-88.0,,46.97288451163831,0.0,0.0,27.876406446144486,0.0,0.045687016657051494,0.045687016657051494,-33.203577345792766,35.89500546301075,13.648645026218315,8.057325899430625,-86.35135497378168,-4.396411267448876,-9.228993969293645,-3.2968383910281425,-2.4698693887971097,-0.8269690022310328,-0.6474176289323363,0.2944298051404765,-0.9418474340728129,45.201209335825546,-1.0110265598966883,-1.0161721449542416,119.3155395871556,5.81697618860256,70961605.1741719
2019-06-04,43.86000061035156,44.95750045776367,43.630001068115234,44.90999984741211,43.401302337646484,123872000,1.5849990844726562,1,7406174496.773872,4640877200,-0.00028354922856093186,-16524215.714431345,0.8251865939924212,-0.08265189023741457,12388509.640324846,45.40959536427382,39.035839056844026,3183.864247237102,46.51325016021728,50.974857492605025,42.05164282782954,19.184242412729738,0.32032816949545934,0.0,0.0,44.79391695658366,45.725416819254555,43.862417093912754,4.159046254310617,0.5623096660989348,0.0,0.0,42.567501068115234,51.85499954223633,47.21125030517578,19.96742528662226,0.25222063678654366,1.2511251200715603,11.091475535009787,-1.4570517104598224,-1.227519722499216,-0.22953198796060637,45.042083740234375,47.75230774512658,45.209264521922236,46.66631623238206,0.8027376240197244,0.9946764811816777,-0.19193885716195336,-0.37997203957176884,26.185474403020898,0.7367498397827177,-104.32296414510638,-75.08086261202688,-29.242101533079506,44.497501373291016,48.197500228881836,46.347500801086426,48.197500228881836,4.9164678482233306e-05,36.99532199444842,14.993961454553626,37.61888296038389,-73.99009697579683,49.97187423706055,47.232500076293945,8.0,96.0,-88.0,,46.26802316067462,0.0,0.0,39.799628843135835,0.9608761463107457,0.32029204877024814,0.13722202736145053,-31.319382818714853,44.940215468862725,42.207191014634006,18.771170843916337,-57.792808985365994,-4.340197899762323,-5.492425473925156,-3.1222771114056025,-2.6003509333188086,-0.5219261780867939,-0.5986260211289746,0.1158186398865863,-0.7144446610155608,45.194861155338785,3.6583936677699436,3.593063049065792,127.33896539984757,7.76129344285841,3120959.7453135103
2019-06-05,46.06999969482422,46.247501373291016,45.28499984741211,45.6349983215332,44.10194778442383,119093600,0.7249984741210938,1,7373693909.131491,4759970800,0.010088661047077969,-1828945.1441428866,1.1900583658488886,-0.029689801655277348,14311080.973456645,45.30865255199754,39.36017407114508,3235.262526660357,46.25925006866455,50.29300767927206,42.22549245805704,17.439788170452537,0.4226215594251671,0.0,0.0,44.705333582560215,45.650583521525064,43.76008364359537,4.228801636024892,0.9917560428467583,0.0,0.0,42.567501068115234,51.334999084472656,46.951250076293945,18.95296184729207,0.34987145109071865,1.2597627606522948,10.827408205556294,-1.3151602835052287,-1.2450478347004186,-0.07011244880481016,44.90750026702881,47.54009613623986,45.274762029554694,46.58992231305992,0.8705827539997418,0.9642033580534858,-0.09362060405374395,-0.3915594042073928,26.230894625386952,-0.4867509841918931,-105.81712726867197,-82.82012797147667,-22.996999297195302,44.407501220703125,48.197500228881836,46.30250072479248,48.197500228881836,2.4582339241116653e-05,36.074475112853655,21.24156681510158,34.73349712586582,-21.691729739662104,50.00624942779541,47.232500076293945,4.0,92.0,-88.0,42.567501068115234,,1.0,0.0,44.332860886038596,1.0,0.6536253821035815,0.33986814917696045,-28.284297324367806,47.4382263882327,55.27022838011436,37.04202147365557,-44.72977161988564,-3.9464332692763335,-3.4179929703000997,-2.8228428342679757,-2.644849313508642,-0.17799352075933372,-0.8620800450438577,-0.07976109709950249,-0.7823189479443552,45.20681378224828,1.6143363985401393,1.6014445486578932,131.00898106636186,7.7390151978454895,12149223.777881235
2019-06-06,45.77000045776367,46.36750030517578,45.537498474121094,46.30500030517578,44.74943923950195,90105200,0.6700019836425781,1,7450229078.827235,4850076000,0.05429115890108792,7056713.1245219875,0.17156260443138313,-0.03914457196880628,15633983.67876966,45.16743195403851,37.6425706505295,3282.7618668639943,46.03825016021729,49.51498332162899,42.56151699880559,15.103672052314563,0.5383621826257988,0.0,0.0,44.72033348083496,45.66958351135254,43.771083450317384,4.245272593615086,1.334694112928697,1.0,0.0,42.567501068115234,50.41999816894531,46.49374961853027,17.056462992191655,0.4759631476547072,1.216786667692534,10.489889016450821,-1.1355567533384843,-1.2231496184280317,0.08759286508954744,44.95187536875407,47.39153847327599,45.43326022580409,46.568816979142575,0.8421456770799008,0.9677217806857916,-0.12557610360589078,-0.3919824668228678,26.065047887485907,0.6117513656616183,-104.13538309513282,-88.93590019513067,-15.199482900002153,44.46750068664551,48.197500228881836,46.33250045776367,48.197500228881836,50.00001229116961,35.103574638130816,20.910788494931275,33.039914602079314,3.305296332390604,50.00937461853027,47.232500076293945,0.0,88.0,-88.0,42.64110107421875,,0.0,0.0,48.21388043312745,1.0,0.9869587154369147,0.6536253821035816,-24.502970331225484,52.705613856377134,72.46730231426316,56.64824056967052,-27.532697685736835,-3.5270729064941406,1.1633649710067169,-2.4384487882676553,-2.6035692084604447,0.16512042019278939,-2.9796704416465483,-0.6597429660089117,-2.3199274756376367,45.22473256353148,1.4681757604589007,1.4575024024201966,134.4005989308613,7.880673320095859,-12806130.440136284
2019-06-07,46.627498626708984,47.97999954223633,46.442501068115234,47.537498474121094,45.94053649902344,122737600,1.2324981689453125,1,7502317478.178178,4972813600,0.04138668532391502,27659163.71541059,1.576800924836253,0.09913104973293298,18900885.012616187,45.16384764535395,45.572176272644796,3282.7618668639943,45.90612506866455,48.91221481534286,42.900035321986245,13.09668259815838,0.7713447606245275,0.0,0.0,44.96891682942708,46.00366681416829,43.93416684468587,4.602067640037458,1.7411605134434534,1.0,0.0,42.567501068115234,49.712501525878906,46.14000129699707,15.564372830589523,0.6955909149880487,1.2626079246293354,10.089242956619268,-0.883581976872172,-1.1552360901168597,0.2716541132446877,45.025833447774254,47.1956729888916,45.756989187083626,46.6405711639558,0.9242828404089318,0.8510792511415319,0.0732035892673999,-0.3791083417749194,25.97297578696184,-0.21112537384033203,-98.75664426479078,-93.1847355737157,-5.57190869107508,45.27375030517578,47.864999771118164,46.56937503814697,48.197500228881836,75.0000061455848,32.81080565311293,28.131230914684984,29.87418271570045,80.61030694959591,50.89437484741211,48.10000038146973,0.0,84.0,-84.0,42.790157043457036,,0.0,0.0,54.498354112738475,1.0,1.0,0.8801946991801656,-19.086647451999,56.146169081272525,91.82445833045543,73.18732967494432,-8.175541669544575,-2.802779018177702,1.9024585620856884,-1.8944493063048315,-2.461745228029322,0.5672959217244906,-2.449661926873835,-1.0177267581818965,-1.4319351686919384,45.456662428841504,2.6616956285983484,2.6268887943161623,140.6396294260124,8.599419728021921,36884809.07613176
2019-06-10,47.95249938964844,48.842498779296875,47.904998779296875,48.14500045776367,46.52762985229492,104883600,0.6075019836425781,1,7451134656.937943,5077697200,-0.00752201025641172,32810282.477719754,1.0390969794024283,0.2499957715615968,20241237.304949407,45.32155387059323,53.73086735716861,3324.7136819564894,45.84862518310547,48.62872788648688,43.06852247972406,12.127311090696939,0.9130018779279532,0.0,0.0,45.300916798909505,46.34141667683919,44.260416920979814,4.5937254760139155,1.8666910103406873,1.0,0.0,42.567501068115234,48.842498779296875,45.704999923706055,13.686337782477025,0.8888448484546367,1.26684716268398,9.418476865267932,-0.6276348344855123,-1.0497158389905903,0.422081004505078,45.2300001780192,47.03634614210863,46.124375536419016,46.75201037090453,1.0868684719724504,0.7365874623319528,0.3502810096404976,-0.35455292513941566,25.979307401405517,-0.933624267578125,-91.19618715355988,-95.74603783038695,4.549850676827077,45.704999923706055,47.763750076293945,46.734375,48.197500228881836,87.5000030727924,30.86994006552455,30.955902367303466,27.651229397243547,141.79651485772786,51.017499923706055,48.10000038146973,0.0,80.0,-80.0,43.10154759338379,,0.0,0.0,57.25205571708361,1.0,1.0,0.9956529051456383,-13.733482896853083,55.53791706175478,88.88448484546367,84.39208183006076,-11.11551515453633,-1.7581837037030397,5.361638646026646,-1.3424766753476598,-2.2378915174929896,0.8954148421453298,-3.2107854517690355,-1.4563384968993245,-1.754446954869711,45.82553983479945,1.2779426834445218,1.2698459044316657,143.7148659637301,8.371974797623452,4784748.782439142
2019-06-11,48.71500015258789,49.0,48.400001525878906,48.70249938964844,47.066402435302734,107731600,0.5574989318847656,1,7452031929.397031,5185428800,0.0053582509092088134,36703135.25665076,0.1817022047055153,0.21058192855392702,21488724.091930043,45.45709936577414,53.70459389698777,3324.7136819564894,45.9622501373291,49.00176468924379,42.92273558541441,13.226134677188458,0.9507708723738734,0.0,0.0,45.698250198364256,46.731750106811525,44.664750289916995,4.523148715590246,1.953434667351725,1.0,0.0,42.567501068115234,49.0,45.78375053405762,13.99517846203202,0.953750383248895,1.2256624006392147,8.867435423125695,-0.3754810635822423,-0.9148688839089207,0.5393878203266784,45.54562505086263,46.87346150324895,46.52100997537739,46.89649103895963,1.059396713866664,0.7767841306657052,0.28261258320095883,-0.3201314798265768,25.813467313918313,-1.219749832153319,-79.7385613537307,-96.20014648403571,16.46158513030501,45.78375053405762,47.388750076293945,46.58625030517578,48.197500228881836,93.7500015363962,29.177128424787206,30.330635731689448,26.271906782840727,144.65996057427614,51.078749656677246,48.10124969482422,0.0,76.0,-76.0,43.56082368825684,,0.0,0.0,59.66450496390911,1.0,1.0,1.0,-8.544440920463996,58.214651803605996,95.3750383248895,92.02799383360288,-4.624961675110497,-0.7958675721112414,8.432591332335331,-0.800659186356413,-1.9504450512656744,1.1497858649092614,-3.5902579442491747,-1.8831223863692945,-1.7071355578798801,46.32712051438246,1.1579580986271765,1.1513050740710629,146.53698199171546,8.355571223368102,15256093.679169297
2019-06-12,48.48749923706055,48.99250030517578,48.34749984741211,48.54750061035156,46.9166145324707,73012800,-0.154998779296875,0,7424298525.802346,5112416000,-0.03888227488447759,29843130.952408243,-0.026502827750171227,0.2350075894935118,21256356.246031515,45.57005235549763,55.14772522116698,3314.1325707471456,46.031375122070315,49.235578263570645,42.827171980569986,13.921822378771537,0.8926288966658809,0.0,0.0,46.12175013224284,47.13599993387858,45.107500330607095,4.398141001707997,1.6958348299386254,1.0,0.0,42.567501068115234,49.0,45.78375053405762,13.97416200325639,0.9296541834767391,1.1675962063516603,8.078918904129287,-0.18601027887449817,-0.7690971629020363,0.5830868840275382,45.86270840962728,46.73605772165152,46.83277776537342,47.01878804424792,1.1070961847540854,0.7490188818771204,0.35807730287696504,-0.28045905053911324,25.501476648201034,-1.4738761901855497,-69.56821634494827,-94.52110675437439,24.952890409426118,45.78375053405762,47.21125030517578,46.4975004196167,48.197500228881836,96.8750007681981,27.56087804920428,29.14933914610833,25.56570963547866,127.4716926966224,51.13187503814697,48.10124969482422,0.0,72.0,-72.0,44.104741319431156,,0.0,0.0,58.67310040835733,0.9688120837112122,0.989604027903737,0.9965346759679125,-4.66440872451241,60.750249801406156,92.9654183476739,92.40831383934237,-7.034581652326091,-0.1189044503604677,8.504219208186766,-0.39560840806753605,-1.6394777226260469,1.243869314558511,-6.325766392554962,-2.7716511876064285,-3.554115204948533,46.72888891248697,-0.31825631382240704,-0.318763826308599,145.75236248061964,7.686184474842648,-19652497.84636894
2019-06-13,48.67499923706055,49.1974983215332,48.400001525878906,48.537498474121094,46.906944274902344,86698400,-0.01000213623046875,0,7367495582.392113,5025717600,-0.09669893930430137,25455945.21524083,0.11843077929020247,0.2847956875337155,21238493.962765403,45.82275552087227,63.14194008648315,3314.1325707471456,46.07175006866455,49.37923598605446,42.76426415127464,14.357978207732463,0.8727526688008364,0.0,0.0,46.541250101725254,47.57124964396159,45.511250559488936,4.426179099121995,1.469053038636108,1.0,0.0,42.567501068115234,49.1974983215332,45.88249969482422,14.390591291923432,0.900452470463414,1.130586265281924,7.185205938408966,-0.03624262333126893,-0.6225262549878829,0.586283631656614,46.19437503814697,46.6523076570951,47.09504248979614,47.13128511312741,1.163691527773031,0.6783427173960247,0.4853488103770064,-0.23838437588610573,25.26862515539739,-1.7267488479614244,-59.088945420809715,-90.64095542468681,31.552010003877093,45.88249969482422,46.951250076293945,46.41687488555908,48.197500228881836,98.43750038409905,26.218835106482135,28.979532017253817,24.30524394992737,121.5762196498774,51.13187503814697,48.10124969482422,0.0,68.0,-68.0,44.59426718748804,,0.0,0.0,58.605426404841296,0.9666831736262566,0.9784984191124891,0.9893674823387423,-1.5488989490986527,53.62454452362,90.0452470463414,92.79523457296828,-9.954752953658602,0.5330294440774352,8.932277703289786,-0.07689716765472691,-1.326961611631783,1.250064443977056,-7.514055631208516,-3.720132076326846,-3.7939235548816694,47.04156207192417,-0.02060278305725527,-0.02060490572217688,145.70173065451968,7.570361753848779,13165688.608461857
2019-06-14,47.88750076293945,48.397499084472656,47.57500076293945,48.185001373291016,46.5662956237793,75046000,-0.3524971008300781,0,7403764352.540481,4950671600,-0.06432744083814255,18040310.551792994,-0.8904936788712623,0.2012269409594563,20693482.409625754,45.98959627193292,57.49967796516676,3290.0641255309633,46.10500011444092,49.482679970340826,42.72732025854101,14.6521194990387,0.8079038493267633,0.0,0.0,46.946083323160806,47.98333269755045,45.908833948771154,4.418896320911709,1.09721320673692,1.0,0.0,42.567501068115234,49.1974983215332,45.88249969482422,14.38021307225056,0.8472854649041952,1.1137774098718958,6.463145954199439,0.05339030243644771,-0.4873429435030168,0.5407332459394645,46.51437505086263,46.55461546090933,47.26272847187227,47.209338169435824,1.0849108123295972,0.7511303544737453,0.33378045785585186,-0.19743887010609146,25.03680920189697,-1.5299993515014663,-47.276153692005614,-84.43335363763957,37.157199945633955,46.41374969482422,46.49374961853027,46.453749656677246,48.197500228881836,99.21875019204953,24.445513660378502,27.234331486761537,28.003426041276313,88.34039045884647,51.298749923706055,48.10124969482422,0.0,64.0,-64.0,45.146654923573465,,0.0,0.0,56.147544202389035,0.8893623423384498,0.9416191998919724,0.9699072156360664,0.4234191269682518,55.28959087216004,84.72854649041952,89.2464039614783,-15.271453509580475,0.7734337638406217,8.659375458073344,0.11309267298945859,-1.0389507547075347,1.1520434276969933,-9.316069999666892,-4.839319660994856,-4.476750338672036,47.3096854126493,-0.7262366457101654,-0.7288865817036694,143.9173546473625,7.1183039370612775,-1521753.9848282486
2019-06-17,48.224998474121094,48.7400016784668,48.04249954223633,48.47249984741211,46.8441276550293,58676400,0.28749847412109375,1,7417434311.34297,5009348000,-0.06516468157591777,17873034.111096703,0.48143520071110085,0.24770858977356197,21043578.393565476,46.18786251150103,63.67900729663329,3309.6944749943345,46.16612510681152,49.666493973048404,42.66575624057464,15.164230734714296,0.8294473852237303,0.0,0.0,47.44216664632162,48.3579163869222,46.52641690572103,3.8604886974384716,1.0625626497118974,1.0,0.0,42.567501068115234,49.1974983215332,45.88249969482422,14.361173345344842,0.8906487519663248,1.0721498825077531,5.588257188067364,0.14594144389447194,-0.3606860660235191,0.5066275099179911,46.83916664123535,46.48894236637996,47.448847145032246,47.302905701137774,1.1278838209624975,0.7027747175452885,0.425109103417209,-0.15742462855327954,24.7533754988306,-2.398623275756833,-34.5153658909104,-76.6769538316178,42.16158794070739,47.241249084472656,46.14000129699707,46.69062519073486,48.197500228881836,99.60937509602476,22.890400731549402,28.21604296123665,26.74638466011513,97.50630102061508,51.27624988555908,48.10124969482422,0.0,60.0,-60.0,45.632756131328634,,0.0,0.0,57.705557698526576,0.9383748208692702,0.9314734456113251,0.9505303548719289,2.525705973597062,53.98708356763424,89.06487519663249,87.94622291113114,-10.935124803367522,0.860390001184804,8.743688205863396,0.30852532573059593,-0.7694555386199087,1.0779808643505047,-12.0665068849743,-6.284757105790746,-5.781749779183555,47.68201856612838,0.5966555275029206,0.5948825871461505,145.3727010264048,7.517544157144428,-10517566.08706133
2019-06-18,49.01250076293945,50.0724983215332,48.8025016784668,49.61249923706055,47.945831298828125,106204000,1.1399993896484375,1,7446703080.003497,5115552000,-0.08057311400854754,32615814.26354327,1.2511140942561412,0.35774952507881747,23541334.76180211,46.57843574683092,71.42027971022081,3309.6944749943345,46.35812511444092,50.15939290664383,42.556857322238,16.399575189113026,0.9280643065051795,0.0,0.0,47.9418332417806,48.851832707722984,47.03183377583822,3.7962647834222976,1.4179488877775488,1.0,0.0,42.567501068115234,50.0724983215332,46.31999969482422,16.189173386306997,0.9387076278724604,1.1249347416690871,4.644405944121024,0.3077299938532647,-0.22700285404816237,0.534732847901427,47.326249758402504,46.50115394592285,47.78171669765199,47.47398670379872,1.1794181271171365,0.5996499724409726,0.5797681546761638,-0.11473952642692872,24.532621338593756,-3.0331243515014634,-22.20457877006023,-67.38667066510538,45.182091895045154,47.80499839782715,46.31999969482422,47.062499046325684,48.197500228881836,99.80468754801238,22.446427652087966,33.71274043485635,24.07651123171905,123.22103146521475,51.010000228881836,48.10124969482422,100.0,56.00000000000001,43.99999999999999,46.06052519415318,,0.0,0.0,63.27701748175065,1.0,0.9425790544025728,0.9385572333019568,6.1234614932185405,54.43278139653568,93.87076278724605,89.22139482476602,-6.129237212753953,1.03366188722498,13.35465165128208,0.6482076084599002,-0.4859229092039469,1.1341305176638472,-10.28877481958906,-7.085560648550409,-3.203214171038651,48.283195035299265,2.3518477347714173,2.3246179056119143,151.14349333724175,8.490897352341207,48082769.56990965
2019-06-19,49.91999816894531,49.970001220703125,49.32749938964844,49.467498779296875,47.805686950683594,84496800,-0.14500045776367188,0,7399029522.6947365,5031055200,-0.11268123519458746,26206115.843099173,0.16063177290299868,0.3655203233120421,23294379.360079207,46.88027882636353,71.5967703369232,3300.021363957558,46.498999977111815,50.53469774452927,42.46330220969436,17.358213163310793,0.8677801179948962,0.0,0.0,48.32841657002767,49.206416066487634,47.45041707356771,3.6334709836302737,1.1486804456391548,1.0,0.0,42.567501068115234,50.0724983215332,46.31999969482422,16.140126147040046,0.9193871067759823,1.076691450607647,3.8765949226249403,0.4194135221890818,-0.09771957880071352,0.5171331009897953,47.83812459309896,46.617980810312126,48.041067787135816,47.621654264946734,1.202131183383836,0.6043253141362463,0.5978058692475896,-0.0724561016142771,24.340998419846184,-1.5890001296997056,-11.102541555745592,-57.04968827184013,45.94714671609454,48.25749969482422,46.31999969482422,47.28874969482422,48.197500228881836,99.9023437740062,22.034166935445203,32.31764235199437,23.080178859206026,110.31174856251172,49.77000045776367,48.10124969482422,96.0,52.0,44.0,46.62220143198638,,0.0,0.0,62.15547805300291,0.9683186420816384,0.9688978209836357,0.947650106999178,8.770760391239843,52.73746488189014,91.93871067759824,91.62478288715893,-8.06128932240176,1.3299633699304962,14.177721657680301,0.880720186358169,-0.2125942900915237,1.0933144764496927,-10.554264281126267,-7.779301375065581,-2.7749629060606864,48.59361678281589,-0.2922659813423767,-0.29269391236286246,150.40948634186213,7.668336266168907,3439919.576516658
2019-06-20,50.092498779296875,50.15250015258789,49.50749969482422,49.8650016784668,48.189842224121094,86056000,0.3975028991699219,1,7408369395.159739,5117111200,-0.0605918433920033,27349172.07850883,0.13584885065715033,0.39329967623871925,23985894.19982451,47.28448352899877,78.58442042751672,3300.021363957558,46.70750007629395,50.97946420353374,42.435535949054156,18.292411797941615,0.8695608750597095,0.0,0.0,48.705583318074545,49.56508267720541,47.84608395894369,3.5293668634162647,1.1744730802153647,1.0,0.0,42.567501068115234,50.15250015258789,46.36000061035156,16.23936000017772,0.962096439179586,1.037522442875984,3.178839192036284,0.5338448537570315,0.028593307710835472,0.505251546046196,48.251041412353516,46.721826993502106,48.32167300118674,47.78782814742971,1.2449044311466402,0.5714971392524344,0.6734072918942058,-0.03048485022403189,24.121195023664324,-1.0725017547607436,0.20696817440865045,-46.05373133415131,46.26069950855996,48.86375045776367,46.36000061035156,47.61187553405762,48.197500228881836,99.9511718870031,21.7843146609704,32.06021282018302,22.033310219559514,104.67629060884995,49.603750228881836,48.10124969482422,100.0,48.0,52.0,47.10524299652294,,0.0,0.0,64.03729142267375,1.0,0.9894395473605457,0.9669721409155848,11.566862737718282,52.864921285036395,96.2096439179586,94.0063724609343,-3.790356082041399,1.6176104265100832,11.033181580694693,1.1171147014885727,0.053347508224495604,1.063767193264077,-10.539422783159814,-8.331325656684427,-2.208097126475387,48.91572436670511,0.8035637721312883,0.800352390646264,152.42168625608542,7.976097248675956,12618142.18663752
2019-06-21,49.70000076293945,50.212501525878906,49.537498474121094,49.69499969482422,48.025550842285156,191202400,-0.17000198364257812,0,7306395069.974938,4925908800,-0.13240155802598758,18798606.45626162,0.01588640562448352,0.4450541621455381,23334038.465680256,48.055366816126075,75.7220757329176,3300.021363957558,46.94650001525879,51.324126514515754,42.56887351600183,18.64942646559008,0.8139257860431839,0.0,0.0,48.9550833384196,49.72833315531413,48.181833521525064,3.1590174672941194,0.9784458659015369,0.0,0.0,42.567501068115234,50.212501525878906,46.39000129699707,16.284495021522062,0.9323084630388541,1.0012705037641667,2.0073465129045447,0.6038539170737423,0.14364542958341683,0.4602084874903254,48.58937486012777,46.79740392244779,48.532954030977116,47.929100113903374,1.3504181534848607,0.5291140594166867,0.8213040940681741,0.008811046163803809,23.968730838867526,-0.6414997100830107,10.976660159718316,-34.70119274378706,45.677852903505375,48.89375114440918,46.39000129699707,47.641876220703125,48.197500228881836,99.97558594350156,21.597973296419422,30.996111516914265,21.021463016279217,93.74614870006654,49.55312538146973,48.10124969482422,100.0,44.0,56.0,47.59280414149333,,0.0,0.0,62.603549915506385,0.9408465439906831,0.9697217286907733,0.9760196990116518,13.523962966808261,52.99263865592091,92.13821807723045,93.42885755759578,-7.861781922769554,2.0801765890682447,8.896683516202245,1.259889953365878,0.2946559972527721,0.965233956113106,-2.0972747719171485,-7.084515479730972,4.9872407078138234,49.043155622938194,-0.3409244518605692,-0.34150692350558565,151.56111900583963,7.525575098687476,118035372.81403682
2019-06-24,49.6349983215332,50.040000915527344,49.54249954223633,49.64500045776367,47.97723388671875,72881600,-0.049999237060546875,0,7263545269.387591,4853027200,-0.11788681236583418,15592516.334545396,-0.05716892349247939,0.3820287680394738,23260710.677811664,48.46402937130364,69.6113326252494,3296.7011395588333,47.19162502288818,51.59709056840845,42.78615947736792,18.670539712856215,0.7784467849680751,0.0,0.0,49.09958343505859,49.828833389282224,48.37033348083496,2.9704934470092725,0.8739575296139289,0.0,0.0,42.567501068115234,50.212501525878906,46.39000129699707,16.199909314535805,0.9257683408587734,0.9508935907168515,1.2449782622007612,0.647834253558365,0.2444831943784065,0.4033510591799585,48.86770820617676,46.87913469167856,48.70403809663658,48.056203843078215,1.3235514773026331,0.560961609515564,0.7625898677870692,0.04436999130660845,23.81107261267577,0.3458734512329116,21.24026588693442,-23.481323050379828,44.72158893731425,48.89375114440918,46.39000129699707,47.641876220703125,48.197500228881836,99.98779297175078,21.42494202933637,29.90601012682711,20.282159763895223,83.85975353790337,49.36562538146973,48.10124969482422,96.0,40.0,56.0,48.06434967068274,,0.0,0.0,62.1627291452258,0.904865950124126,0.9485708313716025,0.9692440358076406,15.045046233839434,52.20402790842275,88.48298579795079,92.27694926437995,-11.517014202049214,2.4116838455200167,7.213044229727733,1.3480762144130032,0.5053400406848183,0.8427361737281849,-4.603912384550625,-6.588394860694903,1.9844824761442776,49.11320238539949,-0.10061220921137037,-0.10066285726955115,151.30801780649102,7.482675010181389,-57938380.704225466
2019-06-25,49.60749816894531,49.814998626708984,48.8224983215332,48.89250183105469,47.250022888183594,84281200,-0.7524986267089844,0,7191153193.765517,4768746000,-0.1132839892323197,4304801.535698162,-0.5564208100930323,0.2572802554721937,21983210.694478154,48.75164588993885,62.682607351211104,3296.7011395588333,47.40837516784668,51.699188202932085,43.11756213276127,18.101497973275922,0.672942359766378,0.0,0.0,49.14716669718425,49.915666834513345,48.37866655985515,3.1273425874746423,0.3343104615344377,0.0,0.0,42.567501068115234,50.212501525878906,46.39000129699707,16.125843652512827,0.8273381797533146,0.9550542621627445,0.8352920594441299,0.6148806751287026,0.3185626905284657,0.2963179846002369,48.98062515258789,46.94230783902682,48.73303251731629,48.11815184218759,1.1767105989517594,0.6452178514718764,0.5314927474798831,0.07266987969332864,23.75265954843349,0.7366252899169936,26.95216683179467,-12.756836030741727,39.709002862536394,48.89375114440918,46.39000129699707,47.641876220703125,48.197500228881836,99.99389648587538,20.42611323296112,27.80511028142959,23.95357137919892,60.28123695548366,49.276875495910645,48.10124969482422,92.0,36.0,56.0,48.451017004618045,,0.0,0.0,55.794989392976326,0.47910712581865694,0.7749398733111549,0.8977441444578437,14.683058659621853,45.22621456774234,71.76473084166446,84.12864490561525,-28.235269158335537,2.4383012322818516,2.8503884310850793,1.2778559682535562,0.6598432261985658,0.6180127420549903,-5.720276610897144,-6.414771210735352,0.6944945998382082,49.11110079301879,-1.5157591293592287,-1.5273641771006652,147.49879358377746,6.732815913856697,5680511.241991848
2019-06-26,49.442501068115234,50.247501373291016,49.337501525878906,49.95000076293945,48.27198791503906,104270000,1.0574989318847656,1,7227246504.001064,4873016000,-0.08636953697721785,19442031.83454478,0.4134603772735705,0.2745586678180642,24238472.943250783,49.013492512649705,63.26908316994102,3296.7011395588333,47.68862514495849,51.873363661101735,43.50388662881525,17.550258592789984,0.770193180440949,0.0,0.0,49.26875012715658,50.06375020345052,48.47375005086263,3.227198068723676,0.9284594782422345,0.0,0.0,42.567501068115234,50.247501373291016,46.407501220703125,16.104469948192015,0.961262942899746,0.9950487901701027,0.6418712669934059,0.6664140464224388,0.38813296170726036,0.2782810847151785,49.131041844685875,47.10298098050631,48.920258401258316,48.25384435483588,1.156145209841091,0.6025399581281111,0.5536052517129798,0.09908202661398097,23.773166066958336,1.0138742446899442,35.063528619230475,-2.2954500262928152,37.35897864552329,48.911251068115234,46.407501220703125,47.65937614440918,48.197500228881836,99.99694824293769,19.894522884080295,28.190241012771445,21.711123518176358,78.41478569682015,48.82562446594238,48.10124969482422,100.0,32.0,68.0,48.768084218445,,0.0,0.0,61.72823862479134,0.757933958169804,0.7139690113708618,0.8124932386845399,16.09177075568697,48.64292630691116,92.1813249279669,84.14301385586073,-7.818675072033108,2.499220522712257,3.7490918849596024,1.3810589712229893,0.8040863752034505,0.5769725960195388,-4.971302616574184,-6.12607749190312,1.1547748753289353,49.16698529444417,2.1629061559150564,2.139847243333426,152.85196022601644,8.188324065460307,27595962.662881643
2019-06-27,50.0724983215332,50.39250183105469,49.89250183105469,49.935001373291016,48.25749588012695,83598800,-0.0149993896484375,0,7157859346.92709,4789417200,-0.13171092623675587,16485465.718846701,0.20933337647772848,0.1768824143638839,24213369.22040415,49.23824452554994,62.35183241581098,3295.7111795149613,47.95662517547608,51.993337978790905,43.91991237216125,16.834849360413752,0.7450479256525699,0.0,0.0,49.404917017618814,50.170167414347326,48.639666620890296,3.0978713979242625,0.8463469982755599,0.0,0.0,42.567501068115234,50.39250183105469,46.48000144958496,16.316829498129447,0.9415334935262278,0.9455439111530926,0.6419214380487883,0.6979982002968939,0.4501060094251871,0.24789219087170677,49.233750343322754,47.229327128483696,49.076372704647966,48.37837450435107,1.1537675672078578,0.6834558087265631,0.4703117584812947,0.12280404930324453,23.769841416814838,0.5908754348754854,41.94226665080529,7.6177077895750624,34.32455886123022,49.21750068664551,46.48000144958496,47.848751068115234,48.197500228881836,99.99847412146885,19.532436975621515,28.219288535622304,20.93239420283752,83.5164773099161,48.59687423706055,48.10124969482422,100.0,28.000000000000004,72.0,48.8224983215332,,0.0,0.0,61.601941394953144,0.704530358272978,0.6471904807538126,0.7120331218119432,17.19852286456936,40.995899836983206,83.76219044098832,82.5694154035399,-16.237809559011687,2.5514267192167424,2.530675014811545,1.4427896915679073,0.9318270384763419,0.5109626530915654,-5.973951292204744,-6.095652251963445,0.12170095975870066,49.21778744273939,-0.030028807646320654,-0.030033317195554687,152.77603179725023,7.6701211704505,-2274799.8124008924
2019-06-28,49.66999816894531,49.875,49.26250076293945,49.47999954223633,47.81778335571289,124442400,-0.4550018310546875,0,7121796061.398045,4664974800,-0.09848020575009003,6041610.636034339,-0.28239757922795716,0.08248994589028495,23079464.778556567,49.33993016030278,53.644371483435535,3295.7111795149613,48.24225006103516,51.83712237709154,44.647377744978776,14.90341893882735,0.6721548600867967,0.0,0.0,49.5535836537679,50.297834142049155,48.809333165486656,3.0038210494778563,0.45056495582454353,0.0,0.0,42.567501068115234,50.39250183105469,46.48000144958496,16.220223461881265,0.8833863003387645,0.9182395810729396,0.6894230653808731,0.6784927821907871,0.49578336397830713,0.18270941821248,49.311458587646484,47.374904045691856,49.13846914120003,48.45997635900924,1.0110132775481033,0.8119192493639976,0.1990940281841057,0.14155858624375398,23.78974184639564,0.2952484130859361,47.123962358981565,16.68874426178528,30.435218097196284,49.59750175476074,46.48000144958496,48.03875160217285,48.197500228881836,99.99923706073443,18.457245831894486,26.825614323396245,24.525219706138675,59.785460754442795,48.420000076293945,48.83250045776367,96.0,24.0,72.0,49.1364990234375,,0.0,0.0,57.742455741989495,0.23627699421792017,0.566247103553567,0.6424688652260806,17.06371260707642,41.579597611481326,67.61306325151538,81.18552620682355,-32.386936748484615,2.4720518224379546,1.9207969929680233,1.400109602126638,1.0254835512064011,0.3746260509202368,-3.4522263823426513,-5.566967078039287,2.1147406956966357,49.23276079445697,-0.9111881817190803,-0.9153648923871938,150.4727664692952,7.122088626018595,48347048.58308646
2019-07-01,50.79249954223633,51.122501373291016,50.162498474121094,50.38750076293945,48.69478988647461,109012000,0.907501220703125,1,7063883801.888152,4773986800,-0.11317193853289184,19311169.555356443,0.9455864249158363,0.13705310447673646,25078828.642471787,49.49037707862918,53.82945219407173,3356.157055549009,48.595375061035156,51.51237178525825,45.67837833681206,12.005244205068433,0.8071867868452279,0.0,0.0,49.76750030517578,50.538000869750974,48.996999740600586,3.096400501734914,0.9023361476091215,0.0,0.0,43.630001068115234,51.122501373291016,47.376251220703125,15.418134535982691,0.9019018244358525,0.9906658060711143,0.6894230653808731,0.7278719077513074,0.5422010727329072,0.1856708350184002,49.46562544504801,47.58538480905386,49.33062785223686,48.60275594448555,1.0084919781872839,0.7476744702617254,0.26081750792555847,0.159609203060956,23.866206407660112,-0.4103736877441406,53.00983496020284,25.045901342925625,27.963933617277213,49.97249984741211,46.845001220703125,48.40875053405762,48.197500228881836,99.99961853036721,18.558476480967165,32.47343850723909,21.70563260728375,109.81913192460391,47.71249961853027,49.13999938964844,100.0,20.0,80.0,49.26250076293945,,0.0,0.0,62.75462918390683,0.8443805827370288,0.5950626450759752,0.6028334097944518,18.428311208130484,42.7909814031391,79.2811702919278,76.88547466147718,-20.71882970807221,2.521676770378562,3.8114907998497936,1.4975938989605617,1.1199056207572333,0.3776882782033284,-2.662360477109009,-4.986045757853232,2.3236852807442228,49.33058692901827,1.8340768575158872,1.8174605311928715,155.0666295134884,8.23526298790999,12186878.851928115
2019-07-02,50.352500915527344,50.782501220703125,50.34000015258789,50.682498931884766,48.97988510131836,67740800,0.2949981689453125,1,7101006664.285242,4841727600,-0.15632226952668427,19407204.185004186,-0.05307418008473457,0.13515515073855336,25475423.26733536,49.59389746951487,59.108138217906074,3375.805979807782,48.88400001525879,51.400042850693545,46.36795717982404,10.29393189857372,0.857406259404007,0.0,0.0,49.87808367411296,50.56583468119304,49.19033266703288,2.757728270290497,1.0848157614388945,1.0,0.0,45.28499984741211,51.122501373291016,48.20375061035156,11.94153818029779,0.9246248691403978,0.9358493322755264,0.6841559555822053,0.7817970377473316,0.590120265735792,0.19167677201153954,49.673750241597496,47.81384629469652,49.53860801833653,48.7568109805892,1.0275442175334533,0.7708115350741831,0.25673268245927017,0.17727235738061806,23.903983642379306,-0.41150016784668253,56.19953416824801,32.52390975670269,23.675624411545314,49.97249984741211,46.845001220703125,48.40875053405762,48.197500228881836,99.99980926518361,18.652476369391795,31.425238087727664,21.00500297732806,109.84626606474195,47.71249961853027,49.13999938964844,96.0,16.0,80.0,49.26250076293945,,0.0,0.0,64.23947876930214,1.0,0.6935525256516492,0.6182874247603972,19.999986510815212,46.24101658295897,87.59683253831363,78.16368869391896,-12.40316746168636,2.662162489049571,5.18314306820403,1.6034622076874068,1.216616938143268,0.38684526954413867,-5.268594540454663,-5.042555514373518,-0.22603902608114446,49.393834026031264,0.5854590215403022,0.5837518700849031,156.55994010691384,8.068772698724757,-24559444.457435936
2019-07-03,50.81999969482422,51.11000061035156,50.67250061035156,51.102500915527344,49.38576889038086,45448000,0.4200019836425781,1,7144896510.546403,4887175600,-0.12179626329558023,19361639.32323043,0.3176706711437223,0.14938657158523336,25852047.359573625,49.70109951713227,57.89494448691593,3403.7810251941055,49.15737514495849,51.3720269350423,46.94272335487469,9.010455841277512,0.9391493460232057,0.0,0.0,50.01541709899902,50.682667922973636,49.34816627502441,2.6681805838142902,1.3145990813865838,1.0,0.0,45.537498474121094,51.122501373291016,48.329999923706055,11.36147502322998,0.9964188993050219,0.8860143990479739,0.6781376887019884,0.8486411350120378,0.6418244395910412,0.20681669542099657,49.892916997273765,48.06557714022123,49.779206925596654,48.930565790584616,1.052108028650689,0.7534416283096371,0.29866640034105185,0.19524646607245894,23.885154335273917,0.4551240921020536,59.62121919782818,39.1254932037493,20.49572599407888,49.97249984741211,46.845001220703125,48.40875053405762,48.197500228881836,99.99990463259181,19.007465132044416,32.86833844831959,20.307073082261276,130.0407021066752,47.71249961853027,49.13999938964844,92.0,12.0,80.0,49.634500885009764,,0.0,0.0,66.29946205908223,1.0,0.9481268609123426,0.7455806772133226,21.939614584489632,50.90933721603252,99.43620988519886,88.77140423848012,-0.5637901148011304,2.7739711424883637,5.425759093082234,1.7343783406145206,1.3201692186375187,0.4142091219770019,-9.303674641729884,-5.894779339844791,-3.408895301885093,49.53003178274329,0.8286923346203734,0.8252775321929029,158.68603266428644,8.228220983756202,-24173761.163872883
2019-07-05,50.837501525878906,51.27000045776367,50.724998474121094,51.057498931884766,49.34228515625,69062000,-0.045001983642578125,0,7160102631.7763405,4818113600,-0.15619337607230843,16151701.277865551,0.08384616295032131,0.21898227457248934,25791229.84695401,49.867822036425665,63.45784209702614,3403.7810251941055,49.39500007629395,51.337602906302244,47.45239724628565,7.865584885141471,0.9279049813758682,0.0,0.0,50.13300031026205,50.79025128682454,49.47574933369954,2.6220292920627952,1.2033071494681982,1.0,0.0,46.442501068115234,51.27000045776367,48.85625076293945,9.773255151719882,0.9559810351639668,0.8519131575074343,0.6162612309201354,0.8877508406124832,0.6910097197953297,0.19674112081715356,50.01333363850912,48.32375012911283,49.97586723425637,49.08811639364389,1.142950960508465,0.6723756941249711,0.4705752663834938,0.21203820450240157,23.885444574904717,0.07249870300292827,63.30075611844593,44.93928164360793,18.361474474838005,50.04624938964844,46.91875076293945,48.482500076293945,48.197500228881836,99.9999523162959,19.468131676842056,32.7185271128155,19.440507643367553,132.39507254290817,47.486249923706055,48.91374969482422,100.0,8.0,92.0,49.932100982666014,,0.0,0.0,65.86168029902858,0.9583242515860682,0.9861080838620223,0.8759291568086714,23.407559397573312,55.97620037316261,93.4159112130202,93.48298454551089,-6.584088786979801,2.8469192056094883,2.9125718660526654,1.80848422354098,1.4178322196182112,0.3906520039227688,-10.508810781328435,-6.81758562814152,-3.691225153186915,49.61569536360245,-0.08806219428862949,-0.08810099181788544,158.45822806760413,7.871882685803833,16584749.508604772
2019-07-08,50.20249938964844,50.349998474121094,49.602500915527344,50.005001068115234,48.32514190673828,101354400,-1.0524978637695312,0,7167899521.961692,4716759200,-0.1821350154809092,-1395011.6880641803,-0.7531806321435021,0.13079542936858912,23701913.062636845,49.94076042861278,57.05482565775951,3403.7810251941055,49.51837520599365,51.27825527754178,47.75849513444552,7.107987950845033,0.6382554044417099,0.0,0.0,50.15008366902669,50.81458409627279,49.4855832417806,2.6500471330479423,0.3908333275926314,0.0,0.0,47.57500076293945,51.27000045776367,49.42250061035156,7.461875878304222,0.6576456037546122,0.9122216433924331,0.8326481824354517,0.824315585604289,0.7176708929571215,0.10664469264716747,50.058125495910645,48.53259629469652,49.98034936254235,49.15603377693806,1.0065885747353354,0.7385216736211337,0.2680669011142016,0.22256229855501228,23.926544475473737,0.3466264724731474,64.43485469151217,49.73868039967212,14.696174291840052,50.04624938964844,46.91875076293945,48.482500076293945,48.197500228881836,99.99997615814794,18.51950433687112,29.143020425330658,25.746795965210577,41.54927372365796,47.38812446594238,48.91374969482422,96.0,4.0,92.0,,51.27000045776367,0.0,1.0,56.47006684916544,0.06426571591426414,0.6741966558334437,0.8694772002026029,21.941828719095984,47.79218175076249,48.733535341042604,80.52855214642057,-51.266464658957396,2.8469852110918836,1.0865766454383876,1.6769367303816591,1.4696531217709008,0.20728360861075834,-8.469840425066163,-7.148036587526449,-1.321803837539714,49.619704507455275,-2.061397220364547,-2.0829405900677944,153.13037733841503,6.746959441916111,41763828.28732757
2019-07-09,49.79999923706055,50.377498626708984,49.70249938964844,50.310001373291016,48.61989974975586,82312000,0.30500030517578125,1,7233749773.212067,4799071200,-0.11986852790433201,2390730.713034832,0.05227759971500627,0.04516425118707947,24203966.54895577,49.98886312051426,56.31136140971053,3424.5420336784687,49.62662525177002,51.29946963620175,47.953780867338295,6.741721307644475,0.7042557358833886,0.0,0.0,50.18883361816406,50.87108383178711,49.50658340454102,2.718733090366659,0.588800085883079,0.0,0.0,47.57500076293945,51.27000045776367,49.42250061035156,7.445599365418124,0.7401896715127263,0.8884994027592444,0.9301011643923922,0.7895521983542935,0.732047154036556,0.05750504431773751,50.09520880381266,48.78423089247484,50.031065056503685,49.24151285814939,0.9777134145615712,0.8515709192978447,0.12614249526372656,0.22923351480201937,23.775074622151465,0.06837444305419638,65.72727368901545,54.04702560602998,11.680248082985464,50.26625061035156,46.91875076293945,48.59250068664551,48.197500228881836,99.99998807907397,17.665681060102816,27.845188482368886,24.413869960505714,49.93709072486393,47.08062553405762,48.78750038146973,92.0,0.0,92.0,,51.27000045776367,0.0,0.0,58.32466669244462,0.24081906630407457,0.4211363446014685,0.6938136947656449,21.257923226410124,52.43372518220467,60.776373991190745,67.6419401817512,-39.223626008809255,2.5952718398150267,0.8924088636226457,1.6034279869279522,1.496408094802311,0.10701989212564111,-8.467032182798805,-7.411835706580921,-1.0551964762178843,49.633233914333665,0.609939603361509,0.6080870011160311,154.67431975794045,7.581168586382724,4463495.881565824
2019-07-10,50.462501525878906,50.932498931884766,50.38999938964844,50.807498931884766,49.100685119628906,71588400,0.49749755859375,1,7272348099.291961,4870659600,-0.10109452412492723,7137062.643120257,0.4707856627514788,0.06731810046197093,24911878.559519548,50.054951249147265,55.93354753516335,3458.406101548703,49.73187522888183,51.423675722931236,48.04007473483243,6.8036867150623275,0.8178931874018955,0.0,0.0,50.342166900634766,50.97941703796387,49.70491676330566,2.531675438551968,0.8651094005254657,0.0,0.0,47.57500076293945,51.27000045776367,49.42250061035156,7.429841882733479,0.8748304292076785,0.861899218342695,0.939569108473481,0.7930045953727003,0.7442386423037849,0.0487659530689154,50.18791707356771,49.07201928358812,50.15051642194693,49.35751182657423,0.9850416933669783,0.7876760559781615,0.19736563738881685,0.2345953855003025,23.57976843243449,-0.08687477111816122,68.18948824445158,57.727687786610105,10.461800457841477,50.26625061035156,47.45000076293945,48.85812568664551,48.197500228881836,99.99999403953699,17.41106041708882,30.843463536354847,23.21998145227702,101.38179479280896,46.49062538146973,48.197500228881836,88.0,0.0,88.0,,51.236650466918945,0.0,0.0,61.226500784421184,0.5170665452793609,0.27405044249923277,0.4564611476447151,21.521343946984388,56.442445038108175,81.10312064563793,63.53767665929043,-18.896879354362078,2.4954553716322962,2.2386542788859596,1.6066543187165772,1.5184573395851644,0.08819697913141278,-9.361105657255859,-7.8016896967159095,-1.5594159605399494,49.73394437597877,0.9888641324066194,0.9840068659729972,157.1927027604773,8.000512651505396,406236.0921315551
2019-07-11,50.82749938964844,51.09749984741211,50.4275016784668,50.4375,48.74311065673828,80767200,-0.3699989318847656,0,7193991462.402029,4789892400,-0.1290135329534692,1848371.1610569013,0.08399249702675067,0.06361407520265665,24323702.043068957,50.106778405749345,49.45892180142733,3458.406101548703,49.82637519836426,51.45287467603294,48.19987572069558,6.528668686788504,0.687865047000103,0.0,0.0,50.42308349609375,51.03633346557617,49.80983352661133,2.4324175633960556,0.5117541823266768,0.0,0.0,47.57500076293945,51.27000045776367,49.42250061035156,7.415750554026898,0.7746953920105056,0.8427091134029567,1.0018719606748587,0.7571567911157047,0.7468222720661688,0.010334519049535862,50.2539587020874,49.28461544330303,50.19466774164741,49.4375109505317,0.9758557780411309,0.7925330538788972,0.18332272416223372,0.23686679266335617,23.45341855693557,-0.9338733673095732,68.19499668573776,60.6446577904915,7.550338895246263,50.26625061035156,48.27750015258789,49.27187538146973,48.197500228881836,99.9999970197685,17.329061968982327,30.5100049782627,21.97441985502949,88.64702532158826,46.347500801086426,48.197500228881836,84.0,0.0,84.0,,51.20396747589111,0.0,0.0,57.99236311573213,0.20918458190156736,0.32235673116166713,0.33918117275412296,20.791475671251778,51.86496988967393,65.98571067864924,69.28840177182599,-34.01428932135075,2.330587768554686,1.5963330344020452,1.5315431067582124,1.521074493019774,0.010468613738438437,-9.145614709395671,-8.070474699251863,-1.0751400101438087,49.74616694876052,-0.7282368541321138,-0.7309014429370819,155.319730712837,7.359854234622425,16326134.25998085
2019-07-12,50.61249923706055,51.0,50.54999923706055,50.82500076293945,49.11759948730469,70380800,0.3875007629394531,1,7209631971.637819,4860273200,-0.08924791875758427,5480405.80894721,0.007991518356908688,0.06305015468354416,24864423.008546807,50.19587805981946,60.58377000425523,3484.9763122630443,49.94075031280518,51.5093113875576,48.372189238052755,6.281688060061977,0.7818667581285739,0.0,0.0,50.494916661580405,51.10316670735678,49.88666661580404,2.4091535781825058,0.7713391504457071,0.0,0.0,47.57500076293945,51.27000045776367,49.42250061035156,7.398766882116294,0.8795670550534677,0.8146882020626609,1.0082202254028227,0.7513540789423985,0.7477286334414147,0.0036254455009837594,50.41500027974447,49.48423092181866,50.291642052615416,49.54028797367302,0.973803677133939,0.7944898126559735,0.1793138644779655,0.2380642602572061,23.343105102806593,0.009250450134274502,68.90005856158096,63.06422403522476,5.8358345263562015,50.43625068664551,48.40374946594238,49.420000076293945,48.197500228881836,99.99999850988425,17.25292055288344,29.098732080210958,20.957969572117108,93.77522413981131,46.30250072479248,48.197500228881836,80.0,0.0,80.0,,51.171938144683836,0.0,0.0,60.35431868560209,0.4340369514537414,0.3867626928782228,0.3277232888463744,20.85217558357994,52.56616311721191,81.81821015651545,76.30234716026756,-18.181789843484548,2.110168658985806,3.9525466268067198,1.5166526269320182,1.5201901198022227,-0.0035374928702045505,-9.863131359855494,-8.42900603137259,-1.4341253284829047,49.78023261822106,0.7682790838948295,0.7653428495348447,157.28129880096034,7.892314562462914,2381529.591717124
2019-07-15,51.022499084472656,51.467498779296875,51.0,51.3025016784668,49.57905197143555,67789600,0.47750091552734375,1,7229570805.125645,4928062800,-0.09888568811935548,9321718.702416526,0.3163685255562247,0.08973140104416588,25501306.345041227,50.286195652532044,66.68617039328063,3517.7176670041567,50.096625328063965,51.55180169275522,48.64144896337271,5.8094786032466335,0.9143402750561728,0.0,0.0,50.66666666666667,51.260416666666664,50.072916666666664,2.3437499999999996,1.0354400099369538,1.0,0.0,48.04249954223633,51.467498779296875,49.7549991607666,6.836786339661632,0.9518256532600912,0.797469183492137,1.0013013134503723,0.7763365959547457,0.753450225944081,0.022886370010664736,50.52770868937174,49.67644251309908,50.44715891813101,49.670822322176264,0.9982173129828323,0.7244763845841962,0.2737409283986362,0.2399311100530667,23.13841523074718,-0.16162395477294922,71.70337769526502,65.14128433912055,6.562093356144473,50.53499984741211,48.954999923706055,49.74499988555908,48.197500228881836,99.99999925494213,17.639123532682323,31.449405493542066,19.82968540229373,134.3410374411344,46.33250045776367,48.197500228881836,100.0,0.0,100.0,49.602500915527344,,1.0,0.0,63.107105224744025,0.6960954694433377,0.44643900093288175,0.38518614165759074,21.70810682433387,52.32307815245167,93.76192543385864,80.5219487563411,-6.238074566141359,2.181117125118483,2.707709499237557,1.5629630428086123,1.5287447044035007,0.03421833840511157,-10.610231258331234,-8.86525107676432,-1.7449801815669144,49.912876852092445,0.9395000656360564,0.9351142124322642,159.6984567720647,8.17055311506249,5408411.780576706
2019-07-16,51.147499084472656,51.52750015258789,50.875,51.125,49.40751647949219,67467200,-0.17750167846679688,0,7213802596.867192,4860595600,-0.11502305778329315,6279252.996149154,-0.031431283531564706,0.12723065294141359,25267876.378672127,50.42025898723279,67.48532180986732,3505.5467051633696,50.22925033569336,51.544976317635154,48.91352435375156,5.238883611236496,0.8404012980668901,0.0,0.0,50.72849998474121,51.29149971008301,50.165500259399415,2.2196584780198245,0.8521316240590283,0.0,0.0,48.8025016784668,51.52750015258789,50.165000915527344,5.425122724128506,0.852293439276985,0.7829722804017123,0.8599266933793015,0.7729029742952207,0.757340775614309,0.015562198680911687,50.626875241597496,49.8144233410175,50.551442161495466,49.778539187200245,1.0528743534743574,0.6896550635520018,0.36321928992235564,0.24095171866296722,23.021845567078287,-0.7492507934570298,72.48221997107815,66.95047165054613,5.531748320532017,50.56500053405762,49.55125045776367,50.058125495910645,47.864999771118164,99.99999962747106,17.809168853950474,29.700651287759094,19.79228516729883,112.5738221742594,46.56937503814697,48.197500228881836,100.0,16.0,84.0,49.63980087280274,,0.0,0.0,61.40039131429296,0.5015898089185954,0.5439074099385577,0.4590363679165543,21.933439153272662,51.686403121509855,82.22956904856541,85.93656821297982,-17.770430951434594,2.2254629247328808,2.3830952117395654,1.5526831178966383,1.5335323871021282,0.019150730794510018,-11.157107896996749,-9.323622440810805,-1.8334854561859437,49.94990461775382,-0.34599029805461035,-0.3465902286872602,158.79992530743579,7.69124001948876,7836004.934224986
2019-07-17,51.01250076293945,51.272499084472656,50.817501068115234,50.837501525878906,49.12967300415039,56430000,-0.28749847412109375,0,7162333611.161889,4804165600,-0.16527520045640762,3064568.44032023,-0.12598518528415234,0.08869882704443337,24950545.54454688,50.50348639008849,60.93351104682731,3485.833466460295,50.290500450134275,51.59971627344993,48.98128462681862,5.206612825870809,0.7089040882347895,0.0,0.0,50.765916697184245,51.33016611735027,50.20166727701823,2.222945853737786,0.5634336750169767,0.0,0.0,48.8224983215332,51.52750015258789,50.17499923706055,5.378753058416751,0.7449175010576787,0.7501748539972832,0.8933954327948936,0.7384704525603567,0.7535667110035187,-0.01509625844316198,50.74000040690104,49.91798107440655,50.595451294477535,49.85698084191718,1.0448627759920608,0.7751882013931779,0.2696745745988829,0.23971682585692097,22.96746820289696,0.09700031280517862,71.26966861768274,68.24474380830776,3.02492480937498,50.56500053405762,49.55125045776367,50.058125495910645,47.763750076293945,99.99999981373553,17.876629082078,28.510151227060643,19.505485073080365,79.50556008144619,46.734375,48.197500228881836,96.0,12.0,84.0,49.715308843994144,,0.0,0.0,58.63438840948165,0.22018868039130685,0.4726246529177462,0.48765702126306204,21.345287739112955,51.34165769636652,69.5364762629767,81.8426569151336,-30.46352373702329,2.1073234221514525,2.743536774861546,1.4811776407036041,1.5230614378224234,-0.04188379711881929,-12.639480077076348,-9.986793968063914,-2.652686109012434,49.95673664021488,-0.562344203659837,-0.5639313114793598,157.34457892839342,7.4261613108511,-2322256.7334922403
2019-07-18,51.0,51.470001220703125,50.92499923706055,51.415000915527344,49.687782287597656,74162400,0.5774993896484375,1,7221527424.789758,4878328000,-0.10378739278449142,8745164.48239781,0.11206876485415282,0.08175135478560655,25793009.06949137,50.58878998653125,60.6611136169265,3485.833466460295,50.3878755569458,51.727111285115974,49.04863982877563,5.31570626214093,0.8834744462742666,0.0,0.0,50.79675000508627,51.37174962361653,50.22175038655599,2.2639228630677986,1.0376098440042152,1.0,0.0,48.8224983215332,51.52750015258789,50.17499923706055,5.368358560776457,0.9584106614017769,0.7384073380799767,0.8933593846285329,0.7491461153034535,0.7526825918635057,-0.003536476560052182,50.8256254196167,50.02230805617113,50.72153585156212,49.97238973625867,0.9913436611075026,0.7642842235053418,0.22705943760216085,0.2388598062559303,22.972742688302013,0.29462337493896484,69.92401854001729,68.98066185514901,0.9433566848682773,50.56500053405762,49.55125045776367,50.058125495910645,47.388750076293945,99.99999990686777,18.157231494406652,28.66387458954916,18.401286607809137,104.61102912438417,46.58625030517578,48.197500228881836,92.0,8.0,84.0,49.7877964963379,,0.0,0.0,62.30752298672391,0.5938774474821311,0.4385519789306773,0.4850280139289939,21.878656679318247,52.48255817712392,95.03314492821967,82.26639674658726,-4.966855071780327,1.996970344992242,2.039196501175998,1.4991200526075552,1.51827316077945,-0.01915310817189475,-11.885438969367634,-10.366522968324658,-1.5189160010429763,49.974240864942544,1.1359712265844868,1.1295675239600733,160.267939298195,8.149392653450818,21692894.358515352
2019-07-19,51.4474983215332,51.625,50.59000015258789,50.647499084472656,48.94606018066406,83717200,-0.7675018310546875,0,7147111964.480675,4794610800,-0.15296922872389512,-1683159.6280549457,-0.11126762982461591,0.09397492260013093,24543313.394170146,50.742725240301986,62.82894810710759,3485.833466460295,50.42700042724609,51.74845067994326,49.105550174548924,5.2410424633672195,0.5834305554736212,0.0,0.0,50.7904167175293,51.41441612243652,50.16641731262207,2.4571541059707935,0.38548255660765446,0.0,0.0,48.8224983215332,51.625,50.2237491607666,5.557541901605124,0.6512041641087906,0.76806658901319,0.9455243282897458,0.6877477435758408,0.7396956222059727,-0.05194787863013195,50.82270876566569,50.1030772282527,50.71014557970221,50.022397836126366,1.0222068711229062,0.7139448948971926,0.3082619762257136,0.23473792034984986,23.12217256457362,0.6755004882812514,67.51217702159236,69.32258655849127,-1.8104095368989022,50.66374969482422,49.60000038146973,50.13187503814697,47.21125030517578,49.999999953433885,17.859219440473794,26.06376210839635,19.668128513091848,60.95343225021086,46.4975004196167,48.197500228881836,100.0,4.0,96.0,49.857384642587895,,0.0,0.0,55.281783954267645,0.0,0.27135537595781223,0.3941773359354121,20.21669917566043,43.17952369052772,51.66865967792435,72.07942695637358,-48.33134032207565,1.8580292982213606,-0.06905706733037721,1.3748796005919308,1.4895944487419461,-0.11471484815001531,-10.170910584459039,-10.327400491551535,0.15648990709249588,49.98312925119516,-1.492758567320962,-1.5040123429260532,156.38276733633148,7.089510957496863,23131451.959505603
2019-07-22,50.912498474121094,51.807498931884766,50.90250015258789,51.80500030517578,50.06467056274414,89111600,1.157501220703125,1,7235731504.979748,4883722400,-0.04400472693485799,13292546.858639844,0.25135528321170864,0.044386983906978934,26579875.665621597,50.82850013232687,62.17285167974908,3485.833466460295,50.532500457763675,51.93760595659934,49.12739495892801,5.561195215384559,0.9528129199076357,0.0,0.0,50.94233334859212,51.582082875569654,50.30258382161458,2.511661657112595,1.1742224262824308,1.0,0.0,48.8224983215332,51.807498931884766,50.314998626708984,5.907090651186953,0.9991629392971246,0.807259914853082,0.9455243282897458,0.7241423047732383,0.7365849587194259,-0.012442653946187598,50.88125038146973,50.22875037560096,50.8785847682366,50.15444246346336,1.007259675780061,0.7919906377033346,0.21526903807672637,0.23276344621753242,23.31685772231631,0.5249984741210909,69.00470277671822,69.68674534601378,-0.682042569295561,51.0987491607666,49.69124984741211,50.394999504089355,47.1875,50.00000535148076,17.80550754041818,25.044269833453285,17.72723957550822,119.90234139868188,46.41687488555908,48.197500228881836,100.0,0.0,100.0,49.96344156403262,,0.0,0.0,62.2037162793292,0.6282569030617039,0.4073781168479445,0.3724284905788115,20.952055136398005,55.555380606626116,99.88668349402363,82.1961627000559,-0.11331650597636443,1.6519484688253954,1.37468690780843,1.4438248522067878,1.4804405294349146,-0.03661567722812675,-8.16372144977134,-9.894664683195497,1.7309432334241563,50.12706140736536,2.2854064694736165,2.2596822536058436,162.24215568765143,8.598610845068137,22186254.9694492
2019-07-23,52.1150016784668,52.227500915527344,51.8224983215332,52.209999084472656,50.4560661315918,73420800,0.404998779296875,1,7302806674.326733,4957143200,0.024441272909693692,15641516.503834153,0.36958432607015995,0.07457687720375712,27153861.46235615,50.93279850220575,62.45787889950176,3513.084857068,50.66075038909912,52.18186786050959,49.13963291768865,6.005112280128307,1.009246893974921,1.0,0.0,51.13799997965494,51.750749842325845,50.525250116984054,2.39645611058186,1.3747444676241984,1.0,0.0,48.8224983215332,52.227500915527344,50.52499961853027,6.721184680136141,0.9948599654268817,0.76878398440293,0.9455243282897458,0.7767118230937768,0.7446103315942961,0.03210149149948072,50.97729206085205,50.38355797987718,51.08341773996523,50.30670591687145,1.0800105475946815,0.7165793186008899,0.36343122899379166,0.23343494394163694,23.429904287397857,-0.6557493209838867,69.89540154096699,69.87629126784883,0.019110273118158716,51.32750129699707,50.135000228881836,50.73125076293945,47.39750099182129,62.500010737886015,18.244327472094387,27.815440838106902,17.066637837513774,175.46886265018193,46.453749656677246,48.197500228881836,100.0,0.0,100.0,50.110966153460794,,0.0,0.0,64.28671778872828,0.8173168383387054,0.481857913800136,0.38686380220196437,22.223407296913777,57.081697404219184,99.33326357886905,83.62953558360569,-0.6667364211309523,1.5893087050494046,2.2572593188033516,1.5439528566574057,1.4931429948794128,0.05080986177799285,-8.081798749366637,-9.532091496429725,1.450292747063088,50.30058137151709,0.781775459726064,0.7787354292410953,164.29230050587412,8.427339527691487,1894640.920455128
2019-07-24,51.91749954223633,52.287498474121094,51.79249954223633,52.16749954223633,50.415000915527344,59966400,-0.042499542236328125,0,7333698652.1999,4897176800,0.09010219604434219,13042936.353349198,0.012381403344039282,0.05277050093235119,27105048.120194677,50.997361214868555,57.17870835697635,3510.225165421172,50.824500274658206,52.25112575853212,49.39787479078429,5.61392822817482,0.9706909005758438,0.0,0.0,51.275249989827465,51.88324979146322,50.66725018819173,2.371513748860775,1.233758094993098,1.0,0.0,49.26250076293945,52.287498474121094,50.77499961853027,5.951849393175335,0.9603309015933467,0.7414054791511135,0.9457745776214513,0.805657073985941,0.7568196800726251,0.048837393913315874,51.15750026702881,50.525673352755035,51.25019955569924,50.4445424817133,1.0433920816319386,0.7448883957365151,0.29850368589542353,0.23518530495042056,23.409846779428555,-0.5144989013671903,69.62524249918116,70.03520746934254,-0.4099649701613828,51.41874885559082,50.545000076293945,50.98187446594238,47.427499771118164,75.00001477477954,18.719913582310422,27.1106518115174,16.300240116888535,163.34582539840167,46.69062519073486,48.197500228881836,100.0,0.0,100.0,50.32261962966745,,0.0,0.0,63.88881176237191,0.8135266667679957,0.7530334693894679,0.547423166679183,23.111419591304387,56.905800324021456,95.53076197404015,98.25023634897762,-4.469238025959855,1.6037864797255565,4.324564399419583,1.597114443605075,1.5139372846245454,0.08317715898052969,-9.333625635881413,-9.492398324320064,0.1587726884386509,50.408680252845635,-0.08140115491587219,-0.08143430364615512,164.0771635209086,8.0462687508778,-4462817.8705487475
2019-07-25,52.22249984741211,52.310001373291016,51.682498931884766,51.755001068115234,50.01634979248047,55638400,-0.41249847412109375,0,7290917263.074328,4841538400,0.04152232114329252,7900980.431079447,-0.04934094742474481,0.04325713590556075,26665104.56714097,51.04543322078973,51.19162233294627,3482.4691384453076,50.914750289916995,52.33703594207947,49.49246463775452,5.5869296974403,0.7953874901714382,0.0,0.0,51.40141665140787,52.00516688028971,50.79766642252604,2.3491579346006053,0.7928234224955999,0.0,0.0,49.26250076293945,52.310001373291016,50.786251068115234,5.9854965270350755,0.8178834474091358,0.7300151753766272,0.9737472003669371,0.7862478387267231,0.7627053118034447,0.023542526923278406,51.27791690826416,50.60807726933406,51.327861326840164,50.54161348811344,1.02696086756657,0.7605741657854076,0.2663867017811624,0.23545913324568338,23.446573646724765,-0.1072513580322294,68.78486225883339,70.02240788014836,-1.237545621314979,51.45000076293945,50.56624984741211,51.00812530517578,47.438751220703125,84.37501746507166,18.946000254209626,25.544616806589964,16.371271436142802,129.48843179287718,47.062499046325684,48.197500228881836,100.0,16.0,84.0,50.55840509100189,,0.0,0.0,60.006584550320284,0.5246902068254494,0.7185112373107163,0.6511342068334401,22.698128812870795,53.874955531608705,79.50137723580673,91.45513426290533,-20.49862276419328,1.585779089086195,2.872191722084412,1.5556445163976327,1.522278730979163,0.033365785418469684,-10.747659478998244,-9.7434505552557,-1.004208923742544,50.482135212037576,-0.7907192749139202,-0.7938620376893191,161.98905448830283,7.549899274213644,-226791.17549660802
2019-07-26,51.869998931884766,52.432498931884766,51.78499984741211,51.935001373291016,50.190311431884766,70475600,0.18000030517578125,1,7253094829.050126,4912014000,0.06264308620307876,8584501.727703283,0.10335939389033427,0.10443856633654905,26910213.81737074,51.2231110230391,59.722641319403586,3482.4691384453076,51.01475028991699,52.42864467884655,49.600855900987426,5.543080700755749,0.8254313372269387,0.0,0.0,51.52733332316082,52.15083338419596,50.903833262125644,2.420075019697961,0.8269190138116311,0.0,0.0,49.26250076293945,52.432498931884766,50.84749984741211,6.213885495724673,0.8430606164169262,0.7247634442159175,0.7990898245055889,0.7764400822985991,0.7654522659024756,0.010987816396123451,51.37187544504801,50.70298121525691,51.4212674878326,50.644827405534,1.1527340122929053,0.7015010624331252,0.45123294985978013,0.23496797990770918,23.52463271062237,-0.5772502899169893,67.30857920925753,69.53409693725864,-2.2255177280011083,51.51124954223633,50.627498626708984,51.069374084472656,47.5,90.6250191461405,19.313039850587533,25.074869971908086,15.340909497232627,131.75774484180417,47.28874969482422,48.197500228881836,100.0,12.0,88.0,50.80362857052236,,0.0,0.0,61.11691545114977,0.6479927120121511,0.6620698618685316,0.7112048561895721,22.67673068172564,54.70260424843941,81.77664314968288,85.6029274531766,-18.223356850317124,1.641984861037308,2.2191654088658046,1.5331083588879144,1.5244446565609133,0.008663702327001088,-10.174311002217575,-9.829622644648076,-0.344688357569499,50.548387056300804,0.34779306629495466,0.34718966486426694,162.90023425426483,7.905611722558469,19012839.290994138
2019-07-29,52.1150016784668,52.65999984741211,52.11000061035156,52.41999816894531,50.65900802612305,86693600,0.4849967956542969,1,7264127925.870051,4998707600,0.09600551626319233,13364732.652850721,0.1752583245080432,0.11322290382176596,27719804.981170315,51.41337913009492,60.046196165123376,3482.4691384453076,51.16175022125244,52.516930568142655,49.806569874362225,5.297630909926444,0.9642363470589811,0.0,0.0,51.64133326212565,52.27308336893717,51.00958315531413,2.446683952193205,1.1162760389148394,1.0,0.0,49.602500915527344,52.65999984741211,51.13125038146973,5.97614217391392,0.9215039207490908,0.7247869472064352,0.6831978976382685,0.7985968256928828,0.7720811778605571,0.02651564783232574,51.53708362579346,50.80125031104455,51.574918361849946,50.77632153615706,1.1572506982774466,0.6631134633747989,0.4941372349026477,0.23541849140991128,23.597333643688035,-0.33674945831298686,66.64034705910467,68.88499994703936,-2.2446528879346914,51.625,50.741249084472656,51.18312454223633,47.61375045776367,94.5312701546363,19.94294723869427,25.50122495589221,14.30347027775221,154.73370325276426,47.61187553405762,48.197500228881836,100.0,8.0,92.0,51.06424782834035,,0.0,0.0,64.01577019832102,0.9699112069685197,0.7141980419353731,0.6982597137048737,23.505151476007217,52.4951296178506,89.4272409661433,83.56842045054431,-10.572759033856691,1.7300070145550919,3.930603556768897,1.5727740835346133,1.5341105419556536,0.03866354157895979,-7.856617129795065,-9.435021541677473,1.578404411882408,50.6343394132118,0.9338534376235108,0.9295199842530355,165.35533712936856,8.312172438851768,28544249.275806844
2019-07-30,52.189998626708984,52.540000915527344,51.82749938964844,52.19499969482422,50.44158172607422,135742800,-0.22499847412109375,0,7268414357.004339,4862964800,0.1355162850445681,7092353.292025646,-0.10563432199916484,0.07205004776814858,27137166.218488734,51.55840662167736,49.72353279387935,3482.4691384453076,51.25212516784668,52.62961262655458,49.874637709138774,5.375337917000479,0.8422443235388747,0.0,0.0,51.742499923706056,52.38025016784668,51.10474967956543,2.465092506473342,0.8547625228492932,0.0,0.0,49.602500915527344,52.65999984741211,51.13125038146973,5.965604200551094,0.8479148601693065,0.7235584050736823,0.6753632197790443,0.7889066828303868,0.7754462788545231,0.013460403975863677,51.65125020345052,50.897404157198395,51.67031548999984,50.88140880716945,1.061774773998168,0.7434004081366299,0.3183743658615381,0.2351072125818371,23.740709235124545,0.05037651062011861,65.0205480945736,68.19065322224947,-3.1701051276758676,51.625,50.741249084472656,51.18312454223633,47.61375045776367,96.8750207428649,19.918793333494616,23.79795098542677,15.996359049958672,112.68607473610419,47.641876220703125,48.197500228881836,96.0,4.0,92.0,51.35148319177327,,0.0,0.0,61.71699805535234,0.7146320249970102,0.7775119813258934,0.7179266283765995,23.540366094530267,57.79966747374634,79.17130866863965,83.45839759482196,-20.82869133136034,1.6592939040240111,2.6955217143523207,1.5504812097876224,1.5373846755220475,0.013096534265574888,-1.0696318192639598,-7.7619435971947714,6.6923117779308114,50.70084619465367,-0.42922259057687207,-0.4301463951378093,164.21637207710788,7.799649068996295,67644088.20887162
2019-07-31,54.10499954223633,55.342498779296875,52.82500076293945,53.2599983215332,51.470787048339844,277125600,1.0649986267089844,1,7087057618.501399,5140090400,-0.008116261786166833,48241786.168293886,1.726020717945156,0.18933777783374897,32791699.893199526,52.10786157853718,64.14784898507004,3482.4691384453076,51.3810001373291,52.984886909635996,49.77711336502221,6.243112310076052,1.085763975564656,1.0,0.0,52.02583312988281,52.869833374023436,51.18183288574219,3.2445429255638127,1.2311403048864282,1.0,0.0,49.602500915527344,55.342498779296875,52.47249984741211,11.171440509970402,0.6371949071778806,0.9659524730135797,0.5789284607285117,0.8572814564182565,0.7918133143672699,0.06546814205098661,51.814374923706055,51.03644253657414,51.91488207946651,51.05760062304825,1.0765854907655388,0.5708309546342167,0.505754536131322,0.23799477431834393,24.23813461530637,-0.256000137329103,64.64124204738106,67.603678056401,-2.962436009019939,52.96624946594238,52.08249855041504,52.52437400817871,48.954999923706055,98.24220857896964,22.282572772944203,39.52960844416583,12.139129341175964,234.2830943802655,47.641876220703125,48.197500228881836,100.0,0.0,100.0,51.58701618978826,,0.0,0.0,67.64034293159217,1.0,0.8948477439885094,0.7955192557499254,25.42394595494823,45.64599465950827,56.54667383041809,75.04840782173369,-43.45332616958191,1.9088161244111888,3.815596859846752,1.67904767548216,1.5657172755140703,0.11333039996808969,14.824370140958965,-3.244680849564024,18.06905099052299,50.99466647445146,2.0404227089488636,2.0198849857778534,169.60750293373005,8.912716417036528,179584301.42715994
2019-08-01,53.474998474121094,54.50749969482422,51.685001373291016,52.10749816894531,50.357017517089844,216071600,-1.1525001525878906,0,6935673078.143162,4924018800,-0.110742557051034,5775452.148550525,-1.2899496921940283,0.09662769136582491,28116097.943936422,52.27406736291246,52.51767546176829,3407.1115278571347,51.43125,53.059869077091655,49.80263092290834,6.33318877955195,0.7076139775278021,0.0,0.0,52.175499725341794,53.247249603271484,51.10374984741211,4.108249594432287,0.46827545409762744,0.0,0.0,49.602500915527344,55.342498779296875,52.47249984741211,11.160525679950482,0.4364108337442663,1.151607057865542,0.805332979967997,0.8091445123684835,0.7952795539675127,0.013864958400970795,51.896249771118164,51.16009624187763,51.944515324001706,51.13537081163322,0.983459926125192,0.6989267290461386,0.28453319707905333,0.23788201092425731,24.904911849492436,-0.5937484741210923,61.95876546789444,66.98663232821234,-5.0278668603179,53.12249946594238,52.302499771118164,52.71249961853027,48.954999923706055,80.71134823990586,22.794382591100277,32.06316872537893,17.475164754274633,114.96472437381001,47.641876220703125,48.197500228881836,96.0,8.0,88.0,,55.342498779296875,0.0,1.0,57.306909437429056,0.16386420834962304,0.626165411115544,0.766175045476649,23.647439530841368,36.704290541362866,31.930530349427173,55.882837616161645,-68.06946965057283,2.002419123930089,1.921756809672983,1.5823577682640062,1.5690453740640575,0.013312394199948674,20.25937505484776,1.4561303313183331,18.803244723529424,51.01503265716057,-2.163913234901349,-2.187669167745776,163.77343049546002,7.16587443488072,33620437.24709594
2019-08-02,51.38249969482422,51.60749816894531,50.407501220703125,51.005001068115234,49.29154968261719,163448400,-1.1024971008300781,0,6934992415.515846,4760570400,-0.11348202934594485,-20792667.74914454,-1.5335082097581783,-0.03550636115663245,24657835.822982963,52.18252180808011,44.86453266648696,3335.0234270335586,51.42862510681152,53.05981246460124,49.79743774902181,6.343499770417423,0.37014856488640674,0.0,0.0,52.180749766031894,53.268999354044595,51.0925001780192,4.1710768545572545,-0.040201765692258286,0.0,1.0,49.602500915527344,55.342498779296875,52.47249984741211,11.161095308008322,0.244338096611564,1.2064460469032066,1.3888875004134014,0.6742608756550936,0.771075818305029,-0.0968149426499354,51.91020806630453,51.200673176692085,51.79997466924994,51.12571379359485,0.8603020372218693,0.9190961374201387,-0.05879410019826947,0.23099613406151717,25.415988370732546,-0.013624191284179688,58.2641280089461,65.79323513179321,-7.529107122847108,52.875,52.302499771118164,52.58874988555908,48.954999923706055,40.35567411995293,21.82053238515523,28.563681839369366,23.769693601651433,-42.96805141373634,47.65937614440918,48.197500228881836,92.0,4.0,88.0,,55.342498779296875,0.0,0.0,49.514180168594535,0.0,0.3879547361165406,0.6363226304068648,19.331238744728765,35.17149050800117,12.107399047677943,33.528201075841075,-87.89260095232206,1.6933088975794206,0.3294802797322017,1.3188292654010174,1.5190021523314496,-0.20017288693043223,20.52107214660432,5.269118694375532,15.25195345222879,51.014934170972424,-2.1158127708521213,-2.138516911787791,158.19247856692235,6.5489100516600445,-6412508.396743655
2019-08-05,49.497501373291016,49.662498474121094,48.14500045776367,48.334999084472656,46.71125030517578,209572000,-2.670001983642578,0,6777899419.465037,4550998400,-0.1864350747655388,-97759094.60154423,-1.523312655908069,-0.14206931632638276,13687192.866448678,51.78353825937089,41.320233586045475,3335.0234270335586,51.34512500762939,53.38022855351272,49.31002146174606,7.927153923886383,-0.23955104870356828,0.0,1.0,51.9016663869222,53.051165898640946,50.75216687520345,4.429528343654069,-1.0514000946014368,0.0,1.0,48.14500045776367,55.342498779296875,51.74374961853027,14.017880607874114,0.026397870235072327,1.3718015032480422,2.83341108495615,0.347907316849394,0.6864421180139021,-0.33853480116450807,51.653541247049965,51.13913462712215,51.26690150236112,50.91899418551173,0.7640584947434769,0.9672343066810558,-0.20317581193757894,0.20906396368045874,25.853052335642058,-0.6976259231567354,47.54132382600098,63.309448719019215,-15.768124893018232,51.74374961853027,51.74374961853027,51.74374961853027,48.954999923706055,20.177837059976465,21.401931116337128,23.84792689191623,32.905903231880075,-225.57296814685594,47.848751068115234,48.197500228881836,88.0,100.0,-12.0,,55.14509887695313,0.0,0.0,36.5512397660351,0.0,0.054621402783207235,0.3562471833384307,9.717952808954898,30.727584695943598,2.6397870235072327,15.559238806870793,-97.36021297649276,0.9819852492388534,-5.9904731619376985,0.6832564594301944,1.3518530137511988,-0.6685965543210044,22.892858783328407,8.793866712166107,14.0989920711623,50.71512407279506,-5.234784683323291,-5.376777110058839,144.67665824540833,4.559387330615387,65642138.8710776
2019-08-06,49.07749938964844,49.51750183105469,48.5099983215332,49.25,47.59550476074219,143299200,0.9150009155273438,1,6845103999.39393,4694297600,-0.18052459760582518,-65062238.344989926,0.07733888324478053,-0.12754616857431614,16399904.186980316,51.587935437491204,47.248544293305535,3398.1567578878285,51.29212493896485,53.48165091168102,49.10259896624867,8.537474223661452,0.033660489893269814,0.0,0.0,51.602249781290695,52.81199938456217,50.392500178019205,4.688747519338193,-0.4722052294663218,0.0,1.0,48.14500045776367,55.342498779296875,51.74374961853027,14.032365260939919,0.15352550189979652,1.352871627581441,3.4667899658605834,0.16124397695141113,0.581402489801404,-0.42015851284999284,51.53708299001058,51.130288490882286,50.95660896353634,50.79536498658493,0.787088505183378,0.9528844984929847,-0.1657959933096067,0.18124496001859566,26.087125904676302,0.5128753662109347,37.94465325594317,59.78938324754833,-21.844729991605156,51.74374961853027,51.74374961853027,51.74374961853027,48.954999923706055,10.088918529988232,21.013229938148893,22.214869232620945,30.65257372645181,-179.27616244429763,48.03875160217285,48.197500228881836,84.0,96.0,-12.0,,54.72509297180176,0.0,0.0,42.141543484605215,0.17981553500595945,0.05993851166865271,0.16750488352280032,4.582497037813198,34.32671209928403,15.352550189979652,10.033245420388285,-84.64744981002035,0.36044846703024547,-2.7592657282876516,0.3174383666580518,1.1449700843325694,-0.8275317176745176,20.704241754858124,11.175941720704511,9.528300034153613,50.59979794948832,1.8930401010833542,1.875345064282108,149.3084855039846,7.108476840988239,-22592812.694109917
2019-08-07,48.852500915527344,49.88999938964844,48.45500183105469,49.7599983215332,48.08837127685547,133457600,0.5099983215332031,1,6954380888.501157,4827755200,-0.1435687701167378,-46044325.43915571,0.17069588303561178,-0.12335851727564048,17781897.120906204,51.436276216651734,48.83804789896466,3433.3456765239607,51.239749908447266,53.52131983525921,48.95817998163532,8.9054686289006,0.1757163632101057,0.0,0.0,51.330833180745444,52.63458264668783,50.02708371480306,5.079790781309314,-0.10242972298239934,0.0,1.0,48.14500045776367,55.342498779296875,51.74374961853027,14.046708530766347,0.22438322200615757,1.3610842206826719,3.8862940816638596,0.053843859068713584,0.4758907636548659,-0.4220469045861523,51.36666615804037,51.10615378159743,50.77251501861278,50.718671159544066,0.7921333202178509,0.9502697038376838,-0.15813638361983295,0.15235047154560308,26.354482235581838,0.9702491760253906,30.531070855562746,55.53896198051825,-25.007891124955506,51.74374961853027,51.74374961853027,51.74374961853027,48.954999923706055,5.044459264994116,20.303656317240115,22.52233920847848,28.134737689965757,-142.15151553117084,48.40875053405762,48.197500228881836,80.0,92.0,-12.0,,54.33028742095947,0.0,0.0,45.04777015773109,0.27329609176726277,0.15103720892440697,0.0885323744587558,1.799179515370932,37.87365074374693,22.438322200615758,13.476886471367557,-77.56167779938424,-0.6077940211576589,-3.9474992213025124,0.10616180952245123,0.9372084293705458,-0.8310466198480946,18.22851898748985,12.586457174061579,5.6420618134282705,50.55505851935067,1.0355295868694547,1.030204708157978,151.89014863395448,7.525920275742834,-1170587.018662274
2019-08-08,50.04999923706055,50.88249969482422,49.84749984741211,50.85749816894531,49.149009704589844,108038000,1.0974998474121094,1,7057199342.122171,4935793200,-0.0610131950774938,-22527752.017174974,1.1424095683301256,-0.03381014597887322,20164768.755035624,51.404640897033914,54.04426709358419,3509.071088163845,51.26074981689453,53.52001953113036,49.001480102658704,8.814813370097122,0.41075619581666145,0.0,0.0,51.19216639200847,52.53666559855143,49.84766718546549,5.252753697694098,0.3755416807111179,0.0,0.0,48.14500045776367,55.342498779296875,51.74374961853027,14.040954038407472,0.3768667375810971,1.3372259359435064,4.049389263742051,0.05663470771123258,0.39203955246613925,-0.3354048447549067,51.253957748413086,51.112884521484375,50.78558934943317,50.728954641721934,0.8789947421511939,0.902042791759453,-0.023048049608259125,0.1279457166414053,26.583918118534644,0.9067497253417969,25.89689518003514,50.9376637550491,-25.04076857501396,51.74374961853027,51.74374961853027,51.74374961853027,48.954999923706055,2.522229632497058,18.91703143680374,26.7870003925454,26.31392004896791,-56.05332173539003,48.40875053405762,48.197500228881836,76.0,88.0,-12.0,,53.95917020316772,0.0,0.0,50.77764852397948,0.45760113060146107,0.30357091912489403,0.17151554657265136,1.6849577256736878,42.05282132839769,37.68667375810971,25.159182049568386,-62.31332624189029,-1.1697794633753205,-2.5905017032064643,0.11164177955414337,0.7720950994072654,-0.6604533198531221,14.6602676608103,13.001219271411324,1.6590483893989756,50.559559561660734,2.205586584469743,2.181615354066002,157.44580395982592,8.434768875442323,-15965627.852153674
2019-08-09,50.32500076293945,50.689998626708984,49.8224983215332,50.247501373291016,48.74399948120117,98478800,-0.6099967956542969,0,7055213397.015096,4837314400,-0.06802260343994539,-27891180.64899003,-0.09579907892177861,-0.058606886131265176,18983590.8638164,51.337850102594075,48.95626991840448,3466.9824641345544,51.23187484741211,53.52715775378797,48.93659194103625,8.96037052406175,0.28556598156447516,0.0,0.0,51.01241633097331,52.37891565958658,49.64591700236003,5.35751656909291,0.22011879491425515,0.0,0.0,48.14500045776367,55.342498779296875,51.74374961853027,14.048867707789487,0.29211551314116474,1.3070033270903667,4.32235427531384,0.009515147219858022,0.315534671416883,-0.306019524197025,51.09395790100098,51.079999923706055,50.702806583872835,50.69329143665298,0.8650150053504333,0.9257842608758619,-0.060769255525428556,0.10498115765562581,26.738742906081413,0.5231262207031264,20.975525862665894,45.86379473322257,-24.888268870556676,51.74374961853027,51.74374961853027,51.74374961853027,48.954999923706055,1.261114816248529,17.608445252269224,25.16952847337458,24.870874909285018,-72.30993367348196,48.40875053405762,48.197500228881836,72.0,84.0,-12.0,,53.61032001844348,0.0,0.0,47.794688152555764,0.36165238754706275,0.3641832033052617,0.27293044378485437,0.5326100400433558,41.82089499578582,29.211551314116477,29.77884909094733,-70.78844868588352,-1.3312428979312685,-3.6804489112820638,0.018770032385346844,0.6214300860028817,-0.6026600536175349,11.096810837873658,12.620337584703792,-1.5235267468301341,50.5507666878704,-1.1994235218333538,-1.2066746452033872,154.35793843115877,7.232976377017707,-8376039.851128012
2019-08-12,49.904998779296875,50.51250076293945,49.787498474121094,50.119998931884766,48.620304107666016,89927600,-0.12750244140625,0,7047770966.032485,4747386800,-0.07931083062906687,-25544724.6348207,-0.08565853362891489,-0.09112423325262765,18755400.640692197,51.24980671521476,44.56431424992893,3458.185037070354,51.17274971008301,53.51808475508136,48.82741466508466,9.166343642996495,0.2755649495701401,0.0,0.0,50.78674964904785,52.170749282836915,49.40275001525879,5.450239061774691,0.25912178699871435,0.0,0.0,48.14500045776367,55.342498779296875,51.74374961853027,14.065099808609693,0.2744006856121617,1.248803223263166,4.6005947979951465,-0.03768145700630754,0.24489144573224492,-0.28257290273855246,50.95770772298177,51.04394223139836,50.61314386818236,50.65082532518867,0.8184772134799249,0.9573114197010845,-0.1388342062211596,0.08327303944558795,26.774032446646913,0.762251663208005,14.1795116837537,40.21479068757591,-26.03527900382221,51.74374961853027,51.74374961853027,51.74374961853027,48.954999923706055,0.6305574081242645,16.361891549648615,24.07298371590348,23.997660182088087,-72.1045312087681,48.482500076293945,48.197500228881836,68.0,80.0,-12.0,,53.282400844802694,0.0,0.0,47.17091762098816,0.3415884272505605,0.38694731513302766,0.3515671458543946,-0.5555521397609657,45.799636078515114,27.440068561216165,31.44609787781413,-72.55993143878383,-1.0925443200504077,-3.159119123731883,-0.07439455678043717,0.482265157446218,-0.5566597142266552,7.583774660193169,11.613024999801668,-4.0292503396085,50.53164576276782,-0.2537488191881043,-0.2540713071594425,153.71250816587852,7.335774798150133,-6937296.227751955
2019-08-13,50.255001068115234,53.03499984741211,50.119998931884766,52.24250030517578,50.679298400878906,188874000,2.1225013732910156,1,7133946844.914904,4936260800,-0.033085036776761244,35373853.79572044,2.203142380488856,0.06535869368628784,26753910.874576833,51.27703506799397,51.287818631740905,3458.185037070354,51.228624725341795,53.61955041723488,48.83769903344871,9.334334875128295,0.7120257403380904,0.0,0.0,50.747916285196936,52.352165857950844,49.14366671244303,6.322425392751993,0.9658202954709824,0.0,0.0,48.14500045776367,55.342498779296875,51.74374961853027,14.04975901680363,0.5692950056206841,1.4154229924895838,4.628789978507636,0.09508691370018596,0.21493053932583314,-0.11984362562564718,50.98333263397217,51.12999989436223,50.86381408925827,50.768727175558084,0.8554471150598884,0.848530090507925,0.006917024551963302,0.07136446119337027,27.040609298041765,1.191373443603517,11.55219871767312,34.31600809538614,-22.763809377713017,51.326250076293945,51.74374961853027,51.53499984741211,48.954999923706055,1.9937304466843697,17.012252906661335,33.98589982583694,20.18916329228971,36.30355713827688,48.482500076293945,48.197500228881836,64.0,76.0,-12.0,48.14500045776367,,1.0,0.0,57.18769449617431,0.6637841760904148,0.45567499696267894,0.40226850513365625,2.1180732300924876,51.80797744709224,56.92950056206841,37.86037347913369,-43.07049943793159,-0.6462283078361963,0.5920841893785052,0.18729426359533446,0.42327097867604135,-0.2359767150807069,10.85030110737453,11.460480221316242,-0.6101791139417116,50.53933294078696,4.234839222912967,4.147623699692993,164.4568249751234,9.565770345420354,100696031.68486097
2019-08-14,50.790000915527344,51.61000061035156,50.647499084472656,50.6875,49.17082977294922,146189600,-1.5550003051757812,0,6999908327.657835,4790071200,-0.06488158377818806,-2154535.691314671,-0.29545338323651377,0.04777923398544719,22402571.04042644,51.23895740744244,49.077873505816704,3355.2520082798856,51.22112464904785,53.61784498772327,48.82440431037244,9.358327663037628,0.3886760711216796,0.0,0.0,50.465166346232095,51.91391626993815,49.016416422526035,5.741583863080739,0.5767329302765914,0.0,0.0,48.14500045776367,55.342498779296875,51.74374961853027,14.051816259108627,0.3532476742133825,1.433380815310938,4.79977614320009,0.07397849701802528,0.18674013086427158,-0.1127616338462463,50.83895778656006,51.144519072312576,50.83668884475699,50.76271034773897,0.8618411038325123,0.890973235321455,-0.02913213148894267,0.06037915011222505,27.213614709014237,0.9738750457763672,5.5510676859297305,28.048486119612285,-22.497418433682554,50.59000015258789,51.74374961853027,51.16687488555908,48.954999923706055,2.131713650922614,17.616159881030292,31.079436485510875,18.462592470813703,-17.29571490324064,48.59250068664551,48.197500228881836,60.0,72.0,-12.0,48.24280044555664,,0.0,0.0,49.74587414816807,0.424413477348263,0.4765953602297457,0.43973922410848426,1.5832768671997597,54.11685083630165,35.32476742133825,39.89811218154095,-64.67523257866175,-0.2942798838895939,-3.3050328681081114,0.145733938379672,0.36776357061676745,-0.22202963223709546,10.601613586536983,11.288706894360391,-0.6870933078234085,50.54497267660186,-2.976504371138844,-3.0217013838007567,156.58525601996382,6.888580129280925,8184419.559839457
2019-08-15,50.8650016784668,51.28499984741211,49.91749954223633,50.435001373291016,48.92589569091797,108909600,-0.2524986267089844,0,6973427838.943757,4681161600,-0.09774787335810126,-5775248.36904469,-0.6623443843740237,-0.006913893033435521,21860040.348728787,51.175939317007455,44.83756564523911,3338.5378968253212,51.17212467193603,53.59095594972063,48.753293394151434,9.453706654909096,0.34762821090188933,0.0,0.0,50.24308306376139,51.5463331858317,48.93983294169108,5.187779262735169,0.5736306508933027,0.0,0.0,48.14500045776367,55.342498779296875,51.74374961853027,14.065271605735136,0.3181662312690238,1.4267927642974223,5.002760863800003,0.0364551633327892,0.1566831373579751,-0.1202279740251859,50.692291259765625,51.130192243135895,50.77489077222376,50.738435608890974,0.8315488928309513,0.9146496459333646,-0.08310075310241327,0.0493941347743636,27.343993831754037,2.087873649597171,0.6511346804485091,21.647042416445885,-20.995907735997374,50.59000015258789,51.74374961853027,51.16687488555908,49.486249923706055,1.3423041175185983,17.474218885003612,28.804945451588015,21.01810751087208,-42.09590747337807,48.85812568664551,48.197500228881836,56.00000000000001,68.0,-11.999999999999993,48.33864443359375,,0.0,0.0,48.639059278701275,0.3888121007639101,0.49233658473419556,0.47486898064220684,0.7949402284808982,51.36762343048268,31.816623126902382,41.35696370343636,-68.18337687309761,-0.26052248337689576,-3.371967299211861,0.07184920641581843,0.3085806977765777,-0.23673149136075927,8.079826536167653,10.646930822721844,-2.5671042865541907,50.54228324363964,-0.4981477222372077,-0.499392613990457,155.30708241150387,7.250147762019708,-15237834.833776891
2019-08-16,51.06999969482422,51.790000915527344,50.959999084472656,51.625,50.08027648925781,110481600,1.1899986267089844,1,7039982872.840255,4791643200,-0.04176698481545736,13831637.437477596,0.5812860875250012,0.022088090039204335,24466820.33676772,51.140895510000185,45.41635752024511,3338.5378968253212,51.2209997177124,53.63495134960979,48.80704808581501,9.425632631932553,0.5836802769676974,0.0,0.0,50.28824971516927,51.554500325520834,49.02199910481771,5.035970102453586,1.0278379626840188,1.0,0.0,48.14500045776367,55.342498779296875,51.74374961853027,14.051850532398497,0.48350126485267764,1.419613442091313,5.069591161235334,0.10156976199683498,0.14566046228574708,-0.0440907002889121,50.556041399637856,51.17586532005897,50.90567680726626,50.804107045269426,0.8513038307830686,0.8907193953510499,-0.03941556456798134,0.04336811881413736,27.428276884572494,0.8864984512329102,-0.448459478991782,16.314844271446688,-16.76330375043847,50.7450008392334,51.74374961853027,51.244375228881836,50.31374931335449,2.7287560982811883,17.67502953646266,29.418077289293564,19.4956498969396,14.240363369818764,49.27187538146973,48.197500228881836,52.0,64.0,-12.0,48.43257154187012,,0.0,0.0,53.85049179806559,0.5564410121420276,0.4565555300847331,0.4751624916828916,1.9619450396714537,51.615343936364766,48.350126485267765,38.49717234450281,-51.649873514732235,-0.08989716698141592,-3.069842983588994,0.19992431302124922,0.286849420825512,-0.0869251078042628,6.084260000539182,9.734396658285313,-3.650136657746131,50.55274581997363,2.3594698013415183,2.3320645545469976,161.33097592168943,8.651812558521954,7707876.382879615
2019-08-19,52.654998779296875,53.182498931884766,52.50749969482422,52.587501525878906,51.01398468017578,97654400,0.9625015258789062,1,6965476738.442949,4889297600,-0.10501588462530778,25283190.51909352,1.0160816256039769,0.10221065772514303,26287498.47737381,51.14852738480339,51.05259728388866,3400.7819223923707,51.26012477874756,53.735259825699345,48.784989731795775,9.657155762437688,0.7681422875826629,0.0,0.0,50.69274978637695,51.87475051879883,49.51074905395508,4.663391658187463,1.3015019312296368,1.0,0.0,48.14500045776367,55.342498779296875,51.74374961853027,14.041125246182165,0.6172284965769742,1.4334019910706581,5.07951531206192,0.22820873153882104,0.1621701161363619,0.06603861540245914,50.596041679382324,51.243653810941254,51.164419071668206,50.936210340129385,0.8945411404807625,0.8557614071284121,0.03877973335235041,0.044536564811611404,27.456241824285467,-0.25512371063232564,2.810427245816421,12.411041381432605,-9.600614135616185,50.81875038146973,51.74374961853027,51.28125,50.439998626708984,38.393732049797734,18.663279396049433,34.35431195848176,17.89140949529125,88.25687633485778,49.420000076293945,48.197500228881836,48.0,60.0,-12.0,48.52462010798096,,0.0,0.0,57.59805984709722,0.6769838283524184,0.5407456470861183,0.4965459206350158,4.213636849628929,49.818222021137544,61.722849657697424,47.296533089955865,-38.277150342302576,0.38432337817023665,0.9211790506182143,0.4480284850697461,0.3190852336743588,0.12894325139538726,3.6176228455242523,8.5110418957331,-4.893419050208848,50.7860331943247,1.864409735358663,1.847242665144222,166.2032560782812,8.990035567040337,-914526.0410459042
2019-08-20,52.720001220703125,53.337501525878906,52.58000183105469,52.59000015258789,51.01640319824219,107537200,0.002498626708984375,1,6860778329.031848,4996834800,-0.1695165656515822,21709691.20495579,0.08012797604745513,-0.015353109553264188,26292607.96750613,50.85929728777766,46.43064973760995,3400.7819223923707,51.27912483215332,53.788728576808126,48.76952108749852,9.788013164691213,0.761171773278271,0.0,0.0,51.06708323160807,52.22408358256022,49.91008288065593,4.5312960041391905,1.15813157261644,1.0,0.0,48.14500045776367,55.342498779296875,51.74374961853027,14.035922697768404,0.6175756486841875,1.3658117614460141,5.07951531206192,0.3250259487631624,0.194741282661722,0.13028466610144038,50.728124936421715,51.293172983022835,51.383739237963546,51.058713289200384,0.8701521627105269,0.9611009729773856,-0.09094881026685875,0.05038722815501117,27.40824948763753,-2.9441257476806655,4.951434472395806,9.568859561080723,-4.617425088684917,51.5625,51.74374961853027,51.65312480926514,50.892499923706055,69.19686602489887,19.662148743729183,33.78031769954673,17.152161790147783,87.93930298451616,49.74499988555908,48.197500228881836,44.0,56.00000000000001,-12.000000000000007,48.71093526093711,,0.0,0.0,57.60768381643719,1.0,0.7444749468314815,0.5805920413341111,5.9438725712646,48.3383871330759,69.86247902290977,59.978485055291664,-30.13752097709023,0.5900591008803389,3.1075366165681486,0.6365729330509976,0.3825827735496866,0.253990159501311,2.2467274678139915,7.258179010149279,-5.011451542335287,50.951752777119715,0.00475136988160596,0.004751257007562515,166.21590437961436,8.327723193838395,17815944.14838463
2019-08-21,53.247501373291016,53.412498474121094,52.900001525878906,53.15999984741211,51.56935501098633,86141600,0.5699996948242188,1,6862038894.024256,5082976400,-0.17908247509513905,25622690.42020067,0.11750105299729853,0.08517908653183058,27226258.577302795,50.73979042566937,54.95043148739048,3437.641489844416,51.32874984741211,53.94369853259307,48.71380116223116,10.189021524796773,0.8501502745307742,0.0,0.0,51.44599990844726,52.510750198364256,50.381249618530276,4.139292818923952,1.3048835277135589,1.0,0.0,48.14500045776367,55.342498779296875,51.74374961853027,14.02235266381826,0.6967697893926216,1.311480417454733,5.046484920844974,0.4426459555914164,0.2443222172476609,0.1983237383437555,51.130208333333336,51.3714422079233,51.65701010095563,51.214364145364215,0.9137303332099734,0.8975769670711155,0.016153366138857983,0.06120662756550531,27.32585837439657,-2.078749847412112,6.946027522787862,7.463207599164359,-0.5171800763764969,51.599998474121094,51.74374961853027,51.671874046325684,51.458749771118164,84.59843301244943,20.630925804557204,32.643681703130405,16.361647539190976,99.40833815793914,50.058125495910645,47.864999771118164,40.0,52.0,-12.0,48.98852923683362,,0.0,0.0,59.846653323833635,1.0,0.892327942784139,0.7258495122339131,8.070254446984741,50.87097677553065,95.20647894076299,75.5972692071234,-4.793521059237002,0.9289415022906127,9.982416167024315,0.864300402783549,0.47892629939645914,0.3853741033870899,-0.3141800069962149,5.74370720672018,-6.057887213716395,51.15806524880907,1.0838556629975127,1.0780240471978342,169.1013005350328,8.713175888728898,-6447211.082448423
2019-08-22,53.29750061035156,53.61000061035156,52.6875,53.1150016784668,51.525699615478516,89014800,-0.0449981689453125,0,6855525885.310624,4993961600,-0.1632431827800838,21390091.358881544,-0.007772272760026705,0.1941602248888414,27150910.514463622,50.83865719290457,57.220292565969004,3437.641489844416,51.396749877929686,54.12094915655949,48.67255059929988,10.60066749395609,0.8153682283847721,0.0,0.0,51.706833394368495,52.76033376057943,50.653333028157554,4.074898024312878,1.1683283315614699,1.0,0.0,48.14500045776367,55.342498779296875,51.74374961853027,14.00380051000829,0.6905178714434796,1.272582436744416,4.918035640988131,0.5261643867165873,0.3006906511414462,0.22547373557514105,51.4522918065389,51.45903836763822,51.88131649749581,51.35515211077922,0.9820635018612962,0.7613532472039793,0.22071025465731686,0.07458157716139291,27.256918863616395,-1.636751556396483,8.697869970262872,6.099023611119579,2.598846359143293,51.69874954223633,51.74374961853027,51.7212495803833,51.458749771118164,92.29921650622472,21.287844138596874,30.922293350679226,16.71357126894148,90.65159434537625,50.058125495910645,47.763750076293945,36.0,48.0,-12.0,49.34244677581662,,0.0,0.0,59.579130956110276,0.9885160927896984,0.996172030929899,0.8776583068485065,9.689965198966418,46.65032674265439,90.94238027330402,85.33711274565894,-9.05761972669597,1.3751695408540598,7.847719144095019,1.024560078376533,0.5880530551924739,0.4365070231840591,-2.196010542805987,4.155763656814947,-6.351774199620934,51.277733503605,-0.08464666868787107,-0.08468251420992168,168.87351524873418,8.265200687678899,8172300.353249431
2019-08-23,52.35749816894531,53.01250076293945,50.25,50.65999984741211,49.1441535949707,187272000,-2.4550018310546875,0,6723842280.039508,4806689600,-0.1901098623207541,-47344650.67885488,-2.238505861526837,0.14307499591607228,18495105.40523287,51.153080941844365,57.61663598485667,3437.641489844416,51.332999801635744,54.06349840222483,48.60250120104666,10.638375357530064,0.37676244293286965,0.0,0.0,51.8122501373291,53.055250549316405,50.5692497253418,4.798094692636252,0.03650446178260722,0.0,0.0,48.14500045776367,55.342498779296875,51.74374961853027,14.021191727244142,0.3494268810211678,1.431824360916654,4.4338517126998065,0.3897622777223546,0.31850497645762793,0.07125730126472668,51.52729193369547,51.4299998650184,51.69342162825216,51.303659350529806,0.9604476686544033,0.755945405258236,0.2045022633961674,0.07950397595248687,27.334333717813404,-0.4755016326904311,8.035719972981346,5.4163800877004284,2.619339885280917,51.763750076293945,51.74374961853027,51.75374984741211,51.458749771118164,91.6794490197151,19.85810717097294,26.286215760824938,26.963297481741133,-5.736024644909069,50.058125495910645,47.388750076293945,32.0,44.0,-12.0,49.769202159270115,,0.0,0.0,47.18613522715593,0.28492292837255595,0.7578130070540844,0.8821043269227076,7.120548274047618,45.488013212373055,42.77397746849081,76.30761222751927,-57.22602253150919,1.3777431263643152,1.8086847995118167,0.7597163295103815,0.6223857100560555,0.137330619454326,3.053316999077629,3.9352743252674833,-0.8819573261898541,51.272587124262046,-4.622049804151585,-4.732276427106408,156.44604746376456,5.702613433916582,107576842.95879444
2019-08-26,51.46500015258789,51.79750061035156,51.26499938964844,51.622501373291016,50.07785415649414,104174400,0.9625015258789062,1,6759545698.894457,4910864000,-0.1801171848754183,-26257126.445087112,-0.05111651730502653,0.13389961016251462,20474339.89515642,51.357074281119274,56.787700661982214,3502.9540676052884,51.293124961853025,53.98193729043224,48.60431263327381,10.484104178011778,0.5612494237580418,0.0,0.0,51.95441691080729,53.178167215983066,50.730666605631505,4.71086147411356,0.3643859224743591,0.0,0.0,48.14500045776367,55.342498779296875,51.74374961853027,14.032091682630025,0.4831541127454644,1.402392001118934,4.0258460346325355,0.35523354165484733,0.32585068949707185,0.029382852157775474,51.59104220072428,51.46749995304988,51.6825108197966,51.32727727814175,0.9715743099994165,0.788017816505553,0.1835564934938635,0.08209943069837086,27.226687768250603,-1.0456235885620089,11.916279741085347,5.456833534746232,6.459446206339115,51.763750076293945,51.74374961853027,51.75374984741211,51.458749771118164,86.70990495599219,18.530494272465003,24.702657054798927,25.338949387710258,10.826278620874199,50.13187503814697,47.21125030517578,28.000000000000004,40.0,-11.999999999999996,50.15328200437826,,0.0,0.0,51.45002019030841,0.4326171077045826,0.5686853762889451,0.7742234714243096,6.410441867172542,49.12597083387843,61.445204506301835,65.0538540826989,-38.554795493698165,1.0711329404045529,1.5042092747158187,0.6920950428167894,0.6363275766082023,0.05576746620858708,1.5458243901127238,3.457384338236532,-1.9115599481238081,51.280879082871216,1.8999240599643974,1.8821008999528654,161.31832762035629,7.941418212201327,-28622745.43923658
2019-08-27,51.96500015258789,52.13750076293945,50.88249969482422,51.040000915527344,49.512786865234375,103493200,-0.5825004577636719,0,6682029058.992454,4807370800,-0.21175556627468448,-31118227.863707133,-0.025768345601933418,0.11986645097411852,19306538.35955284,51.52004787000543,49.78710526298779,3463.4272664309283,51.235375022888185,53.89366587723221,48.57708416854416,10.37677914197562,0.4632519317738365,0.0,0.0,51.909833653767905,52.967583974202476,50.85208333333334,4.075336967903347,0.08882889400439953,0.0,0.0,48.14500045776367,55.342498779296875,51.74374961853027,14.047907950937985,0.4022231514945296,1.387652907818564,3.7760792005914046,0.27766559463898943,0.3162136705254554,-0.03854807588646597,51.65708382924398,51.43807689960186,51.58366314221671,51.30599754757772,0.9544576437712929,0.7877266217978982,0.16673102197339473,0.08063131935983167,27.23010363650046,-1.1153760910034194,11.23969255325721,6.088902964449285,5.150789588807926,51.763750076293945,51.74374961853027,51.75374984741211,51.458749771118164,76.13468020499035,17.59230306343401,23.052585337135195,25.68222678307305,1.4366940083837514,50.394999504089355,47.1875,24.0,36.0,-12.0,50.25,,0.0,0.0,48.87813439994316,0.1346838415518363,0.2840746258763245,0.5368576697397848,5.004088295578473,41.280191981453,32.76655961901949,45.66191386460406,-67.23344038098051,0.7564193837782867,1.5771919410456101,0.5411951972700679,0.6173011007405754,-0.0761059034705075,0.2804631726468146,2.8220001051185886,-2.541536932471774,51.27553615501387,-1.12838479784525,-1.1347993587076388,158.36965133750476,7.097799602675067,5674657.124512613
2019-08-28,51.025001525878906,51.43000030517578,50.83000183105469,51.38249969482422,49.84503173828125,63755200,0.342498779296875,1,6735689530.276611,4871126000,-0.1374792053499789,-23553327.0012021,-0.35761618915360177,0.012721754010995142,19734361.200112104,51.57539347093365,44.43481475443916,3486.6682458521345,51.141500091552736,53.63464458975,48.64835559335547,9.749985799141903,0.548332457955354,0.0,0.0,51.93308372497559,52.954583740234376,50.911583709716794,3.9339085684508763,0.23050219191045282,0.0,0.0,48.14500045776367,54.50749969482422,51.326250076293945,12.440971081549227,0.5088408055442472,1.308887464448817,3.6883494168307758,0.24105054624126154,0.30118104566861664,-0.0601304994273551,51.7622922261556,51.40625,51.55271491954094,51.31166437329968,0.8814121599049776,0.8763880976626864,0.005024062242291127,0.07766557107772605,27.190102616926175,1.1010002136230455,11.923051851354707,7.341338205661084,4.581713645693623,51.93000030517578,51.74374961853027,51.83687496185303,51.6924991607666,63.40773907099641,16.762593319201766,22.2861339377419,25.119253712836525,0.9869789273526662,50.73125076293945,47.39750099182129,20.0,32.0,-12.0,50.58600006103516,,0.0,0.0,50.44664211325146,0.2584248022407057,0.27524191716570773,0.3760006397769926,4.355303316458032,40.74514530684019,41.72662732050225,45.31279714860787,-58.27337267949775,0.3403607648961682,2.5189560850854087,0.46977728979435246,0.5877963385513308,-0.11801904875697838,-3.5391476482108253,1.549770554452706,-5.088918202663532,51.27711097483169,0.6710399160527514,0.6687984649750511,160.10341482894574,7.7500027912126725,-28500155.817396432
2019-08-29,52.125,52.33000183105469,51.665000915527344,52.252498626708984,50.68899917602539,83962000,0.8699989318847656,1,6800080657.842207,4955088000,-0.05594482488082765,-9753301.669757701,0.687082843622287,0.06864189133557126,21155990.174038164,51.68562320089745,50.14866286155585,3486.6682458521345,51.148750114440915,53.653903269336325,48.643596959545505,9.795559615006608,0.7202956154818707,0.0,0.0,52.0867504119873,53.03800048828125,51.13550033569336,3.6525606560973847,0.5871212622486368,0.0,0.0,48.14500045776367,53.61000061035156,50.87750053405762,10.684523356602897,0.7516007418591292,1.2727489316269822,3.395127089673101,0.2790181519348067,0.29674846692185464,-0.017730314987047913,51.7631254196167,51.40951919555664,51.66037395141295,51.38135579947814,0.9204411164752513,0.8366314992459781,0.08380961722927316,0.07700464725991647,27.096432522564502,-0.4612501144409151,14.268262371609339,8.976529522394541,5.291732849214798,51.93000030517578,51.74374961853027,51.83687496185303,51.74374961853027,53.391757935605426,15.908727049051278,26.176859616598826,23.774944338271656,62.08750243642032,50.98187446594238,47.427499771118164,16.0,28.000000000000004,-12.000000000000004,50.88249969482422,,0.0,0.0,54.283676054060074,0.5611318032984252,0.3180801490303219,0.2924655640241182,4.993102588148059,46.687844818509895,64.48656049722268,46.326582478914816,-35.51343950277732,0.0741550445556669,0.019138290615490636,0.543033844851639,0.5788438398113925,-0.035809994959753566,-5.181911663098783,0.20343411094240826,-5.385345774041191,51.31675988718365,1.693181408168054,1.6790068684689352,164.50743749083964,8.503576235875926,15337333.824260905
2019-08-30,52.540000915527344,52.61249923706055,51.79999923706055,52.185001373291016,50.6235237121582,84573600,-0.06749725341796875,0,6795657252.719009,4870514400,-0.05942288574307691,-9175470.818602305,0.20054442439809128,0.0890849597660717,21046742.083292276,51.802411022823016,55.66290100145847,3486.6682458521345,51.207750129699704,53.75186075994166,48.66363949945775,9.93642807504018,0.6920614677629746,0.0,0.0,52.160833740234374,53.110333633422854,51.2113338470459,3.640662255964204,0.5127265064640935,0.0,0.0,48.14500045776367,53.61000061035156,50.87750053405762,10.672212973126259,0.7392499181567719,1.226724038464284,3.047037522725118,0.3002007612290498,0.2974389257832937,0.0027618354457561445,51.88791720072428,51.426057668832634,51.74108586247111,51.44088510124206,0.9297990939944452,0.8130619162969646,0.1167371776974806,0.07750079408517119,26.98618844054443,-0.7727487564086886,15.903425517519246,10.4313071081393,5.472118409379945,51.93000030517578,51.74374961853027,51.83687496185303,51.74374961853027,34.781927358015515,15.341972794103103,26.58149799838874,22.655275238816085,63.81539774404302,51.00812530517578,47.438751220703125,12.0,24.0,-12.0,50.83000183105469,,0.0,0.0,53.934742106885416,0.5330435001313583,0.4508667018901626,0.3480629226953975,5.40188361478172,45.42288981721088,61.40829181160102,55.87382654310866,-38.59170818839898,0.16055187898523826,2.954380021289303,0.5835839734060123,0.5797918665303166,0.0037921068756957554,-6.426347793566506,-1.1225222699593744,-5.303825523607131,51.32797860158624,-0.1291751690195131,-0.12925867205884067,164.16575956139167,7.959950575790131,10621129.475177377
2019-09-03,51.60749816894531,51.744998931884766,51.05500030517578,51.42499923706055,49.886253356933594,80092000,-0.7600021362304688,0,6801460943.82743,4790422400,0.010635689784762242,-16560416.572369218,-0.6945901333098576,-0.11789593407669356,19880313.234137833,51.78111416865282,46.85292877827189,3435.8897607426024,51.3622501373291,53.538466489358335,49.18603378529986,8.473991486784975,0.5144170177916679,0.0,0.0,52.02575035095215,52.976750183105466,51.07475051879883,3.655881273170002,0.1841476235956112,0.0,0.0,48.45500183105469,53.61000061035156,51.032501220703125,10.03655168049252,0.5761393034531344,1.2170517414293789,3.128033587593905,0.25274878030754167,0.28850089668814327,-0.035752116380601606,51.97041702270508,51.406442202054535,51.69245715086949,51.439708370561945,0.8402919707378814,0.9658392543733127,-0.12554728363543133,0.07568990112809947,26.8740219469403,0.2627498626709013,16.183606019357832,11.679326168912858,4.5042798504449735,51.93000030517578,51.74374961853027,51.83687496185303,51.74374961853027,17.390963679007758,14.342104369312535,24.83008504026379,25.506515755246667,3.7155752319337774,51.069374084472656,47.5,8.0,20.0,-12.0,,53.61000061035156,0.0,1.0,50.03478853248388,0.22500290142750762,0.43972606828576316,0.4028909730687494,4.607607596921645,42.86516760466094,40.82597857158353,55.573610293469095,-59.17402142841647,0.12845622791963507,1.962918284550314,0.4913495591514384,0.5621034050545409,-0.07075384590310252,-7.734508211000874,-2.4449194581676745,-5.289588752833199,51.33077132488318,-1.4563612460101405,-1.4670702884776787,160.31855181391123,7.1458843577936335,6076356.167351708
2019-09-04,52.09749984741211,52.369998931884766,51.83000183105469,52.29750061035156,50.732662200927734,76752400,0.8725013732910156,1,6857604269.574656,4867174800,0.0058173812617757885,-4627989.290119138,0.4924906355581682,-0.061614218448502005,21182531.520902928,51.88690806852463,54.67985244476657,3494.184725821844,51.51462516784668,53.495953906866774,49.53329642882659,7.692296052099616,0.6975632380147246,0.0,0.0,51.95875027974446,52.887999852498375,51.02950070699056,3.5768742233054227,0.682270910065194,0.0,0.0,48.45500183105469,53.61000061035156,51.032501220703125,10.006864579720196,0.7453927622114741,1.1898465367688629,2.8820510846970233,0.2822922235482892,0.2872591620601725,-0.00496693851188329,52.026458740234375,51.40173075749324,51.785540760020574,51.503248536472285,0.8628223476627775,0.8641882290614827,-0.0013658813987051932,0.07559867924438471,26.69587638992114,1.0728763580322251,16.020477988036934,12.687598442829422,3.3328795452075113,51.93000030517578,51.74374961853027,51.83687496185303,51.74374961853027,8.695481839503879,13.745251620947741,27.14396179352285,24.077745426511814,53.857141769683224,51.18312454223633,47.61375045776367,4.0,16.0,-12.0,,53.558900604248045,0.0,0.0,54.135017004761664,0.5488623549639108,0.43563625217425844,0.4420763407833948,5.14344898351547,55.720673414770374,64.45498658528648,55.56308565615702,-35.545013414713516,0.21542683769674653,1.3026646205357142,0.5481056662831327,0.5593038573002593,-0.011198191017126602,-9.007354682007874,-3.757406502935715,-5.249948179072159,51.338243080093946,1.6966482960338647,1.6824159748841438,164.735242087522,8.407646619870683,5688663.766107619
2019-09-05,53.0,53.49250030517578,52.877498626708984,53.31999969482422,51.72456741333008,95654800,1.0224990844726562,1,6899599016.404744,4962829600,-0.02595095886246218,10005572.812100029,0.6975878451323106,0.03552379794480758,23052734.5761911,52.08721246368118,62.1287354372829,3494.184725821844,51.69262523651123,53.65095611684269,49.734294356179774,7.576828885634783,0.9155003821513407,0.0,0.0,51.96600023905437,52.90550028483074,51.02650019327799,3.615825891754142,1.2205957369863418,1.0,0.0,49.787498474121094,53.61000061035156,51.69874954223633,7.394675969233965,0.9241332234248727,1.1903618525743984,2.509310046788407,0.38378866902477426,0.30656506345309287,0.0772236055716814,52.08750025431315,51.44499998826247,52.02161136537498,51.637822696350206,0.9348257196562245,0.8006440935201515,0.13418162613607298,0.08041148177307789,26.08227456891521,0.8973749160766573,18.605606327196227,13.78845803804424,4.817148289151987,51.87125015258789,51.74374961853027,51.80749988555908,51.74374961853027,13.531438145345511,14.015162938395978,31.877781942868122,22.37118714043103,126.79916863058283,51.18312454223633,47.61375045776367,0.0,12.0,-12.0,,53.5088225982666,0.0,0.0,58.43933462716434,0.8888419347515808,0.5542357303809993,0.4765326836136738,6.933977606316072,57.18247031035004,91.3690219390466,65.54999569863888,-8.630978060953401,0.5679706573486314,1.392913045288607,0.7432317030127235,0.5960894264427522,0.14714227656997125,-8.391805298352432,-4.684286262019059,-3.707519036333373,51.349867911215405,1.9551586070831517,1.9362909135133055,169.9112359591786,9.034028729480795,27251471.7443019
2019-09-06,53.51250076293945,53.60499954223633,53.127498626708984,53.314998626708984,51.7197151184082,77449200,-0.005001068115234375,0,6882973678.84263,4885380400,-0.08374671613157739,8520872.592561396,0.11174661428031198,0.001985264141615493,23045470.346504547,52.21223189002885,61.286363203326125,3493.8569940903913,51.815500259399414,53.855499865161356,49.77550065363747,7.874090168190097,0.8675241806601983,0.0,0.0,51.98716672261556,52.88216679890951,51.092166646321616,3.443157735713272,1.2418054697781498,1.0,0.0,49.787498474121094,53.61000061035156,51.69874954223633,7.377140270950218,0.9228249002540801,1.119075758869693,2.3713930321506367,0.45853607051396494,0.3369592648652673,0.12157680564869766,52.14791679382324,51.44711538461539,52.220594020964825,51.76205795045086,0.9137759881609626,0.8487844410832799,0.06499154707768273,0.08811035552852652,25.238299162557567,1.3444995880126953,20.76814700981215,15.203172153247664,5.564974856564486,52.21750068664551,51.326250076293945,51.77187538146973,51.74374961853027,44.75154588016672,14.3428080364107,31.63160021936283,21.70906586734417,120.7479928538731,52.52437400817871,48.954999923706055,0.0,8.0,-8.0,51.05500030517578,,1.0,0.0,58.410461206715645,0.8865613471620196,0.7747552122925033,0.5882090649492538,8.358512554121978,60.883452962300055,91.22018065313056,82.34806305915457,-8.77981934686945,0.7752864052267654,1.3785861799154557,0.8858536323128764,0.6540422676167771,0.2318113646960993,-9.336662625782562,-5.61476153477176,-3.7219010910108024,51.362345403108364,-0.009379347606630617,-0.009379787494978586,169.88592004612863,8.399289645055134,-426621.08124536276
2019-09-09,53.709999084472656,54.11000061035156,52.76750183105469,53.54249954223633,51.94040298461914,109237600,0.22750091552734375,1,6899857444.881138,4994618000,-0.07429222670257142,10853841.366482593,0.08910304637397749,-0.06422749151767018,23511599.102954704,52.27475397854196,61.664656134563515,3493.8569940903913,51.98025016784668,54.01932090359662,49.94117943209673,7.845559531420837,0.8830787591130513,0.0,0.0,52.203750101725255,52.956749979654944,51.450750223795566,2.884849752986628,1.3889439957094376,1.0,0.0,49.787498474121094,54.11000061035156,51.94874954223633,8.31566243385306,0.868710054910433,1.1414180609124112,2.3472588733799027,0.5300215883551047,0.3755717295632348,0.1544498587918699,52.17979176839193,51.50230774512658,52.42396410116044,51.89394251280534,0.8451674616668142,0.8686718611079273,-0.023504399441113044,0.0980901889347411,24.75581963758919,1.13475151062012,25.36593190495568,16.697577949233256,8.668353955722424,52.470001220703125,51.12750053405762,51.79875087738037,51.74374961853027,72.37577294008335,14.992642152651284,32.12381813554311,19.92364095019054,117.5558559946042,52.71249961853027,48.954999923706055,100.0,4.0,96.0,51.10600028991699,,0.0,0.0,59.393329701153284,0.9641939121907412,0.9131990647014468,0.7473966691249833,9.818597439179413,58.31094139844737,85.29790211448834,89.29570156888853,-14.702097885511664,0.9604999878827272,0.7195253873629184,1.0213554081467537,0.7275048957227725,0.2938505124239812,-7.329065611453982,-5.957622350108204,-1.3714432613457772,51.65816576801157,0.4267109094763688,0.42580308009680934,171.03755271010616,8.456538019428123,40402900.423265204
2019-09-10,53.46500015258789,54.19499969482422,52.9275016784668,54.17499923706055,52.55397415161133,127111600,0.6324996948242188,1,7022957535.349345,5121729600,-0.011658634401728669,20788728.058216248,0.12215079511768696,-0.061225861584082185,25013173.532538384,52.369148624803714,62.28102422419079,3493.8569940903913,52.18300018310547,54.248104769760985,50.117895596449955,7.9148557170314024,0.9822997989610699,0.0,0.0,52.42416674296061,53.250666300455734,51.597667185465504,3.1531242510634487,1.5591853790014136,1.0,0.0,49.91749954223633,54.19499969482422,52.05624961853027,8.197114266290797,0.9953242648626041,1.1540260564569123,2.347258873379903,0.6304444445031692,0.4265462725512217,0.20389817195194748,52.26812489827474,51.624230751624474,52.69335412206815,52.06290967756498,0.8557566495118547,0.8773856415970864,-0.021628992085231724,0.11136528060760363,24.445890400680305,-1.5230003356933608,27.203237980977573,18.471305218979964,8.731932761997609,52.51250076293945,51.170000076293945,51.8412504196167,51.74374961853027,86.18788647004168,15.654350737552376,30.16236363644594,18.386160591362646,128.11358473226161,52.58874988555908,48.954999923706055,100.0,0.0,100.0,51.22616030273437,,0.0,0.0,62.076692371438426,1.0,0.9502517531175866,0.879402010037179,11.848750236073284,61.83652006248805,99.493017507963,92.00370009186065,-0.5069824920370002,1.3475663465612087,1.9956651136160666,1.2109281797879252,0.8241895525358031,0.38673862725212216,-4.248775580490409,-5.615852996184646,1.3670774156942374,51.96659935138811,1.1813040112654383,1.1743810826503776,174.23933019230634,8.880830370165526,42319134.702293694
2019-09-11,54.51750183105469,55.9275016784668,54.432498931884766,55.897499084472656,54.224945068359375,177158400,1.7224998474121094,1,7193005297.512721,5298888000,0.027902309592135046,61412526.47386728,1.3660290032712952,0.02795470629263186,30645943.652801163,52.692794624276665,64.85014606629053,3493.8569940903913,52.36575012207031,54.990604243313136,49.74089600082748,10.025079809318127,1.1727514748000776,1.0,0.0,52.83075002034504,53.681249745686856,51.98025029500326,3.219714749513388,2.302910084947491,1.0,0.0,49.91749954223633,55.9275016784668,52.92250061035156,11.476971345240914,0.995007889628978,1.213873694951846,2.3472588733799027,0.8393461635636896,0.5091062507537153,0.33023991280997433,52.704583168029785,51.91509613623986,53.18629950089961,52.34695333733592,0.9381377730743861,0.8163662603079845,0.12177151276640152,0.13257837831268965,24.362522501146902,-0.743248748779294,32.36189660217684,20.742287969071313,11.619608633105528,53.49125099182129,52.19125175476074,52.841251373291016,52.036251068115234,93.09394323502084,17.294647941477834,37.2423614992106,16.4912431562635,207.5149736356819,51.74374961853027,48.954999923706055,100.0,4.0,96.0,51.40429066625976,,0.0,0.0,68.23325458134258,1.0,0.9880646373969134,0.950505151738649,15.700923725836905,68.55989270587946,99.47155288200209,94.75415750148449,-0.5284471179979077,1.871213351978973,10.338529910848582,1.6034288722683594,0.9800374164823145,0.6233914557860449,1.8343785889144755,-4.125806679164822,5.9601852680792975,53.00091068176707,3.1795106076047075,3.1300106723586296,182.95879878599482,10.169745136118891,79306676.51388165
2019-09-12,56.20000076293945,56.60499954223633,55.71500015258789,55.772499084472656,54.10367202758789,128906800,-0.125,0,7080754696.15486,5169981200,0.03851051338845896,50337401.26331482,0.6766120906314331,0.07683930367773614,30357677.62544903,52.953338889092265,71.9101179515836,3486.04390528652,52.62000007629395,55.51640647130049,49.723593681287404,11.008766213633724,1.0442086810769498,1.0,0.0,53.31241658528646,54.19191640218099,52.432916768391934,3.299418309007063,1.8985690797939117,1.0,0.0,49.91749954223633,56.60499954223633,53.26124954223633,12.70904597169093,0.8755139502409462,1.1814862644215052,2.347910644402754,0.9834788931573968,0.6039807792344516,0.3794981139229452,53.05041631062826,52.165961485642654,53.58417635991085,52.60069746675345,1.0279823212039725,0.7871221545303808,0.24086016667359167,0.15740216101166712,24.256243880884973,-1.5799991607666044,37.50032729339734,23.323628515936644,14.176698777460697,53.829999923706055,52.53000068664551,53.18000030517578,52.375,96.54697161751042,19.141995447443897,39.31698192165498,15.611301045635997,207.85746845189544,51.74374961853027,48.954999923706055,100.0,0.0,100.0,51.76614754723632,,0.0,0.0,67.37840774024812,0.959384140570077,0.9864613801900252,0.9749259235681752,18.55132660486438,66.9812498631063,86.90007053138646,95.28821364045052,-13.099929468613533,2.343750201954556,8.039125576601387,1.8697069440552758,1.1579713219969068,0.711735622058369,2.8827432768541423,-2.7240966879610293,5.606839964815172,53.649573990134755,-0.22362360042459395,-0.22387401138619367,182.3260361324314,8.966882044783034,-470789.5734229535
2019-09-13,55.0,55.1974983215332,54.255001068115234,54.6875,53.0511360168457,159053200,-1.0849990844726562,0,7067676115.950059,5010928000,0.04384709436453495,18493118.74249181,-0.8495934573474037,0.17604733254769567,27263454.14227556,53.35306870518585,72.74015350290323,3486.04390528652,52.832625007629396,55.68015022785367,49.98509978740512,10.779419799084655,0.8256994844499587,0.0,0.0,53.575499852498375,54.48274930318197,52.66825040181478,3.3868072278612114,1.1128414553812935,1.0,0.0,50.25,56.60499954223633,53.427499771118164,12.028551565095663,0.6982691297627445,1.2150874396150968,2.065831216972479,0.9986430262069845,0.6829132286289582,0.3157297975780263,53.35437456766764,52.3554807809683,53.7539184583861,52.75527543217912,1.1313032749187535,0.7904389749631459,0.34086429995560763,0.179091460629539,24.202684067895998,-1.4501253128051772,40.00023372305668,26.001051649885248,13.999182073171433,53.829999923706055,53.19624900817871,53.51312446594238,52.375,98.27348580875521,19.35958941838466,35.80856843170094,22.803533047954364,116.17224175916593,51.74374961853027,48.954999923706055,96.0,8.0,88.0,52.25003274673632,,0.0,0.0,60.31489340040431,0.5908906218754487,0.8500915874818414,0.9415392016895935,18.924911223221194,63.00042250376952,66.79653156357732,84.38938499232198,-33.203468436422675,2.5387650209314714,7.146353877440895,1.8929728221982565,1.3049716220371768,0.5880012001610797,5.66781859133296,-1.0457136321022316,6.713532223435191,53.73650223107653,-1.9454015908975553,-1.9645735831444355,176.83366093399306,7.669130305681719,47988391.28518526
2019-09-16,54.432498931884766,55.032501220703125,54.38999938964844,54.974998474121094,53.33004379272461,84632400,0.28749847412109375,1,7137159623.8703575,5095560400,0.045759806304056606,19327199.75945099,-0.01138705190190024,0.17888515150506182,27708376.398023322,53.5659065645157,72.48300140017135,3504.370438836033,53.00012493133545,55.936526839150936,50.06372302351996,11.080735796829746,0.8362743937622007,0.0,0.0,53.83549982706705,54.725749460856115,52.94525019327799,3.3072958796658827,1.1399882705955917,1.0,0.0,50.25,56.60499954223633,53.427499771118164,11.990536909997054,0.7435088614433423,1.1578288787590558,1.965887272049193,1.0220775611334645,0.7507460951298595,0.271331466003605,53.65374946594238,52.51384617732121,53.941776922345326,52.91969936121186,1.1170896354363264,0.7532994868813155,0.3637901485550109,0.19844462666277896,24.15574578111879,-0.7476263046264648,44.773589889926626,29.17771652439289,15.595873365533738,54.21750068664551,53.19624900817871,53.70687484741211,52.375,99.1367429043776,19.561640962829653,34.40856815627448,21.91198798078073,108.22503866179557,51.74374961853027,48.954999923706055,92.0,4.0,88.0,52.68552942628632,,0.0,0.0,61.46759542184884,0.6504460268866921,0.7335735964440722,0.856708854705313,19.56995973537379,62.276280524036274,71.77486209285935,75.1571547292744,-28.225137907140653,2.724845717935004,6.991677712516483,1.9313744663534664,1.4302521909004349,0.5011222754530316,2.744503741834517,-0.2876701573148819,3.0321738991493987,53.8584372678916,0.5257114955357078,0.5243344567121611,178.28900731303543,8.419201773925742,-41345221.64609143
2019-09-17,54.9900016784668,55.20500183105469,54.779998779296875,55.17499923706055,53.5240592956543,73274800,0.20000076293945312,1,7200088926.042476,5168835200,0.11176015268689027,18659744.922991686,0.16312853574064312,0.19237778588667442,27974952.410956454,53.80364840711629,78.97069838700534,3517.1194480373633,53.12949981689453,56.20642502793937,50.05257460584969,11.582737355514922,0.8323934252323641,0.0,0.0,54.19999987284342,55.06374994913737,53.336249796549474,3.187269661698739,1.0643990032397517,1.0,0.0,50.25,56.60499954223633,53.427499771118164,11.961338924962957,0.7749802662184673,1.0845462960589314,1.6876194791142962,1.0447448210267893,0.8095458403092455,0.23519898071754386,53.89729118347168,52.703365325927734,54.131503432301514,53.086758611274725,1.17945485815047,0.7506274621477903,0.4288273960026797,0.21572365652703082,24.095163989857078,-0.9444984436035142,49.74502889952557,32.92488884789163,16.820140051633942,54.68625068664551,53.19624900817871,53.94124984741211,52.375,99.5683714521888,19.858620999412658,34.57601153578605,21.318249675342415,108.82309070323949,51.74374961853027,48.954999923706055,88.0,0.0,88.0,53.07747643788132,,0.0,0.0,62.28822519047697,0.6733225000994826,0.6382197162872073,0.7406283000710405,20.334274856371543,65.43892178952197,75.23808013972037,71.26982459871903,-24.76191986027964,2.9284853430355255,5.59303514120896,1.9679951241266844,1.5378007775456848,0.43019434658099964,-0.4818965802878909,-0.3265154419094837,-0.15538113837840722,54.1017549145107,0.36380312594934683,0.36314296302153437,179.30143142081363,8.499005766085652,-15421395.29283838
2019-09-18,55.26499938964844,55.712501525878906,54.86000061035156,55.692501068115234,54.02606964111328,101360000,0.5175018310546875,1,7296692927.868158,5270195200,0.20826565706656305,23487493.590521894,0.24706274106426548,0.2355691380450935,28925636.349715266,54.02917683808074,83.73964561371625,3517.1194480373633,53.284624862670896,56.54450166099461,50.02474806434718,12.23571267218382,0.8693201237977014,0.0,0.0,54.525583267211914,55.420583724975586,53.63058280944824,3.2828643148210617,1.1519090525490263,1.0,0.0,50.25,56.60499954223633,53.427499771118164,11.926516436241986,0.856412503564086,1.0613417580057727,1.4349498844756563,1.0918803436937097,0.8660127409861383,0.22586760270757134,54.18958282470703,52.917692331167366,54.371656914734395,53.279776571040685,1.1855958596277976,0.6694841273999534,0.5161117322278441,0.23235327935906477,23.807161456484117,-1.8596256256103487,55.69798151564079,37.04626386882992,18.651717646810873,54.68625068664551,53.26124954223633,53.97375011444092,52.375,99.78418572609439,20.45412804057481,35.95591399743597,20.13942852483709,113.10626424739671,51.74374961853027,48.954999923706055,84.0,8.0,76.0,53.43022874831682,,0.0,0.0,64.40086529204244,0.789411410884244,0.7043933126234725,0.6920622084515841,21.587968946581064,68.59095016368134,83.55858379172712,76.85717534143562,-16.441416208272877,2.9143678104176303,6.721279299648354,2.049333563247678,1.6401073346860835,0.40922622856159463,-1.0268477270977625,-0.4665818989471394,-0.5602658281506231,54.376340888841504,0.9379281163760966,0.9335568820519669,181.92107807555033,8.871782362895502,26050539.512376547
2019-09-19,55.502498626708984,55.939998626708984,55.092498779296875,55.2400016784668,53.58710479736328,88242400,-0.4524993896484375,0,7239166780.784208,5181952800,0.17999863627344984,14427904.2002883,0.22089489913292004,0.2022699991529959,28208670.306256793,54.22497063541574,83.84574407608609,3488.542990291085,53.38862495422363,56.756877629356865,50.020372279090395,12.617866363935146,0.7748274703247929,0.0,0.0,54.744999949137366,55.66325022379557,53.82674967447916,3.354645266275775,0.76953530153513,0.0,0.0,50.25,56.60499954223633,53.427499771118164,11.903283794413547,0.7852088179239761,1.0399575669464063,1.3963339474519632,1.0802699859970488,0.9088641899883205,0.1714057960087283,54.50749969482422,53.03298084552471,54.505248416847074,53.424978430850025,1.1642133729626991,0.7015431423951233,0.46267023056757584,0.24562149961324797,23.64647173635582,-1.0911243438720675,58.169141934173695,41.20192997153675,16.967211962636945,54.68625068664551,53.26124954223633,53.97375011444092,52.375,99.8920928630472,21.14839340162626,35.446595294283526,19.0138008212932,99.20709333202159,51.53499984741211,48.954999923706055,80.0,4.0,76.0,53.74770582770877,,0.0,0.0,61.173820863151846,0.6120863319338138,0.6916067476391796,0.6780732588499533,21.75424088076253,60.60333479861868,75.40544051511479,78.0673681488541,-24.594559484885206,2.7144411648020963,7.418575591648984,2.02203167455703,1.716492202660273,0.305539471896757,-2.4329672147033192,-0.8598589620983754,-1.5731082526049438,54.44625654034305,-0.8124960829017258,-0.8158148209609806,179.63048035931214,8.091465219251234,2062244.640211761
2019-09-20,55.345001220703125,55.63999938964844,54.36750030517578,54.432498931884766,52.80377197265625,221652400,-0.8075027465820312,0,7040158171.703274,4960300400,0.08287619635182698,-13202499.512109887,-0.29422389495110496,0.16692940491376757,24968537.85969554,54.41349093335343,71.33039023621176,3488.542990291085,53.45449981689453,56.85019249001073,50.05880714377834,12.704983433566694,0.6440058346170551,0.0,0.0,54.891416676839185,55.88916676839192,53.893666585286454,3.6353592308493687,0.27002370190703934,0.0,0.0,50.25,56.60499954223633,53.427499771118164,11.888614735906296,0.6581430736677821,1.0632117186990313,1.4832775580374635,0.9944466093165119,0.9259806738539589,0.06846593546255297,54.68541622161865,53.17701926598182,54.49405618839133,53.49960957907482,1.099948587088284,0.7509875104882864,0.34896107659999753,0.25252400537173486,23.59664919056845,-0.13450012207031392,58.768084708198764,44.91328028300821,13.85480442519055,54.76625061035156,53.26124954223633,54.013750076293945,52.375,96.20493334546686,20.989893435886334,32.5086165372131,22.160150327382144,63.08186037702105,51.16687488555908,48.954999923706055,76.0,0.0,76.0,54.033435199161524,,0.0,0.0,55.8002827284308,0.31681209726511533,0.5727699466943906,0.6562566689856811,20.34266116011626,47.02597932555876,60.855839477516994,73.27328792811966,-39.144160522483006,2.652404426125919,4.082409860158039,1.8587922737018765,1.7449522168685938,0.11384005683328269,5.927869039465502,0.49768663821440007,5.430182401251102,54.44583230951828,-1.461807968946538,-1.4725976604491375,175.54281971381624,7.441268899802964,141509155.2748442
2019-09-23,54.73749923706055,54.959999084472656,54.412498474121094,54.68000030517578,53.04386520385742,76662000,0.24750137329101562,1,7038408326.994375,5036962400,0.14857655614838308,-8605863.827631926,-0.2267512308319165,0.20034646937647765,25317115.46777081,54.577182470841336,71.26917948750696,3504.4051902235606,53.65549983978271,56.83475273424062,50.47624694532481,11.850613278978926,0.6611228328484005,0.0,0.0,55.01249987284342,55.930750147501634,54.09424959818523,3.3383332034743285,0.3189493775041802,0.0,0.0,50.83000183105469,56.60499954223633,53.71750068664551,10.763104860500778,0.6666666666666666,1.0116406078642846,1.3334622179965971,0.9356170464325686,0.9279079483696808,0.007709098062887776,54.79874960581461,53.34028845566969,54.52266297558894,53.587045929156375,1.184257627277797,0.7586764217353908,0.4255812055424061,0.25529656333720063,23.55673297562069,-0.34050121307372905,60.58105269064986,48.62192636186069,11.959126328789175,55.43000030517578,53.427499771118164,54.42875003814697,52.375,81.82561120951965,20.842714896270685,31.306303041883105,21.34056922442583,51.08042391293217,51.16687488555908,49.486249923706055,72.0,20.0,52.0,54.290591633469006,,0.0,0.0,57.04571331643888,0.20645816868005368,0.37845219929299384,0.5476096312088549,19.510394376489632,50.47452499878595,59.68586052821,65.31571350694728,-40.31413947179,2.4773306117338336,2.550638818708729,1.745976159367847,1.7451570053684444,0.0008191539994024666,2.3669354143576085,0.8715363934430418,1.4953990209145667,54.453186650746446,0.45469412234910855,0.45366351152824613,176.79569671960996,8.13907913414159,-75239948.66352421
2019-09-24,55.25749969482422,55.622501373291016,54.29750061035156,54.41999816894531,52.79164123535156,124763200,-0.26000213623046875,0,6936714075.827942,4912199200,0.08287465512633116,-12010554.498391539,0.2907282679918533,0.18593487169316944,24723869.338621132,54.70506129245232,72.17283463995997,3504.4051902235606,53.79537467956543,56.84818716476805,50.742562194362804,11.349721062031215,0.6023029570940758,0.0,0.0,55.11391652425131,56.03791707356771,54.1899159749349,3.3530571136595846,0.12450327772025323,0.0,0.0,50.83000183105469,56.60499954223633,53.71750068664551,10.73511941422599,0.6216446338913032,1.0429766233718014,1.4453868969206625,0.8581222948847937,0.9139508176727035,-0.05582852278790973,54.89083290100098,53.447788385244515,54.506868389951464,53.64874609506667,1.1455941120540154,0.7788225489878232,0.3667715630661922,0.2537087337467159,23.685250322671077,-0.2528751373290987,62.374885436747405,51.95670289903519,10.418182537712212,55.43000030517578,53.427499771118164,54.42875003814697,52.375,40.912805604759825,21.191704149891386,32.94979888823074,19.46438246056029,50.11412458207969,51.244375228881836,50.31374931335449,68.0,16.0,52.0,,56.60499954223633,0.0,1.0,55.283417125579355,0.0,0.17442342198172256,0.3752151893230358,18.321290391213157,46.45284562943407,43.061819504819695,54.53450650351558,-56.938180495180305,2.295941016253302,2.0725866467203873,1.5995197601900772,1.7160295563327712,-0.11650979614269397,2.800077116815875,1.2572445381176085,1.5428325786982666,54.45291557785698,-0.47549768613636134,-0.47663177284951175,175.47953958638317,7.841068633139429,37174789.98493765
2019-09-25,54.63750076293945,55.375,54.28499984741211,55.25749969482422,53.60408401489258,87613600,0.8375015258789062,1,7005438458.770298,4999812800,0.15241445941276832,187599.52819927037,-0.16173423313526009,0.12455472324548582,26072206.827717487,54.80555987073612,72.08743120533352,3558.3365535616986,54.006249618530276,56.84366677263621,51.16883246442434,10.507736323658287,0.7204910325722284,0.0,0.0,55.06924985249837,55.95275014241537,54.185749562581385,3.208688305300781,0.6065363783545157,0.0,0.0,50.83000183105469,56.60499954223633,53.71750068664551,10.693202642236725,0.7666666006112766,1.0476789762934104,1.4774234434400484,0.8544371007806078,0.9020480742942844,-0.0476109735136766,55.0337495803833,53.55048062251164,54.622350129162655,53.76791302838205,1.1129827364248346,0.8428069418369918,0.2701757945878428,0.25189547319735156,23.865791921957726,0.1687496185302706,63.057184367795884,54.79635368507948,8.260830682716403,55.09749984741211,53.427499771118164,54.26249980926514,52.375,20.456402802379912,21.500486676318218,30.568879445934044,18.14077656216827,53.83703998124251,51.28125,50.439998626708984,64.0,12.0,52.0,,56.558849563598635,0.0,0.0,59.61160277293935,0.33422702502213797,0.18022839790073011,0.24436800639181566,18.479072953885066,48.58777596713443,64.88597651834982,55.877885517126515,-35.11402348165018,2.038293748743399,3.2030632997158346,1.589120820682742,1.6906478092027655,-0.1015269885200234,0.5313447931243123,1.1120645891189493,-0.5807197959946371,54.46970841099942,1.5389591217531917,1.527237256029057,179.7190570894115,8.84877811021417,-15282367.570426226
2019-09-26,55.0,55.23500061035156,54.70750045776367,54.97249984741211,53.327613830566406,75334000,-0.2849998474121094,0,7005795295.718252,4924478800,0.12660299378596504,-2906368.7622497464,0.09890583071864219,0.12363752441965227,25683659.05368647,54.882202011212506,67.47526238412246,3539.9838343759443,54.18574962615967,56.78035369306318,51.59114555925616,9.576702674796586,0.6516127703814508,0.0,0.0,54.963333257039395,55.81058362325032,54.116082890828444,3.0829657373533657,0.5054096113370382,0.0,0.0,51.05500030517578,56.60499954223633,53.829999923706055,10.24254398130746,0.7058558704074991,0.9979110023701241,1.542197862302938,0.8190776349421185,0.8854539864238512,-0.06637635148173271,55.10020796457926,53.64211522615873,54.67621931658565,53.85714168164353,1.1228839719615464,0.8596612437469338,0.2632227282146127,0.24843816523808784,24.012576645701838,1.7117494583129869,62.44796453655081,57.29054599768993,5.157418538860881,55.11249923706055,53.427499771118164,54.269999504089355,52.375,10.228201401189956,21.78721330800028,29.413924307410262,17.455380712302567,48.63675641596178,51.65312480926514,50.892499923706055,60.0,8.0,52.0,,56.46789557495117,0.0,0.0,57.56951889763474,0.17653517118378734,0.17025406540197466,0.17496862842814256,18.040319342678373,46.79775321932659,57.45926596731337,55.13568733016098,-42.54073403268663,1.7938161513384614,1.4720823656348125,1.520833838126411,1.6566850149874945,-0.1358511768610835,-2.2185169685355746,0.4459482775880446,-2.664465246123619,54.48278127252001,-0.5157668171489882,-0.517101485359106,178.27635901170228,8.156110264999853,-8744490.11285469
2019-09-27,55.1349983215332,55.2400016784668,54.31999969482422,54.70500183105469,53.068119049072266,101408000,-0.2674980163574219,0,6989261670.610964,4823070800,0.08795302575234688,-6366378.773753131,-0.17350725681453238,0.104879645620473,25190204.34600411,54.968856709238196,61.162367121510094,3539.9838343759443,54.30837478637695,56.75342186760081,51.8633277051531,9.004309522579144,0.5811082632566744,0.0,0.0,54.96750005086263,55.81250089009602,54.122499211629226,3.0745470994733197,0.344675763845348,0.0,0.0,51.05500030517578,56.60499954223633,53.829999923706055,10.219416911096266,0.6576580229967853,0.9901201004973694,1.6442211010449004,0.7607012585792674,0.8605034408549346,-0.09980218227566717,55.0008331934611,53.70153837937575,54.68064739573474,53.91994613715547,1.1246403825892892,0.8913667945275856,0.23327358806170362,0.24254486081946475,24.145905446980095,1.4641242980957045,62.246959590523545,59.23203151997848,3.014928070545068,55.11249923706055,53.427499771118164,54.269999504089355,52.375,5.114100700594978,21.53671437582725,27.539560210552278,19.0270733109516,31.267753966046563,51.671874046325684,51.458749771118164,56.00000000000001,4.0,52.00000000000001,,56.38057974584961,0.0,0.0,55.64282565082329,0.02775390243095165,0.17950536621229188,0.17666260983833237,17.138580328545913,42.21040992648337,48.33449857577637,56.89324702047987,-51.66550142422363,1.6160147835226653,-2.1333642344460872,1.410797512008416,1.6075075143916788,-0.19671000238326286,-2.4689435552070123,-0.13703008897096675,-2.3319134662360455,54.48378024907185,-0.4866033327571406,-0.4877911014890657,176.9222569744761,7.964392934592738,28437504.932179987
2019-09-30,55.224998474121094,56.14500045776367,55.1974983215332,55.99250030517578,54.31708908081055,103909600,1.2874984741210938,1,7059722839.732719,4926980400,0.12167416113772397,13655025.543430628,0.8126872300614288,0.15420367668788312,27635747.65956978,55.11663406328737,60.706203928297334,3539.9838343759443,54.49874973297119,56.84370124005447,52.15379822588791,8.605524048066771,0.8185035101349624,0.0,0.0,55.065416717529295,55.940917587280275,54.18991584777832,3.179857420282711,1.029458975814712,1.0,0.0,51.05500030517578,56.60499954223633,53.829999923706055,10.183718460063778,0.8896397619353645,1.035107953118531,1.6442211010449004,0.8090022521441895,0.8502032031127856,-0.041200950968596106,55.01916662851969,53.81221140347994,54.882470920264126,54.073468668119936,1.1391013284547156,0.7994317194552596,0.339669608999456,0.23955866274970286,24.006202740652835,0.1887502670288086,62.78179597156088,60.68056119464907,2.1012347769118094,55.21500015258789,53.427499771118164,54.32124996185303,52.375,7.409904401703848,22.04316207150914,30.964222994160917,17.181543135043793,95.08335483510088,51.7212495803833,51.458749771118164,52.0,0.0,52.0,,56.29675654991211,0.0,0.0,62.20007570819559,0.5341116138518042,0.2461335624888473,0.19863099803437145,18.245524550908048,50.05403932207741,73.93618575477487,59.90998343262155,-26.06381424522513,1.6506252064424345,0.3944618303187609,1.4961168056547343,1.58522937264429,-0.08911256698955583,-2.4522048977662174,-0.6000650507300169,-1.8521398470362005,54.53441446046911,2.353529715796876,2.3262612244601577,183.4397045820258,9.401165268508883,19713343.14825532
2019-10-01,56.26750183105469,57.05500030517578,56.04999923706055,56.147499084472656,54.46744918823242,139223200,0.154998779296875,1,6947513025.46311,5066203600,0.06551184526797271,14787082.758626923,0.6361422339481012,0.10206890745051214,28021146.167087577,55.1980590837708,59.81373027593051,3539.9838343759443,54.7348747253418,56.7172631799786,52.75248627070499,7.243602783725659,0.8562935296124057,0.0,0.0,55.20183334350586,56.13533401489258,54.26833267211914,3.382136479336832,1.0065158333319713,1.0,0.0,51.83000183105469,57.05500030517578,54.442501068115234,9.546013397016075,0.8263155051244724,1.037847157806678,1.6442211010449004,0.8499900870219363,0.8501605798946158,-0.0001704928726794508,55.14083321889242,54.02326906644381,55.077090637834665,54.22710055081273,1.1124609230581535,0.830002368774591,0.2824585542835625,0.2387149011772023,24.020605979978445,0.24012374877929688,63.77202202650716,61.57767680696755,2.1943452195396063,55.670000076293945,53.942501068115234,54.80625057220459,52.60000038146973,31.197588772382336,23.128130715452507,34.87719364578476,15.952073399723215,151.83272277205873,51.75374984741211,51.458749771118164,100.0,8.0,92.0,54.28499984741211,,1.0,0.0,62.91091308040871,0.6306326476664441,0.3974993879830662,0.2743794388947353,19.357964703523976,48.792947238965816,67.58923328651245,63.28663920568791,-32.41076671348755,1.8228014216703556,2.669712611607143,1.5674636452772637,1.5816762271708849,-0.014212581893621179,0.19020904099751615,-0.4420102323845103,0.6322192733820264,54.58606767081541,0.2768206071386059,0.2764381645199876,184.22432409312162,8.881510314393253,51955663.760897785
2019-10-02,55.76499938964844,55.89500045776367,54.48249816894531,54.7400016784668,53.10206985473633,138449200,-1.4074974060058594,0,6859543255.015421,4927754400,0.0008463133374768981,-15163484.758832125,-1.3913411149853316,-0.0456420358078282,24550521.59714166,55.11596303703015,51.222663733154775,3451.244030369879,54.85699977874756,56.494697129372724,53.21930242812239,5.970787163827492,0.4642796942194179,0.0,0.0,55.16358324686686,56.15308405558268,54.17408243815104,3.587514626407167,0.28596198978867454,0.0,0.0,52.76750183105469,57.05500030517578,54.911251068115234,7.815772811881222,0.4600584371791427,1.1005625335787443,1.774470721818638,0.7601375709966689,0.8321559781150265,-0.07201840711835761,55.12125015258789,54.14317292433519,55.02523079793192,54.26509322693525,0.9090592123255836,0.9512629654528528,-0.042203753127269206,0.2336662014783366,24.1021376753022,0.3179994583129897,59.544459910028195,61.73048991539583,-2.186030005367634,55.670000076293945,53.942501068115234,54.80625057220459,52.60000038146973,15.598794386191168,22.343877334881633,31.11921328367956,24.377186837874017,21.327140343429235,51.75374984741211,51.458749771118164,96.0,4.0,92.0,54.34039985656738,,0.0,0.0,53.13867474501931,0.0,0.38824808717274895,0.34396034588155433,17.324974594135803,44.21538617735551,17.321455089420617,52.94895804356933,-82.67854491057939,1.775139550601736,-0.42746121360043177,1.4007855249004968,1.5454980867168073,-0.14471256181631054,2.123401128034558,0.07107203969930331,2.0523290883352545,54.59000779675378,-2.5067855718530097,-2.538740601492595,177.0994297450585,7.249878939308246,31051320.683652848
2019-10-03,54.60749816894531,55.2400016784668,53.782501220703125,55.20500183105469,53.553165435791016,114426000,0.4650001525878906,1,6968473692.364109,5042180400,0.029817586063965368,-5396114.44185297,-0.8629624793123954,-0.04659696594818475,25522536.683523234,55.129879796531824,52.702496491543776,3480.5613294479194,54.95124988555908,56.433905447648506,53.46859432346965,5.396257829174734,0.5855734642569341,0.0,0.0,55.09541676839193,56.145917638142905,54.04491589864095,3.8133875061406037,0.5521584825954199,0.0,0.0,52.76750183105469,57.05500030517578,54.911251068115234,7.802367522213226,0.5685133218618043,1.1362563259972371,1.7364652437187549,0.7181717934511482,0.8093591411822509,-0.09118734773110271,55.12375036875407,54.30336526724008,55.0528878799508,54.334716086499654,0.9299524810334083,0.9384645482965177,-0.00851206726310938,0.22728046719235995,24.317496674530467,0.7412511825561552,57.12766220526778,61.5482207484035,-4.420558543135719,55.41875076293945,53.942501068115234,54.680625915527344,52.60000038146973,7.799397193095584,20.968366473205123,28.249715110108998,26.55795296884512,-22.24289142643644,51.75374984741211,51.458749771118164,92.0,0.0,92.0,,57.05500030517578,0.0,1.0,55.59287980740873,0.21791542703369776,0.2828493582333802,0.35619894446306527,16.390751775647487,55.7981329312315,43.46832722126766,42.793005199066926,-56.53167277873234,1.568139682096593,0.054377153437254876,1.321754938974623,1.5007494571683706,-0.17899451819374756,1.9144584440923564,0.43974932057791394,1.4747091235144425,54.592852950268835,0.8494704755751092,0.8458827784315837,179.45330758872979,8.40286461808617,2690363.271278888
2019-10-04,56.40999984741211,56.872501373291016,55.97249984741211,56.752498626708984,55.05435562133789,138478800,1.5474967956542969,1,7070024029.765881,5180659200,0.07889433203736138,25988401.802133486,1.2421592048925325,0.04294205239427473,29404349.783029437,55.2701010357594,54.425433752157694,3480.5613294479194,55.12312488555908,56.60418505394384,53.64206471717432,5.373643716533058,1.0500700700522174,1.0,0.0,55.26733347574869,56.2805845896403,54.254082361857094,3.6667269801833915,1.23287121553521,1.0,0.0,52.76750183105469,57.05500030517578,54.911251068115234,7.7780395850604505,0.9294456475512082,1.1893806476211464,1.6795137202502848,0.800555366897008,0.8075983863252023,-0.007043019428194297,55.21208349863688,54.50990368769719,55.31436645637513,54.513811089478125,1.0198384370000662,0.8698962281618273,0.14994220883823883,0.22549137110652812,24.512263944630373,0.11687679290771769,58.96106065514264,61.36822163334715,-2.4071609782045087,55.41875076293945,54.05500030517578,54.73687553405762,52.60000038146973,27.986805694712846,20.858928804409533,35.35555092427702,23.848508392585764,177.1496256223668,51.83687496185303,51.6924991607666,88.0,8.0,80.0,,56.98955032348633,0.0,0.0,62.61073707803182,0.8410497312635333,0.35298838609907657,0.34136194383506874,17.87753317890687,58.33439240988299,90.75624864489326,50.51534365186054,-9.243751355106742,1.7481837665333515,1.9033039247012988,1.468536781592813,1.4943069220532592,-0.025770140460446234,3.3741919072580715,1.0266378379139456,2.3475540693441257,54.751660278571016,2.8031822195933254,2.764612199737826,187.2868930191225,9.812879639529811,38807619.09659901
2019-10-07,56.567501068115234,57.48249816894531,56.459999084472656,56.76499938964844,55.06647491455078,122306000,0.012500762939453125,1,7020683116.75971,5302965200,0.05068264067173277,22494189.87498195,0.4587627298183654,0.06405878054268346,29431289.88873526,55.40202166134737,55.89839003365773,3481.3279859498975,55.28424987792969,56.74341719251536,53.82508256334402,5.2787812724513135,1.0073953812278227,1.0,0.0,55.48916676839193,56.54991772969564,54.42841580708822,3.823272264048276,1.101381788845352,1.0,0.0,52.9275016784668,57.48249816894531,55.204999923706055,8.239229980575244,0.842480936967418,1.1726924913062973,1.643603583675679,0.8569749754221618,0.8174737041445942,0.03950127127756764,55.33916664123535,54.68346140934871,55.53754075380179,54.68056577837963,1.025286684669189,0.8470107529804141,0.17827593168877498,0.22641804201128682,24.68784985102439,-0.8517509460449233,59.38788080161652,61.036332229443715,-1.6484514278271973,55.63249969482422,54.26874923706055,54.95062446594238,52.81374931335449,56.674851004396764,21.123128137063542,36.88943511441832,22.343240746833544,185.99842345851528,51.83687496185303,51.74374961853027,100.0,4.0,96.0,53.782501220703125,,1.0,0.0,62.66206971871567,0.8456076936305811,0.6348576173092703,0.42356512054724255,19.051136323282027,56.19603706072213,80.60812510567752,71.61090032394617,-19.391874894322488,1.8868233400232697,2.7606764388931992,1.5672386765262853,1.5088932729478646,0.058345403578420774,3.363568380836824,1.4940239464985214,1.8695444343383028,54.8845643443482,0.02202680629390663,0.02202438074903057,187.35017314655556,8.964527006364165,10727001.965325058
2019-10-08,56.45500183105469,57.01499938964844,56.08250045776367,56.099998474121094,54.42137908935547,111820000,-0.6650009155273438,0,6913059643.151718,5191145200,-0.04639637712814335,8657819.55366059,-0.3523337410775628,0.021244746103981443,28121320.661679696,55.46862151446889,49.316957653386645,3440.5442931321395,55.380499839782715,56.78730998650198,53.97368969306345,5.080525277992095,0.7557198766359045,0.0,0.0,55.651083374023436,56.67258415222168,54.6295825958252,3.671090358952663,0.7197331170366146,0.0,0.0,53.782501220703125,57.48249816894531,55.63249969482422,6.6810465036364395,0.6263511256459215,1.148673135364144,1.670285875056128,0.8383637697468487,0.8216517172650452,0.01671205248180352,55.478124936421715,54.8340382209191,55.624072710773994,54.785708941027146,0.9962029274181379,0.90949413007394,0.0867087973441979,0.2262199067319351,24.85099749271532,-0.7004995346069336,56.8013880862046,60.341243753711346,-3.5398556675067496,55.63249969482422,54.26874923706055,54.95062446594238,52.81374931335449,78.33742550219839,21.006837938602764,34.73613717169938,23.40205802063582,115.20299894227338,51.83687496185303,51.74374961853027,96.0,0.0,96.0,53.85650115966797,,0.0,0.0,58.09287194244269,0.5069664725104117,0.7312079658015082,0.5730179897366185,18.626142007058327,51.984369962367964,62.635112564592156,77.999828771721,-37.364887435407844,1.7804851868573337,3.0634263995907816,1.5302599636874037,1.5131666110957724,0.01709335259163125,2.610198133374521,1.7172587838737212,0.8929393495007996,54.93841654217219,-1.1714981461773966,-1.1784142534861708,183.98387119510616,8.095942717200309,6811007.072660521
2019-10-09,56.75749969482422,56.9474983215332,56.40999984741211,56.75749969482422,55.059200286865234,74770400,0.657501220703125,1,6934969341.205685,5265915600,-0.11385851402119467,14444078.084917784,0.0934518881122357,0.012141673888218277,28997642.06292072,55.52771295484405,48.95265185753598,3480.8680388388548,55.42349987030029,56.93924617320494,53.90775356739564,5.469688151963472,0.9400471972016557,0.0,0.0,55.82433331807455,56.79058392842611,54.858082707722986,3.4617542312456546,0.9828800969192387,0.0,0.0,53.782501220703125,57.48249816894531,55.63249969482422,6.675863048888581,0.8040543048378649,1.1185558065689405,1.6404391010282104,0.8666785775530741,0.830657089322651,0.03602148823042306,55.65124988555908,55.039134392371544,55.79844609293556,54.93176751538249,0.982595322166893,0.9085445601327901,0.07405076203410299,0.22721070265270424,24.96385182354397,-1.0035017013549776,53.91930700677771,59.39361513929211,-5.474308132514402,55.63249969482422,54.65625,55.14437484741211,52.81374931335449,89.16871275109919,20.89885418288919,32.85885107561394,22.137312953423294,126.35864188277522,51.83687496185303,51.74374961853027,92.0,0.0,92.0,53.929021099853514,,0.0,0.0,61.11218255974292,0.8159346447628248,0.7228362703012721,0.6963006178040171,19.202260548100845,50.78459343383671,80.40543048378649,74.54955605135207,-19.594569516213507,1.9748822268317738,3.7993770630096173,1.5777365571030988,1.5260806002972378,0.05165595680586099,-0.6000602004697964,1.2537949870050178,-1.8538551874748141,55.0099679979284,1.1720164680689482,1.1652015513424097,187.31220893217247,9.027856885213389,-23894712.815340996
2019-10-10,56.98249816894531,57.61000061035156,56.82500076293945,57.522499084472656,55.80131149291992,113013600,0.7649993896484375,1,7022788382.308206,5378929200,-0.02575830932566744,24731400.50449705,0.374220381882108,0.059887693662019195,30520882.788583916,55.76474358092493,59.854931561697455,3480.8680388388548,55.510999870300296,57.27838814249455,53.74361159810604,6.367704693929853,1.069059794562017,1.0,0.0,56.05908330281576,57.05108388264974,55.06708272298177,3.5391252278438805,1.2376083297762828,1.0,0.0,53.782501220703125,57.61000061035156,55.696250915527344,6.895028730506151,0.9771387224474664,1.0919503174647809,1.483374834265632,0.9400114571731848,0.8525279628927579,0.0874834942804269,55.90979162851969,55.24009587214543,56.0636850147105,55.123673557537316,1.0518533400301355,0.8390768334046419,0.21277650662549363,0.2312553727116635,25.070204506773283,-0.25350017547607706,53.82823800510581,58.45820162980125,-4.629963624695442,55.696250915527344,55.188751220703125,55.442501068115234,52.87750053405762,94.58435637554959,21.237947432144814,35.33958516657179,20.912966059338107,161.229688332025,51.83687496185303,51.74374961853027,100.0,8.0,92.0,54.00009064123535,,0.0,0.0,64.33211297192031,1.0,0.7743003724244116,0.7427815361757307,20.70530581820248,57.480985211030934,97.71387224474663,80.25147176437511,-2.2861277552533696,2.396462945377124,5.701030907600766,1.7052772366341187,1.561919927564614,0.1433573090695046,-0.4404292783481338,0.9149501339343874,-1.3553794122825211,55.20260315435657,1.3478384244579367,1.3388358852756355,191.18471328231914,9.455908808957687,35932433.99938288
2019-10-11,58.23749923706055,59.40999984741211,58.07749938964844,59.0525016784668,57.28553009033203,166795600,1.5300025939941406,1,7100084393.410188,5545724800,0.014351787908946877,57655157.67054162,1.2192931950229895,0.16317658122308393,34957367.724539995,56.134951579934196,66.9810336485745,3480.8680388388548,55.72924995422363,58.032713761695355,53.42578614675191,8.266624113419084,1.2213596570225167,1.0,0.0,56.46824989318848,57.50150032043457,55.43499946594238,3.6595801329083932,1.7505447455589644,1.0,0.0,53.782501220703125,59.40999984741211,56.59625053405762,10.097926369602046,0.9364729886830055,1.171505362012248,1.364381838044256,1.1088051001893433,0.903783390352075,0.2050217098372683,56.22604179382324,55.46057671767015,56.5235029629807,55.41469786279136,1.0867227554888743,0.7263755724326998,0.3603471830561745,0.24220720770954932,25.28676706154791,-0.7567501068115234,58.37809820496089,57.96890187795681,0.40919632700408215,56.59625053405762,56.0887508392334,56.34250068664551,53.77750015258789,97.2921781877748,22.523214882469627,42.33297690056194,18.47642126522331,227.76805734487036,51.80749988555908,51.74374961853027,100.0,4.0,96.0,54.14448704,,0.0,0.0,69.73039354621088,1.0,0.9386448815876078,0.8119271747710973,23.894440912618204,66.24727114927542,93.64729886830055,90.58886719894457,-6.3527011316994475,2.6515215929816804,6.8678496215022244,2.000922395958527,1.649720421243397,0.35120197471513004,3.392676908640978,1.4104954888757055,1.9821814197652723,55.73757682923185,2.6598333145215314,2.625074747745959,198.92974129299628,10.481455670576928,73898960.86911988
2019-10-14,58.724998474121094,59.532501220703125,58.66749954223633,58.967498779296875,57.20307922363281,96427600,-0.08500289916992188,0,7070542690.054584,5449297200,-0.029347566698862224,48247760.06617888,0.31957396834278146,0.16523698839100737,34818565.38209857,56.419489858972234,66.55986249237172,3475.8575165659754,55.92887496948242,58.599084129273876,53.25866580969097,9.548588850565844,1.0689861033305295,1.0,0.0,56.795999908447264,57.821000289916995,55.77099952697754,3.6094104624339187,1.5592673476550023,1.0,0.0,53.782501220703125,59.532501220703125,56.657501220703125,10.280914828230474,0.9017387058423914,1.1408549936577028,1.1678909777506439,1.2216340182860037,0.9673535159388608,0.25428050234714294,56.55895837148031,55.67798056969276,56.89950231933703,55.67786830105103,1.1325339674582435,0.7518450604369025,0.38068890702134106,0.256444030294573,25.33076502181028,-1.2238731384277344,60.480777093748905,57.60320799653922,2.877569097209687,56.657501220703125,56.150001525878906,56.403751373291016,53.8387508392334,98.64608909388741,23.77403610339551,40.801202543612945,17.471781301665647,194.11923570911335,51.77187538146973,51.74374961853027,100.0,0.0,100.0,54.46041780844473,,0.0,0.0,69.10462826996985,0.962284481569439,0.9874281605231459,0.900124471511722,26.189126089315902,61.86028946291583,90.17387058423913,93.84501389909546,-9.82612941576087,2.8546616385964754,7.267268075808335,2.194110614437699,1.7585984598822573,0.4355121545554419,1.533226437479868,1.435041678596538,0.09818475888333,56.04847228490214,-0.1439446200480199,-0.1440483198416942,198.4994480126815,9.424256581401423,-28207921.247944817
2019-10-15,59.09749984741211,59.412498474121094,58.720001220703125,58.83000183105469,57.0696907043457,87360000,-0.1374969482421875,0,7010936311.524941,5361937200,-0.08281581549510202,39639260.999805115,-0.02675383715234606,0.17487844524692978,34614864.46808499,56.641193803496975,60.940799952885975,3467.752716278596,56.11162509918213,59.03840971831855,53.18484048004571,10.432008033854219,0.9643964427889209,0.0,0.0,57.05300000508627,58.04675000508627,56.05925000508627,3.483602965352938,1.3940889690407154,1.0,0.0,53.782501220703125,59.532501220703125,56.657501220703125,10.247430884128521,0.8778261931046195,1.0960192196337295,1.1315798600793832,1.2851425705727806,1.0309113268656447,0.2542312437071359,56.90270837148031,55.881346042339615,57.196502244216674,55.911359673643894,1.1399530428479803,0.7375887360551615,0.40236430679281876,0.27119047519775946,25.24540116545643,-0.11912479400634624,62.45920031659635,57.927068041713454,4.532132274882898,56.657501220703125,56.23000144958496,56.44375133514404,53.8387508392334,99.3230445469437,24.935512951398117,38.97413393472297,16.68939889213882,158.64129110833227,51.79875087738037,51.74374961853027,96.0,0.0,96.0,54.8661844814254,,0.0,0.0,68.04096584381122,0.8981764503941373,0.9534869773211917,0.9598533398106487,27.717410101773872,53.85493837958682,87.78261931046195,90.5345962543339,-12.217380689538043,3.135918987498563,7.540443948323458,2.298535714520613,1.8665859108099285,0.4319498037106846,-0.6163822844831586,1.0247568859805987,-1.6411391704637572,56.276982231316275,-0.2331741231840434,-0.2334463973736156,197.80342454206874,9.076555714293825,-5651303.280010134
2019-10-16,58.342498779296875,58.810001373291016,58.29999923706055,58.592498779296875,56.839298248291016,73903200,-0.2375030517578125,0,7021803941.426059,5288034000,-0.1218177813235358,31469047.209166102,-0.3528106478303735,0.14261298249342866,34316509.29235214,56.81065206212953,60.81396389049903,3453.7530251818184,56.25662498474121,59.36753838633545,53.14571158314697,11.05972284131168,0.8754321469312855,0.0,0.0,57.405833307902014,58.309333292643224,56.502333323160805,3.147763677238846,1.1567047545301057,1.0,0.0,53.782501220703125,59.532501220703125,56.657501220703125,10.22101841615917,0.8365213145380435,1.0394175570697706,1.0621747664693948,1.301308371562392,1.0849907358049942,0.21631763575739793,57.119374910990395,56.05124987088717,57.41127094192132,56.10996257035893,1.0871075172579356,0.7666087088013365,0.32049880845659917,0.28418980893985346,25.01103158386868,-0.10912590026855185,66.78712763622985,59.00034197848702,7.786785657742833,57.75250053405762,56.657501220703125,57.20500087738037,53.8387508392334,99.66152227347186,25.514687342105592,37.58685896539292,18.916060132108857,118.09961912968004,51.8412504196167,51.74374961853027,92.0,64.0,28.0,55.23948982056762,,0.0,0.0,66.1470190305879,0.784026323097663,0.8814957516870793,0.9408036298438057,28.434617143380702,56.063324869248504,83.65213145380434,87.20287378283517,-16.347868546195652,3.2927869011374113,4.643476286914013,2.3192109064956514,1.9571109099470732,0.3620999965485783,-3.3531517022059782,0.14917516834328326,-3.5023268705492616,56.73479627352159,-0.40371076723720867,-0.40452787907554466,196.6011600519913,8.778578684720998,-8710592.96502775
2019-10-17,58.772499084472656,59.037498474121094,58.380001068115234,58.81999969482422,57.059993743896484,67585200,0.22750091552734375,1,7044675053.235712,5355619200,-0.08698581706301246,29169996.875870753,0.14957398222081597,0.1656902138530964,34578926.755277134,57.0297389043691,66.39956626195288,3467.1631372542506,56.43562488555908,59.700145022690116,53.17110474842804,11.569005016781064,0.8651952980998615,0.0,0.0,57.80616645812988,58.62966613769531,56.98266677856445,2.8491758925474024,1.1155638319309062,1.0,0.0,53.782501220703125,59.532501220703125,56.657501220703125,10.188599863401757,0.8760866911514945,1.0012255419633793,0.9023297780520171,1.3172923813078583,1.1314510649055671,0.18584131640229118,57.34208329518636,56.163653740516075,57.62799844236792,56.31070606106006,1.118581764912273,0.7483954641823631,0.37018630072990977,0.2956634507094243,24.817890631374766,-1.6956232070922823,70.43160513172107,60.27484692032907,10.156758211392003,57.8075008392334,56.657501220703125,57.23250102996826,53.993751525878906,99.83076113673593,26.187821892453407,37.45129046091936,18.057360876260958,112.45759572104656,52.841251373291016,52.036251068115234,88.0,60.0,28.0,55.58293073257846,,0.0,0.0,67.09194579579282,0.840978033558008,0.8410602690166024,0.8920143326749579,29.297824670310174,61.65429783451267,87.60866911514945,86.34780662647194,-12.391330884850543,3.393647059272311,4.7597856608552505,2.33932847490753,2.0335544229391647,0.30577405196836516,-6.07858345001389,-1.0963765553281515,-4.9822068946857385,57.130570860651474,0.3882765204882066,0.3875246727434778,197.75279271596878,9.065573504360188,-4429702.53010124
2019-10-18,58.647499084472656,59.39500045776367,58.5724983215332,59.102500915527344,57.33403396606445,97433600,0.282501220703125,1,7072809663.863964,5453052800,0.01546230909334018,28935013.170389216,0.2321455572858992,0.12422295151198715,35046881.72094033,57.240035762043156,66.38241711817699,3467.1631372542506,56.66912498474121,59.99462425177601,53.34362571770641,11.736547080725979,0.8658662557691476,0.0,0.0,58.055249786376955,58.87099952697754,57.23950004577637,2.810253141971696,1.141894858819913,1.0,0.0,53.782501220703125,59.532501220703125,56.657501220703125,10.14661864207053,0.925217338230299,0.9833532013900882,0.9023297780520171,1.3373392967906526,1.1726287112825842,0.16471058550806839,57.70562489827474,56.29173073401818,57.85484497670014,56.51750567990949,1.1106097651141031,0.8075184902851111,0.303091274828992,0.30599622842440366,24.678158176006313,-1.464123153686522,72.54860963363558,61.73715012388675,10.811459509748829,57.8075008392334,56.657501220703125,57.23250102996826,53.993751525878906,99.91538056836796,27.025248683872984,37.79787876491039,17.016690539113196,110.88064215257855,53.18000030517578,52.375,84.0,56.00000000000001,27.999999999999993,55.89889637162843,,0.0,0.0,68.2761037008149,0.9123484514882488,0.8457842693813061,0.8561134300283294,30.35557032532084,59.65712528876302,92.52173382302989,87.92751146399458,-7.478266176970108,3.242308773713951,7.969490506567949,2.366239062928147,2.100091350936961,0.2661477119911857,-5.873721299149158,-2.051845504092353,-3.8218757950568047,57.403654211894036,0.48028089454068557,0.4791312254766922,199.1828424923449,9.208767311175222,32424433.143877193
2019-10-21,59.380001068115234,60.247501373291016,59.33000183105469,60.127498626708984,58.32836151123047,87247200,1.0249977111816406,1,7137234174.26115,5540300000,0.046566148698833035,37576894.189906016,0.8465476960754973,0.13925191309251544,36559984.87092078,57.472741940143436,65.35060561979373,3527.2931524808196,56.941499900817874,60.457597061980834,53.42540273965491,12.349857897271363,0.9530589713336208,0.0,0.0,58.355166625976565,59.16041641235351,57.54991683959961,2.7598234498691236,1.6004858558899164,1.0,0.0,53.782501220703125,60.247501373291016,57.01500129699707,11.353758091811402,0.9814380906806328,0.9995179270274466,0.9023297780520171,1.419571434920826,1.2220172560102327,0.19755417891059324,58.11583296457926,56.50096145043006,58.204483999778425,56.7849125648576,1.0923894454224525,0.8010962087061294,0.2912932367163231,0.31811143908368544,24.64628315359333,-0.18900127410888956,75.79223319184325,63.847244024513266,11.944989167329986,58.32875061035156,57.01500129699707,57.671875953674316,55.017499923706055,99.95769028418398,28.268654331705783,40.71309943385891,15.6633793471208,131.80568483653528,53.51312446594238,52.375,100.0,52.0,48.0,56.18958475955441,,0.0,0.0,72.18673315727767,1.0,0.9177754950154186,0.8682066778044425,32.47744193753694,61.6965218171544,98.14380906806329,92.75807066874756,-1.8561909319367156,3.1333310183356815,8.91675868559654,2.499909519627145,2.180054984674998,0.3198545349521469,-6.4667596796072635,-2.9348283391953354,-3.531931340411928,57.89627275189119,1.7342713003746235,1.7194044571112954,204.37148466533466,10.030517130817941,8490766.027407005
2019-10-22,60.290000915527344,60.54999923706055,59.904998779296875,59.9900016784668,58.19498062133789,82293600,-0.1374969482421875,0,7076631084.706316,5458006400,0.06727431316341717,30592320.897081833,0.34388127110298117,0.26319636924168066,36371799.4463098,57.86128075449148,73.42013137526314,3519.2270919411544,57.22000007629394,60.77524525443229,53.66475489815559,12.426582220894739,0.8895654818978369,0.0,0.0,58.73008333841959,59.506583277384436,57.95358339945475,2.6443004839289177,1.311280385756893,1.0,0.0,53.782501220703125,60.54999923706055,57.166250228881836,11.827154853781927,0.9172519065036732,0.964066180101069,0.6075186679453921,1.4568524539958432,1.2689842956073547,0.18786815838848847,58.38562488555908,56.693846189058746,58.47917902726894,57.0223265732731,1.2477717002532251,0.7003560383727224,0.5474156618805027,0.3296984397006547,24.673701765304457,-0.45500068664550497,80.27201014947144,66.77532215147924,13.496687997992197,58.6875,57.166250228881836,57.92687511444092,55.16874885559082,99.97884514209198,29.576398331849486,40.99780208993301,14.942464687935791,124.1662941288136,53.70687484741211,52.375,100.0,48.0,52.0,56.59537642092807,,0.0,0.0,70.9237239308197,0.9238869236802106,0.9454117917228193,0.9029905187065147,33.87031586541934,55.772265540494274,91.72519065036732,94.13024451382019,-8.274809349632678,3.126536773232857,5.704600026604242,2.554880766086952,2.255020140957389,0.299860625129563,-7.289500058090273,-3.805762682974323,-3.4837373751159504,58.473705171536125,-0.2286756498816156,-0.22893751193180378,203.67546119472183,9.256733644613917,6991130.508272216
2019-10-23,60.525001525878906,60.810001373291016,60.30500030517578,60.79499816894531,58.97589111328125,75828800,0.8049964904785156,1,7147954250.744251,5533835200,0.06891433981573102,34942263.32281261,0.21977306401077204,0.3405346223361926,37389334.304941215,58.26788751008483,80.58030687486551,3566.451052250301,57.496875,61.25439680382304,53.739353196176964,13.070351401960675,0.9388694651870921,0.0,0.0,59.12325007120768,59.89650026957194,58.34999987284343,2.6157229091193543,1.58098782339408,1.0,0.0,53.782501220703125,60.810001373291016,57.29625129699707,12.222403656873334,0.997865072355754,0.949659531573384,0.4096492571607956,1.5336751667110704,1.3219224698280978,0.2117526968829726,58.72145811716715,56.90999999413123,58.83545889521915,57.30178372850808,1.3182071394032062,0.5942105507610446,0.7239965886421617,0.34255967583852986,24.636447259603074,-1.396876525878909,86.33277393084452,70.3869372543391,15.945836676505422,59.44375038146973,57.29625129699707,58.3700008392334,55.298749923706055,99.98942257104599,30.92232540702156,40.44709149345651,14.056696632185309,126.64765792988575,53.94124984741211,52.375,100.0,44.0,56.0,57.069931158863966,,0.0,0.0,73.81258931793373,1.0,0.9746289745600697,0.9459387537661027,35.963410887116254,61.402554691332156,99.68985633874344,96.51961868572471,-0.3101436612565668,3.3101986043593428,7.099443006480113,2.6764876534690756,2.339313643459726,0.33717401000934943,-8.435179336865389,-4.7316460137525365,-3.703533323112852,59.123659992735355,1.3418844273302755,1.3329608985761965,207.7504349181172,9.969642169984127,3489340.777531922
2019-10-24,61.127498626708984,61.20000076293945,60.45249938964844,60.89500045776367,59.072906494140625,69275200,0.10000228881835938,1,7160697227.805077,5603110400,0.07512382525883947,30940179.785032183,0.28998894809927867,0.2725224611366745,37503285.76093268,58.58396146669091,79.67708550831016,3572.3175425690038,57.793000030517575,61.64048847293675,53.9455115880984,13.314721299768179,0.9031201748452373,0.0,0.0,59.476250076293944,60.245750427246094,58.706749725341794,2.58758865922133,1.4218646747296615,1.0,0.0,53.782501220703125,61.20000076293945,57.49125099182129,12.834598547089648,0.9588809809236839,0.9294437157451473,0.4096492571607956,1.5843635126277604,1.3744106783880303,0.2099528342397301,59.12104161580404,57.11009612450233,59.15231144330292,57.56794793067516,1.239422191665894,0.6079804643480777,0.6314417273178163,0.35530398593322926,24.605737726258983,-1.0355003356933565,91.40436055214631,74.05652195958191,17.3478385925644,59.75,57.49125099182129,58.620625495910645,55.55875015258789,99.994711285523,32.366526064760016,41.09198658383704,13.283662624318357,120.2360663022139,53.97375011444092,52.375,100.0,40.0,60.0,57.59354098888375,,0.0,0.0,74.15610543558051,1.0,0.9746289745600697,0.9648899136143196,37.77985816482127,63.267591115973055,94.040053014412,95.15170000117428,-5.959946985588012,3.514286871517406,8.547240845032306,2.752162565418682,2.421883427851517,0.33027913756716476,-9.870223247741967,-5.759361460550423,-4.110861787191544,59.58280688100193,0.16449098088704428,0.164355842646291,208.25665662719817,9.559058805616317,1468715.277724743
2019-10-25,60.790000915527344,61.682498931884766,60.720001220703125,61.64500045776367,59.800453186035156,73477200,0.75,1,7228449151.057545,5676587600,0.11759324395709271,34392711.2443133,0.4912226400749011,0.27484102615499845,38408251.6790826,58.90405426858255,79.01479607511753,3572.3175425690038,58.13999996185303,62.06198496787812,54.21801495582794,13.491520497414491,0.946840119292417,0.0,0.0,59.726500066121424,60.459000142415356,58.99399998982748,2.452847816239054,1.8095564449282031,1.0,0.0,53.782501220703125,61.682498931884766,57.732500076293945,13.587887369048863,0.9952533563309748,0.9327491152887966,0.4096492571607956,1.6658502393416725,1.4326985905787588,0.23315164876291372,59.52833334604899,57.35644223139836,59.535802060912275,57.8699518215706,1.2228490120988074,0.6163606300529554,0.606488382045852,0.36926801333836856,24.5475281267067,-0.6175008773803725,94.05303386573061,77.78677271202433,16.26626115370628,59.991249084472656,57.732500076293945,58.8618745803833,55.79999923706055,99.9973556427615,33.93680798988938,41.73236176745305,12.3424472718074,127.21785206722089,53.97375011444092,52.375,100.0,36.0,64.0,58.17057455273267,,0.0,0.0,76.63189672045901,1.0,1.0,0.9830859830400466,40.1237673739586,68.25054685365858,99.33038420823893,97.6867645204648,-0.6696157917610691,3.7294782189761904,8.611198148647746,2.8786100331964315,2.5132287489205,0.3653812842759314,-10.58468662160285,-6.724426492760909,-3.860260128841942,60.051388724625745,1.2316282032384551,1.2241053689983517,212.05323254857865,10.119618961576137,11097262.758321643
2019-10-28,61.85499954223633,62.3125,61.68000030517578,62.26250076293945,60.39948654174805,96572800,0.6175003051757812,1,7309753749.791004,5773160400,0.1233692649059436,37998571.5625085,0.5206821233734044,0.3371993021872104,39375625.07560871,59.369424245161454,87.34508715428157,3572.3175425690038,58.453499984741214,62.63267322187652,54.274326747605905,14.299137735896897,0.9557122380513219,0.0,0.0,60.02941678365072,60.73866666158041,59.320166905721024,2.3630077249821313,2.074257570411664,1.0,0.0,53.782501220703125,62.3125,58.04750061035156,14.59279389860925,0.9941384238902942,0.9062241579835497,0.26416543625922845,1.7599683516888973,1.4981525428007867,0.2618158088881106,59.923333485921226,57.65759614797739,59.95529416891645,58.195325817227555,1.3349801638913708,0.5147206294273101,0.8202595344640606,0.3847715147252352,24.53812806505968,0.5990016937255831,95.95123640030265,81.50811005465836,14.443126345644288,60.30624961853027,58.04750061035156,59.17687511444092,56.114999771118164,99.99867782138075,35.670631085414506,44.37848344424784,11.72213030449114,141.97232922677063,54.013750076293945,52.375,100.0,32.0,68.0,58.802720940980045,,0.0,0.0,78.46140366683636,1.0,1.0,0.9915429915200233,42.705030605663794,71.67802154471079,99.15291426060149,97.50778382775083,-0.8470857393985025,3.9228897094726562,8.240256862807774,3.024243488585975,2.6154316968535953,0.4088117917323797,-8.97191428670639,-7.173924051550005,-1.7979902351563855,60.65803443275834,1.001703788774999,0.9967199906676605,215.17908160201262,10.238739629430562,33297741.719371095
2019-10-29,62.24250030517578,62.4375,60.64250183105469,60.8224983215332,59.0025749206543,142839600,-1.44000244140625,0,7195561116.842187,5630320800,0.12217290624864065,3186008.0922226943,-0.5733469885846624,0.2895708109945748,36072041.53480873,59.72662937701538,77.04210309229495,3572.3175425690038,58.687249946594235,62.847278235062916,54.527221658125555,14.17694062084808,0.7566386845081959,0.0,0.0,60.26075007120768,61.0802500406901,59.44125010172527,2.7198465618633967,0.8427384205275251,0.0,0.0,53.782501220703125,62.4375,58.11000061035156,14.747664590133253,0.8134024371753871,0.995101559079726,0.6721926719405046,1.6987790044790856,1.5382778351364466,0.16050116934263903,60.07083320617676,57.89384607168344,60.08871019239595,58.389931187916865,1.2301375651507447,0.5588231265654757,0.671314438585269,0.3947371654719527,24.64878029404455,0.28024883270263956,96.80215860601355,84.84311349574543,11.959045110268121,60.40875053405762,58.11000061035156,59.25937557220459,56.34375,99.99933891069037,35.8069701794319,38.73991604357578,17.576541398870262,103.39573436975834,54.42875003814697,52.375,100.0,28.000000000000004,72.0,59.504676752784036,,0.0,0.0,65.56934731295564,0.08756521241936861,0.6958550708064557,0.8986183569354854,40.92966454539035,59.73986354196215,71.22491050328183,89.90273632404076,-28.77508949671817,3.998331249461458,2.997327111904265,2.909369766187751,2.6742193107204266,0.23515045546732427,-3.6603894351574198,-6.471217128271488,2.810827693114068,60.67073623317897,-2.3127924894776886,-2.3399571945006414,207.88964347431653,8.310598699639996,67056742.92119202
2019-10-30,61.189998626708984,61.32500076293945,60.3025016784668,60.814998626708984,58.99528884887695,124522000,-0.00749969482421875,0,7195864940.078844,5505798800,0.16679509096784906,2597453.0792049714,-0.5963521691398385,0.2202442002072929,36056687.397364974,60.03037865936986,67.95115425568275,3571.877059324747,58.99099979400635,62.82845840521602,55.15354118279668,13.010318945635385,0.737657134252148,0.0,0.0,60.48541679382324,61.356166458129884,59.614667129516604,2.8792053042298313,0.6892517714308735,0.0,0.0,53.782501220703125,62.4375,58.11000061035156,14.671727567797973,0.8125359211867126,0.997841311619019,0.9153716070656205,1.6308810615853773,1.556798480426233,0.07408258115914435,60.224791526794434,58.139807627751274,60.20044687459795,58.569565813012574,1.1753394462474278,0.7034311278760907,0.47190831837133707,0.3997223354284878,24.7196395643673,-0.16099796295166158,97.93316263926472,87.89884210769475,10.034320531569975,60.5049991607666,58.11000061035156,59.30749988555908,56.34375,99.99966945534518,35.50121080221003,35.93872585560321,18.709987332384237,79.09276323552136,54.42875003814697,52.375,96.0,24.0,72.0,60.091241402227226,,0.0,0.0,65.50897581136498,0.0,0.36252173747312244,0.6861256027598595,39.5146053134243,55.49690755656398,62.78667095965871,77.72149857451403,-37.21332904034129,3.912706285364493,3.133081588430465,2.784519637369481,2.6962793760502377,0.08824026131924345,-1.1355001445225583,-5.404073731521702,4.268573586999144,60.6848415335839,-0.012330461640319701,-0.012331221904293699,207.8516792599334,8.931888127017586,20538334.545669287
2019-10-31,61.810001373291016,62.29249954223633,59.314998626708984,62.189998626708984,60.32915115356445,139162000,1.375,1,7325445594.640977,5644960800,0.17489085964931136,29561781.210747115,-0.02140050429244328,0.131623221684762,39203078.16150062,60.31149459254519,67.4296492245571,3571.877059324747,59.340249633789064,63.00332885510357,55.67717041247456,12.34601891269666,0.8889827138242019,0.0,0.0,60.73741671244304,61.84016672770182,59.634666697184244,3.631204864967107,1.1586179524672537,1.0,0.0,55.97249984741211,62.4375,59.204999923706055,10.894797700525077,0.9617167258392186,1.1958072720098516,0.9159004997618971,1.6687857381035727,1.579195931961701,0.08958980614187162,60.504791259765625,58.406442202054535,60.506531759538106,58.83774602143453,1.0445992653450533,0.7574912953118296,0.28710797003322375,0.40509713602212905,25.176971591408336,-0.7477508544921889,100.09442251277338,90.95948798315449,9.134934529618889,60.87624931335449,58.11000061035156,59.49312496185303,56.34375,99.99983472767259,34.08083240844391,29.295755893107255,21.381966679139726,89.19063079472723,54.26249980926514,52.375,92.0,20.0,72.0,,62.4375,0.0,1.0,70.8146421014015,0.40962716405289984,0.16573079215742237,0.40803586681233367,39.93464192653201,67.25465966940706,94.01809479993473,76.0098920876251,-5.981905200065277,3.729456104951744,5.7113661245556,2.83625028310166,2.7242735574605224,0.1119767256411377,1.8989806324739895,-3.943462858722564,5.842443491196553,60.896276992777665,2.2609554074644267,2.235774654466649,214.81206844913095,10.39437483624333,38180426.86655511
2019-11-01,62.3849983215332,63.98249816894531,62.290000915527344,63.95500183105469,62.041343688964844,151125200,1.7650032043457031,1,7471660429.729487,5796086000,0.19556162094770205,63443878.503123984,2.6122384740342244,0.29538497209129366,43492135.37564292,60.74201172901277,68.95295551604129,3571.877059324747,59.70037479400635,63.677721317889436,55.723028270123265,13.324360316352296,1.0348574748893822,1.0,0.0,61.176000086466466,62.36574961344401,59.98625055948894,3.8895956757419192,1.6678936118798242,1.0,0.0,56.08250045776367,63.98249816894531,60.03249931335449,13.23274391231253,0.9965194498915225,1.2554764990324991,0.9150921929688883,1.8202636093621862,1.627409467441798,0.1928541419203882,60.951666514078774,58.751923047579254,61.037065616694505,59.21680200733232,1.1914580224644586,0.6630665803724634,0.5283914420919953,0.415696234508205,25.553717517034237,-0.8803750991821317,102.9823165819038,93.98060835982788,9.00170822207592,61.64874839782715,58.88249969482422,60.265624046325684,57.116249084472656,99.99991736383629,33.86072955768851,36.25009487481684,19.09381807562947,162.0782043049887,54.269999504089355,52.375,100.0,16.0,84.0,59.314998626708984,,1.0,0.0,75.93253965634499,0.8047575297303718,0.40479489792775675,0.31101580918610067,42.14459335568081,71.06777326854389,99.51612242747039,85.44029606235462,-0.48387757252960967,3.8686619029325655,9.152200645951293,3.073897184006658,2.7941982827697496,0.27969890123690844,4.9792686993974264,-2.158916547098566,7.1381852464959925,61.45850940971931,2.8380820764123404,2.7985546648102932,223.74669333816865,11.426613082109085,41013528.97981627
2019-11-04,64.3324966430664,64.4625015258789,63.845001220703125,64.375,62.44878387451172,103272000,0.4199981689453125,1,7545664565.390557,5899358000,0.25801103354657484,60576760.274580605,0.6084008164780248,0.34075316163632013,44170331.75843561,61.112696887352065,75.58619102059137,3595.3338927492396,60.080874824523924,64.31021315203448,55.85153649701337,14.07881739359832,1.0076592179377213,1.0,0.0,61.60858345031738,62.76833305358887,60.4488338470459,3.7648961827104346,1.692678377245811,1.0,0.0,56.08250045776367,64.4625015258789,60.27250099182129,13.947867924011437,0.9895582917988116,1.1916788796468274,0.9095346768377662,1.9517032358269617,1.692268221118831,0.2594350147081308,61.41458320617676,59.12384605407715,61.55059398335689,59.59889074752993,1.291234865418529,0.6219368249472303,0.6692980404712987,0.42979932745498206,25.714294223821078,-0.9783739089965806,105.74879144393083,96.81136183699003,8.937429606940796,61.888750076293945,59.122501373291016,60.50562572479248,57.35625076293945,99.99995868191814,33.916661163392796,37.834124472510986,18.3647236434792,173.9965952355575,54.269999504089355,52.375,100.0,12.0,88.0,59.314998626708984,,0.0,0.0,76.9675696009491,0.8846676404951965,0.6996841114261557,0.4234032671704451,44.231891345791254,72.95554106955461,98.58009747050845,97.37143823263789,-1.419902529491545,4.030713586246264,9.444067211827248,3.2747308068109473,2.8903047875779895,0.3844260192329578,3.866373537693135,-0.9538585301402258,4.820232067833361,61.94716354839183,0.6567088686117106,0.654561930218378,225.87276658515756,10.719642260881287,-16273097.604948342
2019-11-05,64.26249694824219,64.54750061035156,64.08000183105469,64.28250122070312,62.35905075073242,79897600,-0.092498779296875,0,7534983040.173507,5819460400,0.31052658865487126,50867161.59696195,0.09361949965061205,0.37264102931353343,44055528.95503755,61.43129617286199,80.8844873451121,3590.167850089139,60.48999996185303,64.68273495797982,56.29726496572624,13.862572321940366,0.9522705659138455,0.0,0.0,62.02408358256023,63.16608301798503,60.882084147135416,3.6824387220641244,1.4887998050116384,1.0,0.0,56.40999984741211,64.54750061035156,60.478750228881836,13.452638069220079,0.9674347938797964,1.1192608696118322,0.8862196648101598,2.0250625478332154,1.758827086461708,0.26623546137150744,61.84624989827474,59.442692243135895,61.97088740448709,59.94582485665387,1.3370212950371883,0.5762877945525402,0.760733500484648,0.4443162892947949,25.707293468735365,-0.3625013351440458,108.55384234347179,99.28036943839307,9.27347290507872,61.93124961853027,59.165000915527344,60.54812526702881,57.39875030517578,99.99997934095907,34.015148959046165,37.2407605104344,17.8102399732606,158.92535124653054,54.32124996185303,52.375,100.0,8.0,92.0,59.52089874267578,,0.0,0.0,76.19043474351099,0.8246684753881054,0.8380312152045576,0.6475034081861568,45.608572721160975,70.72682035558381,95.70329291743492,97.93317093847128,-4.296707082565085,4.319948936911189,8.764435049168787,3.3781544464116875,2.9878747193447293,0.39027972706695824,1.2310079188277792,-0.5168852403466249,1.747893159174404,62.34957430444929,-0.14368742415048485,-0.14379075352248805,225.40452840084342,10.100615246670976,-16537041.95177275
2019-11-06,64.19249725341797,64.37249755859375,63.842498779296875,64.30999755859375,62.38571548461914,75864400,0.027496337890625,1,7592954851.793245,5895324800,0.3283530578664451,43898423.25114875,-0.1440911226581846,0.3516649503936048,44087979.35968356,61.70985188543201,75.44325780267658,3591.7035163500263,60.867624855041505,65.00776847417731,56.7274812359057,13.603762686635829,0.9157310736325119,0.0,0.0,62.377916717529295,63.52241592407226,61.23341751098633,3.669565342253063,1.3440725996221647,1.0,0.0,56.82500076293945,64.54750061035156,60.68625068664551,12.687368475118795,0.9692453148008281,1.0603346605803365,0.8803641264868358,2.061653596469462,1.819392388463259,0.242261208006203,62.1947914759318,59.75663449214055,62.33075050511888,60.269096908649416,1.3187341885371786,0.5995002840854228,0.7192339044517558,0.45756486449974815,25.5317240872482,-0.8776231765747085,110.30439555788638,101.38037332791973,8.924022229966653,61.93124961853027,59.165000915527344,60.54812526702881,57.688751220703125,99.99998967047954,33.82506979592508,35.91678224338151,18.770202730536255,140.28736552775328,54.80625057220459,52.60000038146973,96.0,4.0,92.0,59.82249485473633,,0.0,0.0,76.26714653264602,0.8305910553083347,0.8466423903972119,0.7947859056759752,46.72310929460965,70.78975311339788,96.0250550497315,96.7694818125583,-3.974944950268497,4.7260145187377915,6.9560501058776385,3.4207474513751794,3.074449265750819,0.3462981856243603,-1.2371650764507598,-0.6609412075674519,-0.5762238688833079,62.64083761069519,0.04277421906191403,0.042765073500650175,225.543717646659,9.9794412552735,-3771478.107807994
2019-11-07,64.68499755859375,65.0875015258789,64.52749633789062,64.85749816894531,63.1057243347168,94940400,0.5475006103515625,1,7609908078.899143,5990265200,0.29565557326097214,45052923.77913058,0.4128948886268109,0.36457561691795565,44896250.68483269,62.10906707095111,75.55753435072023,3591.7035163500263,61.234374809265134,65.4234811100642,57.045268508466066,13.682204852576469,0.9324458607065034,0.0,0.0,62.77541656494141,63.901166152954104,61.649666976928714,3.5865937642902077,1.4247534381422413,1.0,0.0,58.07749938964844,65.0875015258789,61.58250045776367,11.447821845271477,0.967189260079559,1.0320515912508186,0.8803641264868357,2.1105024314521827,1.8776143970610437,0.23288803439113903,62.60041618347168,60.14576897254357,62.71948091493833,60.60897848348615,1.3380656737111458,0.5805909818433903,0.7574746918677555,0.4702243462510858,25.253061641448348,-0.4393766403198214,112.99810320645514,103.48538103244469,9.512722174010449,62.201250076293945,59.435001373291016,60.81812572479248,57.9587516784668,99.99999483523976,34.071711611802876,38.89719791084778,17.772016770286264,146.69373000619694,54.80625057220459,52.60000038146973,100.0,0.0,100.0,60.10599520007324,,0.0,0.0,77.8008500910473,0.9490015630150733,0.8680870312371707,0.850920212279647,48.12771102043745,78.34814409025448,96.01553501226188,95.91462765980945,-3.984464987738125,5.238418926912189,8.113846231522421,3.482161363315538,3.1559916852637633,0.3261696780517749,-1.7178404136082186,-0.8723210487756052,-0.8455193648326134,63.00141366533884,0.8513460288234853,0.8477425163155416,228.3152211589281,10.405312133944634,21824575.69211954
2019-11-08,64.67250061035156,65.11000061035156,64.2125015258789,65.03500366210938,63.27843475341797,69986400,0.1775054931640625,1,7668198051.550605,6060251600,0.3007461343009728,40391501.87450869,-0.18754690031096904,0.29071171717606514,45087793.232687645,62.384564578172075,70.09060775988668,3601.5334839246016,61.53349990844727,65.90700538611459,57.159994430779946,14.21503891107917,0.90030860502428,0.0,0.0,63.119083404541016,64.23833312988282,61.99983367919922,3.5464701480797363,1.3558948973533445,1.0,0.0,58.29999923706055,65.11000061035156,61.704999923706055,11.067144536591107,0.988987234490682,1.0185963405730023,0.8803641264868357,2.1388829833126763,1.9298681143113703,0.20901486900130606,62.95374997456869,60.52384596604567,63.07571518373388,60.9368322004212,1.2863451695221184,0.6453802893624608,0.6409648801596576,0.48148394679043094,25.06166947138147,-0.6384994506835966,114.7665136853889,105.57596739745426,9.190546287934637,62.21249961853027,60.541250228881836,61.376874923706055,57.970001220703125,99.99999741761988,33.91505638479989,36.485208430852836,18.846324454125767,125.60063537520716,54.680625915527344,52.60000038146973,100.0,0.0,100.0,60.50451570613769,,0.0,0.0,78.2906847001829,0.9868195392741483,0.9221373858658518,0.8789556025000782,49.42358621331578,81.62389592428565,98.7058339504649,96.91547467081945,-1.2941660495350942,5.250036811828608,6.974266997066708,3.5100002840283717,3.2267934050166853,0.2832068790116864,-4.100984802845441,-1.5180537995895724,-2.5829310032558688,63.295090342190235,0.27368538438174994,0.273311547868893,229.2137719339407,10.209081451547107,-11049915.49380435
2019-11-11,64.57499694824219,65.61750030517578,64.56999969482422,65.55000305175781,63.77953338623047,81821200,0.5149993896484375,1,7739474711.114473,6142072800,0.3568764985053893,40640982.75819355,0.5536986687138429,0.30569867414826957,45735719.20620232,62.68787566519713,70.22512288107524,3601.5334839246016,61.86262512207031,66.40177082135129,57.32347942278934,14.674921053945301,0.9061753217429874,0.0,0.0,63.43516680399576,64.59591662089029,62.27441698710125,3.6596414114620326,1.4109784972527881,1.0,0.0,58.29999923706055,65.61750030517578,61.958749771118164,11.828630055184352,0.9907759147843412,1.0214867675508583,0.8782401794831457,2.1778262959580843,1.9794597506407132,0.19836654531737108,63.34166685740153,60.86221152085524,63.45637485573756,61.27854855977947,1.2643413469106055,0.6412627589630581,0.6230785879475474,0.49197792941912183,24.937606886826664,-0.21762466430664062,115.86413926904262,107.69396524890196,8.170174020140664,62.46624946594238,60.85000038146973,61.658124923706055,58.33625030517578,99.99999870880994,34.08044441432078,37.350221652973474,17.483644073413753,122.01388394050743,54.73687553405762,52.60000038146973,100.0,4.0,96.0,60.96506419655908,,0.0,0.0,79.69086556292791,1.0,0.9786070340964068,0.9229438170664767,50.943463756245656,81.7442809444061,98.92904029445036,97.8834697523924,-1.070959705549634,5.1399850957533815,7.64430997454843,3.5539782634269392,3.2922303766987366,0.2617478867282026,-5.017682229281106,-2.2179794855278794,-2.7997027437532265,63.6128687809839,0.7918803115997797,0.7887613940364524,231.82075097696057,10.51078251217998,13783005.15652071
2019-11-12,65.38749694824219,65.69750213623047,65.2300033569336,65.48999786376953,63.72113800048828,87388800,-0.06000518798828125,0,7749286626.774764,6054684000,0.39390523746221706,34086016.45387015,0.19793821675499673,0.30413904220142846,45655722.54521163,62.974813973796344,70.60725927618793,3601.5334839246016,62.195624923706056,66.77301435482786,57.61823549258424,14.719329331401656,0.859852814539324,0.0,0.0,63.85233357747396,64.88033345540364,62.82433369954426,3.2199289214148696,1.296529416712433,1.0,0.0,58.29999923706055,65.69750213623047,61.99875068664551,11.89392808295482,0.9719494165410572,0.96608796872546,0.8785808829898863,2.1787321664138872,2.019314233795348,0.1594179326185392,63.662083307902016,61.197788385244515,63.76923993389632,61.590507767482435,1.3095804451910267,0.666214946488334,0.6433654987026927,0.5002076579265965,24.77968016427259,0.06687583923339702,118.91601738024491,110.0253935534553,8.890623826789607,62.50625038146973,60.89000129699707,61.6981258392334,58.376251220703125,99.99999935440496,34.282889771692574,36.67055094090422,16.896460422539377,113.75462416153675,54.95062446594238,52.81374931335449,100.0,0.0,100.0,61.52335652959308,,0.0,0.0,79.05111192515685,0.9548893942219118,0.9805696444986863,0.9604380214869819,52.01810981951047,76.74755203880265,96.748857683331,98.12791064274877,-3.2511423166690077,5.057227964962237,6.237322374002212,3.537447969481069,3.3412738952552035,0.19617407422586552,-5.231283351914206,-2.8206402588051445,-2.410643093109061,64.35325299840122,-0.09154109106738195,-0.09158301551144277,231.51699864112828,10.064398765813173,16255844.89821282
2019-11-13,65.28250122070312,66.19499969482422,65.26750183105469,66.11750030517578,64.33170318603516,102734400,0.62750244140625,1,7834852570.421582,6157418400,0.4271856616460679,38426026.505661026,0.24150025574111098,0.30067556417584507,46640087.92800653,63.28646141664654,71.43942125874553,3601.5334839246016,62.571875,67.13980179708767,58.003948202912326,14.600575089327824,0.8881000574961415,0.0,0.0,64.3569169362386,65.37541669209799,63.338417180379224,3.165160185869239,1.3643023028766692,1.0,0.0,58.380001068115234,66.19499969482422,62.28750038146973,12.489634722803151,0.9900832497419039,0.9622289582298672,0.8785808829898863,2.204670212194692,2.056385429475217,0.14828478271947532,63.98333326975504,61.58307691720816,64.130510760247,61.925840548052314,1.2984952224403306,0.663043170400181,0.6354520520401495,0.507559220067595,24.744990394230896,-1.7493766784667955,123.45946470795532,112.62150935291997,10.837955355035348,64.24250030517578,61.302499771118164,62.77250003814697,58.625,99.99999967720248,34.7729430348485,37.80659963953456,15.765209698412786,111.76201609169806,54.95062446594238,52.81374931335449,100.0,0.0,100.0,62.10773691452231,,0.0,0.0,80.78805966502279,1.0,0.9849631314073036,0.9813799366674657,53.460005524840184,78.00016288569907,98.87355555789662,98.18381784522602,-1.126444442103384,5.065507888793945,6.191526994577355,3.560178098000857,3.385054735804334,0.1751233621965227,-4.043918956387995,-3.0652959983217145,-0.9786229580662806,65.06221049458765,0.9581653105434018,0.9536040200540441,234.6934795206622,10.591240081296156,28823682.664423823
2019-11-14,65.9375,66.22000122070312,65.5250015258789,65.66000366210938,63.886558532714844,89182800,-0.45749664306640625,0,7780316889.275526,6068235600,0.3821783655498651,27107903.91638621,0.11007630517103138,0.2734508259684258,46022992.12990557,63.541208703915906,65.44767654669977,3576.6128582024917,62.91387519836426,67.32863371344271,58.49911668328581,14.034292121281483,0.811016837542281,0.0,0.0,64.81050059000651,65.60075022379557,64.02025095621745,2.438646906272816,1.0374903294986022,1.0,0.0,58.5724983215332,66.22000122070312,62.396249771118164,12.155510807524943,0.9267738023800509,0.9355060318893024,0.8978326616584696,2.163372137365876,2.0777827710533487,0.08558936631252712,64.38645871480306,61.9254809159499,64.36581736053353,62.20244522316765,1.3032522302313787,0.6880635335345322,0.6151886966968465,0.5113736940995626,24.712185891305307,-2.098876571655275,125.68043857743942,115.14352290797949,10.53691566945993,65.03125,61.52250099182129,63.276875495910645,59.025001525878906,99.99999983860124,35.24318948906202,36.05307866161942,14.957106015589684,99.11278506033133,55.14437484741211,52.81374931335449,100.0,0.0,100.0,62.76169895937062,,0.0,0.0,75.85018998774896,0.6768216128291161,0.8772370023503422,0.9475899260854441,53.306770580040755,74.20684243085243,91.88997323359695,95.83746215827487,-8.110026766403054,4.952258356879739,7.953480166176489,3.4779535267531823,3.4036344939941037,0.07431903275907858,-4.208271025328174,-3.2938910037230067,-0.9143800216051674,65.21771512274829,-0.6919448571932718,-0.6943498964046668,232.37758520175777,9.723594170026821,6730553.792729601
2019-11-15,65.91999816894531,66.44499969482422,65.75250244140625,66.44000244140625,64.6455078125,100206400,0.779998779296875,1,7879077054.586707,6168442000,0.41826701420222223,34401184.73943595,0.15635457640672162,0.2474274297565199,47213379.96600675,63.824179478214326,65.68749109816723,3576.6128582024917,63.2807502746582,67.58575937361321,58.97574117570319,13.60606212875141,0.8669274668333358,0.0,0.0,65.09083404541016,65.78108367919921,64.4005844116211,2.1208812082743034,1.4773046807645276,1.0,0.0,59.314998626708984,66.44499969482422,62.8799991607666,11.267251158004298,0.9992991230477768,0.9204550319718565,0.8978326616584696,2.168584407146291,2.0959430982719374,0.0726413088743536,64.8552090326945,62.268461814293495,64.68492275759087,62.51633835044458,1.24746651119189,0.7140199740755089,0.533446537116381,0.5141381173852063,24.589545922885467,-1.0907516479492188,126.21971738184766,117.41807023441467,8.801647147432988,65.14374923706055,62.26124954223633,63.70249938964844,59.60625076293945,99.99999991930062,35.821631192904455,35.61931479736033,14.079266940325438,103.41215502394935,55.442501068115234,52.87750053405762,100.0,0.0,100.0,63.38419336641047,,0.0,0.0,78.28690567759857,0.8363020969463792,0.8377079032584981,0.8999693456720482,53.87755679186073,76.02346591507558,99.92991230477767,96.89781369875709,-0.07008769522231978,4.933067131042478,9.249369303162087,3.468828252528116,3.416673245700906,0.05215500682720986,-3.3618344577846284,-3.3074796945353313,-0.05435476324929711,65.48586897552818,1.187935936328599,1.180935364385327,236.32601798067068,10.644128757925564,23615219.709006026
2019-11-18,66.44999694824219,66.85749816894531,66.05750274658203,66.7750015258789,64.971435546875,86703200,0.33499908447265625,1,7947898344.907811,6255145200,0.4206666465915317,33636085.86535219,0.33101185365058167,0.31202448991618015,47650548.71304984,64.25533342252838,74.36441226043775,3594.6466027687657,63.6131254196167,67.91946604297819,59.306784796255215,13.539157508627984,0.8671186725347887,0.0,0.0,65.32441736857096,66.03291651407878,64.61591822306315,2.169170959490838,1.5237021219469788,1.0,0.0,59.314998626708984,66.85749816894531,63.08624839782715,11.856829062372103,0.9890624265066981,0.908409071010999,0.6511769420159744,2.1746784553692606,2.111690169691402,0.06298828567785852,65.23729260762532,62.56548103919396,65.00647333732749,62.83179488195823,1.3625501707012777,0.6725821003372576,0.6899680703640201,0.5160610153248734,24.51003552012565,0.34187641143798686,125.96391072465676,119.35252227676857,6.611388447888189,65.3499984741211,62.57874870300293,63.96437358856201,59.8125,99.99999995965031,36.612272133675354,36.5841206100245,13.22726217854818,106.74962085314165,56.34250068664551,53.77750015258789,100.0,8.0,92.0,63.99635463209322,,0.0,0.0,79.25504533825335,0.89966582149476,0.8042631770900849,0.8397360275663085,54.63583788151456,80.25342812336898,98.90624265066981,96.90870939634817,-1.0937573493301962,4.914493672987994,7.37257276156424,3.4611114634793063,3.4255608892565865,0.03555057422271979,-3.797719446814231,-3.4055276449911114,-0.3921918018231194,65.76309342487836,0.5042129322136768,0.5029460355951976,238.02181725772854,10.547649178040423,4769623.72247839
2019-11-19,66.9749984741211,67.0,66.34750366210938,66.57250213623047,64.7744140625,76167200,-0.2024993896484375,0,7924260186.93578,6178978000,0.44125111856621835,26627529.097268958,0.18525458351653495,0.3678535436773497,47419566.891128756,64.71118424556337,82.36854171520616,3583.7456109839823,63.942250442504886,68.09405166884981,59.790449216159956,12.986096665703423,0.8167603108062504,0.0,0.0,65.5580841064453,66.2850830078125,64.83108520507812,2.2178772039365144,1.1976750775533824,1.0,0.0,59.314998626708984,67.0,63.15749931335449,12.01865952497427,0.9443724414604158,0.8828177976989616,0.21104052438632148,2.138516536650407,2.117055443083203,0.021461093567203715,65.45541763305664,62.85798116830679,65.24740084485103,63.10888430820062,1.419427462611811,0.5701520286913232,0.8492754339204879,0.5155611726053588,24.462573356982645,0.43274955749511435,126.80636761603523,121.186074727674,5.620292888361234,65.60625076293945,62.64999961853027,64.12812519073486,59.883750915527344,99.99999997982516,37.4328338373579,35.839938241894636,12.559663829326578,102.0093639726171,56.403751373291016,53.8387508392334,100.0,4.0,96.0,64.56858333946364,,0.0,0.0,77.01950856696297,0.6221404474424231,0.7860361219611871,0.8093357341032568,54.638486996902024,75.8372099642845,94.43724414604158,97.75779970049638,-5.562755853958424,4.818699298185464,4.092721804762422,3.3886140756453202,3.4181715265343335,-0.029557450889013293,-5.018501479939333,-3.728122411980756,-1.2903790679585772,65.9156915613775,-0.3032562860668109,-0.30371703968734565,236.99674484861723,10.05131024718171,361000.14020094275
2019-11-20,66.38500213623047,66.5199966430664,65.0999984741211,65.79750061035156,64.02033996582031,106234400,-0.7750015258789062,0,7922390317.203024,6072743600,0.39686722481315856,11061907.497540528,-1.1545502071958065,0.28691427918425233,46182842.72636249,65.1675152877442,73.83342055256344,3583.7456109839823,64.1923755645752,68.15401088079128,60.23074024835913,12.343008905257946,0.7025836450929918,0.0,0.0,65.7211675008138,66.53716634114583,64.90516866048176,2.4832146821552774,0.5467728051590756,0.0,0.0,59.314998626708984,67.0,63.15749931335449,11.971828906004863,0.8435264574151298,0.9417863841400029,0.4434359854294717,2.023990506682047,2.098442455802972,-0.07445194912092523,65.57395935058594,63.12596189058744,65.33203157800496,63.30804107132291,1.4461441304608498,0.6328575882329429,0.8132865422279069,0.5098683765881068,24.61527313639361,0.090125656127924,126.41757718705517,122.67712739218511,3.7404497948700595,65.60625076293945,62.64999961853027,64.12812519073486,59.9637508392334,49.99999998991258,36.324931931665475,31.924082332167604,20.44387109716115,67.78374438380082,56.44375133514404,53.8387508392334,96.0,0.0,96.0,65.05486667157092,,0.0,0.0,68.9980186634215,0.0,0.507268756312394,0.6991893517878888,52.27166202550082,67.46477703921381,74.46922243333998,89.27090307668381,-25.530777566660024,4.502132595286646,2.2097096859830097,3.197051231457023,3.373947467518872,-0.1768962360618489,-3.3335538563612164,-3.649208700856849,0.3156548444956324,65.90741910448601,-1.1641466085997254,-1.1709758485478616,233.07360867237054,9.286656945618056,37173935.68982649
2019-11-21,65.92250061035156,66.00250244140625,65.29499816894531,65.50250244140625,63.73332214355469,121395200,-0.2949981689453125,0,7872203231.801768,5951348400,0.3551327271770584,4365726.180927597,-0.09397663228513517,0.09361320016144097,45638576.43377454,65.41695393753066,63.7838683437269,3583.7456109839823,64.42275066375733,68.11747847525749,60.72802285225717,11.470257862114918,0.6461206119552437,0.0,0.0,65.79875106811524,66.62949981689454,64.96800231933594,2.5251201133568753,0.32169781950060455,0.0,0.0,59.314998626708984,67.0,63.15749931335449,11.9290177679644,0.8051402353943284,0.9183581729720963,0.6752991815097273,1.887664099278929,2.056286784498164,-0.16862268521923474,65.67562611897786,63.39173126220703,65.35825786468209,63.47059376540316,1.2436602824530858,0.8088970963259994,0.4347631861270864,0.4989816751519816,24.7350733869968,-0.11275310516357706,123.66753017883826,123.6661292247906,0.001400954047667824,65.78499984741211,62.69000053405762,64.23750019073486,60.39125061035156,24.99999999495629,35.29616587637965,30.215832520590354,19.349924571580193,55.85691555580118,57.20500087738037,53.8387508392334,92.0,0.0,92.0,,67.0,0.0,1.0,66.17290488040214,0.0,0.20738014914747402,0.5002283424736852,49.46135959605514,63.59053262799664,52.573333977673606,73.82660018568508,-47.426666022326394,4.186022096521711,1.8978745343378234,2.974076635009937,3.293973301017085,-0.31989666600714806,-0.7388437034887363,-3.0671357013832266,2.3282919978944903,65.89750906476542,-0.44834251485063037,-0.4493505841008272,231.5802980789451,9.387242529537545,37582824.22093882
2019-11-22,65.64749908447266,65.79499816894531,65.20999908447266,65.44499969482422,63.67734909057617,65325200,-0.05750274658203125,0,7859361744.268349,5886023200,0.3161928361980418,3205425.5235064393,-0.1309710464042444,0.04080092424127889,45581229.33586205,65.51969144200439,57.457781893539114,3580.5995446811385,64.61275062561035,68.10165203350081,61.12384921771988,10.79942077719744,0.6192709354485721,0.0,0.0,65.86850077311199,66.66799952189129,65.06900202433268,2.4275601824709154,0.23514587800520328,0.0,0.0,59.314998626708984,67.0,63.15749931335449,11.893939352343462,0.7976577713336348,0.8850222641221522,0.859881134041935,1.7547567051556427,1.9959807686296598,-0.24122406347401704,65.7702096303304,63.646538954514725,65.37160276162703,63.61684605647139,1.0927163486133014,0.8719072264970382,0.22080912211626313,0.48393500333574646,24.7765400987244,0.24474754333496662,118.67071246383816,123.97797069087899,-5.307258227040833,66.04999923706055,62.7862491607666,64.41812419891357,60.39125061035156,12.499999997478145,34.22091887492902,28.84159127123046,19.130700413606743,45.90927551117823,57.23250102996826,53.993751525878906,88.0,0.0,88.0,,66.9658999633789,0.0,0.0,65.60898604300485,0.0,0.0,0.23821630181995615,46.99099293855948,58.86558459374117,50.75218672981202,59.26491438027522,-49.24781327018798,3.8158524905934144,1.764892208550237,2.758320812694771,3.186842803352622,-0.42852199065785124,-3.3828450829403973,-3.130277577694661,-0.25256750524573635,65.89047733182228,-0.08778709887223846,-0.08782565431202372,231.28921335482966,9.563124333710498,-29850956.483337045
2019-11-25,65.67749786376953,66.61000061035156,65.62999725341797,66.59249877929688,64.79385375976562,84020400,1.1474990844726562,1,7940381112.005463,5970043600,0.3180506981956214,16520840.745437857,0.7202445739127452,0.08555985811714553,47054425.646147184,65.64920763678758,57.68265440777799,3580.5995446811385,64.82925052642823,68.2445235569152,61.41397749594125,10.536210129699727,0.7581416239827294,0.0,0.0,65.9716672261556,66.7644162495931,65.1789182027181,2.4033014679465383,0.8915687908698031,0.0,0.0,59.314998626708984,67.0,63.15749931335449,11.85421906143764,0.946974476527827,0.9130201292626714,0.8621232169773851,1.7221681415109344,1.9412182432059149,-0.2190501016949804,65.91479301452637,63.93461579542894,65.55943291819162,63.837264776680684,1.0870977663296297,0.8001734014389138,0.28692436489071593,0.46947650942685315,24.82206378738997,0.2057531356811495,114.64456534619475,123.50336490931785,-8.8587995631231,66.04999923706055,63.15749931335449,64.60374927520752,60.39125061035156,6.249999998739073,33.931907244651875,32.49561027192179,17.430521733546918,78.14873307776483,57.23250102996826,53.993751525878906,84.0,32.0,52.0,,66.89566392822265,0.0,0.0,70.93243916960424,0.3507100142710605,0.11690333809035314,0.10809449574594254,46.23629908850514,67.38077566805279,87.09418643985889,63.47323571578153,-12.90581356014111,3.4668448616476653,2.675096418045779,2.6977473855365286,3.0890237197894037,-0.3912763342528751,-3.880016212977809,-3.2802253047512906,-0.5997909082265185,65.91772772356204,1.75337931060211,1.7381849680919714,237.09796988004967,10.809315365195431,16491828.872352287
2019-11-26,66.73500061035156,66.79000091552734,65.625,66.07250213623047,64.28791046142578,105207600,-0.5199966430664062,0,7915998557.067971,5864836000,0.37037499507792065,6345349.378221988,0.09689353027629691,0.10277304761246565,46232897.69888713,65.77965727316482,56.23952863528611,3580.5995446811385,65.09175071716308,68.00495972768694,62.17854170663923,8.951085132683989,0.6683283649618785,0.0,0.0,66.04066721598306,66.90316645304361,65.17816797892253,2.612024600659392,0.5184550425551064,0.0,0.0,59.314998626708984,67.0,63.15749931335449,11.80641369854056,0.87931064436852,0.9382182078891386,0.9064129221388256,1.6355287296186418,1.8800803404884603,-0.24455161086981847,66.00125122070312,64.16326977656438,65.63836664404376,64.00283791442511,1.1016880157852185,0.781390931037667,0.3202970847475515,0.45342180863499093,24.95317503554597,0.45825233459473225,110.33279515781737,122.04484607041364,-11.712050912596268,66.04999923706055,63.15749931335449,64.60374927520752,60.39125061035156,3.1249999993695363,33.80701402545472,31.006765816883053,15.907998527922452,68.893250847167,57.671875953674316,55.017499923706055,80.0,28.000000000000004,52.0,,66.82823733447265,0.0,0.0,65.95048931599474,0.02249829479017288,0.12440276968707743,0.08043536925914367,44.07441957030195,61.04140861687207,66.72651582125174,68.19096299697424,-33.273484178748255,3.0933371936573764,1.5952924051660506,2.555400327412704,2.982299041314064,-0.4268987139013598,-2.4015525775272906,-3.1044907593064908,0.7029381817792002,65.92042457748937,-0.7808636897524979,-0.7839283948000819,234.46569423436355,9.698071027860045,32695581.462312564
2019-11-27,66.3949966430664,66.99500274658203,66.32749938964844,66.95999908447266,65.15144348144531,65235600,0.8874969482421875,1,7974392289.1547,5930071600,0.4128212357942815,13709784.598011425,0.46428645650585726,0.10644387388954038,47109153.237043925,65.9042717422828,55.27730737542781,3628.694759271769,65.39900074005126,67.66816911998446,63.12983236011807,6.93945887324092,0.8439582444003894,0.0,0.0,66.13075052897135,66.96725031534831,65.29425074259441,2.529836058674349,0.9956657305872967,0.0,0.0,59.314998626708984,67.0,63.15749931335449,11.750946170932263,0.9947949371009398,0.9366464481353809,0.9064129221388256,1.619807821817858,1.8280258367543398,-0.20821801493648184,66.11875089009602,64.4313465998723,65.84169471180205,64.22188688998419,1.098861239302391,0.7971927040848632,0.3016685352175279,0.4388974486382225,25.070259110306527,0.0909971237182674,107.27950792333152,120.0002982199572,-12.72079029662568,66.04999923706055,63.15749931335449,64.60374927520752,60.39125061035156,1.5624999996847682,33.856127358789635,30.39780732173165,14.805207766304266,104.08944444273239,57.92687511444092,55.16874885559082,76.0,24.0,52.0,65.20999908447266,,1.0,0.0,69.84350642294821,0.27897093626326425,0.2173930817748322,0.1528997298507544,43.38123878793354,62.62591237195192,98.56498879196853,84.12856368435973,-1.4350112080314645,2.9858305314007936,2.1510235958364805,2.5222052796310432,2.8902802889774604,-0.3680750093464171,-4.682169075843141,-3.420026422613821,-1.2621426532293198,65.94620368123145,1.3432167990434563,1.3342756194956173,238.95829362635683,10.757584431182543,-18807771.558247074
2019-11-29,66.6500015258789,67.0,66.4749984741211,66.8125,65.0079345703125,46617600,-0.14749908447265625,0,7987711700.21947,5883454000,0.36929487755070334,10768950.609679436,0.08586972525776036,0.12597363285873536,47006464.26729591,66.00136579641976,60.125546683575045,3620.7014922146996,65.63012580871582,67.43996200735812,63.82028961007352,5.515260488505564,0.8266522661473927,0.0,0.0,66.22683359781902,67.04633356730145,65.40733362833659,2.4748275735454057,0.8573315582616021,0.0,0.0,62.290000915527344,67.0,64.64500045776367,7.176580916819085,0.9601910750645097,0.8954819559097335,0.9083228033072769,1.5772652141320407,1.7778737122298802,-0.20060849809783954,66.22895940144856,64.66278897798978,65.99104937152481,64.41378415739277,1.1407592586664959,0.7923222688134183,0.3484369898530776,0.4246537424430717,25.10015653842591,0.4873744964599638,103.50454484938916,117.47639016079516,-13.971845311406,66.04999923706055,63.15749931335449,64.60374927520752,60.39125061035156,0.7812499998423841,33.90591494576453,29.197724784598805,14.201815112490129,107.1160973881614,58.3700008392334,55.298749923706055,72.0,20.0,52.0,65.24569915771484,,0.0,0.0,68.44291622575535,0.18669981141930572,0.1627230141575806,0.1681729552064969,42.39940218930122,63.56554923744095,92.28395158631733,85.85848539984589,-7.716048413682674,2.9684700348798003,2.0193956014191676,2.448645479790552,2.8019533271400787,-0.3533078473495266,-8.266367525078966,-4.38929464310685,-3.877072881972116,65.98062530131965,-0.2202794003724251,-0.22052237232061955,238.21163832964407,10.133185031715286,-17868785.867608525
2019-12-02,66.81749725341797,67.0625,65.86250305175781,66.04000091552734,64.25629425048828,94487200,-0.7724990844726562,0,7921176698.228193,5788966800,0.25883536277023017,-1196795.9766154494,-0.34924986050126916,0.0614773093433702,45913984.93342298,66.07617487759704,52.875782447532316,3620.7014922146996,65.73437576293945,67.37888976610975,64.08986175976915,5.003512953712311,0.5929226361097285,0.0,0.0,66.23775024414063,67.10800018310547,65.36750030517578,2.627655485753243,0.386383600986801,0.0,0.0,63.842498779296875,67.0625,65.45249938964844,4.898504296010273,0.6824538208561978,0.9259334551429788,0.9797393308444727,1.464335720299104,1.715166113843725,-0.250830393544621,66.22250111897786,64.8606736109807,65.99858037829443,64.53424465799533,1.0586167968152471,0.8318144064807546,0.22680239033449257,0.4079320426621154,25.156525288396935,-0.07437210083007528,97.15739609531204,114.2756663130902,-17.11827021777816,66.08124923706055,63.18874931335449,64.63499927520752,60.42250061035156,0.39062499992119204,32.937867911880204,26.535654178789336,17.560625318390084,63.874433123354166,58.620625495910645,55.55875015258789,100.0,16.0,84.0,65.31587119140625,,0.0,0.0,61.488333139142995,0.0,0.1552235825608563,0.17844655949775654,39.36771981657881,58.03451755154317,47.898176333150616,79.58237223714552,-52.101823666849384,2.943926463407635,-0.11721463952921209,2.2690832255951467,2.6953793068310925,-0.42629608123594576,-6.570533691086684,-4.825542452702817,-1.744991238383867,65.98136183744633,-1.156219396778535,-1.162955587011183,234.30116976511428,9.338462497340316,44184862.02628481
2019-12-03,64.57749938964844,64.88249969482422,64.07250213623047,64.86250305175781,63.110599517822266,114430400,-1.1774978637695312,0,8029957145.730266,5674536400,0.2770795994085681,-20274618.201426525,-1.4050861031612834,-0.05302442779350695,43873682.848590456,65.98436083109614,44.91807979489988,3620.7014922146996,65.75875091552734,67.33498111010417,64.18252072095052,4.793978512765924,0.21569892936540572,0.0,0.0,66.04200032552083,66.91325047810872,65.17075017293294,2.638472936293574,-0.17689932119927676,0.0,1.0,63.842498779296875,67.0625,65.45249938964844,4.896688540874945,0.31677139309848074,1.0300899875583682,1.2884758986486464,1.2652391565646326,1.6251807223879067,-0.3599415658232741,66.1560427347819,64.9844237107497,65.82379925113496,64.55856009457032,0.9307298922888534,0.9316508175319879,-0.0009209252431344739,0.3858130540155088,25.21986780463833,0.6812515258789062,89.29756406258376,110.1080214738178,-20.81045741123404,65.56750106811523,63.18874931335449,64.37812519073486,60.42250061035156,0.19531249996059602,31.274767998868207,22.85612555408783,27.74101042799671,-107.95801058059048,58.8618745803833,55.79999923706055,96.0,12.0,84.0,,67.0625,0.0,1.0,52.698377620876585,0.0,0.06223327047310154,0.1267266223971796,33.69357278966227,56.05876611837133,26.42145417894643,55.53452736613815,-73.57854582105357,2.4562724169562813,-1.2145911755587955,1.9598317476585807,2.5482697949965902,-0.5884380473380095,-3.3628811592223506,-4.5330101940067244,1.1701290347843738,65.90745473453953,-1.7830070373192175,-1.7990941171646568,228.34055638236183,8.557529541931451,41824502.50783911
2019-12-04,65.26750183105469,65.82749938964844,65.16999816894531,65.43499755859375,63.66762924194336,67181600,0.5724945068359375,1,8016929309.81474,5741718000,0.27775795389282154,-11883801.749729993,0.9994875338916095,0.001117520645814377,44466646.35062735,65.9669558500758,43.301091336343966,3652.6588114308815,65.81637573242188,67.2503630974773,64.38238836736645,4.357539743255816,0.3670217802744088,0.0,0.0,65.92574996948242,66.79750061035156,65.05399932861329,2.644643834230717,0.21852477768218603,0.0,0.0,63.842498779296875,67.0625,65.45249938964844,4.892401298111766,0.49456465080132306,1.0235806225915938,1.4250138725063708,1.1405022179269224,1.5282450214957097,-0.3877428035687873,66.07229232788086,65.10644281827487,65.76398360612862,64.6234813882017,0.9862213851951237,0.9186111380547118,0.06761024714041186,0.36211615568878386,25.028687201197616,0.9586257934570312,82.09225062253634,105.18298518887126,-23.090734566334916,65.56750106811523,63.18874931335449,64.37812519073486,60.42250061035156,0.09765624998029801,29.323693084166994,27.979272884483947,25.847869207977787,-29.344381075329117,59.17687511444092,56.114999771118164,92.0,8.0,84.0,,67.0625,0.0,0.0,55.992336320223814,0.12403509108907891,0.041345030363025934,0.0862672944656614,30.076842995067455,56.396443951682066,45.56844133144512,39.962690614514074,-54.43155866855488,2.110294184965241,-1.5126502797750776,1.76484180893285,2.3915841977838426,-0.6267423888509926,-5.10609654407568,-4.647627464020516,-0.4584690800551634,65.89342226364033,0.8826278356527606,0.8787554453534518,231.23858152872972,9.853045530002902,-20277917.25265953
2019-12-05,65.94750213623047,66.47250366210938,65.68250274658203,66.3949966430664,64.60169982910156,74424400,0.9599990844726562,1,8076750148.541116,5816142400,0.2790551858324127,20649.337720969692,0.6143368648643128,0.03713613205247734,45558529.26540012,65.99249714855314,49.99394260440361,3652.6588114308815,65.92062568664551,67.19576212736314,64.64548924592788,3.8687024810080155,0.6860079209068515,0.0,0.0,65.96350021362305,66.77225112915039,65.15474929809571,2.4521164368421866,0.7667671968952282,0.0,0.0,64.07250213623047,67.0625,65.56750106811523,4.535754678638098,0.7767545706229826,1.0249731706839968,1.430846379662877,1.106357794474377,1.4438675760914434,-0.33750978161706646,66.04062525431316,65.32076967679538,65.86106253488828,64.7547047404139,0.9870972964045035,0.8584224705680318,0.12867482583647172,0.34067114916520674,24.862398038504185,0.6518764495849609,75.81498742477409,99.86603599397523,-24.051048569201143,65.56750106811523,63.18874931335449,64.37812519073486,60.42250061035156,0.048828124990149005,28.085671781115906,30.482930609582958,23.95505661745032,42.725184561184136,59.25937557220459,56.34375,88.0,4.0,84.0,,67.00270004272461,0.0,0.0,60.908321948482744,0.30914813616597553,0.14439440908501777,0.08265756997371523,28.613504484184304,56.838833321880706,77.67545706229826,49.88845085756329,-22.32454293770174,1.7768165700575906,-0.5690825520464087,1.7085365440387696,2.254974667034828,-0.5464381229960584,-5.794909427124202,-4.877083856641254,-0.9178255704829485,65.9005908579777,1.4671034160473884,1.4564455685214028,236.09819407360462,10.669612134054887,9155111.933670029
2019-12-06,66.87000274658203,67.75,66.82499694824219,67.67749786376953,65.84957122802734,106075600,1.282501220703125,1,8166197246.424687,5922218000,0.31882221783400233,19452283.216163173,1.0551430462375455,0.10133530846896475,47607510.2634438,66.09889303365925,50.315902999538416,3652.6588114308815,66.06162567138672,67.45364611133373,64.66960523143972,4.214308763370108,1.08040533960993,1.0,0.0,66.14524993896484,66.97575073242187,65.31474914550782,2.511142657177551,1.4224843232398248,1.0,0.0,64.07250213623047,67.75,65.91125106811523,5.5667686442696285,0.9802849277100185,1.0579761893089565,1.430846379662877,1.1693061892103884,1.3889552987152325,-0.21964910950484406,66.13270823160808,65.58471195514386,66.14051412394693,64.97120793473654,1.0273759619497196,0.8168031585263713,0.21057280342334828,0.324932113138281,24.427923944855046,-0.2641250610351591,72.55120523133952,94.74164630147538,-22.19044107013586,65.91125106811523,63.53249931335449,64.72187519073486,60.76625061035156,0.8222510280405958,27.887666477447794,36.44015457855774,21.718186250980903,172.6482961283569,59.30749988555908,56.34375,100.0,0.0,100.0,64.07250213623047,,1.0,0.0,66.3210100434527,0.5129646749190016,0.3153826340580183,0.16704069116868747,29.253438965987222,62.52701665298103,98.02849277100185,73.75746372158176,-1.9715072289981475,1.6425885032205088,1.659838059380519,1.7997297978282232,2.163925693193507,-0.36419589536528374,-3.334394441699093,-4.568545973652822,1.2341515319537288,66.00171584143078,1.931623293239615,1.91320426343351,242.590345078488,11.433733041578407,40960217.39141257
2019-12-09,67.5,67.69999694824219,66.22750091552734,66.7300033569336,64.92766571044922,128042400,-0.9474945068359375,0,8125546074.888494,5794175600,0.25367612789319516,-657967.3350158278,-0.37231410574640894,0.051097739940608275,45814898.62040849,66.14710078491073,41.66989608517621,3652.6588114308815,66.14637565612793,67.48336700303209,64.80938430922377,4.042523369246142,0.7182615849223974,0.0,0.0,66.2855000813802,67.20475056966146,65.36624959309896,2.773609574198476,0.7417748378815051,0.0,0.0,64.07250213623047,67.75,65.91125106811523,5.559636226915239,0.7226384131680003,1.0994281736495453,1.4789605067408838,1.1297156980541274,1.3371073785830117,-0.20739168052888424,66.21041679382324,65.75932752169095,66.23120477517564,65.10148907712151,0.9667601059000297,0.8553551628273219,0.11140494307270776,0.3100876741342302,24.180963438804152,-0.6438732147216797,68.88620754412347,89.65738432346748,-20.771176779344017,65.91125106811523,65.02000045776367,65.46562576293945,60.76625061035156,0.7522950163930089,27.069686542966544,32.85026613961543,23.576064172715274,100.968480409865,59.49312496185303,56.34375,96.0,0.0,96.0,64.14605209350586,,0.0,0.0,59.73993243385334,0.2895241520053508,0.3705456543634422,0.2767742325021596,27.45979355258373,56.73367613721408,72.26384131680003,82.65593038336674,-27.73615868319997,1.5318086511948508,1.417231259442894,1.7353146818436465,2.078203490923535,-0.3428888090798885,0.49258163078675044,-3.5563204527649077,4.048902083551658,66.0195457490891,-1.4000140914535386,-1.4099067294861989,237.79403197142992,9.675237650760302,46008989.69291374
2019-12-10,67.1500015258789,67.51750183105469,66.46499633789062,67.12000274658203,65.30712890625,90420400,0.3899993896484375,1,8147668444.2347975,5884596000,0.2253370464209854,4473728.114524659,0.03201054370651401,0.04015173709703535,46343355.07234576,66.18071992160377,42.35429797753791,3674.0065506094984,66.22487564086914,67.59650050098351,64.85325078075478,4.142325211911458,0.826301721316954,0.0,0.0,66.36116689046224,67.28766759236655,65.43466618855794,2.792297801012489,0.9095171512337221,0.0,0.0,64.07250213623047,67.75,65.91125106811523,5.553046084544172,0.8286886147169084,1.094735905600997,1.493058759304372,1.1169343164301182,1.293072766152433,-0.17613844972231485,66.34520848592122,65.88105832613431,66.36794292462278,65.25100860819266,0.9642454869548113,0.8799090100413849,0.08433647691342638,0.29705843837383594,24.127818614758695,-0.7798759460449247,64.23100267542435,84.53496293653491,-20.30396026111056,65.91125106811523,65.79624938964844,65.85375022888184,60.76625061035156,0.37614750819650444,26.310133746662526,30.534739002004258,21.914250653215316,110.6418121619739,60.265624046325684,57.116249084472656,92.0,8.0,84.0,64.21813105163574,,0.0,0.0,61.43621217517061,0.47920396292090717,0.42723092994841944,0.37105307278996014,26.620064754547297,57.37118985503708,82.86886147169083,84.38706518649758,-17.13113852830917,1.835624459210564,2.4693717718993695,1.7117502706155567,2.0049128468619393,-0.29316257624638253,0.18488554084351594,-2.808079254043223,2.9929647948867393,66.03190972087252,0.5844438334018376,0.5827425857694024,239.76824836088636,10.39027816772574,-7179645.649068624
2019-12-11,67.20249938964844,67.7750015258789,67.125,67.69249725341797,65.86416625976562,78756800,0.5724945068359375,1,8206432145.059944,5963352800,0.25356841809761255,10275743.437589217,0.37862037437139057,0.14966392149469226,47015104.67799179,66.29843430755116,49.67572671252713,3705.3436853269177,66.33500061035156,67.80320301170461,64.8667982089985,4.426629646021111,0.9622988771219082,0.0,0.0,66.49800008138021,67.37300084431966,65.62299931844076,2.631660386383425,1.1825692174398796,1.0,0.0,64.07250213623047,67.7750015258789,65.92375183105469,5.581517080849569,0.9777166006585699,1.0507621929705848,1.4408881087901175,1.1398608947180975,1.262430391865566,-0.12256949714746845,66.53249994913737,66.0086543743427,66.5717205136682,65.4318596189501,1.0945863605616057,0.8265642185490992,0.2680221420125065,0.28695326157877393,24.14277092355109,0.2574981689453182,60.620252146245065,79.35060118352531,-18.73034903728025,65.92375183105469,65.80875015258789,65.86625099182129,60.778751373291016,0.18807375409825222,25.808957045609315,30.93071982513228,20.925715534106132,152.88588690631573,60.50562572479248,57.35625076293945,100.0,4.0,96.0,64.28876843060303,,0.0,0.0,63.84440141666804,0.6112748805857361,0.46000099850399767,0.41925919427195324,26.731711933622567,62.3112000426148,97.77166006585699,84.30145428478265,-2.228339934143014,2.0231542699477245,3.434177659216179,1.7420579230916062,1.9523418621078727,-0.21028393901626652,-1.0724423224930888,-2.460951867733196,1.3885095452401073,66.0925137482458,0.852941721408218,0.8493247261957215,242.66627350725423,10.765616242666368,-2297776.4725857377
2019-12-12,66.94499969482422,68.13999938964844,66.83000183105469,67.86499786376953,66.0320053100586,137310400,0.1725006103515625,1,8286092713.163192,6100663200,0.24558291732081153,12191512.6333075,0.03339129058033263,0.15876163027079712,47365012.404381976,66.50924891000197,59.99156678463432,3705.3436853269177,66.42237548828125,68.02979511510836,64.81495586145414,4.839994399509854,0.9487385718736933,0.0,0.0,66.58308334350586,67.52233352661133,65.64383316040039,2.821287738387924,1.1824137718159584,1.0,0.0,64.07250213623047,68.13999938964844,66.10625076293945,6.123685314650616,0.9323904827107581,1.0766857295329013,1.347874263675533,1.15859417830832,1.2416631491541168,-0.08306897084579679,66.63854153951009,66.14644270676833,66.77068625983763,65.61209208152931,1.0590158566353767,0.7759709460398103,0.28304491059556636,0.27917212882873504,24.309545885360325,-0.3498733520507784,57.03790475735564,74.18764117329935,-17.149736415943714,66.10625076293945,65.99124908447266,66.04874992370605,60.96125030517578,0.09403687704912611,25.6295861149252,30.6590136307306,19.072648375312212,139.54649370440737,60.54812526702881,57.39875030517578,100.0,0.0,100.0,64.42821775441406,,0.0,0.0,64.56249016102731,0.6506566026688985,0.5803784820585135,0.48920347017031035,27.045339380024924,67.7480947050678,93.2390482710758,91.2931899362079,-6.760951728924193,2.108808147206034,1.9108745095900608,1.765824166784159,1.91503832304313,-0.14921415625897105,2.929398495697808,-1.3828817950469954,4.312280290744804,66.12846653771369,0.2548297335017491,0.2545055930903928,243.53948905883317,10.577385267690339,64882737.55183713
2019-12-13,67.86499786376953,68.82499694824219,67.73249816894531,68.7874984741211,66.92959594726562,133587600,0.9225006103515625,1,8410509902.620997,6234250800,0.33488314422595494,28054816.905035056,0.6491377732852522,0.2144836888200469,49180891.670786396,66.7551804588635,67.02467812601357,3755.7110605405433,66.57875022888183,68.44650417576,64.71099628200366,5.610660880407865,1.0912845878149653,1.0,0.0,66.75166651407878,67.74766642252604,65.75566660563152,2.984194883695348,1.5220040899482257,1.0,0.0,64.07250213623047,68.82499694824219,66.44874954223633,7.138155636255979,0.9921097285521874,1.0782670345092986,1.2383046679009668,1.2336576921656501,1.2400620577564236,-0.006404365590773509,66.8647912343343,66.31865428044246,67.08096506203509,65.84730736986944,1.119295665534305,0.7269431179124327,0.3923525476218722,0.2755078097359605,24.52702995116598,0.381248855590826,55.886766561696454,69.60201566956431,-13.715249107867855,66.44874954223633,66.44874954223633,66.44874954223633,61.303749084472656,50.04701843852456,25.962326614582928,33.01958468213041,17.6675032548774,193.13189470085067,60.54812526702881,57.688751220703125,100.0,68.0,32.0,64.65092465252813,,0.0,0.0,68.19989640312724,0.8501407511883896,0.7040240781476744,0.5814678529033953,28.488929741718106,71.57654435574706,99.21097285521874,96.74056039738387,-0.7890271447812637,2.09889627344468,4.109116879352859,1.8735127394596394,1.906733206326432,-0.033220466866792586,5.525131329185124,-0.0012791702005716665,5.526410499385696,66.25433942508427,1.3593172318421942,1.3501613931092393,248.2092805317925,11.308158081334781,30897099.54887739
2019-12-16,69.25,70.19750213623047,69.24500274658203,69.96499633789062,68.07526397705078,128186000,1.1774978637695312,1,8476115309.7305565,6362436800,0.312616702832853,45609663.22791021,1.071868238687374,0.23959966487537754,51375167.44056084,67.06961125987311,68.2373623632981,3820.000965666048,66.75499992370605,69.13275755198234,64.37724229542977,7.123833813178974,1.1750049660258277,1.0,0.0,67.09974975585938,68.07099990844726,66.12849960327148,2.89494418718925,1.9750301837260034,1.0,0.0,64.07250213623047,70.19750213623047,67.13500213623047,9.175342681447429,0.9620398696588011,1.1114406972693063,1.2361483949230845,1.3723408138968551,1.26651780898451,0.1058230049123452,67.11520767211914,66.51509651770958,67.52466218139749,66.15232136750063,1.1683205688035903,0.7317107433951127,0.4366098254084776,0.27773532286614333,24.6943094656422,0.057500076293948155,57.846413856362645,66.10744342442861,-8.261029568065965,67.68375015258789,67.13500213623047,67.40937614440918,61.9900016784668,75.02350921926228,27.089583383220454,38.99417274988548,16.026419839171005,253.68089141032414,60.81812572479248,57.9587516784668,100.0,64.0,36.0,64.98485043618525,,0.0,0.0,72.13190169676238,1.0,0.833599117952429,0.7060005593862058,31.079883487115932,71.0791034618812,96.2039869658801,96.21800269739157,-3.796013034119898,2.4231910256778377,4.487749842450038,2.0745164878991833,1.9402898626409821,0.13422662525820117,6.964701999906929,1.3919170638209286,5.572784936086,66.71835264943691,1.7117904995666011,1.6973044462281983,254.169893914545,11.899030924059154,21480316.392288417
2019-12-17,69.89250183105469,70.44249725341797,69.69999694824219,70.10250091552734,68.20906829833984,114158400,0.13750457763671875,1,8485725771.7192335,6476595200,0.27762210817037747,41336468.849020705,0.22764084064955886,0.24893875847346766,51599526.811636545,67.38818515518362,76.08368950565725,3827.5085429811247,66.92137489318847,69.71137155665889,64.13137822971805,8.338133123903873,1.0700949510064892,1.0,0.0,67.64733276367187,68.61183319091796,66.68283233642578,2.8515549330395835,1.7727667518331927,1.0,0.0,64.07250213623047,70.44249725341797,67.25749969482422,9.518625592128807,0.9466253377536745,1.0745466580599536,1.203746913902075,1.4763254959319596,1.3084793463739999,0.16784614955795973,67.38937441507976,66.71000025822566,67.92125275587901,66.44492725994705,1.2021328784436087,0.720356477078551,0.4817764013650577,0.28360633620997183,24.763289638598305,-0.8813739776611271,60.39671191071665,63.696828012004204,-3.300116101287557,68.0625,67.25749969482422,67.65999984741211,63.20749855041504,87.51175460963114,28.26374782515894,38.69401927198778,15.224449767283968,214.6160227728706,61.376874923706055,57.970001220703125,100.0,60.0,40.0,65.50611560618978,,0.0,0.0,72.55861220899025,1.0,0.9500469170627962,0.8292233710543,33.25523280952347,68.29201745431381,94.66253377536745,96.69249786548879,-5.337466224632543,2.7882716234992557,4.924229620995089,2.2218784139175174,1.9966075728962893,0.22527084102122807,6.923167512401099,2.4981671535369627,4.425000358864136,67.58735550022155,0.1965333878853448,0.19634051368937477,254.8659560059252,11.215771060559021,8261584.360274017
2019-12-18,69.94999694824219,70.4749984741211,69.77999877929688,69.93499755859375,68.04608917236328,116028400,-0.16750335693359375,0,8421450661.678068,6360566800,0.25147136567463735,32654809.51349864,0.033694158774262586,0.21818216577835375,51322287.82235921,67.63391281759405,68.61011631110483,3827.5085429811247,67.08949966430664,70.16570828878278,64.0132910398305,9.170462262704161,0.9625007991406435,0.0,0.0,68.10591608683268,69.0741663614909,67.13766581217449,2.8433661282045386,1.444529281133812,1.0,0.0,64.07250213623047,70.4749984741211,67.27375030517578,9.543216702951385,0.9156577548773338,1.0365919617363801,1.2054396199429567,1.527608662831625,1.352305209665525,0.17530345316609997,67.71395746866862,66.87865389310397,68.23105964860436,66.70345098577273,1.1813631871936598,0.7438628483559595,0.43750033883770034,0.2905317745952049,24.853900423003573,-2.226996612548831,62.48060521158667,62.215229988316715,0.265375223269956,68.35124969482422,67.27375030517578,67.8125,63.27874946594238,93.75587730481557,29.371613790967636,37.06049504450377,14.493371728954212,171.2559597657142,61.658124923706055,58.33625030517578,100.0,56.00000000000001,43.99999999999999,66.09848140385716,,0.0,0.0,71.12982101067595,0.9280576877390244,0.9760192292463411,0.9198884214205223,34.58687229035391,68.64838988831714,91.56577548773338,94.14409874299366,-8.434224512266619,3.049837449017687,5.8979354770884225,2.290149370468779,2.0553159324107875,0.23483343805799173,6.9396399937007605,3.386461721569723,3.5531782721310377,68.09966410996998,-0.23894062942980687,-0.23922654809318544,254.01803705701255,10.733029756234899,16829246.401784956
2019-12-19,69.875,70.29499816894531,69.73750305175781,70.00499725341797,68.11417388916016,98369200,0.06999969482421875,1,8417479384.855208,6458936000,0.25140863425283067,28973524.4372992,-0.06304841954194791,0.20754515543551744,51420748.0242679,67.81927259007423,62.9346946646887,3831.3395923741173,67.29987449645996,70.5636456509109,64.03610334200903,9.699189423072738,0.9144167328136533,0.0,0.0,68.48883260091146,69.43383229573568,67.54383290608725,2.7595730834858543,1.3022037789062613,1.0,0.0,64.07250213623047,70.4749984741211,67.27375030517578,9.51338525635349,0.9265909426731554,0.9886822772814922,1.2045748431937318,1.5559631577067279,1.3930367992737656,0.16292635843296233,68.1424986521403,67.05230771578275,68.503973126268,66.94800996856127,1.1687354359071715,0.7563250828474947,0.4124103530596769,0.2974474982049785,24.85391641723268,-1.8648769378662138,63.25807674302608,61.18266015628189,2.07541658674419,68.35124969482422,67.27375030517578,67.8125,63.27874946594238,96.87793865240778,30.337742404611074,35.58437195055235,14.219708976248176,141.16241590452307,61.6981258392334,58.376251220703125,96.0,52.0,44.0,66.71119379369411,,0.0,0.0,71.38342423950711,0.9408270851852628,0.9562949243080953,0.9607870235390776,35.74198855291257,68.0602754311105,92.65909426731555,92.96246784347214,-7.340905732684452,3.2851315217859565,7.928300573841009,2.324136532866932,2.1090800525020166,0.21505648036491554,5.572136935542232,3.8235967643642246,1.748540171178007,68.46308449949635,0.10009251057108148,0.10004245141859158,254.37238259817735,10.751785529704051,-942232.9949300736
2019-12-20,70.55750274658203,70.6624984741211,69.63999938964844,69.86000061035156,67.97309112548828,275978000,-0.14499664306640625,0,8260260409.306601,6182958000,0.18271460788858154,19117894.723373506,0.050016907207475036,0.23606421027185634,50849133.3520278,68.27526110743747,72.71977905807096,3831.3395923741173,67.51774940490722,70.85347483255423,64.18202397726022,9.881032638225243,0.8510857317618835,0.0,0.0,68.75249938964843,69.70724868774414,67.79775009155273,2.777351533606808,1.079995828701887,1.0,0.0,64.07250213623047,70.6624984741211,67.36750030517578,9.760391002327546,0.8782248391921867,0.9920639580006085,1.1509600439301015,1.5488797601396698,1.4242053914469464,0.12467436869272341,68.51124890645345,67.19625003521259,68.71259273920393,67.16371297906426,1.2042712671561884,0.7336154575970316,0.47065580955915676,0.3029886709413469,24.9173273616231,-1.1227527618408146,62.67090196280882,60.49207064724692,2.178831315561901,68.56374740600586,67.36750030517578,67.96562385559082,63.5362491607666,98.43896932620389,31.453987603968482,35.61041006278152,13.182611992045365,123.93759866493566,62.77250003814697,58.625,100.0,48.0,52.0,67.23812644895389,,0.0,0.0,70.01152776105187,0.8717495286051246,0.9135447671764703,0.9486196402436358,36.33004577787242,62.787785449498124,87.82248391921867,90.6824512247559,-12.177516080781325,3.4533082849839047,6.762440921305826,2.306125869816748,2.148489215964963,0.15763665385178527,16.245646087965206,6.308006629084421,9.937639458880785,68.62837455515685,-0.20712327513066064,-0.20733807203363597,253.6383949131815,10.507386036787572,186579981.36580408
2019-12-23,70.13249969482422,71.0625,70.09249877929688,71.0,69.08232116699219,98572000,1.1399993896484375,1,8346129847.972638,6281530000,0.2256596172177735,32439912.59666669,0.4194532568640461,0.3663884502736656,52457664.97033093,68.6764000225482,79.15363768748539,3893.8607025756996,67.79549942016601,71.31465264417044,64.27634619616158,10.381672099483472,0.9552942676630041,0.0,0.0,69.13574930826823,70.04024912516277,68.23124949137369,2.616590768001902,1.53054232677038,1.0,0.0,64.07250213623047,71.0625,67.56750106811523,10.310415770298658,0.9910586524891589,1.0131075011653914,0.78982876791873,1.6166191605347109,1.4626881452644993,0.15393101527021158,68.89499918619792,67.40163450974684,69.06450154855717,67.44788238802246,1.2978720953187353,0.6060394225537893,0.691832672764946,0.3101415789020677,25.011891974923856,-0.11800155639647869,65.60949977214203,60.64523699132667,4.9642627808153605,68.94625091552734,67.56750106811523,68.25687599182129,63.94375038146973,99.21948466310195,32.71915449098561,35.41201251723399,12.067889866043565,131.86103916527512,63.276875495910645,59.025001525878906,100.0,44.0,56.0,67.78602597298064,,0.0,0.0,74.20846528398259,1.0,0.9375255379301288,0.9357884098048984,38.13187878602925,66.10605079571756,98.93932998593887,93.14030272415772,-1.0606700140611283,3.4356239094453684,6.935768641859689,2.396841981241791,2.1981597690203287,0.19868221222146243,12.741231673476285,7.594651637962794,5.146580035513491,69.45333089398336,1.631834210833838,1.6186628925847657,259.4091872240184,11.663337566917193,-86068060.27601081
2019-12-24,71.17250061035156,71.22250366210938,70.7300033569336,71.06749725341797,69.14799499511719,48478800,0.06749725341796875,1,8364092830.594669,6330008800,0.1997181485886463,28273094.489857025,0.40509774525684555,0.32393203679975385,52503752.09496473,68.87774997734277,78.97584748026922,3897.562461767475,68.01924934387208,71.76570569038965,64.2727929973545,11.01587089730239,0.9068174866603363,0.0,0.0,69.53299942016602,70.38149871826172,68.68450012207032,2.4405657893987542,1.4042422525839673,1.0,0.0,64.07250213623047,71.22250366210938,67.64750289916992,10.51173247992196,0.978320786627755,0.9610467815664304,0.5033240379664504,1.656652726238974,1.5014810614593943,0.15517166477957978,69.17749913533528,67.5796150794396,69.37265473392037,67.7160020076814,1.2970384048386503,0.6295435407092156,0.6674948641294347,0.31758886837671213,25.017361253082935,-1.2892459869384822,69.37042210325957,61.61747809766161,7.752944005597961,69.02625274658203,67.64750289916992,68.33687782287598,64.6500015258789,99.60974233155098,33.98430983672663,35.30687862263504,11.633979747184252,122.79478693776569,63.70249938964844,59.60625076293945,100.0,40.0,60.0,68.37579129784412,,0.0,0.0,74.43658519613666,1.0,0.9572498428683746,0.9361067159916581,39.664580949237376,63.14630453456705,97.20205084701414,94.65462158405724,-2.797949152985861,3.4206692415125275,5.00904953145917,2.446471553431419,2.247822125902547,0.19864942752887238,6.47785620425909,7.371292551222054,-0.8934363469629645,70.00453206170796,0.0950665541098239,0.09502139448009927,259.7508651534664,11.077103839234248,-59644581.5175865
2019-12-26,71.20500183105469,72.49500274658203,71.17500305175781,72.47750091552734,70.5199203491211,93121200,1.410003662109375,1,8454744648.947991,6423130000,0.2553950210432889,42991399.99416596,1.21728342446878,0.36699964820007297,54351308.82757085,69.17880095065186,79.30495595847702,3897.562461767475,68.33949928283691,72.4435133593083,64.23548520636552,12.010664753296158,1.0041407699371572,1.0,0.0,69.98483301798503,70.90033213297527,69.06933390299479,2.6162786292709193,1.8613710033837074,1.0,0.0,64.07250213623047,72.49500274658203,68.28375244140625,12.324498567795079,0.9979220148665615,1.0076926527261936,0.44997682323720944,1.7816177467597214,1.5575083985194598,0.22410934824026163,69.6564572652181,67.79894197904147,69.85032337724452,68.0687056304848,1.2940461507836618,0.6058667464318929,0.6881794043517689,0.32841226250052613,25.143105871082867,-1.21949653625488,73.97221020401153,63.49906759173449,10.473142612277044,70.11375045776367,68.28375244140625,69.19875144958496,65.39750099182129,99.8048711657755,35.78114433595158,40.73925056488347,10.460010967644804,140.52887140233722,63.96437358856201,59.8125,100.0,36.0,64.0,68.94513377069717,,0.0,0.0,78.67899408354154,1.0,1.0,0.9649251269328346,42.460759597583746,65.97968581464025,99.72075267743891,98.62071117013066,-0.2792473225610899,3.5348905451157435,8.613063493869216,2.617381556263673,2.321734011974772,0.29564754428890083,4.369230564827577,6.77088015394316,-2.401649589115583,70.88622217587736,1.984034497629028,1.964609051188848,266.88844642363006,12.286948946551988,24294753.73438993
2019-12-27,72.77999877929688,73.49250030517578,72.02999877929688,72.44999694824219,70.4931640625,146266000,-0.02750396728515625,0,8392487384.791241,6276864000,0.19086808775804867,36275072.0980093,0.9261462874658729,0.3577855940020963,54295803.39170297,69.59109070360407,79.91759225034637,3897.562461767475,68.61399917602539,73.03442504085295,64.19357331119782,12.884909545899543,0.93389459404116,0.0,0.0,70.4894162495931,71.42016576131184,69.55866673787435,2.6408205975861434,1.5532268209459712,1.0,0.0,64.07250213623047,73.49250030517578,68.78250122070312,13.728974089935836,0.8893308323168905,1.0531735400414648,0.45009110605560393,1.857027429301553,1.6174122046758785,0.23961522462567442,70.10062344868977,68.02499947181114,70.25027315739801,68.39324572809646,1.3016441226223159,0.6091131398079244,0.6925309828143915,0.34020320870845894,25.218266550136224,-0.921501922607419,77.4726179683946,65.89749552581206,11.57512244258254,71.3687515258789,68.78250122070312,70.07562637329102,65.89624977111816,99.90243558288773,37.82659144054257,43.490793005565635,9.412113864815202,140.03861528688677,64.12812519073486,59.883750915527344,100.0,32.0,68.0,69.65510756587415,,0.0,0.0,78.40565556725662,0.9855674731229663,0.9951891577076551,0.9841463335253433,44.609883339215465,60.055707771658085,85.65033111470032,94.19104487971781,-14.349668885299684,3.8499564900117775,7.940992228179813,2.7152205009897226,2.4004313097777623,0.31478919121196025,6.376976583394933,6.692099439833514,-0.31512285643858107,71.42853550701751,-0.037948283174404907,-0.03795548535752147,266.749218557047,11.389235452097914,63905564.78635371
2019-12-30,72.36499786376953,73.17250061035156,71.30500030517578,72.87999725341797,70.91154479980469,144114400,0.43000030517578125,1,8491457004.1819515,6420978400,0.22016944134285235,39945666.93832578,-0.6770782098851689,0.3360167294207564,55151141.39847328,70.03654164394686,78.66002583749221,3920.6950099882697,68.9173740386963,73.6251004177729,64.20964765961969,13.661943580245154,0.9208637987472545,0.0,0.0,70.88983306884765,71.8980827331543,69.88158340454102,2.8445536423465265,1.4869401672148943,1.0,0.0,64.07250213623047,73.49250030517578,68.78250122070312,13.668539030021797,0.9349784319728387,1.1346062165548965,0.2501583207600073,1.9292484023121403,1.679779444203131,0.24946895810900926,70.53291511535645,68.29740318885216,70.65484609524724,68.7255976929351,1.2851896150694484,0.6374252457030594,0.647764369366389,0.35264507284128105,25.44804381240967,-1.0523761749267635,79.56398772981812,68.31055928952934,11.253428440288786,71.56624984741211,68.78250122070312,70.17437553405762,65.89624977111816,99.95121779144387,38.64766617752253,38.224794878722825,12.973136583300462,117.01638233966024,64.12812519073486,59.9637508392334,96.0,28.000000000000004,68.0,70.42258611373447,,0.0,0.0,79.59896309365193,1.0,0.9951891577076551,0.9967927718051035,46.78650989660348,67.00946391605957,91.2842019782675,92.21842859013559,-8.715798021732498,4.044589166080243,7.663330812836971,2.8071758807133147,2.481780223964873,0.32539565674844173,7.639122430916441,6.8815040380501,0.7576183928663411,71.9182724542577,0.5935132136485333,0.5917588620911296,268.92592363013586,11.605782504090627,32527168.490379065
2019-12-31,72.48249816894531,73.41999816894531,72.37999725341797,73.4124984741211,71.42967224121094,100805600,0.532501220703125,1,8590808737.699173,6521784000,0.2918667224355521,41907586.66909509,0.6822019301949782,0.3824589713127895,55887682.38470654,70.3734374004123,78.8908866827265,3949.3417574842083,69.28599891662597,74.18544010698052,64.38655772627142,14.14265873903385,0.9211194090480047,0.0,0.0,71.21666615804037,72.2336659749349,70.19966634114584,2.856072522793055,1.5795637715972461,1.0,0.0,64.07250213623047,73.49250030517578,68.78250122070312,13.59581779326108,0.9915072349675791,1.1251456864521412,0.11878561898583698,2.006324778803176,1.74508851112314,0.26123626768003594,70.99520683288574,68.60163380549504,71.07910030738168,69.0727755285785,1.3413450248607963,0.6084132948845492,0.7329317299762471,0.3657655227881684,25.653021773577592,-0.49850044250487713,82.44019941337473,70.75983567871357,11.680363734661157,71.56624984741211,68.78250122070312,70.17437553405762,65.93625068664551,99.97560889572193,39.52828883138166,37.248071752134315,12.094839940664718,122.8711190535238,64.23750019073486,60.39125061035156,92.0,24.0,68.0,71.03656895202273,,0.0,0.0,80.99925780429265,1.0,0.9951891577076551,0.9951891577076551,49.07554240712369,70.9792930365447,98.79922177295146,91.91125162197311,-1.200778227048543,4.279493309469785,8.17431781474078,2.904653480984081,2.566354875368715,0.3382986056153663,5.641547554102462,6.6335127412605726,-0.9919651871581108,72.39943329812829,0.7306548309154115,0.7279984798294947,271.6214987136388,11.7918897360655,-15482812.091524035
2020-01-02,74.05999755859375,75.1500015258789,73.79750061035156,75.0875015258789,73.05943298339844,135480400,1.6750030517578125,1,8713767852.274832,6657264400,0.2953369736685879,68339371.92399138,1.571078071859041,0.467634521133336,58978846.534818724,70.82931059806248,79.69871097681306,3949.3417574842083,69.79724884033203,74.87435839316994,64.72013928749412,14.548165256347827,1.0209905981435663,1.0,0.0,71.67633310953777,72.75433298746745,70.59833323160807,3.0079660361036114,2.08217476930161,1.0,0.0,65.16999816894531,75.1500015258789,70.15999984741211,14.298562655046501,0.9937374770564001,1.1863814229827083,0.11878561898583698,2.177466630281927,1.8315641349548974,0.34590249532702955,71.5202070871989,68.97249926053561,71.69577741791971,69.51831078763779,1.3418423699191029,0.5664700095058615,0.7753723604132414,0.38285886057345947,25.809341986733916,0.16774749755859375,88.13682518901649,73.61052678731689,14.526298401699606,72.39500045776367,69.61125183105469,71.00312614440918,66.86124992370605,99.98780444786097,41.036887003602125,44.01488274839091,10.781567916074234,161.51912300160473,64.41812419891357,60.39125061035156,100.0,20.0,80.0,71.30500030517578,,0.0,0.0,84.58373654331848,1.0,1.0,0.9967927718051035,52.46854974410988,77.74436444892048,99.24879804936916,96.4440739335294,-0.7512019506308464,4.713992870555202,9.158645381075996,3.132220282126215,2.679527956720215,0.45269232540600024,6.3316070800707545,6.573131609022609,-0.24152452895185483,73.34911554849243,2.2816319926071804,2.2559920433987912,280.1005337196955,13.050639439715653,40653273.73560274
2020-01-03,74.2874984741211,75.1449966430664,74.125,74.35749816894531,72.3491439819336,146322800,-0.7300033569335938,0,8634150728.82035,6510941600,0.2577664348821595,43317156.62114649,0.1124033009141475,0.47327823615717984,57556291.07585052,71.38292526911646,71.37138289672956,3949.3417574842083,70.24337387084961,75.27668876055392,65.2100589811453,14.331073843231486,0.908689341740885,0.0,0.0,72.12424977620444,73.23474934895833,71.01375020345053,3.0794069295685986,1.5055151967338007,1.0,0.0,65.68250274658203,75.1500015258789,70.41625213623047,13.478137876326873,0.9162922145111223,1.1697429449910781,0.28569715139184987,2.228503805898413,1.9109520691436006,0.3175517367548122,71.88624890645345,69.27115308321439,72.1052729180775,69.87676911217909,1.3876021646768322,0.581960091068918,0.8056420736079142,0.398841000038286,25.844795638527305,-0.14087295532226562,91.56332145836129,76.75555397790968,14.807767480451602,72.39500045776367,69.61125183105469,71.00312614440918,67.23250007629395,99.99390222393049,42.43772816352113,41.187541148732606,10.089002729591435,145.7213354070952,64.60374927520752,60.39125061035156,96.0,16.0,80.0,72.07400054931641,,0.0,0.0,77.70369512036322,0.5800714994723483,0.8600238331574491,0.9517376636217015,53.03082660763827,71.81137918972824,89.31576679108892,95.78792887113654,-10.684233208911088,5.01211702683392,6.278142015246359,3.1891912494133883,2.7814606152588497,0.4077306341545386,7.468877771137125,6.752280841445513,0.7165969296916117,73.59334439580269,-0.972203551987938,-0.97696030604979,276.4051828297475,11.256251986748168,36447758.15249787
2020-01-06,73.44750213623047,74.98999786376953,73.1875,74.94999694824219,72.9256362915039,118387200,0.592498779296875,1,8747283446.713154,6629328800,0.2749821027208453,47149601.60160771,-0.8316890321983449,0.3675048929083515,58499629.316265784,71.8059602109111,64.34441597103488,3980.811081062295,70.6711238861084,75.7770848316865,65.56516294053031,14.44992145252059,0.9190076175415532,0.0,0.0,72.56058298746744,73.79558283487955,71.32558314005534,3.4040516119486317,1.46737419271009,1.0,0.0,66.22750091552734,75.1500015258789,70.68875122070312,12.625383777298934,0.977584246124379,1.2330184368689234,0.2898589713762771,2.2903590021697937,1.9868334557488394,0.3035255464209543,72.29020690917969,69.61259519136868,72.54292276887207,70.25256376670228,1.2592530694649748,0.6509409198881331,0.6083121495768418,0.4142186155501514,26.006405331635982,-0.7361263275146541,95.46958946785382,80.39985258958136,15.069736878272465,72.62125015258789,69.61125183105469,71.11625099182129,67.23250007629395,99.99695111196525,42.47260612352503,36.700947750787535,14.65561818812616,123.25986307281394,64.60374927520752,60.39125061035156,92.0,12.0,80.0,72.6892007446289,,0.0,0.0,79.18367411297776,0.6294273221701138,0.7364996072141538,0.8655078134572012,53.97223511536051,75.01230809764199,96.61296157523451,95.05917547189755,-3.387038424765498,5.035962564804976,6.914868898266578,3.2601785320970147,2.877204198626483,0.38297433347053156,6.452885767823084,6.692401826721028,-0.23951605889794347,73.94021130048604,0.7968245219206693,0.7936666394231295,279.40447162831526,11.956639185332918,-164514.36070802808
2020-01-07,74.95999908447266,75.2249984741211,74.37000274658203,74.59750366210938,72.5826644897461,108872000,-0.3524932861328125,0,8696349700.385098,6520456800,0.2171636320128427,34931565.794542104,0.5565982594011781,0.330699894387909,57987599.28810776,72.1356263971574,64.11451547646301,3962.0891432828103,71.01712417602539,76.20199685064638,65.8322515014044,14.601753407444642,0.8452716885034893,0.0,0.0,73.02824986775717,74.2464993794759,71.81000035603842,3.336378768284346,1.1440609166090534,1.0,0.0,66.22750091552734,75.2249984741211,70.72624969482422,12.669476077758732,0.9302589627921175,1.1952161659359373,0.3382836521026462,2.2846009707003674,2.046386958739145,0.23821401196122238,72.67874908447266,69.90634536743164,72.85901213706244,70.57441116636207,1.2762948295925733,0.686185306428671,0.5901095231639023,0.42657659833477346,26.135033947829786,-1.0121269226074219,98.54771393058773,84.05965416274199,14.48805976784574,72.97750091552734,69.64875030517578,71.31312561035156,67.26999855041504,99.99847555598262,42.622888834799596,36.21519065805586,13.88309586322795,118.80336646203553,64.60374927520752,60.39125061035156,100.0,8.0,92.0,73.1813609008789,,0.0,0.0,75.95355287549727,0.4077642039878292,0.5390876752100967,0.7118703718605667,53.7212836701767,69.41765214484712,88.76463894584563,91.56445577072304,-11.235361054154367,5.291867020550896,6.666913943350367,3.237152011534286,2.949193761208044,0.2879582503262421,4.963350091803524,6.346591479737528,-1.383241387934004,74.08822105559953,-0.47030460371630944,-0.4714140155945401,277.62011493154176,11.206079743982947,4579927.6178985685
2020-01-08,74.29000091552734,76.11000061035156,74.29000091552734,75.79750061035156,73.75023651123047,132079200,1.1999969482421875,1,8783072024.647833,6652536000,0.26889434752788843,52583433.099074595,0.5546294608664062,0.35405622440339807,60112263.37397549,72.51314763310027,64.66424471515953,3962.0891432828103,71.47049903869629,76.66234152233334,66.27865655505924,14.528630843408624,0.9167115610009874,0.0,0.0,73.49633331298828,74.79958267211914,72.19308395385742,3.5464336801154377,1.3828576362768876,1.0,0.0,66.46499633789062,76.11000061035156,71.2874984741211,13.49508454843563,0.9675998069910378,1.2576945188247655,0.3382836521026462,2.3497806060675543,2.107065688204827,0.24271491786272748,73.16145769755046,70.25192231398363,73.31108728679922,70.96130668073167,1.2273194555565476,0.6684307426664231,0.5588887128901245,0.43891182766074593,26.243383311116865,-1.6104984283447266,101.99113273026896,87.68417756574303,14.306955164525931,73.64250183105469,70.09125137329102,71.86687660217285,67.71249961853027,99.99923777799131,43.17801246560958,37.55324628395579,12.386367735907635,123.10274721151396,64.60374927520752,60.39125061035156,100.0,4.0,96.0,73.1875,,0.0,0.0,79.08192786939323,0.6224451106807789,0.5532122122795737,0.6095998315679415,54.520692900636156,75.01434241123222,95.17001636722969,93.5158722961033,-4.829983632770307,5.494735268985522,8.274414090703756,3.311354759347459,3.0216259608359266,0.2897287985115322,5.258021241297873,6.128877432049598,-0.8708561907517254,74.47578775861605,1.6086288271489613,1.5958274951065832,283.6946209574436,12.470553418643938,34880680.24455446
2020-01-09,76.80999755859375,77.60749816894531,76.55000305175781,77.40750122070312,75.31676483154297,170108400,1.6100006103515625,1,8888837506.52478,6822644400,0.2935343014178086,84196460.91719648,1.167942788277984,0.4350739836536639,63725504.25422327,73.10729367024774,72.11459086162854,3962.0891432828103,71.98487396240235,77.38497928643439,66.5847686383703,15.003444548232487,1.0020853236110516,1.0,0.0,74.11449991861979,75.47424875895182,72.75475107828777,3.6693193418968604,1.7108858652452485,1.0,0.0,66.83000183105469,77.60749816894531,72.21875,14.971890266168565,0.9814430975458507,1.312924822801664,0.3322014218519443,2.5025022425107153,2.1861529990660045,0.3163492434447108,73.79041608174641,70.6891338641827,73.94130481509212,71.43880257258141,1.292120759878317,0.6150130374582683,0.6771077224200488,0.4543311699421611,26.30392022328053,-0.9848739624023466,107.00630996972795,91.35463309526706,15.65167687446089,74.45624923706055,70.84000015258789,72.64812469482422,68.46124839782715,99.99961888899566,44.2624347701311,42.23009430576564,11.104225444710876,156.12307160221195,64.63499927520752,60.42250061035156,100.0,0.0,100.0,73.77200012207031,,0.0,0.0,82.39181421871578,0.8495820120783528,0.6265971089156533,0.5729656654684414,56.40225419732061,76.5766211526643,97.48984023992737,93.80816518433426,-2.5101597600726215,5.709705801571118,10.80375113714672,3.5030013835522893,3.1179010453791993,0.38510033817309,7.797771071125123,6.462656159864704,1.335114911260419,75.23982672480618,2.1240813976545425,2.1018372269413277,291.8446070250017,13.383468362683288,61503619.33017093
2020-01-10,77.6500015258789,78.1675033569336,77.0625,77.5824966430664,75.48703002929688,140644800,0.17499542236328125,1,8880563026.317648,6963289200,0.26059704305978626,75684423.09748259,0.42131613143646923,0.4696714515806937,64043460.47023683,73.61120863914093,77.967403091095,3971.04625276362,72.47937393188477,78.02597586496215,66.93277199880738,15.305325176484036,0.9600224401131947,0.0,0.0,74.66999969482421,76.00824890136718,73.33175048828124,3.584436084136559,1.5881743602022746,1.0,0.0,66.83000183105469,78.1675033569336,72.49875259399414,15.642383357965747,0.9484007378052515,1.2921326762148568,0.330115100481218,2.6075971509950477,2.270441829451813,0.3371553215432348,74.33895746866862,71.17836438692532,74.50148817324202,71.89389102224698,1.3132862639431113,0.5866593308941618,0.7266269330489495,0.4705786595611121,26.367811281555387,-1.4118766784667969,110.81373467939311,95.05920161871137,15.754533060681737,74.73625183105469,71.66875076293945,73.20250129699707,68.74125099182129,99.99980944449783,45.450054935463264,42.76845299821675,10.396675598616381,150.16898150347055,64.37812519073486,60.42250061035156,100.0,0.0,100.0,74.29000091552734,,0.0,0.0,82.71201409251228,0.871555336684171,0.7811941531477672,0.6536678247809982,57.9606504042223,73.07477009923335,93.1397661483184,95.26654091849184,-6.860233851681597,5.958500469432153,9.271122032487897,3.6270079612023616,3.219722428543832,0.4072855326585296,7.796911737128418,6.729507275317447,1.0674044618109706,75.78900068810239,0.22607036734636488,0.22581521277160732,292.73045156753005,12.498325922336136,9060221.716367424
2020-01-13,77.91000366210938,79.26750183105469,77.7874984741211,79.23999786376953,77.09978485107422,121532000,1.657501220703125,1,8997577993.114391,7084821200,0.27672489714924303,93649425.2770554,1.1112306264160885,0.545472431524166,66639915.174205095,74.55444556109134,76.2753489437567,4055.885157107033,73.04812393188476,78.90931840435314,67.18692945941638,16.04748803113349,1.0282092209164597,1.0,0.0,75.2807497660319,76.62074915568034,73.94075037638346,3.5600054298424997,1.9773320526572662,1.0,0.0,67.73249816894531,79.26750183105469,73.5,15.79096497107226,0.9976156082745338,1.3314199273921994,0.316904825305267,2.7924425795104213,2.3748419794635347,0.4176006000468866,75.01999918619792,71.7093259371244,75.2304896640924,72.43804708458198,1.3344967719906289,0.5523217785532281,0.7821749934374008,0.49029910954248407,26.456031456655392,-0.5706230163574162,116.98746962543241,99.21736627377962,17.770103351652793,75.82374954223633,72.47500228881836,74.14937591552734,69.29125022888184,99.99990472224891,46.870919376684505,44.90104273329805,9.41183610827965,160.72425604028956,64.37812519073486,60.42250061035156,100.0,0.0,100.0,75.0655014038086,,0.0,0.0,85.41700139549354,1.0,0.9070457829208408,0.7716123483280871,60.30648301270397,75.07786311965552,99.70022933910755,96.77661190911779,-0.2997706608924435,6.46746395335478,11.4996319361148,3.854939071245029,3.3467657570840714,0.5081733141609575,6.538870876140143,6.691379995481987,-0.1525091193418442,76.72606098658734,2.136437073337283,2.113935184775162,301.12089053310365,13.765284464003827,934194.1611964405
2020-01-14,79.17500305175781,79.39250183105469,78.0425033569336,78.16999816894531,76.05865478515625,161954400,-1.0699996948242188,0,8866213769.589832,6922866800,0.17530718195878442,55515056.155270435,0.15837976984738916,0.5268243253086906,64452999.93887958,75.132898651765,67.72770111967577,4055.885157107033,73.51724891662597,79.4408813259374,67.59361650731455,16.11494580279864,0.8927277159370685,0.0,0.0,75.88899993896484,77.17724914550782,74.60075073242187,3.3950881091569802,1.3853093867224449,1.0,0.0,69.24500274658203,79.39250183105469,74.31875228881836,13.802881954928257,0.879526605330765,1.3332777820650887,0.48028164641052723,2.820085687968003,2.4638907211644283,0.3561949668035749,75.49437395731609,72.16221061119667,75.68272174176208,72.86263605379408,1.333760735994434,0.5817714136176521,0.7519893223767818,0.5072803909708611,26.512947751785322,-1.0672519683837862,121.80377798629908,103.59109722632677,18.212680759972315,76.29000091552734,72.81000137329102,74.55000114440918,69.35375022888184,99.99995236112446,48.22431281801121,42.20809677062512,8.700716432973058,135.51129370507454,64.37812519073486,60.42250061035156,100.0,4.0,96.0,75.90590148925781,,0.0,0.0,77.03716389008108,0.23683789819339712,0.702797744959189,0.7970125603425992,59.276851223607885,71.40857543976348,85.88740112611204,92.90913220451269,-14.112598873887958,6.8627877628102,7.854157747592021,3.8704140293331544,3.4514954115338883,0.4189186177992661,7.919784070993667,6.937060810584324,0.982723260409343,76.95306485772758,-1.3503277683875936,-1.3595276063127493,295.7044437634316,11.605301121079606,53009767.22186464
2020-01-15,77.9625015258789,78.875,77.38749694824219,77.83499908447266,75.73270416259766,121923600,-0.33499908447265625,0,8817649442.893417,6800943200,0.13170390043781574,41749434.6508589,-0.7152469189039264,0.446799706440064,63930493.9220912,75.43348551795852,62.28962622780146,4038.503580464028,73.91074905395507,79.88359972294845,67.9378983849617,16.162332936534508,0.8285072947570403,0.0,0.0,76.38516667683919,77.71816609700521,75.05216725667317,3.4902049132274744,1.0438233451942898,1.0,0.0,69.63999938964844,79.39250183105469,74.51625061035156,13.194971727707552,0.8402971180023157,1.3487003090343612,0.6747086611863438,2.7828820916965924,2.527688995270861,0.2551930964257312,75.94312413533528,72.55288373506986,76.01384133294833,73.23095924125174,1.2543956586639433,0.6351980678669199,0.6191975907970234,0.5196101775450968,26.463784805132867,-1.0307518005371037,124.17830405674482,107.59570598940769,16.58259806733713,76.29000091552734,72.81000137329102,74.55000114440918,69.35375022888184,99.99997618056223,48.62864140751067,38.73526209730884,11.607895427738542,109.16337648906755,64.72187519073486,60.76625061035156,96.0,0.0,96.0,76.60322155761719,,0.0,0.0,74.57053845920854,0.0,0.4122792993977988,0.6740409424259431,57.645911968029864,64.1871514767346,81.04651076424865,88.87804707648944,-18.953489235751345,7.09576525968663,7.432715476961965,3.800144256650631,3.521225180557237,0.27891907609339395,6.4966670736751535,6.848982063202491,-0.3523149895273372,77.05980360566627,-0.42855199222167073,-0.4294729082830351,294.0086444863737,11.544136370597272,-6984930.409380615
2020-01-16,78.39749908447266,78.92500305175781,78.02249908447266,78.80999755859375,76.68138885498047,108829200,0.9749984741210938,1,8898742574.64255,6909772400,0.1595973468361817,50943558.834996104,0.28403218059598806,0.38013890330629313,65293740.600165434,75.78787738581764,62.78340216734831,4089.0918103734502,74.3461238861084,80.41380190504431,68.2784458671725,16.322782417630936,0.8678403549557645,0.0,0.0,76.77591654459636,78.06391626993815,75.48791681925456,3.3552181030457353,1.2896278912084467,1.0,0.0,69.63999938964844,79.39250183105469,74.51625061035156,13.117701275652527,0.940271302062146,1.3228306748594407,0.6901200729584434,2.799797874984236,2.5821107712135363,0.21768710377069977,76.43729082743327,73.01749889667218,76.44401921381686,73.64422133883262,1.264124559270701,0.6858316330706895,0.5782929262000116,0.5298972521870949,26.355359868331384,-0.9336254119873075,126.25444379937865,111.45027513840961,14.80416866096904,76.29000091552734,72.92874908447266,74.609375,70.84125137329102,99.99998809028111,49.0234636042225,36.6532388205198,10.900152084211753,112.00223723917958,65.46562576293945,60.76625061035156,92.0,0.0,92.0,77.1610776123047,,0.0,0.0,76.88980920023374,0.21382737899435206,0.15022175906258275,0.42176626780652365,57.046305284418665,67.23878490014758,92.79747557886694,86.57712915640923,-7.202524421133065,7.013993274464326,8.136663733062466,3.801788957890579,3.5773379360239055,0.22445102186667354,4.503413537438275,6.379868358049648,-1.8764548206113725,77.24153523117643,1.2526478905240834,1.2448671661775101,298.94418546001486,12.672334814012174,-1876447.3160050958
2020-01-17,79.06749725341797,79.68499755859375,78.75,79.68250274658203,77.53031921386719,137816400,0.8725051879882812,1,9035823516.016006,7047588800,0.23542296322087125,60843839.571406394,0.5045860247144196,0.3500274559669036,66819505.44872375,76.30272567924312,62.865581548710665,4089.0918103734502,74.83349914550782,80.97111747354217,68.69588081747347,16.403397938402524,0.8950232274077534,0.0,0.0,77.25891672770182,78.53841654459636,75.97941691080729,3.3122385637482292,1.4470833785511887,1.0,0.0,69.63999938964844,79.68499755859375,74.6624984741211,13.423130394335308,0.9997516363895982,1.2840473632328717,0.6900455440044962,2.850746006516516,2.6358378182741324,0.21490818824238378,76.95979118347168,73.50067197359525,76.94224744962688,74.09150144311036,1.2647280756611654,0.6894928409011751,0.5752352347599903,0.5396277006616412,26.287757706870547,0.2540023803710909,129.40894841477237,115.22131502140057,14.187633393371797,76.98749923706055,73.25749969482422,75.12249946594238,71.76374816894531,99.99999404514055,49.67765309580505,39.03291290860856,10.318952871958214,120.07391042913632,65.85375022888184,60.76625061035156,100.0,4.0,96.0,77.38749694824219,,0.0,0.0,78.7569612728859,0.38597124595082494,0.19993287498172538,0.25414464448070245,57.166190668659326,68.54988511188346,99.97022896384959,91.27140510232175,-0.029771036150413835,6.965191291360284,8.540785837266116,3.847601885494793,3.631390725918083,0.21621115957671,4.6685496026559425,6.037604606970907,-1.3690550043149647,77.68708998890119,1.1070996257037002,1.1010161368048443,303.3608950440093,12.999575957856678,37626109.55720107
2020-01-21,79.29750061035156,79.75499725341797,79.0,79.14250183105469,77.0049057006836,110843200,-0.5400009155273438,0,8966822478.721773,6936745600,0.20950264772060365,43601086.84977971,0.10898227887992828,0.4061746337358391,66068331.38394391,76.79127410194552,63.610323311692326,4061.380415209325,75.29037437438964,81.28086964322905,69.29987910555023,15.913044180258728,0.8215199481671029,0.0,0.0,77.75125020345052,78.9259999593099,76.57650044759114,3.021815733600246,1.0921480811827884,1.0,0.0,69.63999938964844,79.75499725341797,74.6974983215332,13.434649445985745,0.9394468065527575,1.2311423522513816,0.713419563610202,2.8150985036975698,2.6716899553588203,0.1434085483387495,77.29770787556966,73.94105676504282,77.28074812369269,74.46564961999512,1.3333780280867331,0.6497232294586007,0.6836547986281324,0.545854880790254,26.107070363220966,-0.9328762054443303,131.63757764126674,118.89796654480935,12.739611096457395,77.02249908447266,73.29249954223633,75.15749931335449,71.79874801635742,99.99999702257028,50.310909234156036,37.71410612258629,9.861692571425719,104.71312345532402,65.86625099182129,60.778751373291016,100.0,0.0,100.0,77.8469970703125,,0.0,0.0,74.7325960221172,0.014941051646111784,0.20491322553042932,0.18502261985824597,55.961117912531385,62.42396685187797,91.69497732388771,94.82089395553477,-8.305022676112289,6.763426298253677,5.400366536071553,3.7803987718676595,3.6611923351079985,0.11920643675966103,3.077080978114311,5.445499881199589,-2.368418903085278,77.86721818509997,-0.6776907061324833,-0.6799974572640366,300.62735574612327,11.838909270827287,-2456155.418839574
2020-01-22,79.6449966430664,79.99749755859375,79.32749938964844,79.42500305175781,77.2797622680664,101832400,0.282501220703125,1,8894629060.980536,7038578000,0.2591392148289931,41482042.62940103,0.18751338072735863,0.37083973734529485,66431824.786876,77.15423464611271,63.80198464264263,4075.877618336485,75.76862449645996,81.46883325276521,70.06841574015472,15.04635670552939,0.8207232148518572,0.0,0.0,78.2365000406901,79.39275004069012,77.0802500406901,2.955781507093625,1.0139472480292735,1.0,0.0,70.09249877929688,79.99749755859375,75.04499816894531,13.072691823460056,0.9422014560938111,1.1935276897801497,0.718628414202482,2.777624363782138,2.692876837043484,0.08474752673865416,77.71999994913737,74.38567234919621,77.61063349724117,74.83300913345903,1.2858118019669944,0.6363514752458743,0.6494603267211201,0.5490726758856386,25.885890236295147,-0.8186275482177763,134.44997065867526,122.50450409241004,11.94546656626521,78.27375030517578,73.86499786376953,76.06937408447266,71.91999816894531,99.99999851128514,50.99135778871499,37.23465118540155,9.35607206095357,100.24839365348579,66.04874992370605,60.96125030517578,100.0,0.0,100.0,78.22859710693359,,0.0,0.0,75.4396514823583,0.08012870446846729,0.16034700068846772,0.18839770040020762,55.20820083864319,60.68988001679736,91.59332287698857,94.41950972157531,-8.406677123011427,6.56419026991901,6.815055653565405,3.7117635598863252,3.671306580063664,0.040456979822661054,1.199905813183216,4.596381067596314,-3.3964752544130983,78.11394000492173,0.3569526034268966,0.35631703961342964,302.05740552249944,12.22717508293124,1123843.816586405
2020-01-23,79.4800033569336,79.88999938964844,78.9124984741211,79.80750274658203,77.65193939208984,104472000,0.38249969482421875,1,8981467135.206085,7143050000,0.2589108887108964,41264680.55629742,-0.24444029665088274,0.24115985388030034,66934947.312305875,77.48147906515335,57.322981407016414,4075.877618336485,76.20899963378906,81.72544870954088,70.69255055803724,14.477159134118786,0.826161182980062,0.0,0.0,78.65024998982747,79.72225011189778,77.57824986775717,2.725992917273519,1.0397633512016806,1.0,0.0,70.7300033569336,79.99749755859375,75.36375045776367,12.160629645046797,0.9794987935382055,1.171925012354869,0.718628414202482,2.7471232399166468,2.7037261176181167,0.0433971222985301,78.12479209899902,74.80951866736778,77.94861338175515,75.2014901418385,1.215700102391972,0.7042315493361914,0.5114685530557807,0.5500113806913829,25.711892325605966,-1.6114959716796875,136.45075627821504,125.7761092377975,10.67464704041754,78.52999877929688,74.62125015258789,76.57562446594238,72.03499984741211,99.99999925564256,51.00218595993913,35.02372870818679,11.321440817309673,89.59853087453851,66.44874954223633,61.303749084472656,96.0,0.0,96.0,78.58237719726563,,0.0,0.0,76.40249218830917,0.16889872208682347,0.08798949273380056,0.15108323965089934,54.87339375023009,57.46883675565834,97.21006049742326,93.49945356609986,-2.789939502576742,6.379256596284748,6.480995325048866,3.65301702763504,3.6676486695779396,-0.014631641942899343,-0.14601523803098895,3.6479018064708537,-3.7939170445018426,78.34599531968098,0.48158599953085357,0.4804300838227249,303.99365769757276,12.419809140345109,11312560.520909876
2020-01-24,80.0625,80.8324966430664,79.37999725341797,79.57749938964844,77.42816925048828,146537600,-0.23000335693359375,0,8874780139.267393,6996512400,0.2001170671508492,30554849.060113195,0.6988030297087672,0.28304554879420174,66512629.3753067,77.923200221289,65.40806549999016,4075.877618336485,76.63449974060059,81.80067412958029,71.46832535162089,13.482633556600836,0.7848335564635364,0.0,0.0,78.92441635131836,80.03591690063476,77.81291580200195,2.8166202569525542,0.7937843974668933,0.0,0.0,71.17500305175781,80.8324966430664,76.00374984741211,12.602018182408909,0.8700493827355555,1.1999824500842258,0.6744232093115382,2.6735722541137505,2.6976953449172436,-0.024123090803493064,78.53979174296062,75.17923032320462,78.19921122912335,75.5256389750096,1.2182979062865718,0.6586485869492343,0.5596493193373374,0.5475824773120578,25.678678486971144,-0.8369991302490263,135.57481746758202,128.52734065870737,7.047476808874649,79.1099967956543,75.23624801635742,77.17312240600586,72.45249938964844,99.99999962782128,51.421996207585885,37.615158674689624,10.33903753188993,91.98361275444529,67.40937614440918,61.9900016784668,100.0,12.0,88.0,78.86540126953125,,0.0,0.0,74.51090008609123,0.0,0.08300914218509663,0.11044854520245512,54.05225614441258,56.70753310035087,83.58407057567275,90.79581798336153,-16.41592942432725,6.276123473223521,6.675820882822078,3.539953174045173,3.6421095704713866,-0.10215639642621355,1.5416640093146985,3.226654247039623,-1.6849902377249244,78.43242863446085,-0.2881976618964499,-0.2886137509896969,302.8293574218784,11.920847430989738,54596278.57216613
2020-01-27,77.51499938964844,77.94249725341797,76.22000122070312,77.23750305175781,75.15135192871094,161940000,-2.339996337890625,0,8904160459.76914,6834572400,0.17148290436686478,-27944273.2281898,-3.217578458985957,0.1126248754522294,61750743.03979185,78.08284515364095,63.72032644755981,4075.877618336485,76.87249984741212,81.67659980123302,72.0683998935912,12.498877916958069,0.5379887187875217,0.0,0.0,78.87733306884766,80.05058288574219,77.70408325195312,2.974871921368,-0.1988409431123108,0.0,1.0,71.30500030517578,80.8324966430664,76.0687484741211,12.39389424931179,0.6226717425215489,1.4157340219703345,1.0923211499428223,2.3988124034778764,2.6379187566293703,-0.23910635315149387,78.65979194641113,75.45365348229042,78.05125612491327,75.65244372143539,1.1506269695929414,0.7421295368739824,0.408497432718959,0.5355262788873245,25.783083660930323,0.5350013732910099,131.64255239546438,130.15568318871092,1.486869206753454,78.52624893188477,75.23624801635742,76.8812484741211,72.45249938964844,49.99999981391064,48.475562030905564,30.933279976657822,25.221283931953035,10.761156233647945,67.65999984741211,63.20749855041504,96.0,8.0,88.0,,80.8324966430664,0.0,1.0,58.61185272457445,0.0,0.05629957402894086,0.0757660696492795,47.909447454793394,51.22161790151432,45.05164785700459,75.28192631003354,-54.94835214299541,5.525233975578757,1.8998020116900673,3.170832673047144,3.547854190986538,-0.3770215179393941,3.7563259969603746,3.3325885970237734,0.4237373999366012,78.42308335888687,-2.9405250929448234,-2.984625200860247,290.9840590851397,9.623905053490688,47870617.74423176
2020-01-28,78.1500015258789,79.5999984741211,78.04750061035156,79.42250061035156,77.27734375,162234000,2.18499755859375,1,9029297869.68319,6996806400,0.24151527896222333,26687893.507394228,1.6674852382380736,0.19197394536915052,66340234.93058169,78.35771965433914,64.87224765547833,4075.877618336485,77.22112503051758,81.69124949105402,72.75100056998114,11.577465256482233,0.7462320232096851,0.0,0.0,78.90316645304362,80.08366572062174,77.7226671854655,2.9922734933094284,0.7199637778570572,0.0,0.0,71.30500030517578,80.8324966430664,76.0687484741211,12.337940342264353,0.8520077066723896,1.510410162009629,1.0859884631110404,2.3305096202922613,2.5764369293619485,-0.24592730906968718,78.82770856221516,75.81855744581956,78.2622168149807,75.93170719468844,1.1319946252504458,0.6644889455788479,0.46750567967159795,0.5224527898274087,25.970771028147016,0.36137161254882244,127.97427663777157,130.84129414998563,-2.867017512214062,78.52624893188477,75.23624801635742,76.8812484741211,72.45249938964844,24.99999990695532,46.66332339776285,35.58698850852085,22.229044396266698,63.1363032172259,67.8125,63.27874946594238,92.0,4.0,88.0,,80.8324966430664,0.0,0.0,65.92365947509927,0.2727762058062152,0.09092540193540477,0.07674470604981425,44.96804922855772,56.195506792656104,78.44865183816927,69.02812342361555,-21.55134816183073,5.075182656680838,2.6031061045405677,3.069217993896606,3.452126951568552,-0.3829089576719462,5.379420127638557,3.7419549031467305,1.6374652244918266,78.42892378122298,2.828933448469395,2.7896581211174443,302.0447379107826,13.08856269762785,35066747.899616525
2020-01-29,81.11250305175781,81.9625015258789,80.34500122070312,81.08499908447266,78.89492797851562,216229200,1.6624984741210938,1,9010916108.193819,7213035600,0.1917640983778434,74229725.15782717,1.7429554716898024,0.27685437471367885,70866417.21265365,78.86124952972493,66.58981770098416,4075.877618336485,77.63137512207031,81.93551482795287,73.32723541618775,11.088660220470349,0.9011979394723414,0.0,0.0,79.16274973551432,80.36999918619793,77.95550028483072,3.05004425621159,1.296127655253791,1.0,0.0,72.37999725341797,81.9625015258789,77.17124938964844,12.343597234227875,0.9084266057748499,1.6133692373614004,1.0859884631110404,2.3830584904295193,2.537761241575463,-0.15470275114594356,79.1195837656657,76.24471136239859,78.69649101028716,76.31343251985764,1.1944858707625083,0.6337742869823667,0.5607115837801416,0.5126517219551712,26.129149330724644,1.6086227416992216,127.3318233794309,131.19168518583967,-3.859861806408773,79.09125137329102,75.80125045776367,77.44625091552734,73.01750183105469,12.49999995347766,45.97463100006916,42.52247809943036,19.544333034215168,125.90775055967252,67.8125,63.27874946594238,100.0,0.0,100.0,76.22000122070312,,1.0,0.0,70.23272225196278,0.43353124692778955,0.23543581757800128,0.12755359784744913,44.102649638178505,55.33392325450328,84.71915725254125,69.40648564923839,-15.28084274745875,4.9560802235322825,4.514552370646441,3.122724809697716,3.3862465231943855,-0.26352171349666964,9.523362578489893,4.898236438215363,4.62512614027453,78.58645232429093,2.093233606780198,2.0716264770759274,310.4604734790224,13.820667470358927,85235878.21422121
2020-01-30,80.13500213623047,81.02249908447266,79.6875,80.96749877929688,78.78060913085938,126743200,-0.11750030517578125,0,9127215983.160816,7086292400,0.19614259764092545,61497998.03828685,-0.8413334704969305,0.13333464194404207,70682753.58994779,79.12107173184458,59.23993768249541,4069.971262420827,78.00912513732911,82.08601101858484,73.93223925607337,10.45233073458698,0.8628227191211629,0.0,0.0,79.41541646321613,80.60741551717122,78.22341740926107,3.0019336472464038,1.1510417566737547,1.0,0.0,73.1875,81.9625015258789,77.57500076293945,11.248685984403986,0.8866093933263024,1.591782222072526,1.0866788232315898,2.387698652199049,2.50774872370018,-0.12005007150113123,79.26354217529297,76.67192283043495,79.04587682090404,76.65817816870499,1.0939108850920192,0.7319677371285673,0.36194314796345184,0.5040350394155282,26.233590159907603,0.16087303161620525,126.25869709366076,131.1921577740932,-4.933460680432447,79.09125137329102,76.02750015258789,77.55937576293945,73.01750183105469,6.24999997673883,44.83153287463765,39.68272466456439,21.381122075115798,101.00284779370416,67.96562385559082,63.5362491607666,96.0,0.0,96.0,76.33485122680663,,0.0,0.0,69.56318957010073,0.4085534827645776,0.3716203118328605,0.23266051044875566,43.22371608342676,59.009200495478446,82.67300489848954,81.94693799640004,-17.326995101510466,4.753778861550714,2.1800870294031136,3.1147344083032293,3.3319441002161545,-0.21720969191292516,7.608379276050191,5.440265005782329,2.1681142702678615,78.7489689647389,-0.14491004070108504,-0.14501513684281875,309.8656750398422,12.639937393364931,-36163845.96092194
2020-01-31,80.23249816894531,80.66999816894531,77.07250213623047,77.37750244140625,75.28756713867188,199588400,-3.589996337890625,0,8961470301.738386,6886704000,0.08850024454821581,-49647662.407961145,-2.67439517667526,-0.08778759434965286,61833256.74382982,79.15340760607282,50.49956921438357,4069.971262420827,78.12362518310547,81.98900614588982,74.25824422032113,9.89554940320472,0.40348651932592805,0.0,0.0,79.3941665649414,80.85566482543945,77.93266830444335,3.681626305133128,-0.1899303878910931,0.0,1.0,73.1875,81.9625015258789,77.57500076293945,11.23219961351273,0.4774930726848595,1.8221036641719137,1.635294906799678,2.077742391278491,2.4217474572158424,-0.34400506593735125,79.19750086466472,76.91721138587364,78.78920383944283,76.71146144816434,0.9411765263614001,0.7884223424398331,0.15275418392156703,0.48598389193304514,26.64927723067451,-0.2886260986328182,119.01967446788322,130.03779400221663,-11.018119534333408,79.09125137329102,76.34625244140625,77.71875190734863,73.01750183105469,3.124999988369415,42.093579993575865,33.05658873178343,29.02139994309792,12.262295143677209,68.25687599182129,63.94375038146973,92.0,0.0,92.0,76.44740423278807,,0.0,0.0,52.953350708374735,0.0,0.28069490989745544,0.2959170131027726,35.82661399622321,49.900100299090006,20.156746350711657,62.516302833914175,-79.84325364928834,4.1708604027243155,-1.0138106001055252,2.708516240017756,3.207258528176475,-0.4987422881587191,9.955453125558318,6.3433026297375275,3.6121504958207904,78.72389811629343,-4.433873334381144,-4.535175229955968,291.69275016746934,8.856242683581385,77688638.92709114
2020-02-03,76.07499694824219,78.37249755859375,75.55500030517578,77.16500091552734,75.080810546875,173788400,-0.21250152587890625,0,8986297484.935558,6712915600,0.12459393153331813,-47830896.37540294,-3.0924845675675,-0.3880529653484806,61355982.35508847,78.9953156165151,43.345636695295454,4058.7939165998932,78.26400032043458,81.75819533941329,74.76980530145586,8.929252286293849,0.3427392576919693,0.0,0.0,79.15999984741211,80.80974807739258,77.51025161743163,4.168136011016952,-0.10463739121828831,0.0,1.0,73.1875,81.9625015258789,77.57500076293945,11.212053421690191,0.4532763787900261,1.9216430230965191,2.084130054881448,1.79426950226744,2.296251866226162,-0.5019823639587222,79.14166768391927,77.15173075749324,78.53932646653276,76.74505696426532,0.8631912610207048,0.94044977909534,-0.07725851807463524,0.4609753987316577,26.97631517876113,0.545997238159174,110.95453413563953,127.73967805714695,-16.785143921507412,78.75875091552734,76.56875228881836,77.66375160217285,73.01750183105469,1.5624999941847075,39.394052100002064,29.251629418628127,31.880423530625677,-55.409967019512216,68.33687782287598,64.6500015258789,88.0,0.0,88.0,,81.9625015258789,0.0,1.0,52.15944013806633,0.0,0.1361844942548589,0.2628332386617251,30.09301575073841,48.811593486925,25.12680926457771,42.652186837926315,-74.8731907354223,3.8685736263499564,-0.8607929296924355,2.3379610013227343,3.0333990228057273,-0.6954380214829929,10.220586134257575,7.118759330641538,3.101826803616037,78.66410344382635,-0.27462960056099384,-0.27500739950561126,290.617045932258,10.51310972938461,18809600.955665767
2020-02-04,78.82749938964844,79.91000366210938,78.40750122070312,79.7125015258789,77.55950927734375,136616400,2.5475006103515625,1,9086997762.471407,6849532000,0.11942492126030355,8720712.01880221,2.414057266881075,-0.22693314413178872,65866192.40180411,79.05607780537005,50.68206992580635,4192.789638198451,78.5021255493164,81.69676039705566,75.30749070157715,8.138976684732762,0.6894388614428109,0.0,0.0,79.1644167582194,80.8889155069987,77.4399180094401,4.356752236414973,0.6589113265658993,0.0,0.0,74.29000091552734,81.9625015258789,78.12625122070312,9.77362148688772,0.7067448913637946,2.0039789954450704,2.1019056588614657,1.7549472646684023,2.1879909459146103,-0.43304368124620796,79.2168763478597,77.43000001173753,78.71981493720139,76.96486767253299,0.9211586442716503,0.8466304338807923,0.074528210390858,0.4382678975430754,27.07611818015354,1.1803771972656278,105.53678925451405,124.5271023455735,-18.99031309105945,78.75875091552734,76.63375091552734,77.69625091552734,73.01750183105469,0.7812499970923538,37.01526725622528,32.135111298209225,28.445129863738387,48.50670958294358,69.19875144958496,65.39750099182129,84.0,4.0,80.0,,81.83435150146484,0.0,0.0,59.91775055286898,0.2916929880599296,0.09723099601997624,0.17137013339076368,28.061290544863315,56.070972922230645,64.88490719705088,36.72282093744677,-35.11509280294912,3.6155740625717954,1.1451643132131322,2.2801926615859083,2.8827577505617636,-0.6025650889758554,8.383089962141394,7.37162545694151,1.0114645051998838,78.6725665147992,3.301367951955725,3.2480432566332595,303.5127519015417,13.552611484796714,-10666232.09457457
2020-02-05,80.87999725341797,81.19000244140625,79.73750305175781,80.36250305175781,78.19194030761719,118826800,0.6500015258789062,1,9070431590.640036,6968358800,0.1310480647229215,18508839.061160125,1.5951890876122616,-0.06190200080920386,66835144.57162445,79.19965452393305,56.68297862030646,4226.97900135165,78.79037551879883,81.5319674112348,76.04878362636285,6.959205040930037,0.7867180081208421,0.0,0.0,79.2490837097168,81.05183258056641,77.44633483886719,4.549576566595874,0.8088115488643387,0.0,0.0,74.29000091552734,81.9625015258789,78.12625122070312,9.737865265689663,0.791463232735047,1.9513311874532977,2.061590737948717,1.7559918183042953,2.1015911203925475,-0.3455993020882522,79.27354303995769,77.73432716956505,78.97253618559468,77.21654436729038,0.9946546271518725,0.7782055208139551,0.21644910633791736,0.4188916051755608,26.972033408641103,0.3521263122558622,101.45936719590149,120.63917022531642,-19.179803029414927,78.75875091552734,76.63375091552734,77.69625091552734,73.01750183105469,0.3906249985461769,35.35642096323578,35.33897196204857,26.77286779646055,104.12352118157817,70.07562637329102,65.89624977111816,80.0,0.0,80.0,,81.70876447753906,0.0,0.0,61.627663141748634,0.35598140727810845,0.21589146511267907,0.14976898512917156,27.12373150878985,58.44417592887462,75.02929115407147,55.01366920523338,-24.97070884592853,3.1616184459013112,0.8533872327509816,2.2741134464030086,2.761028889730013,-0.4869154433270042,5.89201856247636,7.075704078048481,-1.1836855155721207,78.69122566630675,0.8154323518098083,0.8121256659034515,306.80312542422496,12.996963336010396,-8013209.366768897
2020-02-06,80.64250183105469,81.30500030517578,80.06500244140625,81.30249786376953,79.10655212402344,105425600,0.9399948120117188,1,9175431671.54129,7073784400,0.13874662800885917,30021793.060026202,0.2602288480986431,-0.06360223884472851,68068300.74882063,79.32202509934649,56.67630720707622,4276.421691423087,79.06562538146973,81.65096246757032,76.48028829536914,6.539724624012165,0.9326075107044602,0.0,0.0,79.38450037638347,81.21349894205729,77.55550181070963,4.607948798574153,1.0243299594058068,1.0,0.0,75.55500030517578,81.9625015258789,78.75875091552734,8.104029013605732,0.8969951562433023,1.880197855084921,2.056483025258326,1.8117842391390155,2.043629744141841,-0.23184550500282564,79.45354270935059,78.05826950073242,79.33099182839081,77.51920758925179,0.9902080706717401,0.7840163246255383,0.20619174604620183,0.40416279840363367,26.862361081851056,0.3593776702880831,97.83049073499946,116.44535614391836,-18.614865408918902,78.75875091552734,77.17124938964844,77.96500015258789,73.01750183105469,0.19531249927308844,33.864532156835985,34.02390702767789,25.422085221367958,126.05640806507742,70.17437553405762,65.89624977111816,76.0,0.0,76.0,,81.5856891940918,0.0,0.0,64.01822595303867,0.4458605655339686,0.3645116536240019,0.22587803825221922,27.208577822555974,57.623293031802554,89.69951562433023,76.53790465848421,-10.300484375669766,2.9154495688045756,2.729249117403165,2.3372068619935473,2.67626448418272,-0.33905762218917257,3.085423831908506,6.277648028820487,-3.1922241969119804,78.73314875568664,1.1696932976394514,1.1629052670693696,311.5614743169,13.378121390745235,-7501230.402965188
2020-02-07,80.59249877929688,80.8499984741211,79.5,80.00749969482422,78.03128051757812,117684000,-1.2949981689453125,0,9146228651.676584,6956100400,0.09273813954111544,3961456.2637138665,-0.5850430863240806,-0.1414328896331928,66193812.65167111,79.36582989705086,50.26886792894552,4276.421691423087,79.19562530517578,81.69440865433607,76.69684195601549,6.310407524484778,0.6624539378176314,0.0,0.0,79.40341720581054,81.22216567993163,77.58466873168945,4.581033255551128,0.66607092668644,0.0,0.0,75.55500030517578,81.9625015258789,78.75875091552734,8.090726218793257,0.6948885745447965,1.8724278559533822,2.100081169459126,1.7315444386903494,1.981212683051543,-0.24966824436119373,79.50208409627278,78.3119233938364,79.43506996168824,77.7035255229979,0.9274615669836509,0.8183384035187592,0.1091231634648917,0.3889565985746691,26.715557475530147,0.61187744140625,91.7478231661044,112.01260845176725,-20.264785285662853,78.75875091552734,77.57500076293945,78.1668758392334,73.01750183105469,0.09765624963654422,32.15229916787219,31.53333574510605,25.855684812327066,67.8064772239125,70.17437553405762,65.93625068664551,72.0,8.0,64.0,,81.46507541631348,0.0,0.0,58.601703673005645,0.26573648901912017,0.35585948727706546,0.3120875353379156,25.425083482642446,53.93695829835546,69.48885745447964,78.07255474429381,-30.511142545520357,2.8806846618652315,0.7333920310797074,2.228398810782227,2.5866913495026216,-0.35829253872039457,1.4947179638597745,5.321062015828344,-3.8263440519685696,78.74154655548598,-1.5928147387491265,-1.6056363648111471,305.0060624949673,11.406867197727692,16392459.599479884
2020-02-10,78.54499816894531,80.38749694824219,78.4625015258789,80.38749694824219,78.40188598632812,109348800,0.37999725341796875,1,9255577451.676584,7065449200,0.13665881729547946,9331568.74954771,-1.3203131326292203,-0.24352541902670347,66713167.00998809,79.39053225036596,50.291131022473294,4296.732643563777,79.33587532043457,81.77081120162856,76.90093943924057,6.138297135714154,0.7159444188920382,0.0,0.0,79.66466700236003,81.50366541544597,77.82566858927409,4.616848302476327,0.6965281592247851,0.0,0.0,75.55500030517578,81.9625015258789,78.75875091552734,8.076423427388269,0.7541936359609642,1.877684612594372,2.1137660348824814,1.679258969224719,1.9208219402861784,-0.2415629710614593,79.55041694641113,78.5157693716196,79.58159719038885,77.90233822116413,0.8857687417559761,0.8441676812309876,0.041601060524988465,0.37429615164215124,26.656290054110293,0.24162406921387003,87.82087505104036,107.5511193865749,-19.730244335534536,78.75875091552734,77.57500076293945,78.1668758392334,73.01750183105469,0.04882812481827211,29.98722148899296,29.084726924791564,28.033067433104037,36.4323370061191,71.00312614440918,66.86124992370605,68.0,4.0,64.0,,81.34687391409072,0.0,0.0,59.67974680269326,0.31020461652441156,0.3406005570258331,0.35365723264230037,24.375242510754745,56.50404337363379,75.41936359609642,78.20257889163544,-24.580636403903583,3.096206822114837,0.7267414487355277,2.1555950791326906,2.5004720954286355,-0.3448770162959449,-0.28841098500436585,4.199167415661803,-4.487578400666169,78.81017214121164,0.47495204183034545,0.47382770326063195,306.9296470583238,12.284123979820038,5353743.201498121
2020-02-11,80.9000015258789,80.9749984741211,79.67749786376953,79.90249633789062,77.92888641357422,94323200,-0.4850006103515625,0,9193967262.992191,6971126000,0.0722828091627377,1463228.9895676812,1.2397491170774286,-0.16836572357312704,66144088.34344164,79.41855145250096,50.119616864717024,4270.809234653711,79.36900024414062,81.81581390304257,76.92218658523868,6.165665817574866,0.6090185376007382,0.0,0.0,79.7808334350586,81.59433212280274,77.96733474731445,4.546201411195653,0.5335436975097478,0.0,0.0,75.55500030517578,81.9625015258789,78.75875091552734,8.07305270444824,0.6785010073299327,1.819666212370091,2.1615608271343008,1.5804682083421113,1.852751193897365,-0.27228298555525376,79.57750002543132,78.72903853196364,79.63096629000451,78.0504980816624,0.924114214739152,0.8410589436353164,0.08305527110383559,0.3586304302461349,26.48178657669232,-2.1314971923828097,81.84370284961909,102.49688377215138,-20.653180922532286,78.43000030517578,77.57500076293945,78.00250053405762,73.01750183105469,0.024414062409136055,28.276679937440463,29.948843294274962,26.537284648084018,64.42966121166447,71.00312614440918,67.23250007629395,64.0,0.0,64.0,,81.23103644191242,0.0,0.0,57.617436047491275,0.22513650088748924,0.26702586881034,0.3211619710377464,22.889207182466578,61.73145430736166,67.85010073299327,70.91944059452312,-32.14989926700673,3.0304412841796875,0.40840306711681323,2.0249303299621544,2.4053637423353393,-0.38043341237318495,-2.653374052210497,2.828659122087343,-5.48203317429784,78.81879437840122,-0.6033284139495332,-0.6051557935993657,304.4745248728363,11.647521362147742,-4264031.21611923
2020-02-12,80.36750030517578,81.80500030517578,80.36750030517578,81.80000305175781,79.7795181274414,113730400,1.8975067138671875,1,9306906929.593754,7084856400,0.1651319907350497,32083367.358315267,0.9606077801812873,-0.08229086094225771,68844932.59063776,79.52162009414329,55.68618491387204,4270.809234653711,79.55050048828124,82.14849230154026,76.95250867502223,6.531679366723105,0.932931033884728,0.0,0.0,79.80016682942708,81.59566548665364,78.00466817220052,4.499987227005276,1.056902734034845,1.0,0.0,75.55500030517578,81.9625015258789,78.75875091552734,8.054633448405554,0.9746393377817785,1.8279499878615977,2.1615608271343003,1.6364250627928243,1.809485967676457,-0.17306090488363268,79.95770835876465,78.99250030517578,79.96466425335117,78.32823919055835,0.9476208525683388,0.7995038397620613,0.14811701280627754,0.34713573937996967,26.388734266831733,-0.12799987792968182,77.0683383208776,97.03128835295325,-19.962950032075653,78.68000030517578,78.12625122070312,78.40312576293945,73.01750183105469,0.19836691524250757,27.098381268453334,31.01173834911602,24.47511086948178,134.4215913997918,71.11625099182129,67.23250007629395,60.0,4.0,56.0,75.55500030517578,,1.0,0.0,63.00395457741705,0.4851814809667053,0.3401741994595351,0.31593354176523625,23.32955589588984,66.31762230447842,97.46393377817785,80.24446603575586,-2.536066221822148,2.8458598866182285,5.907104476102253,2.089189134983234,2.3421288208649185,-0.25293968588168436,-3.3197586156045165,1.598975574548971,-4.918734190153487,78.84863861142003,2.3747777614394394,2.347018535435552,314.07989594020427,13.790078061400664,25734133.532755017
2020-02-13,81.04750061035156,81.55500030517578,80.8375015258789,81.21749877929688,79.2114028930664,94747600,-0.5825042724609375,0,9312518602.130013,6990108800,0.1873399652949343,19615617.47778167,0.08330058349674005,-0.12625532138597395,68170227.45926388,79.57313950680141,49.52067918181001,4240.3964652987115,79.71962547302246,82.28912660496658,77.15012434107834,6.446345217248053,0.7914716182944627,0.0,0.0,79.86458358764648,81.59833221435547,78.1308349609375,4.341720819983485,0.890170515727677,0.0,0.0,75.55500030517578,81.9625015258789,78.75875091552734,8.037545563822873,0.8837295974014222,1.7414051416633285,2.168555685911202,1.6151496072197915,1.770618695585124,-0.15546908836533246,80.10729153951009,79.24711550199069,80.15740802657359,78.5422584193538,0.9385985267157898,0.8280765421919992,0.11052198452379058,0.3367029615714877,26.14428196086991,1.3653736114501953,71.51140649951493,91.75259191202343,-20.2411854125085,78.68000030517578,78.12625122070312,78.40312576293945,73.01750183105469,0.09918345762125379,26.004246790108144,29.752097029729985,23.480975661687726,114.29968733557894,71.31312561035156,67.26999855041504,56.00000000000001,0.0,56.00000000000001,75.68000030517578,,0.0,0.0,60.46348170821071,0.45946505553407163,0.3899276791294218,0.33237591579976583,22.891263144480003,62.10736239164924,88.37295974014222,84.56233141710447,-11.627040259857782,2.6475216360653206,2.260062520256836,2.056408409592916,2.284984738610518,-0.2285763290176024,-5.053073708171115,0.2685657180049539,-5.321639426176069,78.86249545061526,-0.7121078859769314,-0.7146554757796686,311.131200346969,12.213018793513612,-1204892.2130751014
2020-02-14,81.18499755859375,81.49500274658203,80.7125015258789,81.23750305175781,79.23090362548828,80113600,0.0200042724609375,1,9339905824.188435,7070222400,0.16884426407004313,17042331.306988083,-0.09034721659412838,0.09711833878487094,68189959.83598459,79.85501302569672,51.52918114683084,4241.440895963398,79.84100074768067,82.4560942676399,77.22590722772144,6.550753360979629,0.7670080999816246,0.0,0.0,80.14208374023437,81.59433288574219,78.68983459472656,3.6241861397440296,0.8771457931002591,0.0,0.0,75.55500030517578,81.9625015258789,78.75875091552734,8.025326787865017,0.8868516057744057,1.6455147495673081,1.9989236455470478,1.5816703220843067,1.7328290208849606,-0.1511586988006539,80.12000020345052,79.45634636512169,80.32357649198654,78.74190616990224,0.998894689450734,0.7677504499369919,0.23114423951374208,0.3267946225941253,25.917809416776734,1.126498031616208,69.86088355691575,87.18663073660969,-17.325747179693934,80.10625076293945,78.75875091552734,79.4325008392334,73.01750183105469,0.049591728810626894,24.90395839584762,28.73038044189619,23.223192939939196,99.5867867166949,71.86687660217285,67.71249961853027,52.0,64.0,-12.0,75.80250030517578,,0.0,0.0,60.52235337557643,0.4627224421556447,0.4691229928854736,0.3997416238248103,22.560759666519033,64.84375885134492,88.68516057744057,91.50735136525357,-11.314839422559428,2.5606619442210388,0.18807913795038808,2.008676699636303,2.229723130815675,-0.22104643117937206,-7.4229578802225,-1.269739001640537,-6.153218878581963,79.10948800460504,0.024630495597133262,0.024627462788551213,311.2324639991689,12.311385840483183,-5706069.305319741
2020-02-18,78.83999633789062,79.9375,78.65249633789062,79.75,77.7801513671875,152531200,-1.4875030517578125,0,9447924154.93629,6917691200,0.15683800418346447,-17805233.94947896,-1.5237901962459397,-0.13082990653541574,65397030.253403425,79.894498332928,43.05299004682664,4241.440895963398,79.84437561035156,82.45881636571126,77.22993485499187,6.548841381435366,0.481951090274643,0.0,0.0,80.3836669921875,81.68266677856445,79.08466720581055,3.2319993227061987,0.25609426620659276,0.0,0.0,75.55500030517578,81.9625015258789,78.75875091552734,8.02498757329178,0.654701349298203,1.739463945997296,2.104207274604066,1.4187541678113291,1.6700140502702343,-0.2512598824589052,80.01854197184245,79.54644247201773,80.23533395475785,78.81657978694652,0.8955968892589453,0.861527200029213,0.0340696892297323,0.3132221047352566,25.75595354280223,-2.4668731689453125,68.33650318721347,83.05326561802072,-14.71676243080725,80.13375091552734,78.75875091552734,79.44625091552734,73.01750183105469,0.024795864405313447,23.614746839265955,25.60245874440611,29.370879192955098,-23.556493740644843,72.64812469482422,68.46124839782715,48.0,60.0,-12.0,75.92255030517579,,0.0,0.0,54.074432854350356,0.1059571086322831,0.34271486877399954,0.4005885135962985,20.302569306282624,58.196355469382524,65.4701349298203,80.84275174913438,-34.5298650701797,2.342492653341864,-1.5036882670854905,1.8000707105617149,2.143792646764883,-0.34372193620316804,-4.331170825157813,-1.8820253663439925,-2.449145458813821,79.13933260784528,-1.8310546187148335,-1.848025912138862,303.70257297345734,10.757724234423733,77246995.14782411
2020-02-19,80.0,81.14250183105469,80.0,80.90499877929688,78.9066162109375,93984000,1.154998779296875,1,9502833404.752651,7011675200,0.20531335773303158,245714.51093767397,1.5514567371664805,-0.14450838757279585,66758176.40103272,79.78196398712967,38.91355901022933,4302.868595741424,79.93250045776367,82.56512186032957,77.29987905519776,6.587111343919435,0.6847015147307844,0.0,0.0,80.51758346557617,81.78058319091797,79.25458374023438,3.137202263110058,0.6533710997505797,0.0,0.0,75.55500030517578,81.9625015258789,78.75875091552734,8.016140098218056,0.8349586351751039,1.7047677345030352,2.1244288610742337,1.3670818222956456,1.6094276046753166,-0.24234578237967108,80.3125,79.6742310157189,80.33835931237923,78.97127749008358,0.8804458259965854,0.8732003388966539,0.007245487099931447,0.3001171301221839,25.57659830238318,-2.7674995422363224,65.00734278619296,79.00304068360866,-13.995697897415695,80.13375091552734,78.75875091552734,79.44625091552734,73.56624984741211,0.012397932202656723,22.12853877573026,29.222259421215625,27.626053199579694,59.985033802835744,73.20250129699707,68.74125099182129,44.0,56.00000000000001,-12.000000000000007,76.04019930517579,,0.0,0.0,57.83111403821736,0.3258880462684322,0.2981891990187864,0.37000902022608667,19.524134540203562,63.00601199173605,85.5999755859375,79.9184236977328,-14.4000244140625,2.1464196597828646,4.5588139014461015,1.7311127105260642,2.0612566595171193,-0.33014394899105515,-5.783688640158129,-2.6623580211068196,-3.1213306190513093,79.17659171394327,1.4482743314067292,1.437887009871286,309.5492937130604,12.700343627563058,-18206331.535580963
2020-02-20,80.65750122070312,81.1624984741211,79.55249786376953,80.07499694824219,78.09712219238281,100566000,-0.8300018310546875,0,9467541470.602358,6911109200,0.21955458540753722,-11713668.153745664,-0.342205171192444,-0.10885636619390396,65726472.97848468,79.75234377896348,39.53053141652079,4302.868595741424,79.96500015258789,82.58778890792688,77.3422113972489,6.559841806625963,0.5209694348106354,0.0,0.0,80.5009162902832,81.77966613769532,79.2221664428711,3.176982092479508,0.33346260298564984,0.0,0.0,75.55500030517578,81.9625015258789,78.75875091552734,8.012882146534656,0.705422673734646,1.6952910220878876,2.1975773951645863,1.2448075386046753,1.5365035914611884,-0.2916960528565131,80.5549996693929,79.70634636512169,80.2978420255889,79.05303448698423,0.8917151458531573,0.8402684761330017,0.05144666972015555,0.2851956712381903,25.464772422927236,-0.2524986267089844,59.16124312306691,74.70645761561616,-15.545214492549249,80.13375091552734,78.75875091552734,79.44625091552734,73.82250213623047,0.006198966101328362,20.603682165873945,27.209591406380095,27.637699874980086,27.639225371150488,74.14937591552734,69.29125022888184,40.0,52.0,-12.0,76.15549532517579,,0.0,0.0,54.3881215180446,0.18793503945104081,0.20659339811725175,0.2824991553033461,17.82418865938433,55.28871601519051,72.3199462890625,74.46335226827345,-27.6800537109375,1.7813309837790001,3.7711345793936055,1.5746486478132953,1.9639350571763545,-0.38928640936305925,-6.453613723487049,-3.420609161582866,-3.0330045619041828,79.18287035650374,-1.0258968463974338,-1.0311954379688792,305.3477404244152,11.400978123329907,13084758.553385615
2020-02-21,79.65499877929688,80.11250305175781,77.625,78.26249694824219,76.32938385009766,129554000,-1.8125,0,9404391634.06596,6781555200,0.16053236221620293,-43585519.131781995,-2.8584696867112434,-0.1220045454821885,62794014.234193034,79.83535461825406,41.195294689950764,4302.868595741424,79.8877498626709,82.61353282753535,77.16196689780645,6.824032394328645,0.20187411555168783,0.0,0.0,80.27849960327148,81.68199996948242,78.87499923706055,3.496578469071785,-0.21820524723906917,0.0,1.0,75.55500030517578,81.9625015258789,78.75875091552734,8.02063048679902,0.42255109282200026,1.7745122250548804,2.1614541564918763,0.9902358629082926,1.4272500457506094,-0.43701418284231686,80.43416595458984,79.70990401047926,79.9847120136894,78.99447615078111,0.9249821515995276,0.8710415722931857,0.053940579306341885,0.2645905125051315,25.48257613597735,0.4747531890869112,50.95493869312304,70.173914896396,-19.21897620327296,79.71500015258789,78.75875091552734,79.23687553405762,74.09500122070312,0.003099483050664181,20.175283498724507,24.412001768775028,32.76304704582558,-78.5298569874665,74.55000114440918,69.35375022888184,36.0,48.0,-12.0,76.26848542477579,,0.0,0.0,47.708471992652825,0.0,0.1712743619064907,0.22535231968084313,14.1737449814792,55.177792483350686,43.3199462890625,67.07995605468751,-56.6800537109375,1.1865663865033298,-1.8190428726740815,1.2535507685602914,1.8218581994531422,-0.5683074308928509,-4.917199536179444,-3.7199272365021816,-1.1972722996772625,79.12599769667565,-2.263503052234317,-2.28951353064204,296.17268194774573,9.984659555817927,42216519.836289525
2020-02-24,74.31500244140625,76.04499816894531,72.30750274658203,74.54499816894531,72.70370483398438,222195200,-3.717498779296875,0,9448235953.416986,6559360000,0.21159403806757351,-155360499.93661672,-7.893150374767544,-0.46490924599647737,52239656.56640872,79.39051735125716,40.22508231135947,4302.868595741424,79.63612480163575,83.2230984769142,76.04915112635729,9.008408393083386,-0.20966880350679007,0.0,1.0,79.69649963378906,81.33874969482422,78.0542495727539,4.121260202346173,-1.0684278500183497,0.0,1.0,72.30750274658203,81.9625015258789,77.13500213623047,12.123893275000944,0.23174476491505333,2.1925604227154083,2.936194610358245,0.4829477714882131,1.2383895908981304,-0.7554418194099173,79.94937388102214,79.58336551372821,79.14783296065185,78.66488518916364,0.8318835727388665,0.8695188376777392,-0.0376352649388727,0.2312630426740212,25.772789497617875,1.6663730621337862,42.52377011129356,65.14090323642415,-22.617133125130593,77.0562515258789,77.13500213623047,77.09562683105469,74.09500122070312,0.0015497415253320904,21.563306162371386,19.29692176666732,44.6082120548816,-267.5631171795171,74.55000114440918,69.35375022888184,32.0,100.0,-68.0,,81.80500030517578,0.0,1.0,37.52809909139925,0.0,0.06264501315034664,0.14683759105802988,6.96525427253525,46.893669612794376,23.558789129023758,46.399560569049605,-76.44121087097624,-0.18544136496150543,-7.239078751772715,0.6139305616818479,1.5802726718988835,-0.9663421102170356,2.2300062061950388,-2.5299405479627377,4.7599467541577765,78.62569022089156,-4.750038555191249,-4.866557676027394,277.3543268100926,7.336883793625788,119649182.703127
2020-02-25,75.23750305175781,75.63249969482422,71.53250122070312,72.0199966430664,70.24108123779297,230673600,-2.5250015258789062,0,9272417166.056479,6328686400,0.13251870496239623,-216373455.94281155,-1.0553327706375586,-0.7127228201049512,44426239.08318685,78.56642604105008,30.656738129173476,4302.868595741424,79.37524948120117,84.1757245391143,74.57477442328803,12.095647167824154,-0.2660963497779575,0.0,1.0,79.02808303833008,80.88783340454101,77.16833267211913,4.706555681754106,-1.3841470668834883,0.0,1.0,71.53250122070312,81.9625015258789,76.74750137329102,13.140116564478918,0.04673973232017708,2.383304227855977,4.315901713511475,-0.12142846483968128,0.9664259797505681,-1.0878544445902494,79.1758321126302,79.32221163236179,78.0512427579464,78.17267122278608,0.7588075299425263,0.981283691964791,-0.22247616202226472,0.18418219133954442,26.218361199030323,0.6322502136230526,31.784597953628662,59.57878047020298,-27.794182516574317,76.66875076293945,76.74750137329102,76.70812606811523,74.21374893188477,0.0007748707626660452,23.041706961182815,16.702101961703832,41.15161234724369,-268.12544810345645,74.609375,70.84125137329102,28.000000000000004,100.0,-72.0,,81.61505035400391,0.0,0.0,32.46134140480382,0.0,0.0,0.07797312501894595,-1.0261360440254652,40.292055566247534,4.745636075063297,23.874790497716535,-95.2543639249367,-1.3130512461942772,-11.417239893732274,-0.1553336516973042,1.2331514071796459,-1.3884850588769502,7.663380441928784,-0.4912763499844335,8.154656791913219,77.50605245192504,-3.3872179058296537,-3.445913370768494,264.5725134839582,7.116257277001367,73977692.48623055
2020-02-26,71.63249969482422,74.47000122070312,71.625,73.1624984741211,71.35536193847656,198054800,1.1425018310546875,1,9288428321.86447,6526741200,0.0920624598917332,-153137537.71538562,-0.7685121587376003,-0.8815586234156557,47568116.092298806,77.85728398843172,33.03337623410866,4371.127905357701,79.06224937438965,84.57331941527494,73.55117933350436,13.941090936556296,-0.035263647213675614,0.0,1.0,78.3181666056315,80.3326670328776,76.30366617838543,5.144401393842716,-0.7796393740552481,0.0,1.0,71.53250122070312,81.9625015258789,76.74750137329102,13.192137066308074,0.15627969374162906,2.429473927140692,5.151164207239456,-0.5024190627350578,0.6726569712534429,-1.1750760339885007,78.60541534423828,79.07144223726712,77.2991282527425,77.80154731547756,0.7302305774972231,1.0619989640574368,-0.3317683865602137,0.13251997983420766,26.64263838654459,1.3252475738525362,20.686684626869187,53.31415228197982,-32.627467655110635,76.54375076293945,76.74750137329102,76.64562606811523,74.3962516784668,0.0003874353813330226,24.41450770293628,15.177032970343493,37.394058472937175,-201.00496430598733,75.12249946594238,71.76374816894531,24.0,96.0,-72.0,,81.21174838867188,0.0,0.0,36.63036827996671,0.13211148485809854,0.04403716161936588,0.035560724923237676,-5.774342434937436,41.41696698155895,15.867582367388893,14.724002523825334,-84.13241763261111,-2.7663307189941406,-8.555449485126125,-0.6457700136705485,0.857367123009607,-1.5031371366801556,9.710751936993518,1.5491293074111567,8.16162262958236,77.02714455415348,1.5863675150069367,1.5739162151716002,270.35597340651196,10.233137415063126,23626677.79766798
2020-02-27,70.2750015258789,71.5,68.23999786376953,68.37999725341797,66.69100189208984,320605600,-4.782501220703125,0,8995359261.070404,6206135600,-0.005329328512195083,-350303128.52236736,-3.2309673504385628,-1.1309297804540275,26610703.410354767,76.38029129161445,24.726717027797648,4371.127905357701,78.42699928283692,85.55171128245797,71.30228728321586,18.169028688517574,-0.20508127415910435,0.0,1.0,77.12308298746746,79.3198336283366,74.9263323465983,5.696739693941232,-1.4900041387014833,0.0,1.0,68.23999786376953,81.80500030517578,75.02249908447266,17.296342542044492,0.010320631363920647,2.678776595461779,6.764590654023402,-1.1767004654415416,0.302785483914446,-1.4794859493559875,77.6047903696696,78.65749975351187,75.92695425284641,77.10365471828796,0.6107173439031065,1.0965430485791718,-0.48582570467606534,0.06783255601651234,27.082858257764343,1.475497055053708,1.9353112740038925,45.58347503470082,-43.648163760696924,74.86750030517578,75.10124969482422,74.984375,74.3962516784668,0.0001937176906665113,26.44002115221344,12.970271328173903,41.95556859273928,-237.17844417369673,75.15749931335449,71.79874801635742,20.0,100.0,-80.0,,80.82457850195313,0.0,0.0,28.656223911005824,0.0,0.04403716161936588,0.02935810774624409,-13.331610312888852,34.0054470176501,1.0320631363920647,7.215093859614771,-98.96793686360793,-4.707065806669348,-14.937023978436963,-1.5261280022857906,0.38066809795052753,-1.906796100236318,16.732155435289897,4.585734532986905,12.146420902302992,74.75959368170146,-6.536820530254007,-6.760262971661213,246.14646810185297,5.4499620983798,156696888.21012905
2020-02-28,64.31500244140625,69.60250091552734,64.09249877929688,68.33999633789062,66.65199279785156,426510000,-0.04000091552734375,0,9226417130.89166,5779625600,0.030818648064570388,-302697080.23082453,-3.904709482122101,-1.3680488087253146,26361203.68577389,74.56628163414796,22.023554074927347,4371.127905357701,77.79562416076661,86.05550800029091,69.5357403212423,21.234828895915918,-0.07238261497273912,0.0,1.0,75.73724950154622,78.41325047810872,73.06124852498372,7.06653857692011,-0.8821469477111071,0.0,1.0,64.09249877929688,81.80500030517578,72.94874954223633,22.767992052195094,0.23980224094196578,2.961899149538648,8.057198139678738,-1.694764880020685,-0.09672458887258018,-1.5980402911481049,76.64124870300293,78.23115334144005,74.75972995823784,76.45449483825853,0.5666515185036805,1.1366988166494256,-0.5700472981457452,-0.0030185755847687776,27.61914842968979,4.004378890991205,-16.32814988400206,36.00691576348774,-52.3350656474898,72.62749862670898,73.02750015258789,72.82749938964844,73.02750015258789,9.685884533325565e-05,28.97422455855317,11.035948770065449,46.92424534275279,-213.75904147237733,76.06937408447266,71.91999816894531,16.0,100.0,-84.0,,80.06950366366212,0.0,0.0,28.600143582654468,0.0,0.04403716161936588,0.04403716161936588,-18.810421690543073,39.96754085257385,23.98022409419658,13.626623199325865,-76.01977590580343,-6.810397002276261,-14.470761903488787,-2.21669750562868,-0.13880502276531403,-2.077892482863366,24.912153960967302,8.651018418582986,16.261135542384316,73.10751258874417,-0.05849797767482068,-0.05851509441745506,245.94397941822064,8.247999570308934,194622623.7987209
2020-03-02,70.56999969482422,75.36000061035156,69.43000030517578,74.70249938964844,72.8572998046875,341397200,6.3625030517578125,1,9492108069.781115,6121022800,0.15789612116261242,50851177.92523211,9.635896343715649,-0.5854624175578241,58145529.75043957,74.16418038219898,33.12460685333485,4778.08307257714,77.66187400817871,86.03042487703686,69.29332313932056,21.551246285859246,0.3231847625170695,0.0,0.0,74.93883260091147,78.12958348592123,71.74808171590169,8.51561406621368,0.4629658942706366,0.0,0.0,64.09249877929688,81.80500030517578,72.94874954223633,22.807203344093356,0.5990119800328478,3.367709661830877,8.378867686828475,-1.5737921422428087,-0.39213809954662593,-1.1816540426961828,76.04979006449382,78.03480705848106,74.75092525537794,76.32471739762074,0.7394086076451695,0.9521006704928106,-0.21269206284764108,-0.05913859297875666,28.115379308205778,3.555624771118161,-26.080347506949142,25.516154575247445,-51.59650208219659,72.62749862670898,73.02750015258789,72.82749938964844,73.02750015258789,4.8429422666627826e-05,28.730547117198512,23.09279341812766,38.95353535831531,-82.36202941280146,76.57562446594238,72.03499984741211,12.0,96.0,-84.0,,78.7913432729129,0.0,0.0,46.5259103412614,0.5210401475968996,0.17368004919896626,0.08725145747923284,-16.474458937495413,48.83180077950937,59.90119800328478,28.304495077957828,-40.09880199671522,-7.013117554608513,-8.676654519949746,-2.061969170542737,-0.5234378523207988,-1.5385313182219384,26.77847550696067,12.276509836258523,14.501965670702148,73.19150142225416,9.310072274952951,8.901835750994103,278.1516139329053,15.389471798009112,34739336.87546271
2020-03-03,75.9175033569336,76.0,71.44999694824219,72.33000183105469,70.54342651367188,319475600,-2.37249755859375,0,9296210447.528114,5801547200,0.08838586009521618,-64692573.35412582,1.8941963120996115,-0.5387161893419539,47999214.871779636,73.86080774244108,38.20341634493752,4626.3345967287105,77.42012405395508,86.10547189337954,68.73477621453061,22.436925658686715,0.206970732951227,0.0,0.0,74.320166015625,77.83741683959961,70.80291519165038,9.4651317738853,0.21708526286997104,0.0,0.0,64.09249877929688,81.80500030517578,72.94874954223633,22.878420491208253,0.4650671752785671,3.4859390008235707,8.920034089680072,-1.6503370430483244,-0.6437778882469656,-1.0065591548013588,75.30916531880696,77.75605715238132,74.37847549778975,76.02881254083808,0.7748525461711094,0.954316107955266,-0.17946356178415657,-0.10887966534400546,28.433583414475642,3.8173789978027344,-37.277080996851915,14.151218599353568,-51.428299596205484,72.62749862670898,73.02750015258789,72.82749938964844,73.02750015258789,2.4214711333313913e-05,28.26951524373208,22.1359628941872,34.82454255467016,-72.02636004363224,77.17312240600586,72.45249938964844,8.0,92.0,-84.0,,77.61543571342362,0.0,0.0,42.26480985238292,0.39718466863478213,0.30607493874389363,0.17459738318740878,-16.392224625468575,46.78412534575052,46.50671752785671,43.46271320844604,-53.49328247214329,-6.8433679019703675,-10.942835080889854,-2.1706731801997607,-0.8528849178965912,-1.3177882623031696,26.881539117572206,15.197515692521261,11.684023425050945,73.13974239666913,-3.17592795151177,-3.2274544433993135,266.1417911269173,9.92524146606111,38507635.974681735
2020-03-04,74.11000061035156,75.8499984741211,73.28250122070312,75.68499755859375,73.81555938720703,219178400,3.3549957275390625,1,9487217727.488415,6020725600,0.11151525822017869,49598165.06344181,0.985457777937414,-0.5369411895022305,58165709.78334384,73.65174817415891,40.258636987582086,4840.925118134268,77.21874885559082,85.86884672243339,68.56865098874825,22.404138878290787,0.4113448587167886,0.0,0.0,73.74583257039389,77.40558293660482,70.08608220418293,9.925307610345408,0.7649313196472957,0.0,0.0,64.09249877929688,81.80500030517578,72.94874954223633,22.938084064277714,0.6544811732187923,3.4893447650478544,9.105155640888663,-1.4238658726159201,-0.7997954851207565,-0.6240703874951636,74.84645652770996,77.69634540264423,74.5794788917596,76.00334476437553,0.7959787406557047,0.9660568160989543,-0.1700780754432496,-0.14369385180429256,28.555690237552202,2.5312511444091825,-45.59275129101697,2.5118858866775815,-48.10463717769455,72.10250091552734,73.02750015258789,72.56500053405762,73.02750015258789,1.2107355666656956e-05,27.841414218370392,20.339748890353704,31.99871874421284,-37.94113143880766,76.8812484741211,72.45249938964844,4.0,88.0,-84.0,,76.53360075869348,0.0,0.0,49.331782402322915,0.6494424713750621,0.522555762535581,0.3341035834928138,-13.470849836620394,51.32534338030756,66.3850981608628,57.59767123066812,-33.614901839137204,-6.417522385541119,-6.834904181664059,-1.8734252775718865,-1.0569929898316504,-0.8164322877402361,23.444442550429738,16.84690106410296,6.597541486326779,73.22330375707139,4.638456577639127,4.534095178058717,283.1251191209295,14.077489122718589,-51115979.36408192
2020-03-05,73.87999725341797,74.88749694824219,72.85250091552734,73.2300033569336,71.42119598388672,187572800,-2.4549942016601562,0,9369236404.624556,5833152800,0.08169263035656925,-23271592.28692989,-0.7553695689738716,-0.5968462003929885,52081411.02872397,73.41532377617187,39.147867842438814,4683.900034180345,76.86212387084962,85.55239703274823,68.171850708951,22.6126282341632,0.2910238006188007,0.0,0.0,73.0851661682129,76.78741607666015,69.38291625976562,10.131330617559689,0.5195606985349961,0.0,0.0,64.09249877929688,81.80500030517578,72.94874954223633,23.044512217280104,0.515878830795658,3.4236599528497096,9.476683475098431,-1.426044796510837,-0.9250453473987726,-0.5009994491120643,74.3031234741211,77.45817243135892,74.37186727101714,75.79791206752797,0.7746072185284973,0.9705163262537744,-0.19590910772527703,-0.17291346561736598,28.52408087453807,4.04287490844726,-56.50992948223716,-9.428655021695773,-47.08127446054139,70.0687484741211,73.02750015258789,71.54812431335449,73.02750015258789,6.053677833328478e-06,27.554862340455173,19.00344901545922,30.893810161805973,-53.67878203944863,76.8812484741211,72.45249938964844,0.0,84.0,-84.0,,76.0,0.0,0.0,44.99196964112245,0.5134928366426095,0.5200399922174842,0.4495568978323197,-12.881245932415975,51.721646655338255,52.5068380666038,55.13288458510778,-47.4931619333962,-5.492191516651829,-8.175544380020572,-1.8813774121381879,-1.221869874292958,-0.65950753784523,19.47012068383129,17.371544988048626,2.098575695782664,73.2235958668183,-3.243699915243503,-3.297473904312387,270.69768995672734,9.889489001502703,-27617074.79028094
2020-03-06,70.5,72.70500183105469,70.30750274658203,72.25749969482422,70.47270965576172,226176800,-0.972503662109375,0,9510979719.89767,5606976000,0.08880637930630252,-51369617.14367986,-2.505597573525235,-0.7693640830309246,49077754.65563773,73.10139710719776,37.50356109116232,4683.900034180345,76.40987396240234,85.07011969972068,67.74962822508401,22.667870756021998,0.2602623301042773,0.0,0.0,72.39416631062825,76.08741582234701,68.7009167989095,10.203168846152028,0.48149778191665726,0.0,0.0,64.09249877929688,81.80500030517578,72.94874954223633,23.180906612402456,0.460973900473507,3.3735440185998953,9.89615994668117,-1.4890793475766912,-1.0378521474343565,-0.45122720014233475,73.58249855041504,77.11865322406476,74.04657995160285,75.53565929917954,0.7331228743666264,1.002296446946279,-0.2691735725796526,-0.19928161160815747,28.454649375287087,3.6651229858398438,-66.55617721191865,-21.54864916871935,-45.0075280431993,70.04624938964844,72.94874954223633,71.49749946594238,73.02750015258789,3.026838916664239e-06,27.903618830851645,17.710562000789025,34.71659725000269,-77.4475100793075,77.44625091552734,73.01750183105469,36.0,80.0,-44.0,,75.8499984741211,0.0,0.0,43.36453217871882,0.5050940275318354,0.556009778516502,0.532868511089856,-13.02330485632618,52.83552401343493,47.832460817225716,55.57479901489745,-52.167539182774284,-4.3555145936853705,-10.688460805817973,-1.971359436579202,-1.3717677867502067,-0.5995916498289953,17.429242085757554,17.383084407590413,0.046157678167141114,73.18688387622294,-1.3280125870939186,-1.3369095303965572,265.77477797403566,9.900792785757645,39710282.48992944
2020-03-09,65.9375,69.52249908447266,65.75,66.5425033569336,64.89888000488281,286744800,-5.714996337890625,0,9344710080.524525,5320231200,0.05028049485701248,-278137597.8244655,-5.091489651560335,-1.0241997584105242,26398510.44112249,72.3022009946532,36.377204796946074,4683.900034180345,75.73662414550782,85.22720965526234,66.2460386357533,25.06207694581391,0.015618884676587666,0.0,0.0,71.69141642252605,75.38816630045574,67.99466654459636,10.312949757171044,-0.19641079808137096,0.0,1.0,64.09249877929688,81.80500030517578,72.94874954223633,23.38696994448688,0.13832064172624808,3.6869395862223273,10.954252806175374,-1.9773929704078625,-1.2257603120290579,-0.7516326583788047,72.45479075113933,76.56384570782001,72.89210662934605,74.86949959975391,0.6821096649857327,1.005518425309352,-0.3234087603236194,-0.23664353795561682,28.17113269132184,2.5258728027343693,-79.53648089330181,-33.91765792948941,-45.618822963812406,70.04624938964844,72.94874954223633,71.49749946594238,73.02750015258789,1.5134194583321196e-06,29.09100395420065,15.226450685578364,39.67035887405944,-135.55847915293015,77.55937576293945,73.01750183105469,32.0,76.0,-44.0,,74.90939849853515,0.0,0.0,35.28677694194886,0.22875167177427289,0.4157795119829056,0.4972764275722974,-16.29868859925718,50.723084759526046,14.352692568469012,38.23066381743286,-85.64730743153099,-4.9666397992302365,-16.89977409559634,-2.641119522607791,-1.6256381339217236,-1.0154813886860674,17.640301514855373,17.434527829043407,0.2057736858119661,72.84559267070175,-7.909208541712087,-8.239523189183462,236.84488799108476,4.831603119727433,88437852.67048895
2020-03-10,69.28500366210938,71.61000061035156,67.34249877929688,71.33499908447266,69.57300567626953,285290000,4.7924957275390625,1,9593231409.567163,5605521200,0.08188677477289749,-43082068.69102487,2.752358659718086,-0.9384210496568383,46945544.849727325,71.89662832006206,39.521482215561505,5021.241879911948,75.28399925231933,84.70739955223074,65.86059895240793,25.034271275435977,0.29046840619283665,0.0,0.0,71.39483311971028,75.10833333333333,67.68133290608723,10.402714177919544,0.4919437145825216,0.0,0.0,64.09249877929688,81.80500030517578,72.94874954223633,23.527577840962298,0.40889200741036513,3.8249953529418916,11.332236337439168,-1.9551331243276593,-1.371634874488778,-0.5834982498388812,71.87749926249187,76.33144173255333,72.65255162244245,74.6076847467701,0.6965331443979911,0.9791562641537382,-0.28262311975574717,-0.26740716418392324,27.907010222024965,-0.7390010833740206,-84.69108689804322,-45.62629921003523,-39.064787688007996,70.04624938964844,72.94874954223633,71.49749946594238,73.02750015258789,7.567097291660598e-07,29.35628716866871,17.959429097145996,35.49520532541231,-82.72022038353781,77.71875190734863,73.01750183105469,28.000000000000004,72.0,-44.0,,74.04404652099609,0.0,0.0,44.60543988072163,0.6206495266192351,0.4514984086417808,0.47442923304706297,-15.261872074714905,53.391669915265865,42.428239218842954,34.87113086817924,-57.571760781157046,-5.525176351210646,-8.851618762369586,-2.620551932369541,-1.824620893611287,-0.7959310387582539,17.478844822524813,17.44339122773969,0.035453594785124665,72.83654075160759,7.202157246522778,6.954618601444373,261.10498650107627,12.898047987687072,53937721.59245187
2020-03-11,69.34750366210938,70.30500030517578,67.96499633789062,68.85749816894531,67.15668487548828,255598800,-2.4775009155273438,0,9532608686.70608,5349922400,0.07903502978035283,-127391239.0219771,-0.31241522547933887,-0.9362931963916165,38068468.11131146,71.4661251232732,38.07032802071643,4846.851587429644,74.73174934387207,84.30120249104225,65.16229619670189,25.61014088707363,0.19307278667935937,0.0,0.0,70.99049962361654,74.65350011189778,67.32749913533527,10.319692093173206,0.20884504909361093,0.0,0.0,64.09249877929688,81.80500030517578,72.94874954223633,23.701441062721912,0.26901899670616936,3.779496092305906,11.765085488058217,-2.113047755283219,-1.5199174506476665,-0.5931303046355525,71.40354092915852,76.01192239614633,72.06869724498135,74.18174500026457,0.7058514892117316,0.984539857487221,-0.2786883682754894,-0.2982408357013037,27.70533050566398,-2.711752700805661,-93.21913254708663,-56.199015190156395,-37.020117356930236,70.04624938964844,72.94874954223633,71.49749946594238,73.02750015258789,3.783548645830299e-07,29.602621582103335,16.70061875869839,33.0072792790298,-92.51407894919143,77.66375160217285,73.01750183105469,24.0,68.0,-44.0,,73.24792270166016,0.0,0.0,41.29493570695177,0.6123390550414926,0.4872467511449999,0.4515082239232289,-15.72890078257184,46.226453077697066,29.74405817006973,28.84166331912725,-70.25594182993026,-6.301794298957375,-7.629619880209957,-2.848474048804976,-2.029391524650025,-0.8190825241549509,16.173199558577718,17.189352893907294,-1.0161533353295766,72.75596417275112,-3.4730510230939537,-3.5347952620697676,248.56362607295733,8.553872724436523,18148730.436187297
2020-03-12,63.98500061035156,67.5,62.0,62.057498931884766,60.524654388427734,418474000,-6.799999237060547,0,9122884435.07755,4931448400,-0.04009690378969692,-515710044.9802197,-5.763199331005658,-1.143773885269789,-3257792.011410378,70.42015811549933,35.80115794650287,4846.851587429644,73.74462413787842,84.22374869348879,63.26549958226805,28.420036519591775,-0.0576384336292929,0.0,1.0,70.43841641743977,74.32541669209797,66.55141614278158,11.03659188367506,-0.5780700917614394,0.0,1.0,62.0,81.55500030517578,71.77750015258789,26.51718756965159,0.0029403697769080023,4.087296299969847,12.658534913277421,-2.7551398097827757,-1.7669619224746884,-0.9881778873080873,70.57333278656006,75.33288383483887,70.52851288912034,73.28365269890311,0.6576614828870518,0.9915884705710946,-0.3339269876840427,-0.3445766004289547,27.70303919590185,-0.5821256637573242,-104.77679521687449,-66.02664244936445,-38.750152767510045,69.0,71.90250015258789,70.45125007629395,71.98125076293945,1.8917743229151494e-07,30.84814223295039,14.476972712010019,40.19428219601194,-163.81966633817942,77.69625091552734,73.01750183105469,20.0,100.0,-80.0,,72.51548878787109,0.0,0.0,33.86567255453785,0.2539851778089,0.49565791982320895,0.47813435986999675,-19.146653951923284,41.391238493339976,0.40939081082901574,24.19389606658059,-99.59060918917099,-7.694874999102424,-13.832960532553374,-3.7595557922074128,-2.3754243781615028,-1.38413141404591,19.81664667821808,17.71481165076945,2.1018350274486295,72.43859084575779,-9.875466605505201,-10.397776771127898,214.1413415811844,2.8601847236053715,195466388.78414243
2020-03-13,66.22250366210938,69.9800033569336,63.23749923706055,69.49250030517578,67.77601623535156,370732000,7.435001373291016,1,9440006388.076889,5302180400,0.026202787394194533,-48266762.96548486,3.380511603482331,-0.33851231539479787,41158966.26220915,69.95067352056896,43.49478964120817,5427.544474331696,73.15837421417237,83.20250861671153,63.114239811633205,27.458604733710423,0.31751170573395304,0.0,0.0,70.46091664632162,74.47116711934407,66.45066617329914,11.382907472384748,0.37925737461282005,0.0,0.0,62.0,81.49500274658203,71.74750137329102,26.647670831927023,0.38432927671628087,4.470817112477745,12.625429152875911,-2.6337002579197986,-1.9403095895637106,-0.693390668356088,70.26749960581462,74.91480680612418,70.36912633774425,73.00282659566405,0.7328084034886309,0.9107398813756836,-0.17793147788705277,-0.3800716575042658,27.89223262689184,-4.7783769607544,-106.37380834141923,-74.9481380976389,-31.42567024378033,69.0,71.90250015258789,70.45125007629395,71.98125076293945,9.458871614575747e-08,31.09478974385716,16.86826027507058,34.48202974954384,-95.6526525125726,77.69625091552734,73.01750183105469,16.0,96.0,-80.0,,71.46393990908399,0.0,0.0,45.426471630702714,0.8116255639223674,0.5593165989242531,0.5140737566308209,-17.073968401826065,47.514951978680344,53.51785932268415,27.890436101194314,-46.48214067731585,-8.277390031253589,-5.0162285945489655,-3.6076688817912506,-2.6218732788874526,-0.985795602903798,20.68772400222697,18.309394121060958,2.378329881166014,72.41937860723964,11.98082665473159,11.315748006946968,251.77807116687435,14.25207163976907,61853255.554641366
2020-03-16,60.48749923706055,64.7699966430664,60.0,60.5525016784668,59.056827545166016,322423600,-8.939998626708984,0,9192274488.51498,4979756800,-0.028903464530105002,-453152445.57306796,-6.248701247087493,-0.7094672065697932,-319848.40930559486,69.14796059557955,43.03351335908948,4729.307399340261,72.1241241455078,82.86344828627986,61.38480000473575,29.780116619803543,-0.03875003284001447,0.0,1.0,69.3219165802002,73.21616668701172,65.42766647338867,11.235263821092351,-0.6259439765302445,0.0,1.0,60.0,81.1624984741211,70.58124923706055,29.341775341945947,0.026107582672359436,4.972985431747548,13.332121776621333,-3.221703915338182,-2.196588454718605,-1.0251154606195767,69.61520830790202,74.11673002976637,68.8588763901631,72.08058030550129,0.6544859383896809,0.9183256445571157,-0.2638397061674348,-0.4289530928178184,28.08905165362558,-3.784127807617182,-121.3054159672491,-84.28461976101636,-37.020796206232745,67.92499923706055,70.90250015258789,69.41374969482422,70.98125076293945,4.7294358072878736e-08,31.833323636451304,14.25433641983914,34.42373868638156,-168.01781675626202,77.96500015258789,73.01750183105469,12.0,100.0,-88.0,,70.51754591817559,0.0,0.0,37.04167377416541,0.4071810369136049,0.49093059288162383,0.5153017038763622,-19.077411584596504,41.84599839283528,3.4531354904174805,19.1267952079769,-96.54686450958252,-8.89539760140812,-11.44705453254448,-4.4695865400688195,-2.991415931123726,-1.4781706089450934,19.710132070969372,18.589541711042642,1.1205903599267302,71.662534091212,-12.864695596573805,-13.770805241253203,206.52289313575722,2.219095120610689,21076796.366010606
2020-03-17,61.877498626708984,64.40249633789062,59.599998474121094,63.21500015258789,61.65357208251953,324056000,2.6624984741210938,1,9356074190.754791,5303812800,-0.017398254396844958,-265159438.2726604,-0.5687174290985726,-0.6951961544527198,13928920.536876667,68.459164212462,44.14475207945737,4729.307399340261,71.29737415313721,82.10675537296883,60.4879929333056,30.321961638066824,0.12614076438895233,0.0,0.0,68.23649978637695,72.15599937438965,64.31700019836425,11.487985463155907,-0.14057917612068316,0.0,1.0,59.599998474121094,81.1624984741211,70.3812484741211,30.24304927932779,0.16765225175498188,4.955936674949746,13.753966725178946,-3.4332829263162807,-2.4439273490381406,-0.9893555772781402,69.18812529246013,73.4708646627573,67.99058773822846,71.42387066454474,0.6569274842544799,0.9098908246093517,-0.2529633403548718,-0.47746777325034545,28.228041936088996,3.405125236511225,-129.32491487347022,-93.58819349240007,-35.736721381070154,67.24374771118164,70.70249938964844,68.97312355041504,70.78125,2.3647179036439368e-08,32.578677012466535,13.14454953044401,32.39210677800293,-138.28441322914543,78.1668758392334,73.01750183105469,8.0,100.0,-92.0,,69.9800033569336,0.0,0.0,40.56048101115063,0.576912299723705,0.5985729668532255,0.5496067195530344,-19.077278434822052,43.69882588126676,22.04269111050014,26.337895307867274,-77.95730888949986,-9.895618584576766,-7.4992631839829595,-4.8069124430980805,-3.354515233518597,-1.4523972095794835,18.735300113324477,18.61869339149901,0.11660672182546605,71.3738325505427,4.397008216537346,4.30308321201105,220.0007299325044,9.372402587085638,46219435.840629935
2020-03-18,59.942501068115234,62.5,59.279998779296875,61.66749954223633,60.144287109375,300233600,-1.5475006103515625,0,9501062750.579647,5003579200,-0.00032278735599827307,-293652615.5548585,-1.191811965474492,-0.5495421983838575,6579214.325905044,67.87842810666675,44.73416128102207,4613.534148223381,70.33549919128419,80.97634104705787,59.6946573355105,30.25738632162086,0.09270141561475098,0.0,0.0,66.85749982198078,70.84224980672201,62.872749837239574,11.920128617885135,-0.15123286274151515,0.0,1.0,59.279998779296875,81.1624984741211,70.22124862670898,31.111600751297217,0.10910548594702639,4.853843144783873,13.944459325652087,-3.6833715684916655,-2.6918161929288456,-0.9915553755628199,68.10187530517578,72.75086476252629,67.01780493884505,70.70117650733671,0.7030009155067458,0.9070784267000659,-0.20407751119332007,-0.5270309266161746,28.32329345216104,1.9945026397705021,-142.22749289273585,-103.1123672046777,-39.11512568805816,65.99250030517578,70.54249954223633,68.26749992370605,70.62125015258789,1.1823589518219684e-08,33.320770054250985,12.29957233592224,30.832591838195107,-141.44965141968387,78.1668758392334,73.01750183105469,4.0,100.0,-96.0,,68.52680267333984,0.0,0.0,39.189479470724976,0.5107814186895939,0.4982915851089677,0.5292650482812725,-19.59206734662253,48.38701253274729,14.279309740618856,13.25837878051218,-85.72069025938114,-10.948625665552477,-17.44921515868099,-5.209774080788372,-3.7255670029725523,-1.4842070778158196,17.11625808180984,18.31820632956118,-1.2019482477513392,70.73156128841033,-2.4479958975183402,-2.478457476832663,212.16712519172796,7.362823661520338,24113294.683298945
2020-03-19,61.84749984741211,63.209999084472656,60.65250015258789,61.19499969482422,59.68346405029297,271857200,-0.4724998474121094,0,9344538859.004501,4731722000,-0.02174418834342831,-270052596.9781478,0.9795570425171977,-0.20066601805247908,4496229.180222179,67.52582111774738,52.66630681326715,4578.184990283661,69.39149932861328,79.75495219597813,59.02804646124843,29.86951706659991,0.10454784044030623,0.0,0.0,65.66041641235351,69.69741668701172,61.623416137695315,12.296602718159653,-0.05306123528903757,0.0,1.0,59.279998779296875,80.11250305175781,69.69625091552734,30.021694982847485,0.09192370204185371,4.624208723493963,14.187640377572137,-3.8750265145081926,-2.9284582572447153,-0.9465682572634773,67.17395846048991,72.03134566086989,66.12198874745722,69.99701526196542,0.7680691925629403,0.8666923519110854,-0.09862315934814514,-0.5757499965809301,28.3483816812999,6.293498229980472,-150.45362214427286,-112.43430553049483,-38.01931661377803,65.44499969482422,70.54249954223633,67.99374961853027,70.62125015258789,5.911794759109842e-09,33.722442429963664,12.965310266758213,29.505042176433864,-121.26894611009611,78.00250053405762,73.01750183105469,0.0,96.0,-96.0,,67.04731405029297,0.0,0.0,38.75869551020268,0.31637063255215186,0.4680214503218167,0.5216286674280034,-20.124513307775697,42.97834851859282,11.45335392174578,15.92511825762161,-88.54664607825421,-10.970500744090359,-15.394721214357396,-5.535988213219975,-4.087651245022037,-1.4483369681979381,14.903493412042446,17.635263746057433,-2.7317703340149873,70.19216917570355,-0.7662056203340817,-0.7691560561965183,209.7752831336736,7.899423348931549,8647502.128013134
2020-03-20,61.79499816894531,62.95750045776367,57.0,57.310001373291016,55.89442825317383,401693200,-3.884998321533203,0,8984650252.902395,4330028800,-0.07079531157653322,-454413284.2343126,-2.89574630778262,-1.0957833503023553,-21005485.266281724,66.25744702265413,43.90370610267115,4578.184990283661,68.34387454986572,79.13575499033146,57.55199410939996,31.581119775676967,-0.011211796565201012,0.0,1.0,64.39366633097332,68.7866667429606,60.00066591898601,13.644200314384856,-0.30624451324348895,0.0,1.0,57.0,76.04499816894531,66.52249908447266,27.86643030466398,0.016277311792893868,4.757537896920934,15.427705254032144,-4.290938073196045,-3.2009542204349817,-1.0899838527610637,65.64270877838135,71.0894225193904,64.76629838220089,69.05723645539693,0.6521800782443026,0.9656803679214423,-0.3135002896771397,-0.6312033447875817,28.538865558041067,4.886128807067877,-162.08695900462152,-121.60658087619701,-40.480378128424505,64.30500030517578,69.27750015258789,66.79125022888184,69.48125076293945,2.955897379554921e-09,34.68370365299197,11.701411469476577,32.605417473058424,-142.9237831312097,78.40312576293945,73.01750183105469,0.0,100.0,-100.0,,65.80454360693359,0.0,0.0,35.32078748568479,0.09408409389742746,0.3070787150463908,0.4244639168257253,-21.74103756256279,38.067872706796656,1.6315861752158718,9.121416612526856,-98.36841382478413,-11.740839195251468,-24.278254314637714,-6.213596566331611,-4.512840309283952,-1.7007562570476589,16.403619937403846,17.388934984326717,-0.9853150469228709,69.28239741641555,-6.348555177559367,-6.559032932121411,190.10902835749158,4.609050100642371,156724410.25884452
2020-03-23,57.02000045776367,57.125,53.15250015258789,56.092498779296875,54.70698928833008,336752800,-1.2175025939941406,0,9146350722.918442,3993276000,-0.04995204608867559,-448068158.9915236,-5.709499629291867,-1.6389044889731754,-28159514.191604104,64.86105067072945,36.08702574479645,4480.925315394645,67.4212495803833,79.05689270530647,55.78560645546014,34.51624880090813,0.013187596101988617,0.0,0.0,63.212166213989256,67.6251667022705,58.79916572570801,13.962503589394865,-0.30666968580659626,0.0,1.0,53.15250015258789,76.0,64.57625007629395,33.88768376381407,0.12867922732657297,4.697534229299153,16.62249215253188,-4.6650178423647475,-3.4937669448209348,-1.1712508975438127,64.21458339691162,70.12307636554425,63.431867674061806,68.09688551642655,0.5636422127291738,1.055434357898597,-0.49179214516942316,-0.6913553228450148,28.74621437347794,4.836250114440915,-172.9067466899239,-131.40832085307264,-41.498425836851254,61.728750228881836,67.32375144958496,64.5262508392334,67.5575008392334,1.4779486897774605e-09,36.077016904073695,10.902654568589051,36.69689046700405,-170.01294001774252,78.40312576293945,73.01750183105469,0.0,100.0,-100.0,,64.21972575768555,0.0,0.0,34.2941688882925,0.027705501769471615,0.14605340940635,0.30705119159151933,-23.34332768095859,44.82249640697082,12.95296329604658,8.679301131002763,-87.04703670395342,-12.548177113252528,-23.40229932000146,-6.850559767875781,-4.980384201002318,-1.8701755668734634,15.628284619213096,17.036804911303996,-1.4085202920909001,68.63860535637367,-2.124415572883842,-2.1473060536676414,183.94590698072304,5.750109906232325,25353241.93492186
2020-03-24,59.09000015258789,61.92250061035156,58.57500076293945,61.720001220703125,60.19549560546875,287531200,5.62750244140625,1,9399094830.963892,4280807200,0.020765610247983183,-152903774.8526676,5.949172216242147,-1.2843534576656945,687168.7908571139,64.06714036973722,36.329557924913274,4930.475945174211,66.90624980926513,78.59378348990144,55.21871612862883,34.937046132326564,0.2781290420084739,0.0,0.0,62.2764996846517,66.59749997456868,57.9554993947347,13.876824522242428,0.4356053660483259,0.0,0.0,53.15250015258789,76.0,64.57625007629395,34.14852859418255,0.3749863716088681,4.810780989474706,17.047472799596346,-4.456020112429023,-3.6862175783425526,-0.7698025340864705,63.3364585240682,69.37240321819598,63.16850360431432,67.62452371674334,0.6061276886714759,1.0041197408948321,-0.3979920522233562,-0.7365516114355953,28.880301617022624,-0.3637464523315401,-179.62698566575136,-141.00919342181317,-38.6177922439382,61.56625175476074,67.15749931335449,64.36187553405762,67.5575008392334,7.389743448887303e-10,35.70492173621357,17.573926059005505,33.26749577284624,-83.74397863093579,79.4325008392334,73.01750183105469,8.0,96.0,-88.0,,62.95750045776367,0.0,0.0,42.59896463953387,0.7554228758288538,0.29240415716525064,0.24851209387266404,-21.939194173338493,44.24256701158417,39.41800014356673,18.000849871609745,-60.58199985643327,-12.342499934925755,-14.583259203024834,-6.589355262735469,-5.3021784133489485,-1.2871768493865208,13.59153102120998,16.347750133285196,-2.7562191120752164,68.3464189857334,10.032540114763622,9.560595528356863,212.43289400279343,12.708900958520204,-1714608.6156753302
2020-03-25,62.6875,64.5625,61.07500076293945,61.380001068115234,59.863895416259766,303602000,-0.3400001525878906,0,9148596041.234426,3977205200,-0.02253213143139763,-145806767.92028493,2.952178172391915,-1.0195286189967097,-985299.1981966926,63.5380438925355,42.44761178347244,4930.475945174211,66.31712493896484,77.87090902225512,54.76334085567456,34.84404395975803,0.2863416939741005,0.0,0.0,61.60616658528645,66.04191640218099,57.17041676839193,14.400343545978494,0.47450650662151594,0.0,0.0,53.15250015258789,76.0,64.57625007629395,34.45188534400409,0.3601050867917724,4.678452814233291,17.316563042803057,-4.2686171155356405,-3.80269748578117,-0.4659196297544703,62.90625,68.66586479773888,62.89334936797599,67.16196648351163,0.6608226909127155,0.9655881789858421,-0.30476548807312664,-0.7695069650689836,28.98346413114442,5.017874145507818,-186.6276131510416,-150.10372874783172,-36.52388440320988,61.56625175476074,67.15749931335449,64.36187553405762,67.5575008392334,3.694871724443651e-10,34.590429071216114,20.87452099533087,31.378419946989723,-54.767821972814396,79.44625091552734,73.01750183105469,4.0,92.0,-88.0,53.15250015258789,,1.0,0.0,42.2514962993043,0.7253671385099733,0.5028318387027659,0.31376313509145576,-20.957142527411342,48.351079847990356,42.079019098555065,31.48332751272281,-57.920980901444935,-11.437779078764073,-7.758202695090577,-6.3557059732364936,-5.512883925326458,-0.8428220479100359,12.258702619767108,15.52994063058158,-3.2712380108144714,68.12025066410084,-0.55087515531973,-0.552398067976867,210.7117788126856,9.77256245900324,42990094.062505305
2020-03-26,61.630001068115234,64.66999816894531,61.59000015258789,64.61000061035156,63.014122009277344,252087200,3.229999542236328,1,9390862055.329494,4229292400,0.06444155816975115,-8657009.55972457,0.38028333958568467,-0.8133942680602154,12280284.484345939,63.122076028587514,48.229125985560344,5189.932360436358,66.12862510681153,77.66463672928857,54.59261348433448,34.889615817186524,0.4341789629658036,0.0,0.0,61.583249918619785,65.77699953715008,57.389500300089516,13.6197736367346,0.8608644968166348,0.0,0.0,53.15250015258789,76.0,64.57625007629395,34.550090540229185,0.5014772090724596,4.539607242892969,17.264163276553237,-3.8154824152779554,-3.805254471680527,-0.01022794359742818,62.34583346048991,68.03913409893329,63.1574495591107,66.97293197438866,0.7045811161886927,0.9387930044802313,-0.2342118882915386,-0.7829114313927944,28.99179389257073,2.728873062133786,-181.08318699239484,-158.40477082016235,-22.678416172232488,58.96124839782715,67.15749931335449,63.05937385559082,67.5575008392334,50.00000000018474,33.52470769359918,19.914181062808105,29.666953801567736,-33.16433069450774,79.44625091552734,73.56624984741211,0.0,88.0,-88.0,53.38070014953613,,0.0,0.0,46.699408980714395,1.0,0.8269300047796087,0.5407220002158754,-18.72629994556123,49.72676449487927,62.075038188306635,47.857352476809496,-37.924961811693365,-10.681705575830797,-9.427347810234865,-5.697051484526685,-5.549717437166503,-0.1473340473601814,9.735140797918234,14.370980664048911,-4.635839866130677,68.07931763153432,5.2622995862315225,5.1285140423506625,227.06236346351812,12.743181992928818,-9971072.88661772
2020-03-27,63.1875,63.967498779296875,61.76250076293945,61.935001373291016,60.40517807006836,204216800,-2.674999237060547,0,9218597685.565453,4025075600,-0.001321947770603848,-85460263.07904196,-0.28612882412746266,-0.4701542089578674,3825249.9845099505,62.82084968617449,49.38305051510062,4975.057496275796,65.80837535858154,77.43629813129982,54.180452585863264,35.33873221868552,0.3334451448895785,0.0,0.0,61.08174985249836,64.82174886067709,57.341750844319655,12.24588037248492,0.6140710891803357,0.0,0.0,53.15250015258789,76.0,64.57625007629395,34.71822503278491,0.38439659828678807,4.3703965033448835,16.96891021089318,-3.6303713224167637,-3.7702778418277747,0.13990651941101095,61.768958727518715,67.34144196143517,62.96938060744614,66.5997519298629,0.76453457212256,0.9300036093642579,-0.16546903724169781,-0.788261873145177,28.8021270160993,-3.7508764266967773,-185.24444592780273,-165.50910748244613,-19.735338445356604,58.9112491607666,66.63250160217285,62.77187538146973,67.5575008392334,52.48956811185975,32.535109271526316,18.95075870365306,28.23170489375151,-43.92577209600985,79.44625091552734,73.82250213623047,0.0,84.0,-84.0,53.8322720703125,,0.0,0.0,43.697626294682586,0.7661022023244007,0.8304897802781244,0.7200838745868333,-17.789546182232165,46.70061937939591,47.58228905804519,50.57878211496899,-52.41771094195481,-9.595338036032288,-10.053366706222182,-5.451028295480675,-5.529979608829338,0.07895131334866345,6.313171554009722,12.759418842041073,-6.446247288031351,67.79991274569804,-4.140224751262378,-4.228373683751396,213.52124653933785,8.227176834245292,-28124825.260876328
2020-03-30,62.685001373291016,63.880001068115234,62.349998474121094,63.70249938964844,62.1290283203125,167976400,1.7674980163574219,1,9347598866.752295,4193052000,-0.02516848277411942,-30837660.668484427,0.22771094540574457,-0.6504861885516061,8618952.207997676,62.34822380575413,47.58063402913904,5117.035441879325,65.25837535858155,76.17004078012033,54.34670993704275,33.44142529317164,0.42870584329583983,0.0,0.0,61.235416539510084,64.65141614278158,57.819416936238596,11.156940856497435,0.8611070164902285,0.0,0.0,53.15250015258789,76.0,64.57625007629395,35.010831516827885,0.4617572735537418,4.127856822492817,16.863956025027214,-3.302972518187417,-3.6768167770997033,0.37384425891228634,61.90604209899902,66.78144205533542,63.08216811240034,66.38514063058776,0.7441404123104742,0.9652383091395728,-0.22109789682909853,-0.7817435567308181,28.34305171352874,4.234124946594235,-178.09624506259598,-170.92814417012676,-7.168100892469226,58.9112491607666,64.5987491607666,61.7549991607666,67.5575008392334,76.24478405592987,31.61619645103008,18.299528287908778,27.261540838442016,-28.919696865464825,79.23687553405762,74.09500122070312,0.0,80.0,-80.0,54.26578111425781,,0.0,0.0,46.160210953331095,0.9579858889509749,0.9080293637584583,0.8551497162720642,-16.272194468140977,49.21250489901337,61.50706394524539,57.054797063865756,-38.49293605475461,-7.520382230422072,2.6507682166973066,-4.975469640965907,-5.419077615256652,0.44360797429074506,2.406452307848606,10.68882553520258,-8.282373227353975,67.71318344209409,2.8537950709074167,2.813832851526765,222.46850041932498,10.983167641232804,-30933478.119801164
2020-03-31,63.900001525878906,65.62249755859375,63.0,63.5724983215332,62.002235412597656,197002000,-0.13000106811523438,0,9236609007.33111,3996050000,-0.010606749081667477,-30090919.204534855,1.5924508905589103,-0.5144243231203026,8216919.781229214,62.01810600112061,53.40142553258059,5117.035441879325,64.82050018310547,75.25430867655525,54.386691689655684,32.1929280520091,0.4401943277780234,0.0,0.0,61.401333236694335,64.59933280944824,58.20333366394043,10.416710531108587,0.8394567502973748,0.0,0.0,53.15250015258789,75.8499984741211,64.50124931335449,35.01592591451335,0.45908134990629434,3.9773208961029107,16.711116286754024,-3.019193226652959,-3.5452920670103545,0.5260988403573954,61.412708600362144,66.35942283043495,63.15760352919001,66.17679675584297,0.7573242857377577,0.9341374397641546,-0.17681315402639697,-0.7663254888317745,27.77725065141713,-4.267998504638669,-177.294476220042,-174.82447565093855,-2.4700005691034335,59.38749885559082,64.57625007629395,61.98187446594238,67.5575008392334,88.12239202796493,30.183086984157534,20.58770116263318,25.965879926128387,-12.379578139806556,77.09562683105469,74.09500122070312,20.0,76.0,-56.0,54.68194979644531,,0.0,0.0,46.000842294713316,0.9455679419614512,0.8898853444122753,0.876134829482953,-15.096930660159714,53.90404773817766,61.92242570041138,57.00392623456734,-38.07757429958862,-6.236853218078615,-8.518907734856187,-4.5623139448592065,-5.247724881177163,0.6854109363179566,0.06173306632010144,8.563407041426085,-8.501673975105984,67.69000392845092,-0.20407530216366432,-0.20428381954502584,221.81042185271158,9.98925192214574,27573364.71820876
2020-04-01,61.625,62.18000030517578,59.782501220703125,60.227500915527344,58.7398681640625,176218400,-3.3449974060058594,0,9125806385.572927,3819831600,-0.06481273543473436,-109999372.30253029,-4.530552539072356,-0.42637812369649536,-1055172.8131064335,61.76413849262727,56.93784015447276,4847.792125485564,64.04762535095215,73.37965007569845,54.71560062620585,29.14089218331205,0.29532177913680685,0.0,0.0,61.35941670735677,64.47516606648762,58.24366734822591,10.155733304933081,0.31835576913266667,0.0,0.0,53.15250015258789,74.88749694824219,64.01999855041504,33.93567938944856,0.32551193034240666,3.9585885165756274,16.395147616984808,-3.0292896633754083,-3.4420915862833654,0.41280192290795714,61.38562520345052,65.90586530245267,62.706818511703446,65.73610817507885,0.8000797683611567,0.9405307927311278,-0.14045102436997114,-0.7533025848598196,27.281934030382875,-0.832625198364255,-177.302005873173,-177.8076293985941,0.5056235254211003,59.38749885559082,64.57625007629395,61.98187446594238,67.5575008392334,69.06119600649933,29.6032375655022,19.169736006530062,30.02455154389195,-64.82836437055761,76.70812606811523,74.21374893188477,16.0,72.0,-56.0,55.33838266217422,,0.0,0.0,41.98427254484521,0.6199076841124933,0.8411538383416395,0.8796895155041247,-15.230780721945184,49.16760462242219,42.044269295472986,55.157919647043265,-57.955730704527014,-6.013029625836538,-0.536725575212737,-4.608258303499383,-5.119831565641608,0.5115732621422246,-2.5148083971954613,6.347763953701776,-8.862572350897237,67.61124718211126,-5.26170513086922,-5.4051886658138315,204.8777063744156,6.509879449720643,273867.76972714067
2020-04-02,60.084999084472656,61.287498474121094,59.224998474121094,61.23249816894531,59.72003936767578,165934000,1.0049972534179688,1,9282890523.135073,3985765600,-0.015544930157624462,-70461859.93807493,-0.901151795706646,-0.7322112236385652,1713715.347844374,61.13135440272032,49.66090776944001,4928.685698972658,63.447750091552734,71.83637686815604,55.05912331494943,26.442629610975416,0.367960991613909,0.0,0.0,61.24899991353353,64.3152493794759,58.18275044759115,10.012406636095493,0.4973091320892999,0.0,0.0,53.15250015258789,72.70500183105469,62.92875099182129,30.816698228468724,0.41324625100305895,3.768979664918065,16.308619652536255,-2.9225074364508146,-3.3381747563168553,0.4156673198660408,61.22041670481364,65.44701913686899,62.47999999743297,65.40250743388378,0.7686142167643261,1.0145744936518228,-0.24596027688749678,-0.7383660567239039,26.801227976418414,-1.7802505493164062,-171.67576446804637,-178.87305222786352,7.197287759817158,59.38749885559082,64.57625007629395,61.98187446594238,67.5575008392334,47.03059799202497,29.185590805680125,18.425983991035803,29.908385138552156,-64.62121582366159,76.64562606811523,74.3962516784668,12.0,68.0,-56.0,55.95542955595939,,0.0,0.0,43.578277413118535,0.7484021635742064,0.7712925965493834,0.8341105931010997,-14.891824763986616,43.16571871187701,64.79550679349697,56.254067263127126,-35.20449320650304,-5.971897338418394,-3.1361258860353236,-4.4684944830367765,-4.989564149120642,0.5210696660838652,-4.9572445396392,4.08676225503358,-9.04400679467278,67.58389040443761,1.6686683626928822,1.6548990570761646,209.96510420558914,9.257751155928304,2968702.995252073
2020-04-03,60.70000076293945,61.42499923706055,59.74250030517578,60.352500915527344,58.86177062988281,129880000,-0.8799972534179688,0,9247188151.151405,3855885600,-0.04832848605469142,-76723600.41462505,0.424253605165111,-0.25557159133480767,-152843.20670911716,61.04940250059579,52.44840586820402,4857.853542719788,62.85250015258789,70.29195881002147,55.41304149515431,23.672753317283167,0.33197707305204777,0.0,0.0,61.39074986775715,64.02949918111166,58.75200055440267,8.596569740681355,0.30326874042651036,0.0,0.0,53.15250015258789,71.61000061035156,62.38125038146973,29.36637430962036,0.3900853628266312,3.560331591614735,15.5086497241701,-2.8757404305979293,-3.2456878911730707,0.3699474605751414,61.110833485921226,65.13826927771935,62.152692446370565,65.0284328769685,0.9048348253508307,1.0041353842088527,-0.09930055885802203,-0.7239019516473987,26.18154684818335,-1.6575004577636747,-167.713120542696,-178.29598265594933,10.582862113253327,62.0987491607666,64.57625007629395,63.33749961853027,67.5575008392334,29.76529898291701,28.747124143649103,18.088015169944466,28.922572316555346,-61.89619821751496,74.984375,74.3962516784668,8.0,64.0,-56.0,56.53545363611745,,0.0,0.0,42.47773600429522,0.6596863144149776,0.6759987207005588,0.7628150518638609,-14.909514515779493,48.66215058538212,57.73859070308831,54.85945559735277,-42.26140929691169,-5.824617857091567,-2.1324014050680558,-4.422281613396295,-4.876107641975773,0.45382602857947774,-8.22461432614846,1.624486938797172,-9.849101264945633,67.4098583708898,-1.4371408643005013,-1.4475677535776832,205.510469027979,8.139630910563838,-22112123.271277487
2020-04-06,62.724998474121094,65.77749633789062,62.345001220703125,65.61750030517578,63.99672317504883,201820400,5.2649993896484375,1,9430193979.116482,4057706000,0.01590877714873454,86034668.6186933,5.914416166848247,0.20750937980425088,17453457.55464381,61.12976844264061,50.80200449791384,4857.853542719788,62.80625,70.1644297510221,55.44807024897789,23.431361531765084,0.6910289229333711,0.0,0.0,62.303083165486655,64.88783200581868,59.71833432515463,8.297338459050355,1.141148781647847,1.0,0.0,53.15250015258789,71.61000061035156,62.38125038146973,29.387999534701837,0.6753352210994967,3.74679797468959,14.870369574339291,-2.386327692016472,-3.073815851341751,0.6874881593252788,61.47937520345052,65.0335578918457,62.68573980926367,65.07206750128015,0.9263964802928802,0.9058278802663258,0.020568600026554473,-0.6942097206583283,25.600823080238463,-5.496248626708983,-148.17540841793777,-174.8013629617478,26.625954543810025,62.50124740600586,64.57625007629395,63.5387487411499,67.5575008392334,64.88264949145851,26.903730911476778,24.47001449279595,25.952236509659283,50.455438216813675,72.82749938964844,73.02750015258789,4.0,60.0,-56.0,57.08067627146603,,0.0,0.0,50.527798585835264,1.0,0.8026961593297277,0.749995825526557,-12.532772561411518,52.536598641024725,98.7327043084488,73.75560060167804,-1.2672956915511908,-5.187316602819102,7.226898655782837,-3.667207426549843,-4.634327598890588,0.9671201723407448,-8.21034358163371,-0.34247916528900424,-7.867864416344705,67.24759317311879,8.723746836966395,8.364004644129341,232.16242890640854,13.87659955932314,73966323.82373723
2020-04-07,67.69999694824219,67.92500305175781,64.75,64.85749816894531,63.255496978759766,202887200,-0.7600021362304688,0,9241045350.1647,3854818800,-0.06656352365832803,51716186.61404879,3.5621317741927787,0.5470767897804845,15103555.399019394,61.41789669787359,58.64775601537082,4857.853542719788,62.48237495422363,68.80826150775796,56.1564884006893,20.24854707641589,0.6877304623329579,0.0,0.0,62.81358311971029,65.38108228047689,60.246083958943686,8.174980739033643,0.8980361669572571,0.0,0.0,53.15250015258789,70.30500030517578,61.728750228881836,27.451741655393704,0.6824076905541625,3.689618482396412,14.02576819216965,-2.0363169966788206,-2.866316080409165,0.8299990837303444,62.10833326975504,64.65490399874173,63.01985647998393,65.05617347666275,0.995699383047007,0.8360639191205899,0.15963546392641714,-0.6561280459663057,25.15204314203565,-6.389876174926755,-139.13061684782517,-169.52391892805707,30.393302080231905,63.57500076293945,64.57625007629395,64.0756254196167,67.5575008392334,82.44132474572925,25.359497541717456,27.09435540713096,24.374502287517615,102.11818429403588,72.82749938964844,73.02750015258789,0.0,56.00000000000001,-56.00000000000001,57.77642187678,,0.0,0.0,49.45195794015455,0.9337276588338367,0.8644713244162712,0.7810554014821861,-10.885929496306272,50.873233280206684,79.23503617667345,78.56877706273687,-20.76496382332655,-4.363426365571861,13.169598001740344,-3.130090332486736,-4.333480145609817,1.2033898131230814,-8.077751399752003,-1.8895336121816042,-6.188217787570399,67.18493525271907,-1.1582308571582711,-1.1649905970384289,228.3152211589281,10.366675423613756,42398299.74708146
2020-04-08,65.68499755859375,66.84249877929688,65.30750274658203,66.51750183105469,64.87451171875,168895200,1.660003662109375,1,9338421896.82242,4023714000,-0.03731295080428546,84380538.59956971,-0.23857257618729263,0.4600675313015924,19426365.535518594,61.648972861604264,57.475754988394016,4982.188506271727,62.3653751373291,68.28906448109294,56.44168579356527,18.996724803530217,0.8504679645377368,0.0,0.0,63.20191650390625,65.57416534423828,60.82966766357422,7.50688894120928,1.1988274734880622,1.0,0.0,53.15250015258789,69.9800033569336,61.56625175476074,26.982124563977035,0.7942355747117187,3.519156695191927,13.059134969485733,-1.606464256668474,-2.614345715661027,1.007881458992553,62.9770835240682,64.43134630643405,63.557955764764046,65.16442002143252,0.9694347504255197,0.8619385676924989,0.10749618273302086,-0.6078484118596381,24.810955071101645,-0.645373916625978,-124.42802408588298,-163.22890082733355,38.800876741450566,63.57500076293945,64.50124931335449,64.03812503814697,67.5575008392334,91.22066237286464,23.925566555512372,26.028945312684108,23.41604284480268,127.35362741016753,72.82749938964844,73.02750015258789,0.0,52.0,-52.0,58.79127999427778,,0.0,0.0,51.86284521423778,1.0,0.9779092196112785,0.8816922344524261,-8.80191878485932,51.24887064415363,90.47215471670536,89.47996506727588,-9.527845283294637,-2.9246029124540414,18.585378221027955,-2.465247532534026,-3.959833622994659,1.4945860904606332,-9.173720153864076,-3.3463709205180985,-5.827349233345978,67.15441609324338,2.559462990362782,2.527257111715553,236.71832773621858,11.87016157653963,3025587.6096474826
2020-04-09,67.17500305175781,67.51750183105469,66.17500305175781,66.99749755859375,65.34264373779297,161834800,0.4799957275390625,1,9374886322.218523,4185548800,0.05093381748548325,83423320.59493671,0.6397909700956411,0.7126059082928967,20594178.673847746,62.283990016815146,67.38394038175844,5018.140385566271,62.61237506866455,68.86684656117639,56.35790357615271,19.978387613160514,0.850558995686469,0.0,0.0,63.52924995422363,65.72774887084961,61.33075103759766,6.921217921540447,1.288776282340138,1.0,0.0,53.15250015258789,69.9800033569336,61.56625175476074,26.875682620075725,0.8227600516772083,3.301490903602422,11.333075656020577,-1.2130875019658873,-2.3340940729219994,1.1210065709561121,63.41687488555908,64.09721169104942,64.08711604073784,65.30020354270373,1.069771411804101,0.8260869147179737,0.24368449708612738,-0.5519949212585955,24.553031246777895,-1.2323740005493136,-110.35588747223697,-154.90794988782625,44.552062415589276,63.57500076293945,64.01999855041504,63.797499656677246,67.5575008392334,95.61033118643232,22.78551615364944,26.704150776184044,22.76407536016707,133.57699065896472,72.56500053405762,73.02750015258789,0.0,48.0,-48.0,59.704652300025785,,0.0,0.0,52.56731645981588,1.0,0.9779092196112785,0.9400965878796096,-6.879078464612625,55.4741625384308,93.72140591547165,87.80953226961684,-6.278594084528355,-1.252999204747809,8.550706794413285,-1.8577086075582852,-3.539408619907385,1.6817000123490997,-10.264714644156516,-4.730039665245782,-5.534674978910735,67.15113827464462,0.7216081697688947,0.7190170357714187,239.14811469827237,11.292995053044216,12665466.17692697
2020-04-13,67.07749938964844,68.42500305175781,66.4574966430664,68.3125,66.62515258789062,131022800,1.31500244140625,1,9490925216.9212,4316571600,0.010815556961383808,96119317.92135759,0.8934790047772532,1.1842472392978338,23165846.395156287,63.3792246707188,76.26178110528645,5116.634614437548,62.55337505340576,68.56466026008093,56.54208984673059,19.21969902197269,0.9790260941369976,0.0,0.0,64.04691658020019,66.22166633605957,61.87216682434082,6.791114614038071,1.4807067246029455,1.0,0.0,53.15250015258789,68.42500305175781,60.78875160217285,24.41515407622822,0.9926336205335454,3.1680924541113202,8.976194390641336,-0.786161502221006,-2.0245075587818007,1.2383460565607947,63.99458312988281,63.90807694655199,64.73717511139355,65.52333661361456,1.1775524700955402,0.6587660100659612,0.518786460029579,-0.48836480884551886,24.36992928451088,2.0566255569458036,-91.38095223992988,-145.27291735197446,53.89196511204457,63.82500076293945,62.92875099182129,63.37687587738037,67.5575008392334,97.80516559321616,21.985653679589053,27.52163196418504,21.80583999876079,158.31654401404853,71.54812431335449,73.02750015258789,0.0,44.0,-44.0,60.52668737519899,,0.0,0.0,54.53056933082861,1.0,1.0,0.9852728130741859,-4.696768364943001,63.76925698273665,98.85783730339307,94.35046597852339,-1.142162696606934,0.31658906375660933,11.294393631879483,-1.1998190917183176,-3.0714907142695713,1.8716716225512537,-12.328215469515378,-6.249674826099701,-6.078540643415677,67.25272029409624,1.962763520019828,1.9437497115050384,245.804790172405,12.027688268389596,-11337137.670017362
2020-04-14,70.0,72.0625,69.51249694824219,71.76249694824219,69.98993682861328,194994800,3.4499969482421875,1,9640038475.692001,4511566400,0.09775447619144785,178492481.77874875,4.375985518612957,1.071876760895749,33013699.495585855,64.23201986898931,75.761605563956,5116.634614437548,63.11387481689453,70.25808899752991,55.96966063625915,22.639123968737835,1.1052885532736423,1.0,0.0,64.82708307902018,67.10383288065592,62.550333277384446,7.024069859384288,2.0230953054743317,1.0,0.0,53.15250015258789,72.0625,62.607500076293945,29.961715870359175,0.9841352165955269,3.2262832087001883,7.932599269018672,-0.1675027828776905,-1.6531066036009787,1.4856038207232882,64.5906244913737,63.88903837937575,65.81799385552411,65.9854966384018,1.1593751656168436,0.684360722132553,0.47501444348429067,-0.4110386758848835,24.207229099394798,-1.1788734436035142,-67.30231423016576,-133.05156601976597,65.74925178960021,65.64374923706055,62.607500076293945,64.12562465667725,67.47875022888184,98.90258279660807,22.16007357208705,33.04724748340551,20.071619226967073,206.37475435387682,71.49749946594238,73.02750015258789,100.0,40.0,60.0,61.474485256386046,,0.0,0.0,59.29119206004711,1.0,1.0,0.992636406537093,-1.3556989700813196,63.85526070023456,97.66307290283049,96.74743870723177,-2.3369270971695024,1.7440449434168244,11.070261987808557,-0.2538478778080581,-2.5079621469772686,2.2541142691692104,-11.260155310405946,-7.251770922960951,-4.008384387444995,67.74344995459879,5.0503157522300945,4.9269247031195285,263.2690239624483,14.532959123113052,71418615.80224389
2020-04-15,70.5999984741211,71.5824966430664,70.15750122070312,71.10749816894531,69.3510971069336,131154400,-0.654998779296875,0,9683756609.025335,4380412000,0.07468384458475588,140721274.11043978,0.08963692766396526,0.8674095291294668,31816612.220858317,64.81757951720171,68.53939023213557,5069.93348823535,63.508499717712404,71.45799269535549,55.55900674006933,25.03442220483121,0.977954913137486,0.0,0.0,65.51549975077312,67.6724993387858,63.35850016276042,6.5847000975894545,1.7962446653326178,1.0,0.0,53.15250015258789,72.0625,62.607500076293945,29.775541748686823,0.9494975230692356,3.0641544605840756,6.840958872940333,0.2668595907137927,-1.2691133647380246,1.5359729554518173,65.3549992243449,64.06461510291466,66.63176374989659,66.3649041591828,1.1130969000514461,0.7469323680148998,0.3661645320365463,-0.32868868197817896,23.968595128789374,0.19399967193603374,-47.83564005012128,-118.66641426164912,70.83077421152785,65.64374923706055,62.607500076293945,64.12562465667725,67.47875022888184,99.45129139830404,22.322034900835188,31.878666005226115,19.36186806002099,167.02201231512768,71.49749946594238,73.02750015258789,96.0,36.0,60.0,62.956807320492,,0.0,0.0,58.04856109539468,0.9282003383929222,0.9760667794643071,0.9920222598214359,1.0958567199077651,66.48325680406181,92.56084348555274,96.36058456392544,-7.439156514447263,2.714588591631724,14.809875825093407,0.4021095096795492,-1.9259478156459053,2.3280573253254544,-12.981515805710803,-8.397719899510921,-4.583795906199882,68.05775560129089,-0.9127313111321755,-0.916922224037986,259.95335383709875,11.68231318567991,-22651734.35410592
2020-04-16,71.84500122070312,72.05000305175781,70.5875015258789,71.67250061035156,69.90217590332031,157125200,0.56500244140625,1,9759767163.25319,4537537200,0.060950704672731504,133300538.03844057,0.417693959504053,0.8700817162664931,33065089.8623515,65.37847496677178,67.57049425761116,5069.93348823535,64.00874977111816,72.66009440207867,55.35740514015765,27.031756320490242,0.9429225262745393,0.0,0.0,66.58616650899252,68.64966634114583,64.5226666768392,6.19798357628725,1.7324532384505504,1.0,0.0,53.15250015258789,72.0625,62.607500076293945,29.542835807651755,0.9793760236491059,2.9039891671135587,6.360160020436207,0.6492022765661574,-0.8854502364771881,1.5346525130433455,66.01916599273682,64.07759593083308,67.40726172842813,66.75805945186197,1.1223975417354417,0.7297577665536493,0.3926397751817924,-0.24408510966170516,23.785240523732067,-0.4362514495849581,-24.079295316788716,-102.26680657817606,78.18751126138734,65.90250015258789,62.607500076293945,64.25500011444092,67.47875022888184,99.72564569915201,22.586805670932044,31.88160214354537,18.712540856630955,150.4061501860922,71.49749946594238,73.02750015258789,92.0,32.0,60.0,64.23160429562311,,0.0,0.0,58.849721152985076,0.9744916530827882,0.9675639971585698,0.9812102588742926,3.3739007951547997,60.87402283087836,96.96203043199455,95.72864894012594,-3.037969568005458,3.720728503956522,12.511284952813387,0.9724702633609136,-1.3462641998445415,2.318734463205455,-13.16153894196876,-9.35048370800249,-3.81105523396627,68.9409619477796,0.7945750532016405,0.7914349284235733,262.81345338985096,11.980390389322459,32930011.38370201
2020-04-17,71.17250061035156,71.73750305175781,69.21499633789062,70.69999694824219,68.95368957519531,215250000,-0.972503662109375,0,9797952668.198294,4322287200,0.10826813068081016,84353116.4230858,-0.9873256445067322,0.8199962290965452,30144424.17486453,66.0820361372911,66.54401554053803,5069.93348823535,64.48399963378907,73.50139582418018,55.46660344339795,27.96785634142357,0.8446669738808223,0.0,0.0,67.58308321634928,69.69258371988933,65.47358271280925,6.2426879720389055,1.2387800397919502,1.0,0.0,53.15250015258789,72.0625,62.607500076293945,29.325103831654125,0.9279480136038036,2.8658409217889216,5.310870588677759,0.8637815556660797,-0.5356038780485346,1.3993854337146143,66.61312421162923,64.14846126849835,67.91383637763029,67.05005482196421,1.0979836593327328,0.7344178461866631,0.3635658131460697,-0.1639433037356275,23.5624024474737,-4.256498718261724,-6.130927550303711,-84.31322957902135,78.18230202871764,67.20375061035156,62.607500076293945,64.90562534332275,67.47875022888184,99.86282284957602,22.267467799072527,30.01206982944748,20.805856030892052,114.94897019676345,71.49749946594238,73.02750015258789,88.0,28.000000000000004,60.0,65.32792969423588,,0.0,0.0,56.83769111748587,0.8582358379602935,0.9203092764786677,0.9546466843671818,4.807643866077431,69.4862286620781,89.38654029359869,92.96980473704866,-10.613459706401322,4.34000001795151,11.211606928926948,1.2882637575161575,-0.8193586083724017,2.107622365888559,-10.64774709273298,-9.609936384948588,-1.0378107077843914,69.25238581700741,-1.356871399529369,-1.3661610274173341,257.8905414071592,10.438112623493204,82278377.7061369
2020-04-20,69.48750305175781,70.41999816894531,69.2125015258789,69.23249816894531,67.52243041992188,130015200,-1.467498779296875,0,9672243679.006475,4192272000,0.17557665227586947,45045935.8926394,-0.6129649457713117,0.759947951155327,27445737.392321706,66.47361352258923,60.446858281398185,4964.698388854108,65.08012447357177,73.68874644316757,56.47150250397597,26.455456375445795,0.7411752839211098,0.0,0.0,68.49458312988281,70.55658340454102,66.43258285522461,6.02091488241672,0.6789318479079293,0.0,0.0,53.15250015258789,72.0625,62.607500076293945,29.056489981194222,0.8503436354367828,2.728006371846358,4.912699520273624,0.9049901303370262,-0.24748507637142245,1.1524752067084487,67.36354064941406,64.42442277761606,68.11670742244799,67.21171729211096,1.0862243046543467,0.7700686667435147,0.316155637910832,-0.09428068144539888,23.184111462875688,-3.847626304626459,16.195107744741772,-66.04983889427919,82.24494663902097,68.40625,62.607500076293945,65.50687503814697,67.47875022888184,99.93141142478802,21.96990297832294,28.934568442056964,20.06490009410143,86.93348874276415,70.45125007629395,71.98125076293945,84.0,24.0,60.0,66.27076953704285,,0.0,0.0,53.84601349782343,0.6853756350203862,0.8393677086878224,0.9090803274416869,5.275888831211147,62.80534355482181,77.9551977045554,88.1012561433829,-22.04480229544459,4.890845624138336,14.951636904290638,1.34647672578253,-0.3861915415414154,1.7326682673239455,-12.251800271256794,-10.13830916221023,-2.1134911090465636,69.24940996659589,-2.075670215900005,-2.097515063526245,250.46191403364756,9.239540971082107,-35970087.59591538
2020-04-21,69.06999969482422,69.3125,66.35749816894531,67.09249877929688,65.435302734375,180991600,-2.1399993896484375,0,9581288528.439758,4011280400,0.115661425733661,-16720899.739379667,-3.23473555251436,0.41514891950723626,21851227.244987026,66.76156026562464,52.54530273730831,4964.698388854108,65.63012447357178,73.21648191048435,58.04376703665922,23.11852216573952,0.5963818484619304,0.0,0.0,68.79533309936524,70.80958404541016,66.78108215332031,5.855777871256531,0.07730333367548951,0.0,0.0,58.57500076293945,72.0625,65.31875038146973,20.550775036990444,0.6315105466663009,2.750705917767191,4.687836638458391,0.7562505708014271,-0.046737946936852515,0.8029885177382796,67.85187403361003,64.33211502662071,67.9591368619632,67.20288629116178,0.9858714561098312,0.8531768721617949,0.13269458394803624,-0.040842930638257946,22.9432959372958,-5.277623558044439,26.38974088448565,-47.65868803513354,74.04842891961918,68.68500137329102,62.607500076293945,65.64625072479248,67.47875022888184,99.96570571239401,20.584037082690227,26.87067502354794,25.525262391529267,41.86100599085091,70.45125007629395,71.98125076293945,80.0,20.0,60.0,,72.0625,0.0,1.0,49.73489360406624,0.4478336570764719,0.6638150433523836,0.8078306761729581,4.5755817234059,58.46868367435777,61.28529207428578,76.20901002414665,-38.71470792571422,4.473581022374773,9.57008253065775,1.1253245396706806,-0.0838883252989962,1.2092128649696767,-11.171196884159265,-10.344886706600038,-0.8263101775592272,69.2126898533142,-3.091033035419699,-3.1398133038616827,239.62902049430332,7.886212910230611,54931200.43483853
2020-04-22,68.40249633789062,69.4749984741211,68.05000305175781,69.0250015258789,67.32006072998047,116862400,1.9325027465820312,1,9624343360.304495,4128142800,0.06274732897727191,17930215.790841423,1.1309759563807054,0.8195438120395977,25217280.277458895,67.33260506312173,58.67206202407725,5107.6993717802725,65.99537448883056,73.49646868471588,58.494280292945255,22.732181623288884,0.7019456733865724,0.0,0.0,69.09591649373371,70.93516667683919,67.25666631062825,5.323759424400344,0.480721772245504,0.0,0.0,59.224998474121094,72.0625,65.64374923706055,19.45212316061878,0.7633886572088929,2.713885295472894,3.2122625986879005,0.785258250997444,0.11966129265000679,0.6655969583474372,68.57458241780598,64.65798040536734,68.12311604102716,67.33785779002972,1.0948823029777655,0.7532906203144989,0.34159168266326656,0.005131297837186375,22.68798767338677,-0.3778741836547823,38.5403778317794,-29.551087822059944,68.09146565383935,69.1187515258789,62.607500076293945,65.86312580108643,67.47875022888184,99.98285285619701,19.352820701381237,25.701308777257516,24.03657785963747,61.44747051049688,69.41374969482422,70.98125076293945,76.0,16.0,60.0,,71.9483999633789,0.0,0.0,53.20912623975142,0.638262008707305,0.5904904336013874,0.6978910618805315,4.906898380235485,60.40626586159069,76.33886572088929,71.85978516657684,-23.661134279110705,4.2227798910702035,14.369745211536584,1.1661467661267242,0.1661186929861479,1.0000280731405762,-13.11531026043476,-10.898971417366983,-2.216338843067776,69.20224018619396,2.8803558993071077,2.8396533858639827,249.41154502186998,11.125648837084512,-29836836.276498884
2020-04-23,68.96749877929688,70.4375,68.71749877929688,68.75749969482422,67.05916595458984,124814400,-0.2675018310546875,0,9505334409.987787,4003328400,0.10458520251678802,10599030.600436624,1.1231064947720966,0.9641336899309365,24733570.3201404,67.94050729876562,64.87573007727437,5107.6993717802725,66.36424942016602,73.64351257270157,59.08498626763047,21.937302737951583,0.6643882234031182,0.0,0.0,69.40408299763997,71.26183369954427,67.54633229573568,5.353433462891413,0.3259768379705163,0.0,0.0,59.224998474121094,72.0625,65.64374923706055,19.344001684705248,0.7425511265947439,2.614496887995917,3.1014780812826475,0.7776970765825695,0.2512684494365194,0.5264286271460501,68.83624903361003,64.87115346468411,68.2207135262267,67.44301644964413,1.1324615438107295,0.695330195696646,0.4371313481140835,0.043281419604549363,22.516190655490753,-1.506751251220706,50.70175617558456,-11.655794083413106,62.35755025899767,69.20999908447266,62.607500076293945,65.9087495803833,67.47875022888184,99.9914264280985,18.54465011482498,27.01379555857476,22.993956194352165,64.51866801274302,68.97312355041504,70.78125,72.0,12.0,60.0,,71.83658192749023,0.0,0.0,52.66647863078925,0.6059874063196221,0.5640276907011327,0.6061110558849682,5.039191725861466,49.39157981061517,73.17369815711723,70.26595198409744,-26.82630184288277,4.000779297772567,4.785307844774392,1.1531172796270637,0.3635184103143311,0.7895988693127326,-14.253579205752875,-11.569892975044162,-2.6836862307087124,69.18993289323664,-0.38754339028068685,-0.3882962855040972,248.0574236742601,10.110985427553558,10084590.33541891
2020-04-24,69.30000305175781,70.75250244140625,69.25,70.74250030517578,68.9951400756836,126161200,1.9850006103515625,1,9629815903.55321,4129489600,0.07273963090314413,44860606.08647218,0.5046624165829405,0.9698771764607814,28375792.04306812,68.5005611544128,70.21799738041858,5107.6993717802725,66.67087440490722,74.14281758615952,59.19893122365493,22.414414833900345,0.7724609784563532,0.0,0.0,69.73924967447917,71.6130007425944,67.86549860636394,5.373591132285779,0.7677118235630321,0.0,0.0,59.224998474121094,72.0625,65.64374923706055,19.25503698648659,0.8971762774739888,2.5525474738545286,2.5810652790643034,0.9212580618230959,0.3852663719138347,0.5359916899092612,69.3266658782959,65.2201919555664,68.6086807229881,67.687422661165,1.1170982421789408,0.6783119469396367,0.4387862952393041,0.08027919394007552,22.411743228105948,-0.15337257385253622,62.567342500735634,5.449571998883062,57.117770501852576,69.20999908447266,62.607500076293945,65.9087495803833,67.47875022888184,99.99571321404926,17.904689670385952,26.436903933944095,21.81213516048487,76.94678054963853,68.26749992370605,70.62125015258789,68.0,8.0,60.0,,71.72700025231933,0.0,0.0,56.23339703429831,0.689224284279741,0.6444912331022224,0.599669785801581,6.1224592484984175,54.67580902568175,86.41626076005817,78.64294154602158,-13.583739239941838,3.950044340245867,9.07374213063354,1.3610476298304364,0.5630242542175521,0.7980233756128843,-15.013784078485376,-12.258671195732406,-2.75511288275297,69.26331229929677,2.8869586869241237,2.8460711083604373,258.10569770250845,12.155864895292765,13590310.057106763
2020-04-27,70.44999694824219,71.13500213623047,69.98750305175781,70.7925033569336,69.04390716552734,117087600,0.0500030517578125,1,9677008266.836346,4246577200,0.14334612326196644,39288339.120261595,0.5488207659520484,0.586620362111053,28458553.286984302,68.9829648666492,69.26565729903265,5111.30965633268,67.11374950408936,74.45930924173219,59.76818976644653,21.889880365558327,0.7504066391286839,0.0,0.0,70.0299166361491,71.82166697184246,68.23816630045573,5.117099724686727,0.7128049610464827,0.0,0.0,59.224998474121094,72.0625,65.64374923706055,19.127975445771654,0.9010713540710207,2.4120426349163413,2.6062231690121096,1.0272247972734476,0.5136580569857574,0.5135667402876902,69.68291600545247,65.58932671180138,68.9446534359028,67.91742863862935,1.1384013855114117,0.7714206199315211,0.36698076557989057,0.11485505647617071,22.18619487541885,-0.11625194549560547,72.92189182650051,21.030039338512648,51.89185248798786,69.20375061035156,62.607500076293945,65.90562534332275,67.47875022888184,99.99785660702463,17.449430949147818,26.649690773668667,21.139129603601216,78.4084801896929,67.99374961853027,70.62125015258789,64.0,4.0,60.0,,71.61961021065184,0.0,0.0,56.32268662370236,0.6982991358704285,0.6645036088232635,0.6243408442088731,7.0483880060336555,52.348071385012574,82.63252453926282,80.74082781881276,-17.36747546073718,4.013015388039975,6.426882261358556,1.5124612604800438,0.7529116554700505,0.7595496050099934,-15.98364328760754,-13.003665614107433,-2.979977673500107,69.31028118062659,0.07068318414262809,0.07065821534517625,258.3588182122408,11.131212871295944,5573993.275328249
2020-04-28,71.2699966430664,71.4574966430664,69.55000305175781,69.6449966430664,67.92475128173828,112004800,-1.1475067138671875,0,9576159193.119549,4134572400,0.0727445888069146,15314824.96231686,-0.09792983924605621,0.3251873897225647,26643018.394294806,69.35773047101969,62.605818573974084,5028.4581979272125,67.41087436676025,74.66058002080388,60.16116871271662,21.50900940581301,0.6540836540763584,0.0,0.0,69.9404167175293,71.66791610717773,68.21291732788086,4.939917348863807,0.4144948831145433,0.0,0.0,59.224998474121094,72.0625,65.64374923706055,19.043665649601742,0.8116842789026986,2.3615877305555664,2.705269409477079,1.0070019057391733,0.6123268267364406,0.3946750790027327,69.90354092915852,66.06374960679274,69.0523985446972,68.04539663895802,1.0439248216902877,0.8258055118112364,0.21811930987905126,0.1426650453204461,22.0331782662725,0.9016256332397461,71.44446492730611,34.28338433600458,37.161080591301534,69.20375061035156,62.607500076293945,65.90562534332275,67.35375022888184,99.99892830351232,16.820955165912718,25.25474026536523,21.233177434836318,63.72987563071536,66.79125022888184,69.48125076293945,60.0,0.0,60.0,,71.51436796981771,0.0,0.0,53.619214819545824,0.4064671309055401,0.597996850351903,0.6356638974257965,7.152247156702083,48.2830743359115,64.21163079362677,77.7534720309826,-35.78836920637323,4.5165449479047055,3.951638764055691,1.47989717964644,0.8983087603053284,0.5815884193411116,-16.932289263121177,-13.789390343910183,-3.142898919210994,69.32095053442164,-1.6209438280229915,-1.6342248365057266,252.55002306625335,9.751298154592675,6966001.36765945
2020-04-29,71.18250274658203,72.4175033569336,70.97250366210938,71.93250274658203,70.1557388305664,137280800,2.287506103515625,1,9621285964.25984,4271853200,0.12480454344585014,57988516.80991557,1.2538979800571382,0.43179242945430973,31152038.18081198,69.78061956530622,62.25548045982723,5028.4581979272125,67.8288745880127,75.10910355683859,60.54864561918681,21.466459566211103,0.7818337291410176,0.0,0.0,70.02291717529297,71.7524169921875,68.29341735839844,4.939810812408631,1.0520629585026164,1.0,0.0,59.224998474121094,72.4175033569336,65.82125091552734,19.449688591979076,0.9632366548536637,2.4026796288867285,2.705269409477079,1.162161074125379,0.7222936762142282,0.4398673979111507,70.20520782470703,66.6729805286114,69.49549149883333,68.33333042470795,1.0423018139377496,0.7299036147556005,0.31239819918214906,0.17115591192815177,21.918317583811735,3.933622360229492,76.04396430378422,45.408190960512684,30.635773343271538,69.38750076293945,65.49625205993652,67.44187641143799,67.32375144958496,99.99946415175616,16.61266552532745,25.964409280934493,19.625217216020115,91.30601124971093,64.5262508392334,67.5575008392334,100.0,0.0,100.0,66.35749816894531,,1.0,0.0,57.95207577403937,0.8598708179557073,0.6548790282438917,0.639126495806353,8.424119809568428,55.40827312824724,92.23066741463451,79.69160758250806,-7.769332585365496,5.027751226986155,5.299180598839204,1.7007235955020346,1.0587917273446696,0.6419318681573649,-16.209093864394514,-14.27333104800705,-1.9357628163874647,69.34880804491469,3.28452324470514,3.231735553149395,264.12961052307776,12.57344917740086,36760985.87203024
2020-04-30,72.48999786376953,73.63249969482422,72.0875015258789,73.44999694824219,71.6357421875,183064000,1.5174942016601562,1,9761101132.67954,4454917200,0.2056581838541135,89389951.34174404,0.983218102744979,0.45632293892926246,35013971.909315765,70.29885984671022,62.92024506209748,5028.4581979272125,68.48999938964843,75.27355426899928,61.70644451029759,19.808891633239263,0.8655898453546825,0.0,0.0,70.18491694132487,71.92266642252604,68.4471674601237,4.9519171837275024,1.4394564758150377,1.0,0.0,59.224998474121094,73.63249969482422,66.42874908447266,21.035919621983048,0.9873327967295411,2.3324113608222747,2.705269409477079,1.3915341928039737,0.8561417795321774,0.5353924132717963,70.34583282470703,67.12413421043983,70.10387695258854,68.71234275978456,1.0449358884288023,0.7095314293313068,0.3354044590974955,0.2029266179495697,21.83467807811818,2.6174987792968807,82.35849922087957,55.24034949064416,27.11814973023541,69.99499893188477,66.42874908447266,68.21187400817871,67.15749931335449,99.99973207587809,16.866301933302157,28.131606144370803,18.690579511961015,114.76892855037266,64.36187553405762,67.5575008392334,100.0,24.0,76.0,66.47869827270507,,0.0,0.0,60.58278049300999,1.0,0.7554459829537489,0.6694406205165148,10.263577866499558,62.63820276306934,97.49137170716975,84.64455663847703,-2.508628292830258,5.445722041410562,2.351506806148466,2.0251589989715795,1.2520651816700517,0.7730938173015278,-13.031848400609594,-14.025034518527558,0.9931861179179649,69.43180585760085,2.1096085131450115,2.087664360025876,271.8113197855543,12.927619892457237,70458808.56654778
2020-05-01,71.5625,74.75,71.4625015258789,72.26750183105469,70.48247528076172,240616800,-1.1824951171875,0,9638322621.551874,4214300400,0.11234470818767921,35973073.84816901,0.33644658265124333,0.41653490877740457,31140204.680791862,70.73467409341548,53.582214626380306,5028.4581979272125,69.0417495727539,75.13424855824435,62.94925058726344,17.64873869272499,0.7647314563353278,0.0,0.0,70.41250050862631,72.22674916585285,68.59825185139974,5.1532004803729174,1.0112312788656366,1.0,0.0,59.74250030517578,74.75,67.24625015258789,21.736847324545007,0.8345828272912459,2.4279200721521565,2.739273073892515,1.4610544423314593,0.9771243120920339,0.48393013023942544,70.44249979654948,67.54288423978366,70.4367423185064,68.97568787617494,1.013438621215906,0.715181115788087,0.29825750542781915,0.23156579550316134,21.942996606661108,2.630751037597662,86.83300321412038,63.08900454279733,23.743998671323048,70.55374908447266,66.98749923706055,68.7706241607666,67.15749931335449,99.99986603793904,17.48485574627311,28.66044025223792,17.00408761066695,107.41766855389477,64.36187553405762,67.5575008392334,100.0,20.0,80.0,66.76485032958983,,0.0,0.0,57.56066971067856,0.7214101867699608,0.8604270015752223,0.7569173375909545,11.020762397479885,53.8813322376216,70.42004614453165,86.71402842211198,-29.579953855468347,5.875619024388925,1.6313380332314684,2.1182165590785296,1.4252954571517473,0.6929211019267822,-7.553458591195418,-12.730719333061131,5.177260741865713,69.48124810389392,-1.609932152918625,-1.6230323537716806,265.82540980013556,10.660337886345872,101322734.0212082
2020-05-04,72.2925033569336,73.42250061035156,71.58000183105469,73.29000091552734,71.47972106933594,133568000,1.0224990844726562,1,9752680058.769266,4347868400,0.15958946542951416,50344514.40055111,-0.8345643552689287,0.04435277492869848,33030032.808988698,70.8284072655673,45.7759337131212,5099.604892823481,69.68862457275391,74.5828736749713,64.79437547053652,14.046048784067654,0.8679191912342382,0.0,0.0,70.72675069173178,72.60449956258137,68.84900182088217,5.309868903871804,1.1825327560004915,1.0,0.0,62.345001220703125,74.75,68.54750061035156,17.80060785436544,0.8823055841884242,2.3693779428666284,2.739891649045235,1.5804385597558621,1.0977871616247996,0.4826513981310625,70.57729148864746,67.87673040536734,70.87570517958655,69.29526661983068,0.9539729171387417,0.8349106270878968,0.1190622900508449,0.25933418016688187,22.083173632082023,1.0113723754882784,92.68471460464063,70.45511273392567,22.22960187071496,71.4000015258789,66.98749923706055,69.19375038146973,67.15749931335449,99.99993301896953,18.05922714403185,27.180173289698462,16.12585305122988,105.81151985699793,63.05937385559082,67.5575008392334,96.0,16.0,80.0,67.24395930981444,,0.0,0.0,59.44457220267487,0.895075575364342,0.872161920711434,0.8293449684134687,12.185250212974081,59.141097039300334,82.60352974758686,83.50498253309611,-17.396470252413135,5.966081899755139,2.256793458301869,2.280730902482129,1.5963825462178236,0.6843483562643056,-8.472692859910401,-11.879114038430986,3.406421178520585,69.70998267973786,1.4148809057535017,1.4049648896214961,271.0014036717922,12.014167351005256,-44025237.16873655
2020-05-05,73.76499938964844,75.25,73.61499786376953,74.38999938964844,72.55253601074219,147751200,1.0999984741210938,1,9744998896.493423,4495619600,0.10111347625557954,66370454.42183818,2.1371021916385016,0.19060029378402252,35247608.09237402,71.07083610016461,52.551826658508794,5099.604892823481,70.12724952697754,75.05572610154485,65.19877295241022,14.055810281483684,0.9324612076547348,0.0,0.0,71.40983403523764,73.15558293660482,69.66408513387043,4.8893795230100725,1.353549256733566,1.0,0.0,64.75,75.25,70.0,14.97278172297448,0.9180951799665179,2.328440057027231,2.729010928010214,1.7437115948785902,1.2269720482755577,0.5167395466030325,70.88479169209798,68.35576879061185,71.41636582728837,69.67265423240978,0.9972545438647289,0.7659770258178119,0.23127751804691699,0.28792667104567626,22.255018331883694,-0.8947513580322237,101.09138844103694,77.40522502384317,23.686163417193768,71.98374938964844,67.23749923706055,69.61062431335449,66.63250160217285,99.99996650948476,19.193669320528226,30.870473071069465,15.225011986148054,153.34797214108374,62.77187538146973,67.5575008392334,100.0,12.0,88.0,67.69432175122557,,0.0,0.0,61.42825846141808,1.0,0.872161920711434,0.8682502809993636,13.733229085976623,56.07932912374145,90.32892400035004,81.11749996415621,-9.671075999649952,6.386206671770893,5.219239887814442,2.5027202050635586,1.7776500779869708,0.7250701270765878,-8.425634245045575,-11.188418079753905,2.7627838347083298,70.5209099603871,1.5008847869833364,1.4897329568892559,276.5697072989968,12.506974028638375,19058331.84193498
2020-05-06,75.11499786376953,75.80999755859375,74.71749877929688,75.15750122070312,73.30109405517578,142333600,0.7675018310546875,1,9717314635.569935,4637953200,0.1560091693989627,72494860.73594779,0.6380354159384053,0.20633896924361908,36716102.50717308,71.32430870389857,52.388661611106976,5152.218901762995,70.64224967956542,75.41043709856928,65.87406226056157,13.499534458861204,0.9734767265168666,0.0,0.0,72.0476671854655,73.76016642252605,70.33516794840496,4.753795102490199,1.4079811447319392,1.0,0.0,65.30750274658203,75.80999755859375,70.55875015258789,14.867157911379145,0.9378722532531638,2.237595868219039,2.728805098488715,1.9129859240773754,1.3641748234359214,0.548811100641454,71.37854194641113,68.79634578411395,71.99192511858296,70.07893919450558,1.0091062465343277,0.7512025473265,0.25790369920782763,0.3173850412660272,22.349600325551037,-3.549750900268549,108.23110969035538,83.79737541437326,24.43373427598212,72.52999877929688,67.51749801635742,70.02374839782715,64.5987491607666,99.99998325474238,20.416702401850635,31.2282344082385,14.589137086835946,167.92048551892304,61.7549991607666,67.5575008392334,100.0,8.0,92.0,68.29877601112753,,0.0,0.0,62.79564044018525,1.0,0.9650251917881136,0.9031163444036606,15.426920984184045,54.746061356957476,93.09710256522013,88.67651877105236,-6.902897434779871,6.677198286617511,8.558124014677707,2.729758677950079,1.9680717979795925,0.7616868799704866,-8.579654712239398,-10.666665406251004,2.0870106940116067,71.22797797669709,1.0317271640702286,1.0264411861893308,280.4548792608603,12.500281545700055,13463096.648984939
2020-05-07,75.80500030517578,76.2925033569336,75.49250030517578,75.93499755859375,74.05937957763672,115215200,0.777496337890625,1,9729554973.24565,4753168400,0.1304146951372422,74935508.64071754,0.4365785490902246,0.3080464116434017,37907991.46854611,71.67018959619323,60.81112548278466,5205.518057044493,71.11312446594238,76.01706635634015,66.2091825755446,13.791946078100898,0.9916323643733322,0.0,0.0,72.70791727701823,74.32841669718424,71.08741785685221,4.457559728995912,1.4957054724662984,1.0,0.0,66.17500305175781,76.2925033569336,71.2337532043457,14.227331988515388,0.9646646120527463,2.127336495020182,2.699962558459033,2.0858303522662425,1.5085059292019858,0.5773244230642567,72.11541684468587,69.2718265240009,72.59855164781538,70.51272129554914,1.0749661649871212,0.6979697891051809,0.37699637588194024,0.3476454050850845,22.37307074250934,-2.088122940063471,115.67384915575438,89.69809837604201,25.97575077971237,72.9212532043457,67.75875091552734,70.34000205993652,64.72250175476074,99.99999162737119,21.699212615165894,31.619796984584607,14.082848515099359,170.01836371132882,61.98187446594238,67.5575008392334,100.0,4.0,96.0,69.04989816587415,,0.0,0.0,64.18092374642848,1.0,1.0,0.9457290374998495,17.254704415288007,59.62290995072543,96.40155398436954,93.27586018331324,-3.5984460156304596,6.873073465683888,13.17956394556802,2.9580908436700812,2.1660756071176905,0.7920152365523907,-10.035727063336683,-10.540477737668141,0.5047506743314578,72.09677398374836,1.034489339404021,1.0291751170578678,284.39064442805636,12.617267779268701,-9599733.613864034
2020-05-08,76.41000366210938,77.5875015258789,76.07250213623047,77.53250122070312,75.82211303710938,133838400,1.597503662109375,1,9853675675.806911,4887006800,0.16114600973964976,94774340.85359494,1.0612140669609098,0.4276306268385604,40723654.087957904,72.16147295391154,67.38772406394233,5205.518057044493,71.63987464904785,76.91176099632493,66.36798830177078,14.717743081218924,1.0588726865004219,1.0,0.0,73.38950068155924,75.01124979654948,71.767751566569,4.419567104093238,1.7773247418016394,1.0,0.0,66.35749816894531,77.5875015258789,71.97249984741211,15.67563233736458,0.9951023785632421,2.079853242246679,2.5302159955872163,2.3249158191663497,1.6717879071948587,0.653127911971491,72.82437515258789,69.93740345881535,73.35762081287504,71.03270499370869,1.1005287414202674,0.6111552945297705,0.4893734468904969,0.38091088075938095,22.43067454357974,-2.8823749542236357,123.02602656998451,95.26522445865135,27.760802111333163,73.56875228881836,68.40625,70.98750114440918,65.3700008392334,99.99999581368559,23.265775763641635,34.03210674432756,13.356108659851515,178.6444307984725,61.98187446594238,67.5575008392334,100.0,0.0,100.0,69.91901078880129,,0.0,0.0,66.90741236433796,1.0,1.0,0.988341730596038,19.632399758154115,61.24407749166338,99.51023785632421,96.33629813530463,-0.4897621436757909,7.122198632184194,12.32524376205132,3.2730216586462046,2.3874648174233934,0.8855568412228112,-10.141637247626159,-10.460709639659745,0.3190723920335863,73.0629520963247,2.103777854047717,2.081954000678188,292.47736967856514,13.569985795536482,25148515.7592894
2020-05-11,77.0250015258789,79.26249694824219,76.80999755859375,78.75250244140625,77.01520538330078,145946400,1.220001220703125,1,9938923294.305359,5032953200,0.15002902718623165,106671547.32554233,2.0269881011879494,0.8034680306744397,43020172.10754788,73.03172794768362,75.67934618981155,5205.518057044493,72.16187477111816,78.0446002925361,66.27914924970023,16.30424802591859,1.060167871702734,1.0,0.0,74.15316696166992,75.90541610717773,72.4009178161621,4.726026459297566,1.8124091090378076,1.0,0.0,66.35749816894531,79.26249694824219,72.80999755859375,17.883402863671066,0.960480855863845,2.1171178569868547,1.8376882211140169,2.583060760193561,1.8540424777945992,0.7290182823989619,73.6572920481364,70.61124977698692,74.18760260187985,71.60454184168628,1.2336069046090183,0.502373961008847,0.7312329436001713,0.41730749003811524,22.619824258257726,-1.4193744659423828,131.72961171722596,101.96357410197578,29.766037615250184,75.11750030517578,69.50249862670898,72.30999946594238,66.20749855041504,99.9999979068428,25.14820694922337,36.642920569590224,12.338454277995307,180.7420669204381,61.98187446594238,67.5575008392334,100.0,0.0,100.0,70.99259949199215,,0.0,0.0,68.85704257425765,1.0,1.0,1.0,22.24704398657521,62.91881129948477,95.4515515322078,97.12111445763388,-4.5484484677922,7.555742039399988,14.536600066820657,3.6073979300147845,2.6314514399416717,0.9759464900731127,-9.476179477504907,-10.263803607228779,0.7876241297238717,74.18618134664321,1.5735352290909388,1.5612835196842312,298.6531393566668,13.687370137301173,30884868.78843689
2020-05-12,79.4574966430664,79.92250061035156,77.72750091552734,77.85250091552734,76.13504791259766,162301200,-0.9000015258789062,0,9795107427.171543,4870652000,0.05250554465264555,70565422.32875378,1.0667288428497077,0.7988789511365112,41165357.04613877,73.71241059235655,76.4454266711012,5205.518057044493,72.46637496948242,78.84448775706564,66.0882621818992,17.602958034727745,0.9222350815534752,0.0,0.0,74.98150049845377,76.76250025431315,73.20050074259441,4.750504441815208,1.3060080883302094,1.0,0.0,66.35749816894531,79.92250061035156,73.13999938964844,18.719029959921198,0.8474014506251997,2.124906040770591,1.5591614794812867,2.684079486738,2.0200498795832793,0.6640296071547205,74.24979209899902,71.28432670006386,74.75143311167177,72.06735362493377,1.241930731411638,0.5158615638469828,0.7260691675646551,0.4505868503707495,22.769871366969276,-1.6738716125488224,140.63340945503293,109.14017911878119,31.49323033625174,75.69250106811523,71.13375091552734,73.41312599182129,66.53750038146973,99.9999989534214,27.05141479544645,36.193130447013196,11.494315744070382,155.51334039986634,63.33749961853027,67.5575008392334,100.0,0.0,100.0,72.31578308499216,,0.0,0.0,65.77831049779704,0.8098440494592757,0.9366146831530916,0.9788715610510308,23.657344279298535,61.3461154415591,81.52611016013215,92.16263318288809,-18.47388983986785,7.887882109249347,10.050536211866644,3.724404118828869,2.850041975719111,0.8743621431097579,-7.974730244485366,-9.805988934680096,1.8312586901947299,74.9753987633619,-1.1428227649636025,-1.1494031672537375,294.0972405268568,11.774196816066762,40119453.85172118
2020-05-13,78.0374984741211,78.98750305175781,75.80249786376953,76.9124984741211,75.21578216552734,200622400,-0.94000244140625,0,9734322153.522255,4670029600,0.016727769424817126,33543855.45310593,-2.270214288538911,0.5564988951857249,38743012.952075526,74.31149560115745,67.54001236794079,5205.518057044493,72.75662498474121,79.38441768349051,66.1288322859919,18.21907681984784,0.8135186689049674,0.0,0.0,75.52750015258789,77.48250045776368,73.5724998474121,5.176923110724195,0.8542194642799988,0.0,0.0,66.35749816894531,79.92250061035156,73.13999938964844,18.644353616253024,0.7781053008112523,2.23091595549236,1.2523760770222134,2.657651462502642,2.147570196167152,0.5100812663354901,74.75979169209798,71.71874970656175,75.08390470589474,72.4262532433921,1.1390800952512568,0.6068401330194505,0.5322399622318063,0.47658718372375075,22.98445220875227,-3.111628341674802,146.27664393139835,116.24219519772772,30.03444873367063,75.69250106811523,72.33625030517578,74.01437568664551,66.53750038146973,99.9999994767107,27.524875209916143,32.69748278104885,16.221602913348736,107.96263923158992,63.5387487411499,67.5575008392334,96.0,0.0,96.0,73.68499223955685,,0.0,0.0,62.62862751266973,0.5912530866046852,0.80036571202132,0.9123267983914708,24.01546360257071,55.291017586533904,71.79665529078554,82.92477232770851,-28.203344709214463,7.885419329474956,8.644976271471396,3.6694587162633825,3.0139253238279653,0.6555333924354172,-4.733098231262744,-8.791410793996626,4.058312562733882,75.19475116087033,-1.207414572880816,-1.214763033460109,289.33885301341434,10.99836985832927,68137009.70486581
2020-05-14,76.12750244140625,77.44750213623047,75.38249969482422,77.38500213623047,75.67787170410156,158929200,0.472503662109375,1,9883630953.273977,4828958800,0.04095138605613388,39479680.24782127,-1.2733352003879872,0.4294990654020872,39719377.398764,74.73312609742537,60.559908162258836,5237.497597352335,73.04225006103516,79.94519285380258,66.13930726826774,18.90123260715331,0.8145580229743059,0.0,0.0,75.89566701253254,77.90266774495443,73.88866628011067,5.2888414093270075,0.8710350224687552,0.0,0.0,66.35749816894531,79.92250061035156,73.13999938964844,18.571446566981628,0.8129378534886547,2.2143246040837488,1.2804372546086142,2.6443517189822074,2.2469265007301633,0.39742521825204413,75.40479214986165,72.20057678222656,75.43791969517716,72.79356797619495,1.1227258576742576,0.6895287718914256,0.433197085782832,0.49687383545733527,23.221397149590498,-1.1097473144531307,150.42980195926296,123.30850616941024,27.121295789852724,75.75125122070312,72.6150016784668,74.18312644958496,66.53750038146973,99.99999973835534,27.704097258654027,30.63177548471206,16.481716800651235,84.83732194320477,64.0756254196167,67.5575008392334,92.0,0.0,92.0,74.80774374629989,,0.0,0.0,63.57284123769021,0.6532182000197856,0.6847717786945818,0.807250724622998,24.568777933458538,58.96555189042744,75.53628275362915,76.28634940151564,-24.46371724637084,7.599183800641228,11.1135126229267,3.6326722161042673,3.137674702283226,0.4949975138210414,-4.282687557169757,-7.889666146631252,3.6069785894614954,75.39442805925295,0.6143392445746132,0.6124598742494491,291.7307143818524,11.91714092001041,3215963.46987319
2020-05-15,75.0875015258789,76.9749984741211,75.05249786376953,76.92749786376953,75.23046112060547,166348400,-0.4575042724609375,0,10041759173.276676,4662610400,0.08193103441871172,22967568.25284095,-0.4637307303281522,0.3571739585249301,38735916.758896545,75.0740466106889,53.868481265976975,5237.497597352335,73.35362510681152,80.36679854631407,66.34045166730897,19.121545606752345,0.7547971177233218,0.0,0.0,76.24483337402344,78.11533432006836,74.37433242797852,4.9065644536701125,0.6824817280070226,0.0,0.0,66.35749816894531,79.92250061035156,73.13999938964844,18.492613584746504,0.7792110425693703,2.2261425709214677,1.3757222671874803,2.5673005623641103,2.311001313056953,0.2562992493071574,75.82104174296062,72.60096124502329,75.66708556726829,73.09978500490418,1.068460578305766,0.7167095616699536,0.3517510166358123,0.5100710390003431,23.468690919653742,0.0963718414306669,151.36750224774667,129.8288159075331,21.53868634021356,76.76874923706055,73.04875183105469,74.90875053405762,66.53750038146973,99.99999986917767,27.66100524684857,28.44573507120601,16.315168142726584,67.04900350318998,64.03812503814697,67.5575008392334,88.0,0.0,88.0,,79.92250061035156,0.0,1.0,61.94097719739193,0.5461252425085892,0.5968655097110197,0.6940010001423075,24.6128436775292,61.13458013295149,71.12553915136252,72.81949239859243,-28.874460848637483,7.049205174165607,6.944002956194714,3.5120494023229663,3.212549642291174,0.29949976003179213,-3.5072793537167817,-7.0131887880483585,3.505909434331577,75.60171006063548,-0.5912053496561764,-0.5929598871809993,289.4147814421806,11.236153341642563,28395037.485307574
2020-05-18,78.2925033569336,79.125,77.58000183105469,78.73999786376953,77.00299072265625,135178400,1.8125,1,10109566654.892036,4797788800,0.1467075811212246,54688037.07386367,2.6730370466620843,0.5551001646612258,41920874.76226081,75.53005932873054,59.355934370722544,5360.899042333845,73.82900009155273,80.94844817661189,66.70955200649357,19.286318590880512,0.8449001743915373,0.0,0.0,76.81658325195312,78.65733413696289,74.97583236694337,4.792587243752367,1.0224538060744175,1.0,0.0,66.35749816894531,79.92250061035156,73.13999938964844,18.373542137350864,0.9128269418535067,2.2232785274523676,1.1272644130372949,2.6222627551862274,2.3732536014828076,0.2490091537034198,76.26187515258789,73.05259587214543,76.13984130519155,73.51757855000533,1.1443822448888328,0.6773736252380907,0.46700861965074203,0.5219672773451932,23.64933395649877,-1.5614982604980412,157.62755190817538,136.11061184832627,21.516940059849105,77.31999969482422,73.13999938964844,75.22999954223633,66.53750038146973,99.99999993458883,28.33249051992802,33.130975216569645,15.21360429629449,103.12269500619915,63.797499656677246,67.5575008392334,84.0,24.0,60.0,,79.82510055541992,0.0,0.0,65.69765310674677,0.7203182379277563,0.63988722681871,0.6405081717414375,25.673709603165523,64.46047898491543,86.78767430401997,77.81649873633724,-13.212325695980033,6.6642941082225065,7.202179898325979,3.566851366578419,3.283409987148623,0.28344137942979586,-4.435694100194259,-6.497689850477539,2.0619957502832804,76.08202830188758,2.356114588842795,2.3287866287271086,298.5898399188501,13.239117174668792,-4921027.256067365
2020-05-19,78.75749969482422,79.62999725341797,78.25250244140625,78.28500366210938,76.55802154541016,101729600,-0.45499420166015625,0,10012637561.075884,4696059200,0.14865626040738228,40263120.61513929,0.7972100541520909,0.522479598525151,41333036.568293765,75.91778689821001,58.900257612739374,5329.9214191928395,74.38862533569336,81.04662225357289,67.73062841781383,17.90057791183532,0.7926089013313143,0.0,0.0,77.24700012207032,79.0620002746582,75.43199996948242,4.699212007507659,0.7859513644004497,0.0,0.0,68.05000305175781,79.92250061035156,73.98625183105469,15.960098072812556,0.8620764552562988,2.1387001559083028,1.138374399381902,2.5991451322769734,2.418431907641641,0.18071322463533246,76.76333363850911,73.43615370530348,76.4698662831789,73.87072115090193,1.171425793904538,0.7236351856139088,0.4477906082906292,0.5300355819383855,23.729775841656792,-1.0986244201660185,160.95004425356117,141.96827124423805,18.98177300932312,77.48749923706055,73.13999938964844,75.31374931335449,66.53750038146973,99.99999996729441,29.106203577825887,33.28483664835664,14.550413041137483,100.06198929647896,63.37687587738037,67.5575008392334,80.0,20.0,60.0,,79.72964850158691,0.0,0.0,63.99011073753164,0.5691597740707015,0.6118677515023486,0.6162068293440264,26.11302528946251,57.79407157589116,80.64424201596401,79.5191518237822,-19.355757984035986,6.2572497760548345,8.326705197479036,3.5185051557402307,3.3304290208669447,0.188076134873286,-6.913279903428473,-6.580807861067726,-0.332472042360747,76.2992664543818,-0.5778438074729886,-0.5795197842728861,296.2866132116625,11.80997235632158,-21594918.9880213
2020-05-20,79.16999816894531,79.87999725341797,79.12999725341797,79.80750274658203,78.04692077636719,111504800,1.5224990844726562,1,10102586399.780312,4807564000,0.1651222711445598,58763525.65787748,0.3791859673344955,0.47933444599583075,43501599.48549109,76.36390089225725,57.74530031458096,5329.9214191928395,74.92775039672851,81.50691858404184,68.34858220941518,17.561365855715287,0.8708487312471499,0.0,0.0,77.68475011189778,79.46550038655599,75.90399983723958,4.584555584186588,1.096027602773131,1.0,0.0,68.71749877929688,79.92250061035156,74.31999969482422,14.954408442434591,0.9897369170033677,2.084329499448332,1.138374399381902,2.6728660654282095,2.469318739198955,0.20354732622925464,77.306458791097,73.74557700523964,76.98334881601015,74.31048275058194,1.1397332244388385,0.7322067432171571,0.40752648122168145,0.5382846321919648,23.758261143804322,-0.5377510070800753,164.12219663256442,147.3514209638836,16.770775668680812,77.48749923706055,73.13999938964844,75.31374931335449,66.53750038146973,99.9999999836472,29.900693737195578,32.376908893310706,13.800263729959203,110.68376977871338,64.12562465667725,67.47875022888184,76.0,16.0,60.0,75.05249786376953,,1.0,0.0,67.07398502324811,0.8421566309343123,0.7105448809775897,0.6540999530995496,27.357361672746656,58.23662685178613,98.64068704238282,88.69086778745562,-1.3593129576171756,6.134433061936335,8.892757196942371,3.5968896533743453,3.3837211473684254,0.21316850600591986,-8.363383362229754,-6.937322961300131,-1.4260604009296234,76.70539677987385,1.944815754296969,1.9261458874264115,303.99365769757276,13.364927975674789,10111046.729715899
2020-05-21,79.66500091552734,80.22250366210938,78.96749877929688,79.2125015258789,77.46505737304688,102688800,-0.595001220703125,0,10039991528.318392,4704875200,0.1860213451234703,41640170.370675124,0.10999779763262167,0.463159532780215,42736007.789851226,76.96137241552415,61.333290662995836,5290.184431547185,75.45050048828125,81.63514300882873,69.26585796773377,16.39390721207493,0.8041405404676997,0.0,0.0,78.04083353678386,79.86708399454753,76.21458307902017,4.680243341847164,0.8207851322128658,0.0,0.0,69.25,80.22250366210938,74.73625183105469,14.542651925567535,0.9079515334573783,2.0013970377847485,1.072597126264746,2.6527001343033874,2.505995018219841,0.1467051160835462,77.70833396911621,74.05730790358324,77.32629538675918,74.6735952524558,1.1677290305450359,0.74085874938055,0.4268702811644859,0.5434388751824344,23.79421161021369,-0.292999267578125,164.19821980456524,151.92610910105924,12.272110703506002,77.63750076293945,73.29000091552734,75.4637508392334,66.68750190734863,99.9999999918236,30.745890623023254,32.164035381812724,13.22261872181381,100.33324837798772,64.12562465667725,67.47875022888184,100.0,12.0,88.0,75.1490478515625,,0.0,0.0,64.74054454228823,0.562654874920239,0.6579904266417506,0.6601343530405632,27.776601547859688,61.312637575390724,88.31354443453773,89.19949116429488,-11.686455565462266,6.201646277483775,6.482729097725376,3.5523937548944353,3.417455668873628,0.13493808602080737,-9.987490448493144,-7.547356458738735,-2.4401339897544094,76.87804037541831,-0.7455454690675767,-0.7483385504202467,300.98170128728816,11.886104357549584,1423368.994161129
2020-05-22,78.94249725341797,79.80750274658203,78.8375015258789,79.72250366210938,77.96380615234375,81803200,0.5100021362304688,1,10107458257.479946,4786678400,0.1687893820844731,41651546.996362716,-0.3231223773384911,0.49969110263238903,43262689.89112104,77.36252183336484,62.67219732661256,5324.244779461596,75.89950065612793,81.9542795606524,69.84472175160346,15.954726584978188,0.815701288706404,0.0,0.0,78.28000030517578,80.05175094604492,76.50824966430665,4.526700648855236,0.907084192227516,0.0,0.0,69.55000305175781,80.22250366210938,74.8862533569336,14.061358135549067,0.9531506234335526,1.8982574560765861,1.0713942126407536,2.6473543457504434,2.534266883725962,0.1130874620244815,78.0887508392334,74.36692340557391,77.69494281373613,75.04758846798569,1.1638071793925238,0.6967142074543671,0.4670929719381567,0.546533205484877,23.73172646896833,0.035496902465823155,162.98190693218146,155.3985863471654,7.583320585016054,77.63750076293945,73.29000091552734,75.4637508392334,66.68750190734863,99.99999999591179,31.427625916503896,31.081150541090302,13.22865003479507,93.73583484935713,64.25500011444092,67.47875022888184,96.0,8.0,88.0,75.35198608398437,,0.0,0.0,65.83760301337955,0.5935486191260507,0.6661200416602003,0.678218449759847,28.426490216208432,66.25819742792575,92.43284810850069,93.12902652847377,-7.567151891499309,6.312257295496323,6.073914602350776,3.527567507222127,3.4394780365433277,0.08808947067879913,-12.510553957227497,-8.539995958436489,-3.9705579987910085,77.00701317384483,0.6438404625611405,0.6417766635006927,303.5633837276417,12.510895109588006,-12956205.230786234
2020-05-26,80.875,81.05999755859375,79.125,79.18250274658203,77.43570709228516,125522000,-0.5400009155273438,0,9989396587.054434,4661156400,0.11006381692830888,26018183.865621865,1.186996402589888,0.43182640341463097,42412465.77866583,77.75510140861232,62.422448867104265,5324.244779461596,76.31900062561036,82.05448342546966,70.58351782575106,15.030288009129519,0.749630433992577,0.0,0.0,78.43141708374023,80.1514175415039,76.71141662597657,4.3859986768497246,0.7183387973682146,0.0,0.0,69.55000305175781,81.05999755859375,75.30500030517578,15.081427183905669,0.8368813459557561,1.9019314663283027,1.0916467670940855,2.5699197734717387,2.541397461675117,0.02852231179662157,78.35937627156575,74.69317362858699,77.92379818802013,75.35387841454839,1.1087609133537375,0.7164066194133415,0.392354293940396,0.5454584203214429,23.79304044759994,1.2135005950927678,156.548246581337,157.1669015834214,-0.6186550020844095,78.05624771118164,73.70874786376953,75.88249778747559,67.10624885559082,99.9999999979559,32.46823128618932,33.35063833699943,12.336387669209579,96.54873986611902,64.90562534332275,67.47875022888184,100.0,4.0,96.0,75.54680678710938,,0.0,0.0,63.581835088813556,0.23725309146300225,0.4644855285030971,0.5961986656016829,28.383256058539118,55.76034081598166,70.39818410150555,83.71485888151467,-29.60181589849445,6.1887495153090555,4.276690975702485,3.4104678187016457,3.4336759929749916,-0.023208174273345872,-11.789380597506689,-9.18987288625053,-2.599507711256159,77.02709301397141,-0.6773506735514134,-0.6796551051767352,300.82984442975567,11.665322306990646,44628477.31824896
2020-05-27,79.03500366210938,79.67749786376953,78.27249908447266,79.52749633789062,77.7730941772461,112945200,0.34499359130859375,1,10078225107.964966,4774101600,0.1768343574216143,27867781.908971228,-1.3901312890108282,0.2869573530611143,42904561.49195459,78.03453297322706,55.78580930266603,5347.442206465781,76.81312561035156,81.82007558619937,71.80617563450376,13.036704172790625,0.7710603002459048,0.0,0.0,78.49725011189778,80.13825047810873,76.85624974568684,4.181039116330065,0.8139079817427674,0.0,0.0,70.97250366210938,81.05999755859375,76.01625061035156,13.13251324735177,0.8480790931395535,1.8522381976251598,1.0956666134535662,2.5074856825489746,2.534615105849889,-0.02712942330091428,78.52562586466472,75.08913509662335,78.1705209803079,75.66303529775892,1.0456264425926984,0.8043880592504724,0.24123838334222603,0.5414490607954271,23.755151766273816,1.9393768310546875,149.65640253522653,157.5424303171801,-7.8860277819535725,78.05624771118164,73.70874786376953,75.88249778747559,67.10624885559082,99.99999999897796,32.75186405198966,31.6797807894256,14.758202324810602,74.60641559481567,65.50687503814697,67.47875022888184,96.0,0.0,96.0,75.87759823339844,,0.0,0.0,64.42056223936616,0.3585253907906163,0.39644236712655606,0.5090159790966181,28.56167431147763,55.78502909215395,74.49019894210804,79.10707705070479,-25.509801057891963,5.823808153937847,2.573108162096525,3.3140167754058423,3.4097441494611616,-0.09572737405531928,-11.87672663922864,-9.727243636846152,-2.149483002382487,77.12350086496335,0.43569422453433315,0.43474782519021815,302.5762369121461,12.211810429574513,12199082.904952034
2020-05-28,79.19249725341797,80.86000061035156,78.90750122070312,79.5625,77.80732727050781,133560800,0.035003662109375,1,10034274744.132801,4907662400,0.1456510311995662,24554544.081155024,1.3284875406460808,0.35066513817224687,42963347.66440486,78.28966594883934,56.36157113060701,5347.442206465781,77.19462547302246,81.80278079581619,72.58647015022872,11.939057400839822,0.7569221696223121,0.0,0.0,78.751500193278,80.26924997965494,77.23375040690105,3.854529203004305,0.7671717742942192,0.0,0.0,71.4625015258789,81.05999755859375,76.26124954223633,12.432855232996658,0.843969973679671,1.8622643168274877,1.0987342962629325,2.4327870637601023,2.5142494974319316,-0.08146243367182926,78.59312566121419,75.56875052818886,78.38467159872206,75.95188453496196,1.051561713945737,0.7966693696404739,0.2548923443052631,0.5346200882596834,23.82036136791219,0.6578754425048885,146.29347385312306,157.08283830538676,-10.789364452263698,78.05624771118164,74.55500030517578,76.30562400817871,67.10624885559082,99.99999999948898,33.419643293175774,33.694381490450574,13.72883891500597,88.19735535504098,65.64625072479248,67.47875022888184,92.0,0.0,92.0,76.18854219291016,,0.0,0.0,64.50987167645701,0.37143872116334353,0.3224057344723204,0.39444454336732476,28.734880794988616,49.4151108641489,75.07286500765161,73.32041601708842,-24.927134992348382,5.493419175989487,1.028535644561146,3.2030634640016715,3.368408012369264,-0.16534454836759238,-10.542539670904837,-9.890302843657889,-0.6522368272469485,77.34461062684359,0.04401454053155618,0.04400485697404477,302.7534289931122,12.059554970265665,37047747.244035125
2020-05-29,79.8125,80.2874984741211,79.11750030517578,79.48500061035156,77.73155212402344,153532400,-0.0774993896484375,0,9977192416.19613,4754130000,0.07701219255057444,19346942.456524342,-0.1381232582808998,0.2649981863692604,42813796.465143144,78.48505896199629,48.692636707013754,5347.442206465781,77.49637565612792,81.86851447862605,73.1242368336298,11.283466576291193,0.7274201523509023,0.0,0.0,79.04066670735678,80.46891606648762,77.61241734822592,3.6139608093612314,0.6555519350154609,0.0,0.0,71.4625015258789,81.05999755859375,76.26124954223633,12.384445016243717,0.8358950144002646,1.79303770203927,1.10402948915186,2.340356148283931,2.4794708276023316,-0.13911467931840082,78.72916730244954,75.97105818528395,78.55395298512661,76.21359683684268,1.0436031387334577,0.8697655483907571,0.17383759034270052,0.52489344836871,23.851503765030124,-0.5838771820068303,141.1117215286624,155.9433071143774,-14.831585585715004,79.31999969482422,74.88874816894531,77.10437393188477,67.10624885559082,99.99999999974449,34.039724017134304,32.243102049211814,13.137512385534766,77.01166433677282,65.86312580108643,67.47875022888184,88.0,0.0,88.0,76.48082951485118,,0.0,0.0,64.12607394336091,0.31594506802641564,0.3486363933267915,0.3558281649752229,28.789178985498587,50.87975209284474,73.7828210029019,74.44862831755387,-26.2171789970981,5.13679389953613,2.096913619506633,3.0707855886845783,3.308883527632327,-0.23809793894774867,-8.153741887471334,-9.542990652420578,1.3892487649492438,77.49339470836266,-0.09740693121563782,-0.09745440259631977,302.36111923756425,11.909989882681572,46209742.26882394
2020-06-01,79.4375,80.5875015258789,79.30249786376953,80.4625015258789,78.68748474121094,80791200,0.9775009155273438,1,10042265528.69524,4834921200,0.15265534920363247,27865018.10081411,0.3857026262928635,0.14776350959104007,43807360.928376816,78.57400460582437,46.923501900354246,5413.2046724959955,77.90612564086913,81.74479388943507,74.0674573923032,9.85459928083548,0.8329769231770408,0.0,0.0,79.420583597819,80.78508326212565,78.05608393351237,3.436136080833617,0.8817948641963707,0.0,0.0,71.58000183105469,81.05999755859375,76.31999969482422,12.16848566085785,0.9369729639245366,1.7422342980462804,1.10402948915186,2.319245320038007,2.4474257260894667,-0.12818040605145953,79.02500089009602,76.42125056340144,78.84757583755004,76.52833051751203,1.0234750781844373,0.9188403445472957,0.1046347336371416,0.5152025024423529,23.887889430984064,-0.5211235046386662,139.04176449745563,153.87821962429746,-14.836455126841827,79.65625,75.15499877929688,77.40562438964844,67.10624885559082,99.99999999987224,34.72113597358996,31.811838209465165,12.500671742496477,89.65681020930217,65.9087495803833,67.47875022888184,84.0,0.0,84.0,76.75557959747573,,0.0,0.0,66.8083795472042,0.9482553923440369,0.5452130605112651,0.40541839610345926,29.50993464916141,49.849695414618104,90.05416457649397,79.63661686234917,-9.94583542350603,4.893536062801587,4.615638709165442,3.030570906688331,3.253221003443528,-0.22265009675519698,-10.674138600971991,-9.76922024213086,-0.9049183588411314,77.9094944343174,1.2297929269941221,1.222292405092329,307.30932782292217,12.888669222627328,-39668568.834754765
2020-06-02,80.1875,80.86000061035156,79.73249816894531,80.83499908447266,79.05176544189453,87642800,0.37249755859375,1,10126021501.222713,4922564000,0.14358263498055635,28548119.661886428,0.4518738429825461,0.10384529531481422,44213099.3581946,78.67587433833035,44.734422297971896,5413.2046724959955,78.2833755493164,81.69219387574593,74.87455722288688,8.708920131534343,0.8742680440569096,0.0,0.0,79.62000020345053,80.94275029500326,78.29725011189778,3.322657845196581,0.9592700045085152,0.0,0.0,73.61499786376953,81.05999755859375,77.33749771118164,9.510320221352835,0.9697785784628691,1.6807611123822774,1.0609393313985553,2.305990256199962,2.419138632111566,-0.11314837591160387,79.31250063578288,76.8094235933744,79.15333326015352,76.84734300395355,1.0040874540525258,0.9314539808776623,0.07263347317486346,0.5058669081672861,23.93972059211453,-1.3558776855468722,133.04446430771492,150.7775996303145,-17.733135322599594,79.6662483215332,75.30500030517578,77.48562431335449,67.10624885559082,99.99999999993612,35.452102254135134,31.477062096672608,11.953154288944729,102.94508835000651,65.9087495803833,67.47875022888184,80.0,4.0,76.0,77.0138446751428,,0.0,0.0,67.79652974829517,1.0,0.7547334867901506,0.5495276468760694,30.385224055439448,56.98571628854888,96.25470685724808,86.69723081221467,-3.7452931427519163,4.654617040297552,4.458224272151247,3.000741686126124,3.2027251399800476,-0.20198345385392358,-12.24707513385524,-10.264791220475736,-1.9822839133795043,78.16726885246655,0.4629455355348977,0.4618772385105885,309.1949481718956,12.717687861032601,3572811.7995508015
2020-06-03,81.16500091552734,81.55000305175781,80.57499694824219,81.27999877929688,79.4869384765625,104491200,0.44499969482421875,1,10172640098.512144,5027055200,0.16724822533671224,31112467.15473357,0.7149875031728474,0.317073994722797,44788327.324279256,79.0055697527558,53.610018304114405,5413.2046724959955,78.62787551879883,81.77582660467458,75.47992443292308,8.007213892287131,0.921245945084346,0.0,0.0,79.86125005086262,81.14375127156575,78.57874883015951,3.21182355619605,1.053117886178865,1.0,0.0,74.71749877929688,81.55000305175781,78.13375091552734,8.68967173204035,0.9604823851264586,1.6101856114956121,0.8577106477309347,2.3048246945897546,2.396275844607204,-0.0914511500174493,79.67520904541016,77.21278880192683,79.48051257079096,77.17568787620121,1.1323782655151517,0.8493707713149696,0.2830074942001821,0.49728835851490855,23.920232208401767,0.11212234497070028,128.79235349851785,146.85206150430935,-18.059708005791492,79.91125106811523,75.55000305175781,77.73062705993652,67.35125160217285,99.99999999996805,36.37589637804765,33.01691938983494,11.48470872690403,129.95707329393434,65.90562534332275,67.47875022888184,100.0,0.0,100.0,77.25661384814987,,0.0,0.0,68.98447021700784,1.0,0.982751797448012,0.7608994482498095,31.451556496317952,57.42492395544419,95.84449316085065,94.05112153153091,-4.15550683914936,4.772337902293486,5.657926016565836,2.986464724858639,3.159473056955766,-0.17300833209712696,-12.302886012778176,-10.672410178936225,-1.6304758338419507,78.6584907335354,0.5505037420229231,0.5489940083987399,311.4475816737507,12.826330492354373,23516410.65012923
2020-06-04,81.09750366210938,81.40499877929688,80.19499969482422,80.58000183105469,78.80237579345703,87560400,-0.6999969482421875,0,10140800304.389935,4939494800,0.16924857835175414,17911827.1630766,-0.36275037897281426,0.3821157676810237,44034242.50996602,79.3279251815008,55.79583900430584,5366.5852481866195,78.89900054931641,81.72194595870671,76.07605513992611,7.15584580219314,0.7977388928858774,0.0,0.0,79.97333348592123,81.30183461507161,78.64483235677083,3.322360269962394,0.728328125517456,0.0,0.0,75.05249786376953,81.55000305175781,78.30125045776367,8.235218624761877,0.8507117435633089,1.5701669587933167,0.7571455090768616,2.2218054844132524,2.361381772568414,-0.13957628815516143,79.82854270935059,77.63336592454176,79.64966476467768,77.42785928026443,1.1397473446228152,0.7760678396570582,0.36367950496575707,0.48669004262238386,23.91827553074934,-0.6139968872070369,123.38105810916575,142.31682131593163,-18.935763206765884,79.91125106811523,76.2612533569336,78.08625221252441,67.35125160217285,99.99999999998403,36.855908499803824,31.373666984394333,12.476129649814863,103.52811752046158,65.90562534332275,67.35375022888184,96.0,0.0,96.0,77.60008498443851,,0.0,0.0,64.92714845987902,0.42396169828956976,0.8079872327631895,0.848490839000451,31.365522236907868,60.11414873965135,85.0711743563309,92.39012479147657,-14.928825643669105,4.676727362240058,2.336809775469645,2.8695168703696394,3.1014818196385407,-0.23196494926890132,-13.407654183764366,-11.219458979901853,-2.188195203862513,78.7112442922912,-0.8612167307518348,-0.8649466325039157,307.9041262621025,11.78018337120082,-501533.0261222571
2020-06-05,80.8375015258789,82.9375,80.80750274658203,82.875,81.04676055908203,137250400,2.2949981689453125,1,10269996093.064747,5076745200,0.2141050076710223,60351482.809353046,1.6644225477345076,0.5341267161140707,47943269.68208528,79.90352533918134,65.50345892413657,5366.5852481866195,79.24600067138672,82.2279523856329,76.26404895714055,7.525809981532277,1.1084939791740838,1.0,0.0,80.24725011189778,81.66325047810872,78.83124974568685,3.529093805049889,1.4278775453758488,1.0,0.0,75.05249786376953,82.9375,78.99499893188477,9.95003163494344,0.9920735595349022,1.6489000798085165,0.43551796353906164,2.3145190000664684,2.3520092180680248,-0.037490218001556386,80.2110424041748,78.05423120351938,80.14587018549649,77.83135118543002,1.1936339415587462,0.6887690913569819,0.5048648502017643,0.4802350059967944,24.023194998065332,0.5615020751953068,119.32024992982187,137.46552609344724,-18.14527616362537,80.60499954223633,77.20000076293945,78.90250015258789,70.75625038146973,99.99999999999201,37.8465181214197,34.55369145296206,11.29645828891588,172.77591406757517,67.44187641143799,67.32375144958496,100.0,4.0,96.0,77.91607842982405,,0.0,0.0,70.95807911150479,1.0,0.8079872327631895,0.8662420876581306,33.011249277564104,63.457727808420735,98.83341070721627,93.24969274146595,-1.1665892927837225,4.775543886072498,5.863187230215617,2.9737618129643173,3.075937818303696,-0.10217600533937876,-10.729205391643081,-11.1214082622501,0.39220287060701864,79.42736279143054,2.848098928760323,2.8082946019386767,319.52163931254256,14.34467399671567,57651676.122735724
2020-06-08,82.5625,83.4000015258789,81.83000183105469,83.36499786376953,81.52596282958984,95654400,0.48999786376953125,1,10361385200.137732,5172399600,0.20422722075772842,58425621.21661065,1.2186844019019156,0.43024438434548723,48508825.659885064,80.21702824859767,64.74282504465202,5398.315146314506,79.53762550354004,82.9077690250915,76.16748198198859,8.474337774645932,1.0678352176627106,1.0,0.0,80.58816655476889,82.06416676839193,79.11216634114582,3.663069348078397,1.4406608763912467,1.0,0.0,75.05249786376953,83.4000015258789,79.22624969482422,10.4950375489118,0.9958066910149124,1.6410100413100868,0.4354972880622652,2.3998696581573995,2.3615813060859,0.03828835207149961,80.5075003306071,78.43557739257812,80.6411205975385,78.2412509393811,1.1574191665835125,0.7350757156550584,0.42234345092845416,0.4770499248505493,23.978983987959435,-0.32512397766113565,115.47673493136328,132.90202479900572,-17.425289867642434,80.83625030517578,77.4312515258789,79.13375091552734,71.3125,99.999999999996,38.9133196572119,34.2301260407636,10.579058781111812,189.9311403390958,68.21187400817871,67.15749931335449,100.0,0.0,100.0,78.41822058684164,,0.0,0.0,72.0626534254667,1.0,0.8079872327631895,0.8079872327631895,34.71560791796377,70.74172432627786,99.31998701631706,94.40819069328809,-0.6800129836829492,4.933110405417054,4.457594831007112,3.0672690292448723,3.0742040604919314,-0.006935031247059076,-11.353699412553913,-11.167866492310864,-0.18583292024304932,80.10197143772471,0.5912493077158798,0.5895082881367308,322.00205810069633,13.596217422990861,-9551856.207861394
2020-06-09,83.03500366210938,86.40249633789062,83.00250244140625,85.99749755859375,84.1003646850586,147712400,2.6324996948242188,1,10473907335.97351,5320112000,0.21504568899243176,105629510.7459167,4.804931391638536,0.7165101941659476,53173287.45903482,80.7791209518329,66.01841596370735,5398.315146314506,79.89987525939941,84.26515572717797,75.53459479162085,10.926876803265172,1.1984227410131736,1.0,0.0,81.12266642252604,82.74516626993815,79.50016657511394,4.000114687950084,2.0022593511620586,1.0,0.0,75.05249786376953,86.40249633789062,80.72749710083008,14.2052768383839,0.9643172833705392,1.8169084268275157,0.40556956449146675,2.6493908655575638,2.419143217980233,0.23024764757733074,81.07291666666667,78.96365415132962,81.465178591547,78.81578772598944,1.1655974805387284,0.6467412010728392,0.5188562794658892,0.48197753718377484,24.154275429457314,-0.17737159729003338,113.32570999511313,128.86528118343756,-15.53957118832443,82.65499877929688,78.99124908447266,80.82312393188477,72.81374740600586,99.99999999999801,40.665957180105714,41.206425253886316,9.214331545226269,250.91328749252145,68.7706241607666,67.15749931335449,100.0,0.0,100.0,79.01603429952611,,0.0,0.0,77.10154115106914,1.0,1.0,0.8719914885087933,37.97283211994018,77.33690535883962,95.01846351637317,97.72395374663552,-4.981536483626826,5.318257455264813,8.565562129732982,3.3614976668994574,3.131662781773437,0.22983488512602035,-8.164036652462531,-10.567100524341198,2.4030638718786665,81.91661895461485,3.1577997508332123,3.1089666286868045,335.3280380399111,15.67039432969571,60409179.20154968
2020-06-10,86.9749984741211,88.69249725341797,86.52249908447266,88.20999908447266,86.2640609741211,166651600,2.2125015258789062,1,10566449111.363947,5486763600,0.30951230598740176,143213426.25223732,3.782647170421758,0.9596145658150377,57460818.256532006,81.58407277868618,67.50061077357093,5398.315146314506,80.41775016784668,85.9815779092486,74.85392242644475,13.837312607699639,1.2002597203577836,1.0,0.0,81.9875831604004,83.68658294677735,80.28858337402343,4.144529502846883,2.331199737035073,1.0,0.0,75.05249786376953,88.69249725341797,81.87249755859375,16.96142874076835,0.9646262323654144,1.904717553627186,0.4055695644914668,2.991188048741108,2.5335521841324082,0.4576358646087,81.7802079518636,79.5375002347506,82.50284328276634,79.51165523402523,1.2848867792420264,0.5999143687922693,0.6849724104497571,0.49668761022777136,24.343774939452334,-1.2352474212646456,117.05136222554727,125.61615766926246,-8.564795443715198,83.90499877929688,81.15374755859375,82.52937316894531,73.95874786376953,99.999999999999,42.70206163367329,45.54781863208908,8.300306256403564,270.3838995373076,69.19375038146973,67.15749931335449,100.0,0.0,100.0,80.05013898489715,,0.0,0.0,80.31507719240028,1.0,1.0,0.9359957442543968,41.97851426107363,76.63302599041876,95.36949852464177,96.569316352444,-4.630501475358223,6.072992459465482,10.6462981372689,3.761949163222924,3.2577200580633345,0.5042291051595895,-4.402917693074006,-9.334263958087758,4.931346265013753,83.99885078232069,2.5727510551937005,2.5402127217462045,346.527944732137,16.23082907390699,53583722.18150957
2020-06-11,87.32749938964844,87.76499938964844,83.87000274658203,83.9749984741211,82.12247467041016,201662400,-4.2350006103515625,0,10375658962.277418,5285101200,0.25723856938607575,748595.7754947245,-3.4572794426882525,0.704809048649261,47778918.29111986,82.13581311406114,63.18186391739718,5398.315146314506,80.77087516784668,86.29634666706913,75.24540366862423,13.681841351205343,0.7899411667153925,0.0,0.0,82.53024978637696,84.4234992980957,80.6370002746582,4.588013526238627,0.8815526370933936,0.0,0.0,75.05249786376953,88.69249725341797,81.87249755859375,16.88727448019315,0.6541423027572096,2.14824543205353,1.3308696414911754,2.887055445010816,2.6042528363080897,0.2828026087027262,82.1795825958252,79.90615404569186,82.72932869682091,79.8422732518101,1.14038089021619,0.6779390266922632,0.4624418635239268,0.505153484803805,24.731026091174208,-1.2433788299560575,115.02375501757847,122.71749472358647,-7.693739706008003,83.99749755859375,81.70499801635742,82.85124778747559,73.95874786376953,99.9999999999995,42.61875096719889,38.862259288316395,16.052869418014964,147.70228193564589,69.61062431335449,66.63250160217285,96.0,0.0,96.0,81.43291630786048,,0.0,0.0,62.29409736669788,0.0,0.6666666666666664,0.8888888888888892,38.73848567327422,61.054086318779255,54.726491283305386,81.70481777477346,-45.273508716694614,6.598845717486213,6.052468110129209,3.6159484536537336,3.3293657371814147,0.2865827164723189,0.565345970120372,-7.354341972446132,7.9196879425665045,83.99737725524048,-4.80104370741008,-4.92012075640007,325.0899429397472,10.33296095575156,73076942.42790999
2020-06-12,86.18000030517578,86.94999694824219,83.55500030517578,84.69999694824219,82.83148956298828,200146000,0.7249984741210938,1,10310515451.067028,5485247200,0.1684376866013468,21371017.036344107,-0.9583910704678298,0.6594327134257368,49506879.55623568,82.57510923903486,58.79296442734606,5444.921521009576,81.13662490844726,86.68554517760892,75.5877046392856,13.677966702270231,0.8210869743072818,0.0,0.0,83.07408294677734,85.1898323059082,80.95833358764648,5.093644814559905,0.8842406933618943,0.0,0.0,75.05249786376953,88.69249725341797,81.87249755859375,16.81114959494495,0.7072946859362956,2.2729205531548176,1.7033419441730184,2.8304037910778135,2.6494830272620344,0.18092076381577904,82.61062431335449,80.27317311213567,83.0325084278088,80.202104636731,1.1221479278379611,0.7189210111496291,0.403226916688332,0.5098774838895879,25.19489349497498,-1.57412490844726,115.22488356037717,120.07117461946662,-4.846291059089452,84.21249771118164,81.87249755859375,83.0424976348877,73.95874786376953,99.99999999999974,42.33449822920495,34.58563946331727,15.307372486052707,121.43812320013127,70.02374839782715,64.5987491607666,92.0,24.0,68.0,82.59444925914968,,0.0,0.0,63.791902531158705,0.08311452423494636,0.3610381747449818,0.6759016138038829,36.81598644471691,56.302193814838596,61.68425137468241,70.59341372754321,-38.31574862531759,6.82627906799317,6.504040550170244,3.529089172781563,3.3693104243014447,0.15977874848011853,4.087329952117629,-5.06600758753338,9.153337539651009,84.04962169957768,0.8633503867755632,0.8596448300086657,328.7599586062615,12.872713303177278,47814439.51021901
2020-06-15,83.3125,86.41999816894531,83.1449966430664,85.74749755859375,83.85588073730469,138808800,1.0475006103515625,1,10392317253.064415,5624056000,0.13984080646483937,39089772.13431895,-1.1089028325060681,0.49543991091888284,51223553.79426452,82.95422001232198,59.276137579154245,5512.259877822732,81.57762489318847,87.12030217324664,76.0349476131303,13.588719424757295,0.8761605136571757,0.0,0.0,83.57274932861328,85.88749847412109,81.25800018310547,5.539483059019807,0.9697589443333341,0.0,0.0,77.58000183105469,88.69249725341797,83.13624954223633,13.621989408141186,0.7349830454015243,2.3731286504272266,1.8477623806598766,2.8373245805192795,2.6870513379134837,0.15027324260579578,83.12604077657063,80.65057695828952,83.45019906331417,80.6128744827949,1.093591813201923,0.790516501834268,0.30307531136765486,0.5134831451065001,25.610056317742128,-2.0926242828369084,116.12476665745308,118.19120821388199,-2.066441556428913,84.4437484741211,81.87249755859375,83.15812301635742,73.95874786376953,99.99999999999987,41.794401654707606,31.037386419849334,15.021323787833962,104.96067305730506,70.34000205993652,64.72250175476074,88.0,20.0,68.0,,88.69249725341797,0.0,1.0,65.89959568925534,0.20007226895704722,0.09439559773066424,0.37403347971410433,36.02500447581898,61.06585061420469,71.73704210811484,62.715928255367565,-28.262957891885165,6.841506307265334,7.773759696582876,3.5196916109533425,3.3993866616318247,0.1203049493215178,3.3453125003458797,-3.383743569957528,6.7290560703034075,84.17756072947562,1.2367185927901092,1.2291337002247715,334.0625127327843,13.762707618267143,-19959291.446958333
2020-06-16,87.86499786376953,88.30000305175781,86.18000030517578,88.0199966430664,86.0782699584961,165428800,2.2724990844726562,1,10514046935.922411,5789484800,0.15942703153063642,87210775.62161769,3.149340264424492,0.8196878790214057,55607784.32284083,83.57531539626544,66.32253659393254,5512.259877822732,82.04162483215332,88.08732520337115,75.99592446093548,14.738129293725141,0.9944316988793159,0.0,0.0,84.27516606648763,86.68916524251301,81.86116689046223,5.728850594304149,1.2756486857515386,1.0,0.0,78.25250244140625,88.69249725341797,83.47249984741211,12.725241404434168,0.9355842007145618,2.39106633470091,1.846279276909968,2.9916946464439604,2.747979999619579,0.24371464682438138,83.83729044596355,81.05394216684195,84.15324484481452,81.16155019837056,1.2005269534162164,0.6801627701635476,0.5203641832526688,0.5208291069210844,25.805960652283925,-1.5791233062744112,120.01441527076169,117.2158817441313,2.7985335266303935,84.4437484741211,81.87249755859375,83.15812301635742,73.95874786376953,99.99999999999994,41.85679258337296,34.41613882820605,13.830376249115487,146.25481420888633,70.98750114440918,65.3700008392334,84.0,16.0,68.0,,88.58154724121094,0.0,0.0,69.98201270185312,0.42660917494565753,0.2365986560458834,0.23067747617384335,36.80883647084835,61.17717356127965,93.12722654047947,75.51617334109226,-6.872773459520529,6.856764064115637,10.737869997076286,3.686098453186055,3.456729019942671,0.229369433243384,4.177085402551034,-1.8715777754558154,6.04866317800685,84.56659400481057,2.6502220463282766,2.615712061458275,345.56613314007507,15.436285445686323,36569615.771538645
2020-06-17,88.7874984741211,88.8499984741211,87.77249908447266,87.89749908447266,85.95845031738281,114406400,-0.12249755859375,0,10426184959.311209,5675078400,0.16219046085650438,72750021.29174374,1.0089191665038557,0.7968615665826755,55448564.76794434,84.12448450164534,66.2018166588225,5504.588457655497,82.52224960327149,88.8200511581671,76.22444804837588,15.263281321516336,0.9267560222680168,0.0,0.0,84.97899932861328,87.40324783325195,82.55475082397462,5.7055237736187365,1.1019390648844332,1.0,0.0,78.27249908447266,88.8499984741211,83.56124877929688,12.817754533474456,0.9099504188503579,2.2597096401956627,1.8468839040476137,3.0687745834892013,2.8121389163935038,0.2566356670956975,84.45687357584636,81.40567280695988,84.72928395860808,81.66050937511888,1.2377585576207322,0.691751654309956,0.5460069033107762,0.5288392298747586,25.80901012199523,-1.6872505187988338,124.53208249296637,117.34377334233136,7.188309150635007,84.82875061035156,81.95124816894531,83.38999938964844,74.29624938964844,99.99999999999997,42.06514950118534,34.99459432928024,13.349231533669553,139.49370501839346,72.30999946594238,66.20749855041504,100.0,12.0,88.0,83.1449966430664,,1.0,0.0,69.49901519697222,0.3998072191390135,0.34216288768057246,0.22438571381904024,37.24616737124319,57.9745063324275,90.21320761520721,85.0258254212672,-9.78679238479279,6.508801090016092,9.240326136520196,3.75796649686859,3.5169765153278547,0.24098998154073525,1.9886280626418482,-1.0995366078362827,3.0881646704781307,84.87171410611484,-0.13917014685934648,-0.13926707845195452,344.9460380982284,13.913446722493987,-23962648.62871909
2020-06-18,87.85250091552734,88.36250305175781,87.30500030517578,87.93250274658203,85.99268341064453,96820400,0.035003662109375,1,10444267404.858034,5771898800,0.13478117416026028,62841313.759622425,-0.5215372954591849,0.7694748496413693,55487121.82135535,84.7011163428631,67.79431539724416,5506.780565012701,82.92849960327149,89.51502720820913,76.34197199833385,15.884834855200511,0.8798665581815257,0.0,0.0,85.69299952189127,88.1019983927409,83.28400065104167,5.622393624427182,0.9648203143202209,0.0,0.0,78.27249908447266,88.8499984741211,83.56124877929688,12.754962938255257,0.91325967568129,2.1394889508342994,1.8456394500761348,3.096985372356869,2.869108207586177,0.2278771647706921,85.04833221435547,81.79336518507738,85.2220868490656,82.12510147670874,1.216294023618845,0.6878039929779636,0.5284900306408815,0.5358394824570337,25.602727765395013,-1.648500823974615,128.74974599507206,118.39149512735918,10.358250867712883,85.34000015258789,81.95124816894531,83.6456241607666,75.59749984741211,99.99999999999999,41.92222982993902,33.75348649043296,14.44365258221001,114.82250656962789,73.41312599182129,66.53750038146973,96.0,8.0,88.0,83.2590966796875,,0.0,0.0,69.56365821790487,0.403394317152433,0.409936903745701,0.32956614915738586,37.60815377579955,54.79631136991857,90.39019985456405,91.24354467008361,-9.609800145435948,6.471646768906538,8.780235965231443,3.771058198613241,3.5677928519849322,0.20326534662830875,-0.8146945172671141,-1.042568189722449,0.22787367245533496,85.22566771747897,0.03982327423870391,0.039815346877425384,345.12323017919454,13.644411882300972,-15050770.828973562
2020-06-19,88.66000366210938,89.13999938964844,86.2874984741211,87.43000030517578,85.50126647949219,264476000,-0.50250244140625,0,10391650628.197956,5507422800,0.13039542771617968,34878292.40919645,-0.1294287362524539,0.7326797523167038,53975737.16218819,85.26967468076268,57.40520684767939,5506.780565012701,83.33937454223633,89.97247686319751,76.70627222127514,15.918291581608967,0.808349363917749,0.0,0.0,86.2342493693034,88.71549860636394,83.75300013224285,5.754672314556704,0.7409574415202554,0.0,0.0,78.27249908447266,89.13999938964844,83.70624923706055,13.040055033852143,0.8426501921828106,2.210790147303604,1.860708227527717,3.0437088968292585,2.904028345434793,0.13968055139446545,85.56083234151204,82.19788448627179,85.56176584231332,82.51805694548406,1.1679471653995674,0.6881763654605357,0.4797707999390317,0.5394210650132417,25.50416767444334,-2.7593727111816406,130.91767024988508,120.10715460719491,10.810515642690163,86.07125091552734,82.09624862670898,84.08374977111816,76.94499969482422,100.0,41.08073642376239,30.600868959536154,16.426268087376812,96.3006402745919,74.01437568664551,66.53750038146973,100.0,4.0,96.0,83.37091471557618,,0.0,0.0,67.35668106065282,0.2809272161069972,0.36137625079948094,0.3711586807419183,37.24620225372423,50.09175618749311,81.82302564352099,87.47547770443077,-18.176974356479004,6.534264530855069,7.566438998822175,3.688536799697185,3.5919416415273826,0.09659515816980235,6.276206036860253,0.4211866555940914,5.855019381266161,85.37087209544524,-0.5714638224894375,-0.5731029245579222,342.5795119532241,12.956539138670536,168144108.6127598
2020-06-22,87.83499908447266,89.86499786376953,87.7874984741211,89.71749877929688,87.73829650878906,135445200,2.2874984741210938,1,10507863049.50665,5642868000,0.14557480856876542,74157206.11174358,1.7063849335211867,0.8222876873551781,57519494.30785394,85.72778238345168,58.61762143023028,5650.858708622641,83.8391242980957,90.80466734156253,76.87358125462886,16.61644990160054,0.9219609615875288,0.0,0.0,86.86008249918619,89.39208170572917,84.32808329264323,5.830064014886684,1.0642608956445943,1.0,0.0,78.27249908447266,89.86499786376953,84.0687484741211,13.827075218580479,0.9872763338361462,2.2332108884326187,1.860708227527717,3.1497604379061244,2.9531747639290593,0.19658567397706506,86.32229042053223,82.67221128023587,86.20110937108002,83.0513489331739,1.1827972510502558,0.6760564675228078,0.506740783527448,0.5450894953897096,25.43201570005686,-0.9641242980956974,133.86265806267951,122.3890377258134,11.47362033686612,86.50499725341797,82.45874786376953,84.48187255859375,77.58625030517578,100.0,40.556627559109906,30.5354924440719,15.127374350729857,114.78060243154277,74.18312644958496,66.53750038146973,100.0,0.0,100.0,83.60167810253907,,0.0,0.0,71.75042430798379,0.524739888327206,0.4030204738622118,0.3914445428024648,38.30212602748612,61.25972480081919,98.4746730878777,90.22929952865427,-1.5253269121222977,6.862867714377018,11.339658402341575,3.7925457904850344,3.632062471318913,0.16048331916612124,4.727541550061947,1.2824576344876624,3.4450839155742843,85.76864269322427,2.61637706294926,2.582735450716278,354.159060789281,15.410218266439387,-48506593.67283803
2020-06-23,91.0,93.09500122070312,90.56749725341797,91.63249969482422,89.61109161376953,212155600,1.9150009155273438,1,10474497461.219828,5855023600,0.17098220877647663,121603057.84353063,3.579991346614177,1.0269308190295587,62047910.43360536,86.54136339689806,61.04601233989412,5650.858708622641,84.46162414550781,91.8629267883093,77.06032150270633,17.525835473044545,0.9844333420341087,0.0,0.0,87.52316589355469,89.96791610717773,85.07841567993164,5.586521439583985,1.3404404217598223,1.0,0.0,78.27249908447266,93.09500122070312,85.68375015258789,17.549392740417506,0.9013323450766028,2.347640043729982,1.860708227527717,3.349718152092109,3.0324834415616695,0.3172347105304394,87.05208206176758,83.23778827373798,87.03670788242529,83.68698973033318,1.2010113798993336,0.6421548611972933,0.5588565187020403,0.5553910841813882,25.44305509305666,-1.0966262817382812,136.33470517359888,124.53163138670804,11.803073786890835,88.11999893188477,85.3375015258789,86.72875022888184,79.63500213623047,100.0,41.008521457521965,37.41238933327297,13.529316827136888,151.19848626369512,74.90875053405762,66.53750038146973,100.0,0.0,100.0,83.9774772882129,,0.0,0.0,74.807489317679,0.6943791110144804,0.5000154051495609,0.42147070993708474,40.216701745625905,63.89865208375884,88.66278021018093,89.65349298052656,-11.337219789819077,7.269389275943524,10.567118787118213,4.002674923409236,3.7061849617369775,0.2964899616722585,7.37998386496723,2.5019628805835756,4.878020984383654,86.24658784236874,2.1344787155047618,2.112017772474939,363.8529892763646,16.072294045583675,81247092.85124429
2020-06-24,91.25,92.19750213623047,89.62999725341797,90.01499938964844,88.02924346923828,192623200,-1.6175003051757812,0,10339642675.982344,5662400400,0.0896241565018462,59721466.0396069,-1.222949548481183,0.9654880212075324,58647718.51674625,87.11144526173139,57.83865908204103,5551.109539756318,84.9859992980957,92.40073297394687,77.57126562224454,17.449306325959295,0.8391220987431779,0.0,0.0,87.8037493387858,90.28825022379557,85.31924845377605,5.659213652536527,0.9450089078664061,0.0,0.0,78.90750122070312,93.09500122070312,86.00125122070312,16.693926196285723,0.7829073599256607,2.369626527638234,1.905734606639705,3.3391753892654776,3.0938218311024315,0.24535355816304616,87.60624885559082,83.67144217857948,87.49490657584423,84.15573118657875,1.1785399131773753,0.6756646828141498,0.5028752303632255,0.5630499270310156,25.523376597216245,1.011498260498044,133.55331949852106,126.59047188459054,6.962847613930521,88.11999893188477,85.67375183105469,86.89687538146973,79.72624969482422,100.0,40.815731137143175,34.43440930322236,15.358873176570667,118.27791806522352,75.22999954223633,66.53750038146973,96.0,0.0,96.0,84.70687920281212,,0.0,0.0,68.10365553604558,0.322377485882417,0.5138321617413674,0.4722893469177136,39.62454908079146,56.49984167974685,74.93385787561617,87.35710372455829,-25.066142124383827,7.329595296523138,7.976970786643539,3.967852625345632,3.7585184944587087,0.2093341308869232,8.29044156564476,3.659658617595813,4.630782948048948,86.31851280060454,-1.7652037329143666,-1.7809692586196135,355.66503899442336,13.125164637883671,27470682.934624046
2020-06-25,90.17500305175781,91.25,89.39250183105469,91.20999908447266,89.19788360595703,137522400,1.1949996948242188,1,10471242031.75276,5799922800,0.1496062655891327,74666860.32416221,-0.8002808252664861,0.78943778027889,60473405.648288816,87.620516369538,58.0886381601835,5624.803637972436,85.56837425231933,93.01729356155134,78.11945494308732,17.41044953657071,0.8786874711584829,0.0,0.0,88.345166015625,90.62591705322265,86.06441497802734,5.163272967746243,1.1280459860856245,1.0,0.0,79.11750030517578,93.09500122070312,86.10625076293945,16.33489129326129,0.8651402602208772,2.3184136917689413,1.909714595913094,3.3881897200936635,3.1526954089006782,0.23549431119298525,88.04062398274739,84.16855738713191,88.06645926947937,84.6782695493857,1.1639119010812695,0.7454908032856262,0.4184210977956433,0.5702917324622842,25.650060549012,2.641624832153326,137.58441603485946,129.07486438175522,8.50955165310424,88.11999893188477,85.68375015258789,86.90187454223633,79.72624969482422,100.0,40.48185604537815,32.42360661564786,15.208616349450812,107.4151260953581,75.31374931335449,66.53750038146973,92.0,16.0,76.0,85.3779289642434,,0.0,0.0,70.22649078380485,0.44017547846057736,0.4856440251191579,0.49983053067002897,39.8189427082081,56.13675653061211,83.26673556713529,82.28779121764414,-16.73326443286471,7.402720170862537,6.06122465636562,4.001250542936069,3.8070649041541813,0.19418563878188788,6.217599791881636,4.1712468524529775,2.046352939428658,87.24937246705466,1.3275561883319131,1.3188213825459094,361.7142484176589,14.803246821474161,-23055469.603147864
2020-06-26,91.10250091552734,91.33000183105469,88.25499725341797,88.40750122070312,86.45721435546875,205256800,-2.8024978637695312,0,10286344535.631464,5594666000,0.10400385325842582,-18175797.368456654,-0.7921359454603084,0.6458077554673025,54166731.49744898,87.95927254365924,51.41144131855338,5624.803637972436,86.01449928283691,93.00741928230752,79.0215792833663,16.259863296945245,0.6711017670763697,0.0,0.0,88.77141621907552,91.0201680501302,86.52266438802084,5.066387192708674,0.4190851134956684,0.0,0.0,79.30249786376953,93.09500122070312,86.19874954223633,16.035091143855222,0.6601414639030296,2.394072780355719,2.1287984789980303,3.1644183295290844,3.1550399930263597,0.009378336502724682,88.05708249409993,84.49932655921349,88.11892726197533,84.95450893244625,1.1005069981584534,0.7656590754961744,0.33484792266227903,0.5688590110102858,25.848429271634465,-2.0395008087158146,136.17051114837395,131.3021693251909,4.868341823183044,89.63750076293945,85.68375015258789,87.66062545776367,79.72624969482422,50.0,39.44441457537408,29.366369430584292,17.262578463376297,72.84370459967792,75.31374931335449,66.53750038146973,88.0,12.0,76.0,85.99529474476017,,0.0,0.0,60.120873668388185,0.0,0.2541843214476645,0.41788683610273014,36.50077918761927,50.38195104356599,53.55461414951423,70.58506919742192,-46.44538585048577,7.4372203602510325,0.2238999413675705,3.7248385863137092,3.7906196405860872,-0.06578105427237801,7.811831665821373,4.899363815126657,2.912467850694716,87.30869217563426,-3.072577449731184,-3.120770867309375,347.52772053858206,11.322206528578533,74661000.55521846
2020-06-29,88.3125,90.5425033569336,87.81999969482422,90.44499969482422,88.44975280761719,130646000,2.0374984741210938,1,10407632632.009714,5725312000,0.12088796776324136,22448034.491326354,-1.2737664857631863,0.2116150499386082,57177686.69892559,88.22683024588899,51.2087916770614,5754.436629193275,86.51362419128418,93.2712390355571,79.75600934701126,15.622082434858203,0.7908848457730525,0.0,0.0,89.22124989827475,91.41475194295246,87.027747853597,4.91699465582166,0.7789488615975461,0.0,0.0,79.73249816894531,93.09500122070312,86.41374969482422,15.445547654104658,0.8016837477518628,2.426915868531085,2.1567902029331223,3.115572607455036,3.1471465159120955,-0.03157390845705965,88.59624926249187,84.93134571955754,88.47678455933669,85.36121195188166,1.0592139434499994,0.8630632662391642,0.19615067721083523,0.565482470446415,26.087742557925843,-1.8136272430419922,136.45859179796065,133.12930005043523,3.329291747525417,89.69124984741211,85.68375015258789,87.6875,79.72624969482422,28.90657425785863,38.21219667585334,26.94401589739738,17.156604658966078,72.06490711929591,75.4637508392334,66.68750190734863,84.0,8.0,76.0,86.56327126283561,,0.0,0.0,64.15898975814412,0.1999641176714087,0.21337986537732836,0.3177360706480505,35.110515665914605,54.421519355020884,73.36683108834988,70.06272693499982,-26.633168911650117,7.180426788330081,7.704675603771532,3.6498692277369402,3.7624695580162584,-0.11260033027931815,5.356435871526594,4.990778226406645,0.36565764511994914,87.51391148605354,2.304666963762081,2.278510629804309,357.8417440675122,14.710177477480485,-31310718.827472985
2020-06-30,90.0199966430664,91.49500274658203,90.0,91.19999694824219,89.18810272216797,140223200,0.7549972534179688,1,10492515924.231829,5865535200,0.11918744180673659,34365191.11620524,1.6698719068704684,0.060702531113516076,58348211.67236462,88.41707947458659,50.76287468188545,5754.436629193275,87.03187408447266,93.55369038662873,80.5100577823166,14.987190315644655,0.81955230496078,0.0,0.0,89.56108322143555,91.69208526611328,87.43008117675781,4.758767911301237,0.8845406274714508,0.0,0.0,80.19499969482422,93.09500122070312,86.64500045776367,14.822157584884632,0.8531004613713155,2.33372455633618,2.1604760880828944,3.102025767271357,3.138122366183948,-0.036096598912591205,89.13791592915852,85.37278776902419,88.895740311476,85.79371454420465,1.0385948218258096,0.9034782663858509,0.1351165554399587,0.5615661510546041,26.166814975219214,-1.284376525878912,133.7120589492161,134.14929743446297,-0.4372384852468656,89.69124984741211,85.68375015258789,87.6875,79.72624969482422,41.40657425785863,37.43387236295768,28.65416226206182,16.358624218176377,95.10085073691361,75.4637508392334,66.68750190734863,80.0,4.0,76.0,87.08580965946501,,0.0,0.0,65.55100035939941,0.36973301546659826,0.18989904437933536,0.21915441040144298,34.4688314991303,56.65742768943312,80.95473969207931,69.29206164331448,-19.04526030792069,6.613015432918772,7.674144314281345,3.6156795212230364,3.7331115506576142,-0.11743202943457787,3.8161884071080934,4.755860262546935,-0.9396718554388412,87.67463769601713,0.8347584233129979,0.8312935838588054,361.66361659155893,14.595963406965225,13668341.819436029
2020-07-01,91.27999877929688,91.83999633789062,90.97750091552734,91.02749633789062,89.01941680908203,110737200,-0.1725006103515625,0,10394616712.566092,5754798000,0.07204255075346452,26726987.444086913,0.515023613675703,0.3444384637109415,58138757.33872617,88.84711893073306,57.63191671017704,5743.552376298742,87.51924896240234,93.69663808125063,81.34185984355406,14.116641063732265,0.7839587492379274,0.0,0.0,89.87191645304362,91.98141810099284,87.76241480509441,4.694462366453242,0.7738987869410804,0.0,0.0,80.19499969482422,93.09500122070312,86.64500045776367,14.739616345908837,0.839728322615711,2.18660164293889,1.747101805075539,3.042300692600577,3.1189580314672742,-0.07665733886669734,89.57791582743327,85.82836444561298,89.22370277707826,86.18140208447768,1.167701742714081,0.8678016894294472,0.29990005328463376,0.5558413975573135,26.142839041561487,0.5007476806640625,128.9340865117872,134.16977971409798,-5.2356932023107845,89.69124984741211,85.68375015258789,87.6875,79.72624969482422,59.17993069339397,36.841123706470434,28.972805371084366,15.899177604463988,100.14868904165289,75.88249778747559,67.10624885559082,76.0,0.0,76.0,87.56654498436406,,0.0,0.0,64.93050147498607,0.3274837390348766,0.29906029072429424,0.23411306682698618,33.771695236986645,53.493948856968544,79.22106601378505,77.84754559807142,-20.778933986214955,6.299846155503218,6.15761267632201,3.5301127842158095,3.692511797369254,-0.1623990131534443,1.0261393224761093,4.00991607453277,-2.9837767520566603,87.81693665641494,-0.18914541241646932,-0.18932451823419072,360.79040103998005,13.85708718622314,-14747520.969294816
2020-07-02,91.9625015258789,92.61750030517578,90.91000366210938,91.02749633789062,89.01941680908203,114041600,0.0,0,10296269495.08659,5868839600,0.050027593254677725,22908846.380645927,0.5315315115198459,0.4508615052814897,58138757.33872617,89.33861476766295,65.01314519752924,5743.552376298742,88.04162368774413,93.50967312886142,82.57357424662685,12.421509763406304,0.7730290464908806,0.0,0.0,90.2370829264323,92.41158396402996,88.06258188883464,4.81952866178191,0.6817459264888547,0.0,0.0,80.80750274658203,93.09500122070312,86.95125198364258,13.956465089400186,0.8317391544611862,2.1386911429516418,1.3973305053288654,2.9608374495667533,3.08733391508717,-0.12649646552041682,89.82854080200195,86.27067213792067,89.5012094787417,86.54037202917495,1.1848617492244131,0.8090732369666738,0.37578851225773935,0.5479886741354822,26.057654159822615,-0.1441246032714787,128.06930864707743,133.8532950915638,-5.783986444486374,90.44124984741211,86.00125122070312,88.22125053405762,79.72624969482422,73.62552473981425,36.580666343273855,29.908492005077967,15.000933632023717,101.7788999929725,75.88249778747559,67.10624885559082,72.0,0.0,72.0,88.00882148327118,,0.0,0.0,64.93050147498607,0.3274837390348766,0.34156683117878356,0.27684205542747126,33.21553275303989,49.35665485529364,79.22106601378505,79.79895723988317,-20.778933986214955,6.136912514181702,3.416836866081758,3.4213366318422804,3.638276764263859,-0.21694013242157872,-1.0785543239996362,2.9922219948262887,-4.070776318825925,87.95159544698747,0.0,0.0,360.79040103998005,13.789473112845656,6094774.435808361
2020-07-06,92.5,93.94499969482422,92.46749877929688,93.4625015258789,91.40069580078125,118655600,2.4350051879882812,1,10337427871.046396,5987495200,0.02182912354370475,60911439.98110541,1.7961992628841181,0.6583687978093602,61312820.26704595,89.83282154840447,64.87771080117469,5743.552376298742,88.57099876403808,93.98551592126857,83.15648160680759,12.226388395269883,0.9517025821322556,0.0,0.0,90.80433298746745,92.8413340250651,88.76733194986979,4.486572326628501,1.1524710811012615,1.0,0.0,81.83000183105469,93.94499969482422,87.88750076293945,13.678289770724033,0.9601734829530391,2.216572364349837,1.1814708626508816,3.0575166621909915,3.0813704645079345,-0.023853802316943007,90.29229100545247,86.80528758122371,90.11063902445511,87.05312236226412,1.2042868895333232,0.6989282776166692,0.505358611916654,0.5436649794193966,25.99505750771219,-0.638496017456049,129.712808883983,133.3922007383753,-3.6793918543922928,90.88249969482422,86.53125,88.70687484741211,80.99750137329102,83.83054206646577,36.79352163077431,31.376827734552087,13.588325265252474,139.23524927241036,76.30562400817871,67.10624885559082,100.0,0.0,100.0,88.41571586226573,,0.0,0.0,69.63594037396125,0.6478733380642752,0.43428027204467584,0.3583024646492514,34.1660108360407,57.21377523762867,93.78624331138347,84.07612511298454,-6.21375668861653,6.3140006570255025,6.331240933326308,3.512242386283857,3.6130698886678587,-0.10082750238400173,-2.5173200880049293,1.8903135782600453,-4.407633666264974,88.45828076209719,2.6750215989129744,2.6398684216456303,373.11664379351714,16.15325028663476,14660937.581649423
2020-07-07,93.85250091552734,94.65499877929688,93.05750274658203,93.17250061035156,91.11709594726562,112424400,-0.29000091552734375,0,10241189509.159555,5875070800,-0.03869984808579554,47552208.70843145,0.9236205475414123,0.4993888180319973,60963983.264019825,90.22248820030285,64.1405726655873,5725.7309460961205,89.06137390136719,94.27380133187478,83.8489464708596,11.70524819498113,0.8943581722521966,0.0,0.0,91.25483322143555,93.24383392333985,89.26583251953124,4.359222699093358,0.982068052334021,0.0,0.0,83.00250244140625,94.65499877929688,88.82875061035156,13.083670088893326,0.8727741999690961,2.1546647311863376,1.1829777399158283,3.0752850131543426,3.0801533742372165,-0.004868361082873918,90.72895749409993,87.33172988891602,90.58169465305457,87.50640963990023,1.1428934088648113,0.7433495873775148,0.3995438214872965,0.5399923999927086,25.94680911562845,-1.631373596191409,128.0602935675287,132.47282167103418,-4.41252810350548,91.23749923706055,86.9787483215332,89.10812377929688,81.68624877929688,90.4241608815122,37.215791181323134,32.06428347805899,12.873479205534915,138.2623547543071,77.10437393188477,67.10624885559082,100.0,0.0,100.0,88.96864424552157,,0.0,0.0,68.45785162093415,0.5676582101437739,0.5143384290809749,0.4300618441014783,34.585805146520585,49.18122198076304,82.2826637003132,85.0966576751606,-17.7173362996868,6.79300786186667,5.959113752136677,3.5143540065345196,3.593326712241191,-0.07897270570667159,-4.012557620669872,0.709739338474062,-4.722296959143934,88.69037802890179,-0.3102858481131565,-0.31076823275686394,371.6486298027579,14.490628847881752,7798893.79238902
2020-07-08,94.18000030517578,95.375,94.08999633789062,95.34249877929688,93.23922729492188,117092000,2.1699981689453125,1,10352358361.939379,5992162800,-0.039525247541068544,77057525.40696189,0.9616208841179326,0.49601036929014564,63691069.30264349,90.5990621173946,64.33555024978695,5725.7309460961205,89.52862396240235,95.21273757296885,83.84451035183585,12.697868813338511,1.0114143748012714,1.0,0.0,91.57191645304363,93.43666712443034,89.70716578165691,4.072756678283402,1.5110151410883434,1.0,0.0,83.1449966430664,95.375,89.2599983215332,13.660439327281068,0.9973425010807786,2.1594481970325474,1.1791826069383002,3.227265369828899,3.1095757733555534,0.11768959647334576,91.38833236694336,87.90403747558594,91.31412605709184,88.08686068726294,1.0895777943526481,0.7173543196352292,0.3722234747174189,0.5408096910784137,25.900116584576136,0.18887481689452557,125.42803364824735,131.57001213211487,-6.141978483867518,91.59749984741211,87.55374908447266,89.57562446594238,82.3125,94.46652536489576,37.827936805724015,32.109630960734606,11.940783236184542,158.40050083804152,77.40562438964844,67.10624885559082,100.0,0.0,100.0,89.65100678957461,,0.0,0.0,72.24207101616449,0.8253227045103212,0.6802847509061231,0.5429678173439249,36.14174795303279,61.129229982368294,99.64235251448851,91.90375317539508,-0.3576474855114989,7.125558740952442,9.050095443786336,3.663730713808434,3.60740751255464,0.056323201253793975,-4.9103451998906955,-0.4142775691988895,-4.496067630691806,89.043203024929,2.3290114086561564,2.3023038247490746,382.6333801996346,16.510432149889667,17212002.87104608
2020-07-09,96.26249694824219,96.31749725341797,94.67250061035156,95.75250244140625,93.64019012451172,125642800,0.410003662109375,1,10391693958.255,6117805600,-0.05759485225269824,73408451.50849244,0.9983152201088912,0.604571263259294,64231374.085685976,91.01970430826569,69.39886488850402,5725.7309460961205,89.90574913024902,96.16193265692701,83.64956560357103,13.917204599706912,0.9672779567786942,0.0,0.0,92.06858317057292,93.84108301798503,90.29608332316081,3.8503901903828477,1.5391874719233238,1.0,0.0,83.1449966430664,96.31749725341797,89.73124694824219,14.651455260406301,0.9571080063896357,2.108003041635933,1.1761814216888942,3.3422671907555355,3.15611405683555,0.18615313391998534,91.89124933878581,88.47778760469876,91.99695319314021,88.65468600238468,1.1214275968931813,0.6769921939715241,0.4444354029216572,0.5443036013682458,25.90318567257089,1.7267505645751982,124.70617814023078,130.13909681048946,-5.432918670258687,92.0687484741211,88.2562484741211,90.1624984741211,82.93375015258789,96.86048514451771,38.669191574113334,33.496464497634406,11.283257771726793,151.92213904084446,77.48562431335449,67.10624885559082,100.0,4.0,96.0,90.45236583903416,,0.0,0.0,72.90354172484341,0.8703617199291567,0.7544475448610837,0.6496902416160607,37.60369598154014,57.437320419039004,94.36695034123099,92.09732218534425,-5.633049658769012,7.472514634973862,6.726673998074061,3.7699836765150048,3.639922745346713,0.13006093116829165,-5.072975190222715,-1.3460170934036548,-3.7269580968190605,89.84707090973882,0.4300324276778955,0.42911043054632003,384.708860241291,15.598985758398442,24964214.960885853
2020-07-10,95.33499908447266,95.9800033569336,94.70500183105469,95.91999816894531,93.8039779663086,90257200,0.1674957275390625,1,10473455638.613071,6208062800,0.03345981768215442,65081200.63294191,-0.21542111155840435,0.5984289507374403,64389257.11739984,91.69241918706403,75.06757542171097,5735.746720577797,90.50299911499023,96.66031019802348,84.34568803195698,13.606866387289477,0.9398834962945001,0.0,0.0,92.56033325195312,94.27458343505859,90.84608306884766,3.7040708970638687,1.4799225778427396,1.0,0.0,83.1449966430664,96.31749725341797,89.73124694824219,14.554766957076199,0.9698235668206929,2.0247028900602304,1.1521946920612451,3.407641300051523,3.206419505478745,0.2012217945727781,92.2485408782959,89.04086450430063,92.6004985740333,89.19285727398177,1.163178076399896,0.6973518595580942,0.4658262168418018,0.5485836924890956,25.88144759329526,-0.48799972534179403,124.36465418866258,128.8273349260771,-4.462680737414516,92.0687484741211,88.2562484741211,90.1624984741211,82.93375015258789,98.43024257225886,39.45035671618913,32.02451569482584,10.787432972961938,137.2482486503563,77.73062705993652,67.35125160217285,96.0,0.0,96.0,91.39078686533557,,0.0,0.0,73.18467182970298,0.8895036455826102,0.8617293566740291,0.7654872174804122,38.8753082611619,59.03189233090563,95.33998661948904,96.44976315840286,-4.660013380510963,7.7251029519473775,4.679015074782762,3.8205316033143357,3.676044516940238,0.1444870863740979,-7.319830115669154,-2.540779697856755,-4.779050417812399,90.45672039701218,0.17492569203771957,0.17477287523366414,385.55674056943616,15.196117494088313,-14950581.34078759
2020-07-13,97.26499938964844,99.95500183105469,95.25749969482422,95.47750091552734,93.37124633789062,191649200,-0.44249725341796875,0,10299757705.786144,6016413600,-0.003691348876787272,43668994.168271504,5.548659665424337,0.8728771458733797,63505142.79047518,92.36546050130464,75.9451698745638,5735.746720577797,91.0418743133545,96.95500382815877,85.12874479855023,12.989911640992874,0.8750659097748235,0.0,0.0,93.31691665649414,95.19341659545898,91.4404167175293,4.021778700366545,1.0756952649369849,1.0,0.0,83.1449966430664,99.95500183105469,91.54999923706055,18.46403681247861,0.7336407178073463,2.291982814677254,1.1587724974449096,3.3847278862637467,3.2420811816357458,0.1426467046280009,92.70374933878581,89.61384523831882,93.04311431887854,89.65838643261479,1.133203236293021,0.6283594063855633,0.5048438299074578,0.5509590759760142,26.03421044154731,0.16812477111815838,127.01066319129828,127.7775650808924,-0.7669018895941235,94.97750091552734,90.38125228881836,92.67937660217285,85.46375274658203,99.21512128612943,41.09828599217633,39.83321717831352,9.185835536461022,155.8433157231953,78.08625221252441,67.35125160217285,100.0,0.0,100.0,92.17906052742876,,0.0,0.0,71.08634778646902,0.7466304273177009,0.8354985976098224,0.8172251663816453,39.365004701483834,47.900316202694796,63.102594748135715,84.26984390295193,-36.897405251864285,8.067345944572907,6.068434775223788,3.775138077917152,3.695863229135621,0.07927484878153113,-2.8698861284044477,-2.606600983966294,-0.26328514443815365,91.94217405314144,-0.4613190803429701,-0.46238644070211166,383.31677467929796,14.403822012859791,105660381.55966687
2020-07-14,94.83999633789062,97.25499725341797,93.87750244140625,97.05750274658203,94.91638946533203,170989200,1.5800018310546875,1,10450750174.713058,6187402800,0.01983134447710267,76025316.30002931,-4.029548362523925,0.3293385952206581,66334743.968763255,92.75349955276678,66.49653305173172,5830.664269048161,91.60737457275391,97.5502198955255,85.66452924998232,12.974600244769213,0.9585453497287324,0.0,0.0,93.96299997965495,95.90499903361004,92.02100092569988,4.133539913318146,1.2967312755958351,1.0,0.0,86.18000030517578,99.95500183105469,93.06750106811523,15.037000667385026,0.7896552621769831,2.4005340144107006,1.1587724974449098,3.4542434159869373,3.284513628505984,0.16972978748095313,93.19104131062825,90.15932611318735,93.66071253852522,90.20646912253828,1.0297658443450928,0.7963283061981201,0.23343753814697266,0.5543770379742267,26.229393105649027,-3.199873352050787,128.67562443839398,127.21796124635658,1.4576631920374012,95.43250274658203,90.89250183105469,93.16250228881836,85.7087516784668,99.60756064306472,41.61340660338901,35.72613258512143,12.45152059528666,119.42490908812427,78.90250015258789,70.75625038146973,96.0,0.0,96.0,93.57872996208143,,0.0,0.0,73.95756298317654,1.0,0.8787113576334368,0.858646437305763,40.631621911798646,56.683827644476644,76.12279707951733,78.18845948238071,-23.877202920482674,7.954235435934635,6.4110335717620215,3.8292635213275266,3.722543287574002,0.10672023375352468,-0.6808332775220031,-2.221447442677436,1.540614165155433,93.41872899077516,1.6548420475024583,1.6412987457457895,391.31490388932366,16.058802389367372,33207793.192100585
2020-07-15,98.98999786376953,99.24749755859375,96.48999786376953,97.7249984741211,95.56916046142578,153198000,0.6674957275390625,1,10434777664.790003,6340600800,-0.0270150587528953,79772986.89538646,4.144399506963471,0.7127206706095619,67388335.98971736,93.37298986176043,75.7793108358094,5870.763626420525,92.09262466430664,98.36053885346202,85.82471047515126,13.612195790928961,0.9493020835830424,0.0,0.0,94.65524978637696,96.72349853515625,92.58700103759766,4.370066643840741,1.2421130290918676,1.0,0.0,86.2874984741211,99.95500183105469,93.12125015258789,14.841040101478246,0.8368390115812702,2.4362305824520525,1.058388518759641,3.5225900751921557,3.3321289178432187,0.19046115734893698,93.96749941507976,90.71163382897011,94.28598729784767,90.76339722265551,1.1398727296385316,0.7077510062909926,0.43212172334753896,0.5586180486062391,26.202745140012354,-1.6476249694824219,129.82120233257604,127.31652967088868,2.5046726616873514,95.43250274658203,91.47875213623047,93.45562744140625,85.7087516784668,99.80378032153236,42.5336535467692,38.762624187198234,11.41654868544971,141.64538323448267,79.13375091552734,71.3125,92.0,0.0,92.0,93.87750244140625,,0.0,0.0,75.08328003778706,1.0,0.9155434757725667,0.8765844770052755,42.024207586854345,53.74351218711441,81.62337895041932,73.61625692602414,-18.37662104958068,8.025786837409527,10.539260950445247,3.8810690024644425,3.7542484305520905,0.12682057191235208,0.011585490046770092,-1.7748408561325948,1.7864263461793648,94.65546855718618,0.6877322295030686,0.6853781384709379,394.6938348317226,15.803737881655337,16215417.091719419
2020-07-16,96.5625,97.40499877929688,95.90499877929688,96.52249908447266,94.39319610595703,110577600,-1.2024993896484375,0,10415242333.784143,6230023200,-0.003734131879688164,49381203.55193281,-1.6464667327082052,0.6522788200780106,66027686.22164393,93.76263666215979,69.5123919586998,5798.524283491188,92.52387466430665,98.7646906191469,86.28305870946639,13.490174244178743,0.8203607067650147,0.0,0.0,95.18816655476888,97.32016576131186,93.0561673482259,4.479546741382564,0.8129298842159022,0.0,0.0,86.2874984741211,99.95500183105469,93.12125015258789,14.771866619855437,0.7488566377530316,2.374607493689269,1.1014316875307235,3.440068673683612,3.3537168690112975,0.08635180467231462,94.47395769755046,91.11644157996544,94.63006603425151,91.1899973605679,1.119275313623261,0.7252935961722633,0.39398171745099764,0.5592551660366964,26.081876681499978,-1.3238777160644588,131.05666971194628,127.64845867809633,3.408211033849952,96.21125030517578,91.54999923706055,93.88062477111816,85.76750183105469,99.90189016076619,42.98576088877975,36.60025046807512,12.572763686926061,98.59497786947846,80.82312393188477,72.81374740600586,88.0,12.0,76.0,93.87750244140625,,0.0,0.0,69.27379471009755,0.6117278742294369,0.8705759580764786,0.8882769304941608,41.56837222931405,53.6495481105802,71.71403261369116,76.48673621454262,-28.28596738630884,7.764514810898731,6.7195526675381565,3.7724188762518334,3.757882519692039,0.014536356559794239,-1.8502402007856238,-1.7899207250632005,-0.060319475722423244,94.98142417682182,-1.2304931270650021,-1.238126376114046,388.60666119410394,13.983450354917267,-19130493.652097374
2020-07-17,96.98750305175781,97.14749908447266,95.83999633789062,96.32749938964844,94.20249938964844,92186800,-0.19499969482421875,0,10391799322.58194,6137836400,-0.01793290118124911,39758689.06353938,-0.22870542686149767,0.6925238571207828,65841445.72810792,94.41286889421221,73.42298115572623,5786.80980783591,92.94362449645996,99.01984018459109,86.86740880832883,13.075056457180793,0.7784524996206365,0.0,0.0,95.68016637166342,97.77216618855795,93.58816655476888,4.372901712499741,0.6547163180315089,0.0,0.0,86.2874984741211,99.95500183105469,93.12125015258789,14.70515425988596,0.7345892408677551,2.2678970189785455,0.6888029680314567,3.3206565609637835,3.347104807401795,-0.02644824643801158,94.90124956766765,91.42865313016452,94.8912096273895,91.57055306642572,1.1615106831630018,0.7204213706447662,0.4410893125182356,0.5558375791653333,25.74400757696974,-1.916128158569336,129.95815908207652,127.67571981121783,2.2824392708586885,96.50625228881836,91.54999923706055,94.02812576293945,86.78499984741211,49.95094508038309,43.35937909505025,35.08596756366967,12.25827211429026,85.2386210859889,82.52937316894531,73.95874786376953,84.0,8.0,76.0,94.97145233154296,,0.0,0.0,68.35022827238346,0.3836623164481064,0.6651300635591807,0.8170831658027421,40.93552230799498,50.584747602946884,70.10711328532925,74.4815082831466,-29.892886714670755,7.500903589585249,5.622261637043923,3.626336687684919,3.7315733532906155,-0.10523666560569644,-4.4422361697295365,-2.320383813996468,-2.1218523557330684,95.1950173011202,-0.20202512022980956,-0.20222946624244287,387.61955299937574,14.225025909708052,-13662770.247181535
2020-07-20,96.4175033569336,98.5,96.0625,98.35749816894531,96.18771362304688,90318000,2.029998779296875,1,10471556928.42629,6228154400,0.02903949722686689,60271080.58996735,2.1253092727858798,0.9353149827314304,67744800.75040427,94.94217103345586,72.95789867529852,5908.760620639761,93.48999938964843,99.4488826975215,87.53111608177537,12.747637922292801,0.9084237371174719,0.0,0.0,96.1149996439616,98.3029993693034,93.9269999186198,4.552878808608012,1.01245402341936,1.0,0.0,87.7874984741211,99.95500183105469,93.87125015258789,13.014764612653131,0.868707358013668,2.2848573170806907,0.5953893797213493,3.351195046942422,3.3479228553099203,0.0032721916325018086,95.51208305358887,91.98182619535007,95.42448478762886,92.07328974068643,1.1848838582747019,0.6466778158937826,0.5382060423809193,0.5532456447770091,25.428943976851127,-2.462503051757807,131.07425450072986,128.0106043593513,3.0636501413785595,96.91625213623047,91.54999923706055,94.23312568664551,87.33625030517578,49.98638678515251,44.034446683069476,36.6506007952642,11.318148327883968,104.9543831770351,82.85124778747559,73.95874786376953,80.0,4.0,76.0,95.83999633789062,,0.0,0.0,72.46570090633298,0.742181008355221,0.5791903996775879,0.7049654737710825,41.56416928812933,53.09012353348248,83.952753708935,75.25796653598515,-16.047246291064987,6.9260137221392455,8.052513939135487,3.6397038233136536,3.7131994472952234,-0.07349562398156984,-6.661820435150716,-3.188671138227318,-3.473149296923398,95.66737315941879,2.10739279246257,2.0854943931100323,397.8956123139227,16.392623588825302,-339981.18103952706
2020-07-21,99.17250061035156,99.25,96.74250030517578,97.0,94.86015319824219,103433200,-1.3574981689453125,0,10389367214.508995,6124721200,-0.04357057209902037,31602300.561664257,1.733353182936819,0.9398493595933125,66317249.397207215,95.44098552289056,72.51747934144197,5908.760620639761,93.8541244506836,99.73592780700778,87.97232109435942,12.533926219544725,0.7674244070004413,0.0,0.0,96.51858291625976,98.7975830078125,94.23958282470703,4.722406862375955,0.605620242299383,0.0,0.0,87.81999969482422,99.95500183105469,93.88750076293945,12.929641832210478,0.7564893851784183,2.307121554855043,0.6889391480328829,3.228640502001923,3.324066384648321,-0.09542588264639784,96.00979169209798,92.45490323580228,95.66687174337825,92.43823124137633,1.1306550112114442,0.6646846376731986,0.46597037353824555,0.5470919744058275,25.163358389671583,-0.3916229248046932,129.39915339861884,128.45183988717037,0.9473135114484705,96.91625213623047,91.54999923706055,94.23312568664551,87.50374984741211,24.993193392576256,44.83088436238673,36.12276080291525,10.431815888284877,95.68486138968194,83.0424976348877,73.95874786376953,76.0,0.0,76.0,95.83999633789062,,0.0,0.0,66.26081149450246,0.1310291573176376,0.41895749404032134,0.5544259857590301,40.230036049551835,46.47893481364503,67.32998972625272,73.79661890683902,-32.67001027374729,6.891425525440894,6.561208318791574,3.4927545222833616,3.669110462292851,-0.1763559400094894,-7.580857468795729,-4.067108404341001,-3.5137490644547285,95.77942625156506,-1.3801674444927303,-1.3897803069163217,391.02381916520824,13.930174584687606,18271694.940726385
2020-07-22,96.69249725341797,97.9749984741211,96.60250091552734,97.27249908447266,95.12663269042969,89001600,0.27249908447265625,1,10387259625.590954,6213722800,-0.03359855266479559,30552379.698083874,-1.0910395442156098,0.8251305626010759,66567278.825213425,95.81286740199064,66.88912483372144,5925.359918160302,94.13612442016601,100.10499772318826,88.16725111714376,12.681366138212477,0.7627275287212569,0.0,0.0,96.75333302815754,99.04108250935872,94.46558354695637,4.729034979157534,0.6134665444318074,0.0,0.0,87.81999969482422,99.95500183105469,93.88750076293945,12.890909001168616,0.7789450124138746,2.213659155228914,0.7282983722755777,3.117566178636082,3.282766343445873,-0.16520016480979116,96.32729148864746,92.89817252525917,95.91389133431585,92.79632515567977,1.0932090465624225,0.7213217548734892,0.3718872916889333,0.5383043844008579,24.93907553151272,-0.9636238098144503,126.72752414822055,128.6764338880581,-1.9489097398375606,96.91625213623047,93.06750106811523,94.99187660217285,87.50374984741211,12.496596696288128,45.459444905946825,34.52886845743077,10.42160208211284,77.97786562638457,83.15812301635742,73.95874786376953,72.0,0.0,72.0,96.0625,,0.0,0.0,66.87398200543181,0.1914235121375054,0.35487789260345437,0.45100859544045474,39.31662517747564,54.26813854204086,70.34269442096722,73.87514595205168,-29.657305579032784,6.298183284086335,4.076498591832358,3.35957935123605,3.607204240081491,-0.24762488884544087,-9.220672541205706,-5.097821231713942,-4.1228513094917645,95.84163143114918,0.28092689120893244,0.2805330290885699,392.40323711548444,14.707801063595724,-790380.3976532221
2020-07-23,96.99749755859375,97.07749938964844,92.01000213623047,92.84500122070312,90.79682159423828,197004400,-4.427497863769531,0,10255178198.573774,6016718400,-0.03247563049927298,-98417468.85209928,-7.0608953647539385,0.2828143571529484,57600339.881908,95.88559667430073,57.51612458341968,5925.359918160302,94.27762451171876,99.97710035811909,88.57814866531842,12.090834651210129,0.37431973311015565,0.0,0.0,96.59299977620442,99.22299931844074,93.96300023396809,5.445528243930207,-0.21254737791975295,0.0,1.0,87.81999969482422,99.95500183105469,93.88750076293945,12.871561199255801,0.4140915237976083,2.5185429345302413,1.6561774095178659,2.6418236036341085,3.15457779548352,-0.5127541918494116,96.29999987284343,93.08374962439903,95.44175439376005,92.79993079012594,0.9496126905966534,0.7915571408246407,0.15805554977201275,0.5173024815116318,25.084435369155095,1.0648742675781193,119.8371483068948,128.17337767897277,-8.336229372077966,95.98250198364258,93.12125015258789,94.55187606811523,87.50374984741211,6.248298348144064,43.17572648979616,29.207354233260652,22.265069240042997,-9.485409396457761,83.15812301635742,73.95874786376953,68.0,8.0,60.0,,99.95500183105469,0.0,1.0,50.739055195059656,0.0,0.10748422315171408,0.29377320326516343,32.77655340213556,41.96454735015965,10.509743442993681,49.394142530071235,-89.49025655700632,5.471705694759592,-0.35149790711107304,2.846794799458194,3.455122351956832,-0.608327552498638,-3.414864900433244,-4.761229965457803,1.3463650650245587,95.7140167948468,-4.551643995416055,-4.658485959395708,369.99079474008323,10.182539560399846,115176286.67141593
2020-07-24,90.98750305175781,92.97000122070312,89.1449966430664,92.61499786376953,90.5718994140625,185438800,-0.23000335693359375,0,10406195394.536682,5831279600,-0.02455726575350988,-90450908.51690473,-7.19101353793196,-0.3591294143339142,57140955.46761572,95.61703380115986,49.24295605736598,5910.6811238870705,94.34787445068359,99.92775662056133,88.76799228080586,11.828315587108186,0.34472104121940356,0.0,0.0,96.19716618855794,99.08216603597006,93.31216634114584,5.998097369640113,-0.12082643227896174,0.0,1.0,87.81999969482422,99.95500183105469,93.88750076293945,12.861977237837547,0.39513781004036946,2.649189098840889,2.275455985794426,2.2206367189212273,2.9677895801710616,-0.7471528612498344,96.07270812988281,93.26519188514122,95.00686877376151,92.78623205484028,0.8682278403934938,0.9873216917998736,-0.11909385140637985,0.4876559469343105,25.360116338650972,1.404627990722659,112.69769566829049,126.58304795419414,-13.88535228590365,94.1974983215332,93.12125015258789,93.65937423706055,87.50374984741211,3.124149174072032,40.33889148055791,26.06318991214223,27.931423157025492,-76.86552471329695,83.38999938964844,74.29624938964844,64.0,4.0,60.0,,99.7961018371582,0.0,0.0,50.06329939553927,0.0,0.06380783737916822,0.1753899843781124,27.477542062513532,48.25136396189472,32.09990337986956,37.650780414610175,-67.90009662013044,4.114308951882748,-2.8607399118425523,2.393282569776887,3.242754395520843,-0.8494718257439557,0.20183953371897928,-3.7686160656224463,3.9704555993414257,95.55720689067317,-0.24772831483609314,-0.24803566913327302,368.8264944643889,12.364211163814275,46058098.44488767
2020-07-27,93.70999908447266,94.90499877929688,93.4800033569336,94.80999755859375,92.71846771240234,121214000,2.1949996948242188,1,10511247268.279167,5952493600,0.08769058048809618,-39520108.2990008,3.6855179213849274,-0.16185103048794888,60013758.99993116,95.65830403534159,49.50747730244881,6050.765813865893,94.66799926757812,99.53731853901968,89.79867999613657,10.287149425601514,0.5145809181016782,0.0,0.0,95.94733276367188,98.50508193969726,93.38958358764648,5.3315691064083826,0.2776687378616452,0.0,0.0,87.81999969482422,99.95500183105469,93.88750076293945,12.818483785562016,0.5760195000625566,2.6132702805095347,2.469819331933243,2.0404402838310602,2.7823197209030615,-0.7418794370720012,95.99416605631511,93.52971091637245,94.97658089450493,92.93614061067387,0.9490177367492999,0.9584665491131625,-0.009448812363862635,0.45744659940633114,25.419353310377662,1.2519989013671875,107.01661355239307,124.17649118908292,-17.159877636689856,94.1974983215332,93.12125015258789,93.65937423706055,87.50374984741211,1.562074587036016,37.93443068305606,29.855708578197753,26.118616192837557,-7.244027961425812,83.6456241607666,75.59749984741211,60.0,0.0,60.0,,99.37005762939454,0.0,0.0,56.07556992160535,0.24029876809392847,0.08009958936464256,0.08379721663184181,24.855864402671372,53.69955547106285,52.40516370724877,31.671603510037357,-47.59483629275123,3.156044477574966,-0.9843135780072654,2.195529393004202,3.033309395017515,-0.837780002013313,-0.7767032838886654,-3.17023350927569,2.3935302253870248,95.55075725543809,2.3700261787544585,2.342377067037482,379.9378051161317,15.213694920241679,-23363465.031135827
2020-07-28,94.36750030517578,94.55000305175781,93.24749755859375,93.25250244140625,91.1953353881836,103625600,-1.5574951171875,0,10408418031.883156,5848868000,0.00030949152962361163,-56931002.25851855,-0.36922534812804175,-0.2569114756483756,58311445.212654874,95.59250009273698,43.53366518845168,5951.366610690964,94.80837440490723,99.3322478144089,90.28450099540555,9.543193706035154,0.32803763250391627,0.0,0.0,95.70933278401692,98.05958302815755,93.3590825398763,4.911224800708479,-0.02267420219097108,0.0,1.0,89.1449966430664,99.95500183105469,94.54999923706055,11.401951837947305,0.3799726019469415,2.5081932524585815,2.832701321946185,1.7517632352089123,2.5762084237642315,-0.8244451885553192,95.77187474568684,93.75365330622746,94.71133805556667,92.95957482035776,0.9313040919103815,1.0056728287337748,-0.07436873682339329,0.4239154684474486,25.389355775067703,0.6691265106201172,99.08370455554565,120.76121365830178,-21.677509102756133,94.1974983215332,93.87125015258789,94.03437423706055,87.50374984741211,0.781037293518008,35.60632298168966,28.49670023204946,25.607060124901082,-39.88072521350537,84.08374977111816,76.94499969482422,56.00000000000001,0.0,56.00000000000001,,98.96105518994142,0.0,0.0,51.351177254673594,0.051473975042157484,0.09725758104536174,0.08038833592972436,21.08619230762333,50.3435980773987,37.99726019469415,40.83410909393751,-62.00273980530585,2.066066539988796,-2.780958901647144,1.8844355071483003,2.8035346174436726,-0.9190991102953723,-2.6122163795635465,-3.058630083333262,0.44641370376971556,95.4327379291272,-1.6427540948146802,-1.65639691827284,372.0536071700227,12.7390017151573,-9481344.473119289
2020-07-29,93.75,95.2300033569336,93.7125015258789,95.04000091552734,92.94340515136719,90329200,1.7874984741210938,1,10476127465.397148,5939197200,-0.006587487257775503,-25731815.197504606,0.96178538059947,-0.2595207498990485,60042908.74383499,95.54628410056445,42.3913463159776,6065.444608139125,95.00037460327148,99.21043718174222,90.79031202480074,8.863254689367848,0.5047061429037304,0.0,0.0,95.39333318074543,97.61958363850911,93.16708272298176,4.667517914581124,0.4206440892609577,0.0,0.0,89.1449966430664,99.95500183105469,94.54999923706055,11.37890796023874,0.545328533145504,2.4551240187654577,2.9726754435957297,1.6482211154467166,2.390610962100729,-0.7423898466540124,95.73541641235352,93.95836492685171,94.7619015724837,93.11368045703698,0.9160954906451535,1.0002056401034602,-0.08411014945830675,0.3926977874368531,25.282822637062814,2.0571281433105497,91.34017024404709,116.34826927297965,-25.008099028932563,94.1974983215332,93.88750076293945,94.04249954223633,87.50374984741211,0.390518646759004,33.70100403781431,28.840781810371652,24.11118724893807,-14.013783863235354,84.48187255859375,77.58625030517578,52.0,16.0,36.0,,98.56841284806642,0.0,0.0,55.93922655917079,0.23484938888040763,0.17554071067216426,0.1176326270273897,19.458499508983486,50.076973880110366,54.5328533145504,48.311759072164456,-45.4671466854496,1.3006919636445957,-0.45822313718398777,1.7701170304477571,2.5968511000444896,-0.8267340695967325,-4.920688675161344,-3.431041801698879,-1.489646873462465,95.42132105487514,1.916837004180394,1.8986971250783746,381.10210539182606,15.290390653114954,-7643406.058758408
2020-07-30,94.1875,96.29750061035156,93.76750183105469,96.19000244140625,94.06803131103516,158130000,1.1500015258789062,1,10620819762.90146,6097327200,0.08922460928879763,3922692.8717433996,0.8979692193150919,-0.17999286912237025,61956310.8854118,95.53593771499143,49.350885352224715,6065.444608139125,95.25849990844726,99.07745300560592,91.43954681128861,8.018083637321693,0.6219578388710817,0.0,0.0,95.27408345540364,97.603333791097,92.94483311971028,4.889578049383485,0.6966123975527866,0.0,0.0,89.1449966430664,99.95500183105469,94.54999923706055,11.348074133413558,0.6517116019674088,2.4626114948185993,3.0304578376867206,1.6400532388889246,2.240499417458368,-0.6004461785694435,95.66312472025554,94.13365349402794,94.98160939847178,93.34155615958285,0.9194831385823705,0.9629558247421325,-0.043472686159761964,0.36607427575788487,25.197626332251048,2.466498565673831,85.18055298737788,111.37297970690203,-26.19242671952415,94.1974983215332,93.88750076293945,94.04249954223633,88.76750183105469,0.195259323379502,32.32381875636731,29.835445905706997,22.315120379222257,8.099441033499177,86.72875022888184,79.63500213623047,48.0,12.0,36.0,,98.19147619986641,0.0,0.0,58.64166732510307,0.34286069410776027,0.20972801934344154,0.16084210368698937,19.02345666647474,57.357453824168225,65.17116019674089,52.5670912353285,-34.828839803259115,1.1274126389447332,-0.8938003561052174,1.7570451001320164,2.4288899000619955,-0.671844799929979,-2.4427391445418314,-3.23338127026747,0.7906421257256384,95.42596012081313,1.210018428872961,1.2027562298197125,386.92352952876286,15.631780853608973,71462287.02389592
2020-07-31,102.88500213623047,106.41500091552734,100.82499694824219,106.26000213623047,103.9158706665039,374336800,10.069999694824219,1,10974397455.256649,6471664000,0.24257803356347996,541872516.9988478,12.823784964384364,0.3396589379462031,101145118.1011897,97.05315563295491,54.60801043448122,6065.444608139125,96.02012519836425,101.75514415562199,90.28510624110652,11.945451946474726,1.3927500514106868,1.0,0.0,96.08025029500325,98.83775075276692,93.32274983723957,5.7399943261952195,2.345829583194878,1.0,0.0,89.1449966430664,106.41500091552734,97.77999877929688,17.98581728234941,0.9910249715720083,3.238850192748849,3.027948746854258,2.4182686589633704,2.2760532657593684,0.142215393204002,96.37437502543132,94.7584612919734,96.71674674274234,94.29847808377897,0.9730074361579986,0.9278655455425651,0.0451418906154335,0.3644824655699358,25.38116549033153,0.5023738861084013,88.89488736002382,106.68638335793469,-17.79149599791087,97.77999877929688,97.11750030517578,97.44874954223633,92.3337516784668,8.960087354381319,33.37315529892826,46.756779368615845,16.851599009487238,319.329233749839,86.89687538146973,79.72624969482422,100.0,8.0,92.0,89.1449966430664,,1.0,0.0,73.79711793142886,0.9485946002617428,0.50876822774997,0.2980123192551921,25.297487088148625,70.97287262534076,99.10249715720083,72.93550355616406,-0.8975028427991698,3.0996920417336895,8.733695364927081,2.5644832325023024,2.4560085665500573,0.10847466595224509,10.988338656570427,-0.38903728489989087,11.377375941470317,96.42069718496006,10.468863124271488,9.956351358099713,437.89888735500074,24.94186375144993,253770997.26505423
2020-08-03,108.19999694824219,111.63749694824219,107.89250183105469,108.9375,106.53431701660156,308151200,2.6774978637695312,1,10838218409.922707,6779815200,0.16776902474918207,582329897.3873007,7.468086027067201,1.160918537202712,108909791.19671845,98.89124525591261,65.8884861767014,6218.279302799531,96.79387512207032,104.70330703881008,88.88444320533056,16.342835549800828,1.2676673246424022,1.0,0.0,97.26516698201496,100.15341695149739,94.37691701253254,5.938919469529069,2.5206583816006622,1.0,0.0,89.1449966430664,111.63749694824219,100.3912467956543,23.23752435452105,0.8799601239698155,3.452714654675136,3.0279487468542574,3.214012550901174,2.46364512278773,0.750367428113444,97.4089584350586,95.44028825026292,98.5968626284743,95.38285007757312,1.124799897493566,0.785205354275218,0.33959454321834803,0.38442904974098363,25.510922652942813,-0.4663757324218807,92.42759245236807,102.5784321416846,-10.150839689316527,100.3912467956543,99.7287483215332,100.05999755859375,94.95499801635742,29.65272775839084,35.008819679155906,52.8897521805389,14.79940216408418,348.792845311646,86.90187454223633,79.72624969482422,100.0,4.0,96.0,89.49039672851562,,0.0,0.0,76.28543310387194,1.0,0.7638184314565007,0.49410489284997094,31.04842341350389,73.32459942342838,87.99601239698156,84.08988991697444,-12.003987603018448,5.4794122359331965,12.862287066005438,3.36959164911436,2.638725183062918,0.7308664660514417,16.380391437968594,2.9648484596738065,13.415542978294788,97.64041852260962,2.519760784812375,2.4885382153636115,451.45265258051415,21.91216408023172,62026867.25542542
2020-08-04,109.13249969482422,110.79000091552734,108.38749694824219,109.66500091552734,107.24578094482422,173071600,0.7275009155273438,1,10849204491.937054,6952886800,0.19963408197032698,517127018.82508385,-0.24466314751411936,0.8474140618828843,110065589.2226671,99.81067400998548,66.50846053034755,6259.805901865889,97.61850013732911,107.1237298951916,88.11327037946661,19.47423847834293,1.1336775167498536,1.0,0.0,98.46016693115234,101.33791732788086,95.58241653442383,5.845511919029681,2.446804350563704,1.0,0.0,89.1449966430664,111.63749694824219,100.3912467956543,23.04122709684483,0.9123042789395472,3.3476935859361383,3.027948746854258,3.8588659574939186,2.7426892897289674,1.1161766677649512,98.52041689554851,96.25788439237155,100.29965313417476,96.44078717668084,1.0786236757207759,0.8467621272072736,0.23186154851350227,0.41839843951020544,25.547059242818438,0.7389980316162053,97.77518799234329,99.3615059021427,-1.586317909799405,100.3912467956543,99.7287483215332,100.05999755859375,94.95499801635742,56.1423057299924,36.527650889367294,49.96230439856546,13.980255254643325,254.25181723413138,87.66062545776367,79.72624969482422,96.0,0.0,96.0,90.37628073730468,,0.0,0.0,76.92657978078427,1.0,0.982864866753914,0.7518171753201285,35.44361828256523,71.43867887307916,91.23042789395473,92.77631248271238,-8.769572106045276,7.960095865586226,13.845995806377367,4.00128002939713,2.9112361523297605,1.090043877067369,14.323678877269117,5.236614543192869,9.08706433407625,99.27247402439471,0.6678149540124689,0.6655949481550572,455.1353358587453,19.837635804766066,-66287401.47204694
2020-08-05,109.37750244140625,110.39250183105469,108.89749908447266,110.0625,107.63449096679688,121776800,0.39749908447265625,1,10917220097.087269,7074663600,0.18518041155778736,450166897.0657876,0.06905764126532726,0.969951517166708,110506989.54278651,100.52098111973636,71.72698830242601,6282.495612294878,98.35450019836426,109.22267384762377,87.48632654910476,22.100002800767122,1.038636949476486,1.0,0.0,99.71025034586589,102.60025126139324,96.82024943033855,5.79679803330705,2.2910460855762578,1.0,0.0,89.1449966430664,111.63749694824219,100.3912467956543,22.86880647028071,0.9299767955152695,3.1624245020007278,3.010036986653552,4.351826633699801,3.0645167585231343,1.2873098751766667,99.49583371480306,97.01240363487831,101.80162957507095,97.44980294137115,1.1109430049294726,0.8204050284421623,0.2905379764873103,0.45996832915954566,25.555698981177446,-1.3545001983642635,102.65770324643557,97.45267867320277,5.205024573232805,100.3912467956543,100.3912467956543,100.3912467956543,94.95499801635742,78.07115286499621,37.93799415599216,48.175383349551524,13.480246043982755,190.34899124725314,87.6875,79.72624969482422,92.0,68.0,24.0,91.22672938574219,,0.0,0.0,77.28789549316454,1.0,1.0,0.9155610994034719,38.84282433934062,70.9191182303223,92.99767955152694,90.7413732808211,-7.002320448473053,10.367382184196927,11.900467223098138,4.465711065950535,3.2221311350539157,1.243579930896619,10.295118793928472,6.24831539333999,4.046803400588482,100.74874371164141,0.36246667683779155,0.36181134946353666,457.14751646258486,18.85704056672739,-49826415.97119653
2020-08-06,110.40499877929688,114.4124984741211,109.79750061035156,113.90249633789062,111.3897705078125,202428800,3.839996337890625,1,11074908195.79895,7277092400,0.21848047868483028,496903890.43975997,5.608337607947244,1.3868831625101896,117569575.35251822,101.74715666343619,77.1650659180691,6282.495612294878,99.26199989318847,111.98272841051556,86.54127137586138,25.63061097099658,1.0754582540127366,1.0,0.0,101.58291676839193,104.42766774495445,98.73816579182943,5.600845234732752,2.6653177503053724,1.0,0.0,89.1449966430664,114.4124984741211,101.77874755859375,25.455362432999486,0.9798158860483921,3.307681838177608,2.9856744243486113,4.994780413992558,3.4505694896170196,1.5442109243755384,100.90437507629395,97.88557668832632,103.66330138473552,98.66852097074296,1.1234338268697794,0.7434733856332502,0.3799604412365293,0.5116659462703999,25.778276975417583,-1.9895008087158175,115.25041286050639,97.73631391678231,17.51409894372408,103.82999801635742,101.77874755859375,102.80437278747559,96.34249877929688,89.03557643249809,39.69680927262011,52.31243837499206,12.04778060953343,179.2129423753402,87.6875,79.72624969482422,100.0,64.0,36.0,92.04316008824219,,0.0,0.0,80.46963482665366,1.0,1.0,0.9942882889179715,42.935527640298325,75.87979583065805,97.98158860483922,94.06989868344031,-2.0184113951607885,13.068021617216218,17.425253956588275,5.062182309871253,3.590141370017384,1.4720409398538692,10.620566433997334,7.122765601471459,3.4978008325258756,105.16260340366122,3.488923418867129,3.429440088270752,476.58596664208454,21.79588106739456,71452412.74146876
2020-08-07,113.20500183105469,113.67500305175781,110.2925033569336,111.11250305175781,108.85724639892578,198045600,-2.7899932861328125,0,10972884677.817036,7079046800,0.15438747754926124,346982492.6129165,-0.20708145039000775,1.220283825140483,112718532.46835682,102.71202036739048,69.50671440833739,6128.608549745656,100.0216251373291,113.63639292391585,86.40685735074234,27.2236484218163,0.9073105795221653,0.0,0.0,103.59458389282227,106.39508438110352,100.79408340454101,5.406654253621244,1.8422456433045498,1.0,0.0,89.1449966430664,114.4124984741211,101.77874755859375,25.262038880454657,0.8693976379450593,3.33791295245555,3.056601368945362,5.219034989242772,3.8042625895421702,1.4147723997006016,102.05770874023438,98.65807694655199,104.80933241043127,99.5902974211885,1.121400912805658,0.7875746880583718,0.33382622474728607,0.5605743416488993,25.995616089368845,-7.176623916625971,125.21008092350043,99.75781029134981,25.452270632150615,103.82999801635742,101.77874755859375,102.80437278747559,96.34249877929688,94.51778821624904,41.32999473806034,48.014335633613676,11.057908975292888,134.65173502059466,87.6875,79.72624969482422,96.0,60.0,36.0,93.38532039139493,,0.0,0.0,72.52041460473731,0.7385669759538988,0.9128556586512993,0.9709518862171,43.36467654315575,69.75923188339726,86.93976379450594,92.63967731695739,-13.06023620549407,14.026948816636036,14.228074838774651,5.2405054753179074,3.9202141910774886,1.3202912842404189,10.528633988314661,7.803939278840099,2.724694709474562,106.50010838844,-2.449457541173039,-2.479955810586265,462.4627382008245,16.39783752415464,33852786.31587359
2020-08-10,112.5999984741211,113.7750015258789,110.0,112.72750091552734,110.43946838378906,212403600,1.6149978637695312,1,11067411292.011543,7291450400,0.23579040734999068,346418045.1334939,-0.17106730449868257,1.0842537903236618,115805776.03533117,103.71025928788673,71.09842025560171,6128.608549745656,100.88412513732911,115.39427054501714,86.37397972964108,28.765963699315446,0.9081067227597582,0.0,0.0,105.37150065104167,108.40700174967449,102.33599955240886,5.761522005244036,1.711661604701576,1.0,0.0,89.1449966430664,114.4124984741211,101.77874755859375,25.046063289599978,0.9333136465227114,3.381621809797886,3.0467624762575136,5.464088574491711,4.1362277865320785,1.327860787959633,103.71458371480306,99.49269250723032,106.02751218044605,100.56342360595434,1.0990165781674957,0.8058427950273078,0.2931737831401878,0.6074073945257867,26.24037296837681,-8.269127273559576,135.40491464070655,103.79350030081213,31.611414339894424,104.0625,101.77874755859375,102.92062377929688,96.65999984741211,97.25889410812452,42.70728929380881,43.94797274823841,10.777627229655689,117.42358547146914,88.22125053405762,79.72624969482422,92.0,56.00000000000001,35.99999999999999,94.64695107635849,,0.0,0.0,74.11446871205436,0.7909920408200146,0.8431863389246375,0.9186806658586457,44.259269659279525,69.59116260995602,93.33136465227113,92.75090568387212,-6.668635347728861,13.773176956176755,21.41472285358827,5.433475093193012,4.222866371500594,1.2106087216924184,10.929631685798583,8.429077760231797,2.500553925566786,107.87532211784047,1.4534798689731954,1.4430181016038546,470.6380208710489,18.742579597843488,45615351.146032155
2020-08-11,111.97000122070312,112.48249816894531,109.10749816894531,109.375,107.15502166748047,187902400,-3.3525009155273438,0,10909295105.97277,7103548000,0.14011751338845504,206937900.3958826,-1.9622933260725912,1.0220213773338773,110217583.598582,104.39909872862773,67.97718891533538,5946.344544892685,101.5,116.34983150641129,86.65016849358871,29.260751736771017,0.7651545236927447,0.0,0.0,107.03533376057945,110.27808430989585,103.79258321126301,6.059215093531491,0.8607533487140695,0.0,0.0,89.1449966430664,114.4124984741211,101.77874755859375,24.894090473945504,0.8006332993343321,3.4054599034763,3.213159611824797,5.326377338055039,4.37425769683667,0.9521196412183688,105.11125055948894,100.1047116793119,106.54251030653128,101.21613296847624,1.0758074560889808,0.8098161325618526,0.2659913235271282,0.6422955350602008,26.462530175507894,-6.69000244140625,144.1560292187555,109.66192907577971,34.49410014297578,104.09000015258789,101.77874755859375,102.93437385559082,96.76499938964844,98.62944705406227,43.551307121741765,40.4133990612632,11.89371136723117,86.09825090751225,88.70687484741211,80.99750137329102,88.0,52.0,36.0,95.83288392022425,,0.0,0.0,65.60657796021263,0.5111855257890807,0.6802481808543311,0.8120967261434228,41.97481949988578,56.78659900479768,80.06332993343322,86.77815279340346,-19.936670066566784,13.456669482062836,18.0964233901763,5.262379802352199,4.430769057670915,0.8316107446812842,10.049978202090998,8.753257848603639,1.296720353487359,108.12284343878068,-2.9739867275506704,-3.0191065371529824,453.6673218679861,14.356325568306673,11646002.529784441
2020-08-12,110.49749755859375,113.2750015258789,110.29750061035156,113.01000213623047,110.71623229980469,165598000,3.6350021362304688,1,11045416460.845203,7269146000,0.18588847158461502,263368069.44725555,1.7823019691044435,1.6536783297523334,115721118.07863222,105.68402079692436,74.71620981783,6143.967174592774,102.26425018310547,117.81504067524536,86.71345969096559,30.41295558183038,0.8455050069177003,0.0,0.0,108.78866704305014,112.17741750081382,105.39991658528645,6.229969628036125,1.1228453740978752,1.0,0.0,89.1449966430664,114.4124984741211,101.77874755859375,24.70804976892012,0.9444940640642635,3.4549140657165607,2.8503695328687106,5.447756142733525,4.588957386016041,0.8587987567174835,106.62791760762532,100.86769250723032,107.53750904956193,102.08975290682841,1.1765454198155954,0.7575433484585211,0.41900207135707424,0.6737046979814166,26.667827414881,-9.011747741699224,155.9308324459545,117.5230712378438,38.40776120811071,107.61874771118164,101.77874755859375,104.6987476348877,96.85749816894531,99.31472352703113,44.44867194203767,38.69851340220759,10.878604123939056,91.45290135259343,89.10812377929688,81.68624877929688,84.0,48.0,36.0,96.94766079345806,,0.0,0.0,69.67181417609449,0.6448825385412965,0.6490200350501304,0.7241515182763666,41.52561721098929,63.42981601630585,94.44940640642635,89.2813669973769,-5.5505935935736455,13.271022504918719,19.19629263400085,5.336241873075534,4.611863620751839,0.724378252323695,8.290483197884686,8.66070291845985,-0.3702197205751627,108.99384661066468,3.3234305245535722,3.269398459730244,472.06807064742503,19.46906227048035,-61803.66309124231
2020-08-13,114.43000030517578,116.0425033569336,113.92749786376953,115.01000213623047,112.67564392089844,210082000,2.0,1,11050383228.616415,7479228000,0.18766285960999812,285767488.09764767,3.220348651043814,2.3973470575363174,119439054.47415149,107.42425831113374,81.376505343441,6143.967174592774,103.18862533569336,119.44613143822735,86.93111923315936,31.510267821952382,0.8635667342205259,0.0,0.0,110.7461669921875,114.09341812133789,107.3989158630371,6.044906510193752,1.136915931838856,1.0,0.0,89.1449966430664,116.0425033569336,102.59375,26.066348520841505,0.9616134970543269,3.4126727812152167,2.3853364841078117,5.640314965285214,4.799228901869876,0.8410860634153376,108.44104258219402,101.62413494403546,108.68712337058786,103.04680840530264,1.289958165264684,0.6250434533096174,0.6649147119550667,0.703869039008268,26.780940396123466,-8.148624420166016,172.27424226027756,126.78744400453866,45.486798255738904,111.96750259399414,102.59375,107.28062629699707,97.88750076293945,99.65736176351557,45.64638904387595,42.20453699644033,10.152984303149745,103.26736064151784,89.57562446594238,82.3125,100.0,44.0,56.0,97.99555105429783,,0.0,0.0,71.6568507343325,0.6973471527282585,0.6178050723528784,0.6490244294191135,41.862608395270485,63.656357952784255,95.47049371323993,89.99441001769985,-4.529506286760067,13.121618315752826,23.33181322237996,5.473546490737282,4.784200194748928,0.6893462959883534,8.734095689741254,8.675381472716131,0.05871421702512336,110.10027054742109,1.7697548554941767,1.7542770403710328,482.19227310443966,19.645548046403462,58590754.845050454
2020-08-14,114.83000183105469,115.0,113.04499816894531,114.90750122070312,112.57522583007812,165565200,-0.10250091552734375,0,11200281354.907557,7313662800,0.233810154407093,242519192.00091693,-1.13652642311681,2.0529153186433358,119291497.00728555,108.44251006436751,75.32431250431434,6138.491457275425,104.1176254272461,120.81809669441895,87.41715416007324,32.080007969145605,0.8230410573702209,0.0,0.0,111.72791697184246,114.7116678873698,108.74416605631511,5.341101841680816,1.0328166356504853,1.0,0.0,89.1449966430664,116.0425033569336,102.59375,25.83376887774132,0.9578027008858293,3.2679058998222104,2.18202038476481,5.718726334817433,4.983128388459388,0.7355979463580447,110.09666760762532,102.3608656663161,109.64410457829788,103.92537824348045,1.204741945591128,0.6787622491096438,0.5259796964814841,0.7299293642078417,26.85368342401509,-7.927622985839847,179.73331960742357,136.48808035510035,43.245239252323216,112.21500015258789,102.59375,107.40437507629395,98.1187515258789,99.82868088175779,46.3164404229125,40.32745225008599,11.698870990026384,88.06169227248006,90.1624984741211,82.93375015258789,96.0,40.0,56.0,99.43930723850869,,0.0,0.0,71.39892410843902,0.6884893131515609,0.6769063348070383,0.6479104807366826,42.03670711678533,64.80145791228712,95.0208297981081,94.98024330592482,-4.979170201891902,12.816720446418316,20.904356180335316,5.502723619075387,4.92790487961422,0.5748187394611666,7.064715373485328,8.353248252869971,-1.2885328793846433,110.56481293273738,-0.08912347937002352,-0.08916321795560123,481.6734030940255,18.092657747385687,-5110678.272453487
2020-08-17,116.0625,116.0875015258789,113.9625015258789,114.60749816894531,112.28131866455078,119561600,-0.3000030517578125,0,11153300301.391932,7194101200,0.1955043717598841,202749472.44749355,1.7817741549028125,2.2065581402883967,118979342.93125048,109.29828785934728,78.96781081793668,6122.464947684595,104.9301254272461,122.0075019343889,87.8527489201033,32.54999731985168,0.783338975915052,0.0,0.0,112.26758371988933,115.08933512369792,109.44583231608074,5.026831985355519,0.9146209417841945,0.0,0.0,89.1449966430664,116.0875015258789,102.61624908447266,25.676615531631324,0.9450680861571362,3.1536153098399895,1.6869417189578673,5.691057206136179,5.124714151994747,0.5663430541414325,111.63145891825359,103.0796156663161,110.40770359224365,104.71664638610747,1.2303063341144487,0.6589832465128848,0.5713230876015639,0.7497593566489958,26.61229534241757,1.3298767089843722,183.37412442444662,145.99907329200073,37.37505113244589,112.49250030517578,102.61624908447266,107.55437469482422,98.14125061035156,99.9143404408789,47.09436843234141,40.861729031160046,11.122745706554154,84.60922058073152,90.1624984741211,82.93375015258789,100.0,36.0,64.0,100.76756292798268,,0.0,0.0,70.59795969494871,0.59757395702253,0.6611368076341162,0.6519494049313445,41.931027365766326,59.78504120526344,93.38545985728003,94.62559445620938,-6.614540142719972,12.684110304888563,19.14699580006561,5.434720650957744,5.029268033882925,0.40545261707481917,3.609629685675992,7.404524539431176,-3.7948948537551837,110.81047428493417,-0.2610822170622251,-0.2614236310594542,480.1547572771664,17.450597225987877,-29441685.71841249
2020-08-18,114.35250091552734,116.0,114.00749969482422,115.5625,113.2169418334961,105633600,0.9550018310546875,1,11212545251.031425,7299734800,0.2359148963375213,188196730.8722657,-0.04008570741751711,2.1349959197157546,119859567.02681698,110.01777627651224,79.22367528782198,6173.482248725299,105.85825042724609,123.12739123554667,88.58910961894551,32.62691521653148,0.7809708276884705,0.0,0.0,112.82516708374024,115.6059181213379,110.04441604614257,4.929309850760075,0.9921930944642561,0.0,0.0,89.1449966430664,116.0875015258789,102.61624908447266,25.45149270280965,0.9805140046123246,3.0375038093735687,1.4258926500824387,5.680706243337426,5.235912570263283,0.44479367307414286,112.4066670735677,103.85211563110352,111.20074919343693,105.52004295009951,1.2310275189763586,0.6833119929140673,0.5477155260622913,0.7647499975849849,26.294903589539764,3.079249572753909,189.2980089300936,155.6257739235183,33.672235006575306,112.59749984741211,102.61624908447266,107.60687446594238,98.44750213623047,99.95717022043945,47.81673015538255,38.92603250968516,10.59584044131175,79.9177410747854,92.67937660217285,85.46375274658203,96.0,32.0,64.0,102.2995567877723,,0.0,0.0,71.68682302470853,0.5976349240339841,0.6278993980693581,0.6553141801701711,42.163776146722654,64.20706523547037,97.6478425938301,95.3513774164061,-2.352157406169897,12.81244156781365,8.754467981134875,5.383532914238706,5.100121009954082,0.28341190428462415,0.07591986957460503,5.938803605459862,-5.862883735885257,111.11115470176127,0.8332804103680092,0.8298277958702194,484.98907321937503,18.37661970223762,-14437639.754544139
2020-08-19,115.98249816894531,117.1624984741211,115.61000061035156,115.7074966430664,113.3589859008789,145538000,0.14499664306640625,1,11085286667.628883,7445272800,0.19685817556370863,164326129.524599,1.474754237983639,2.176194849620651,120042174.02682649,111.20826812387597,79.34987691328033,6173.482248725299,106.78000030517578,124.08558431401649,89.47441629633506,32.41353054763362,0.757936869779429,0.0,0.0,113.46275024414062,116.24925079345704,110.67624969482422,4.911745120439307,0.9027895130823614,0.0,0.0,89.1449966430664,117.1624984741211,103.15374755859375,26.23852945399986,0.9480681097184062,2.8937532758483213,1.2985740011717912,5.619425805339873,5.3126152172786005,0.30681058806127215,112.97083346048991,104.56942308866061,111.8940949549184,106.27466914957853,1.2655073750557229,0.674524986401009,0.5909823886547139,0.7743882197502605,25.965464393256152,2.885000610351568,194.94332864079936,164.48054234355084,30.462786297248527,113.1349983215332,103.15374755859375,108.14437294006348,99.49625015258789,99.97858511021973,48.660792812318256,40.25345305476507,10.1788509222823,81.93980450889062,93.16250228881836,85.7087516784668,100.0,28.000000000000004,72.0,103.67835126158296,,0.0,0.0,71.85723538376945,0.42054992319043333,0.5385862680823156,0.6092074912619302,42.400557769729545,59.20851856677056,91.09409826986129,94.0424669069905,-8.905901730138709,12.99780888276942,6.214569494495841,5.287643659874107,5.137625539938087,0.15001811993601954,-0.8397102343041088,4.583100837507068,-5.422811071811177,111.38919091121936,0.12547032390819446,0.12539167567728882,485.7230609043709,17.909169823276557,39932566.01515445
2020-08-20,115.75,118.39250183105469,115.73249816894531,118.2750015258789,115.87435913085938,126907200,2.5675048828125,1,11200982127.629112,7572180000,0.2721158455624812,187398804.6873795,1.4174362795448237,1.3614556578463979,122858196.02295692,112.5614568383409,77.53152223929118,6310.4694472855945,108.05150032043457,124.80281547619998,91.30018516466916,31.006168551270775,0.8051551806642968,0.0,0.0,113.93900044759114,116.53000157674153,111.34799931844074,4.548049603686286,1.336742413869495,1.0,0.0,89.1449966430664,118.39250183105469,103.76874923706055,27.068115760773964,0.9959825528905611,2.8728784670623173,1.2985740011717912,5.712190229978219,5.392530219818525,0.31966001015969425,113.68833351135254,105.35980782142052,112.87577288891232,107.1635826589341,1.2578505271776002,0.7216494677596434,0.5362010594179567,0.7833542651336524,25.796328124064896,2.0109996795654297,200.33690165294348,172.82796686904453,27.50893478389895,113.75,103.76874923706055,108.75937461853027,100.69750213623047,99.98929255510987,49.61953245144783,40.62240814520755,9.502985773381537,89.45982384179678,93.45562744140625,85.7087516784668,100.0,24.0,76.0,105.29644892708754,,0.0,0.0,74.75477716716456,0.6154991728254401,0.5445613400166188,0.5703490020560976,43.45752325836815,67.41534518880437,98.88094947451637,95.8742967794026,-1.119050525483631,12.669227936688586,7.8511836396952805,5.330346455622161,5.176169723074903,0.15417673254725806,-2.50269625381761,3.1659414192421327,-5.6686376730597425,111.70834970049636,2.218961568871136,2.1947008514207056,498.7200305258546,20.23884711294926,4985455.298716202
2020-08-21,119.26249694824219,124.86750030517578,119.25,124.37000274658203,121.84566497802734,338054800,6.095001220703125,1,11479159249.468262,7910234800,0.2957162568754497,454976749.5412611,8.302333455078,1.4210447598471696,140278989.86850777,114.34817284406343,78.15008825708827,6310.4694472855945,109.63925056457519,126.25624002609364,93.02226110305675,30.312117924832748,0.943243711988873,0.0,0.0,115.05258356730144,117.86708475748696,112.23808237711589,4.892547568980336,2.1552523075441266,1.0,0.0,93.24749755859375,124.86750030517578,109.05749893188477,28.840039113509373,0.9842663657375069,3.244840498285773,1.2985740011717912,6.205983648882267,5.555220905631273,0.6507627432509935,114.88062540690105,106.43086565457858,114.64411594393843,108.43813229505616,1.1840014046096576,0.6871687185414977,0.4968326860681599,0.8015546359322677,25.92590099865123,4.2632457733154325,207.75753255233934,180.8671466370037,26.890385915335628,116.98749923706055,107.0062484741211,111.99687385559082,104.0062484741211,99.99464627755493,51.20302728408963,49.224202554599614,8.083724326553249,140.77757329605964,93.88062477111816,85.76750183105469,100.0,20.0,80.0,107.12989633364295,,0.0,0.0,80.01509743456528,0.9694183103669156,0.6684891354609294,0.5838789145199548,46.26593248671842,70.82945462717096,96.98120474966748,95.65208416468174,-3.018795250332513,13.427875182207899,12.999434636303947,5.723063942115873,5.285548566883097,0.43751537523277584,6.248131557548049,3.7823794469033167,2.4657521106447327,114.25998709367214,5.153245522782357,5.024858133128607,529.5735436929293,24.79340413129391,224725605.07187256
2020-08-24,128.69749450683594,128.78500366210938,123.9375,125.85749816894531,123.30296325683594,345937600,1.4874954223632812,1,11407259424.317642,8256172400,0.23254441876531035,463491584.81012946,6.028946446584451,1.8691597308542103,144416487.53723305,116.20684951713837,79.90451387875252,6310.4694472855945,111.19162559509277,127.77806065362688,94.60519053655867,29.833964509043238,0.9421044221406277,0.0,0.0,116.45516688028972,119.37691828409831,113.53341547648112,5.017813261668349,2.109023148991966,1.0,0.0,93.24749755859375,128.78500366210938,111.01625061035156,31.96059587520232,0.917622089613248,3.405106814668133,1.2985740011717912,6.640795977740552,5.77233592005313,0.8684600576874226,115.87687555948894,107.56663483839769,116.36925167086257,109.72845569312202,1.2656199981764662,0.5999344792313472,0.665685518945119,0.825878454875197,26.1019087429702,-0.07912254333496094,213.5459815392243,188.57714133927803,24.96884019994627,119.54125213623047,108.96500015258789,114.25312614440918,105.96500015258789,99.99732313877746,52.96144895793357,52.56514632813064,7.228811209801591,170.24595439853346,94.02812576293945,86.78499984741211,100.0,16.0,84.0,109.9679129690882,,0.0,0.0,81.05273578261816,1.0,0.8616391610641182,0.6915632121805556,48.87721079239607,66.36273969636368,85.27967407003888,93.71394276474092,-14.720325929961119,14.739095800063183,10.495820737405346,6.052027193668788,5.438844292240235,0.6131829014285533,12.335039805801825,5.492911518683019,6.842128287118807,116.58318797270691,1.1960242739515126,1.188928426304603,537.1033960978735,22.537453242884823,118755609.81734344
2020-08-25,124.69750213623047,125.18000030517578,123.05249786376953,124.82499694824219,122.29142761230469,211495600,-1.032501220703125,0,11548173062.562471,8044676800,0.28774792556797885,366082863.3839196,-2.2583206574117893,1.7029184238058448,142681434.25594017,117.12266728089645,72.50585635638174,6258.700045364177,112.77025032043457,128.19597360471136,97.34452703615779,27.357788495538284,0.8907352156412285,0.0,0.0,117.85825017293294,120.65525182088216,115.06124852498371,4.746382444750696,1.7453955435488053,1.0,0.0,93.7125015258789,128.78500366210938,111.24875259399414,31.10084622191811,0.8870908411813472,3.3450961637188983,1.3169535826746266,6.823417551374106,5.982552246317326,0.8408653050567807,117.01958338419597,108.58461556067833,117.67013555969021,110.8467180083161,1.2143009427998521,0.6646878071411055,0.5496131356587466,0.8490524499958605,26.145848948174006,-0.04274940490722656,221.49287275598343,195.8618124848368,25.631060271146623,120.91500091552734,108.96500015258789,114.94000053405762,105.96500015258789,99.99866156938873,54.17222214061989,49.31509787606189,8.732619167228679,145.3034097988066,94.23312568664551,87.33625030517578,96.0,12.0,84.0,113.35498929383202,,0.0,0.0,78.02446707617237,0.803946797561973,0.9244550359762959,0.8181944441671147,50.04172967036955,64.63639879886519,79.87546381200154,87.378780877236,-20.124536187998466,15.697367679371553,12.341089904253977,6.155723573937651,5.582220148579719,0.5735034253579325,11.416824526915784,6.677694120329573,4.739130406586211,119.28292446180706,-0.8203732282340059,-0.8237568074272339,531.8767704001169,19.697723624848408,-44940873.24641067
2020-08-26,126.18000030517578,126.99250030517578,125.0824966430664,126.52249908447266,123.9544677734375,163022400,1.6975021362304688,1,11630964488.641369,8207699200,0.28630126178853066,353318293.2224194,2.25097493967327,1.4631068046434181,144898385.01916078,118.00335232125444,72.31214174890478,6343.812458396613,114.34437522888183,128.59197089815387,100.09677955960977,24.920501145338896,0.9273747002048749,0.0,0.0,119.25874989827473,121.94900182088216,116.56849797566731,4.511621872444836,1.8500128231778774,1.0,0.0,93.76750183105469,128.78500366210938,111.27625274658203,30.624595010432788,0.9353893207872912,3.227336883040368,1.3169535826746268,7.024150663505665,6.190871929754994,0.8332787337506709,118.1691665649414,109.72009629469652,119.03203764042597,112.0078869769203,1.2455414526751625,0.6899423907743345,0.555599061900828,0.871571106019936,26.17774193905969,-4.96937522888183,228.29311100782866,202.0861312345647,26.206979773263953,120.91500091552734,108.96500015258789,114.94000053405762,105.96500015258789,99.99933078469437,55.444812856310186,50.99386268988971,8.305293956435412,155.0507548276024,94.23312568664551,87.50374984741211,92.0,8.0,84.0,116.13239188012194,,0.0,0.0,79.38795781407828,0.8922205775908216,0.8987224583842646,0.8949388851415597,51.436748355430986,66.77819001419722,88.50207624933603,84.55240471045884,-11.497923750663974,16.72930865568273,12.237473603963448,6.271121483572867,5.720000415578348,0.5511210679945187,8.691245632012283,7.080404422666115,1.6108412093461677,121.5628120345269,1.359905610039247,1.350741878954409,540.469698049323,21.284937797136052,-32378737.367561817
2020-08-27,127.14250183105469,127.48500061035156,123.8324966430664,125.01000213623047,122.4726791381836,155552400,-1.5124969482421875,0,11575707013.501366,8052146800,0.2368821150796338,269233889.86325264,-0.8893371753064415,1.414374252863673,143038853.85281327,118.91048286843335,72.90977556423407,6267.976167989959,115.78537521362304,128.09484017904663,103.47591024819945,21.262555729016256,0.8746965017780525,0.0,0.0,120.30366643269856,123.14766820271811,117.45966466267903,4.7280383954225655,1.32741434150014,1.0,0.0,100.82499694824219,128.78500366210938,114.80500030517578,24.148133270096686,0.8649856716948985,3.269853591464847,1.186542457900395,6.980717867583678,6.348841117320732,0.6318767502629461,119.47208340962727,110.78692333514874,119.95172448593436,112.97100661835069,1.2114050180115654,0.6678395973536447,0.5435654206579207,0.8876270686088426,26.029952245398764,-2.7753730773925724,228.41793644250075,207.49553310512886,20.92240333737189,121.37375259399414,108.96500015258789,115.16937637329102,107.48250198364258,99.99966539234718,56.02758891579649,46.834775380735095,10.419164191125981,132.3167053153106,94.99187660217285,87.50374984741211,88.0,4.0,84.0,118.40986200087968,,0.0,0.0,74.92707886250125,0.6034187277802316,0.7665287009776751,0.8632353984460787,51.2448449011881,63.10726304926062,80.81564999592892,83.06439668575553,-19.184350004071078,17.55690408594468,14.294859095982144,6.179211885016302,5.81184270946594,0.36736917555036186,6.122239638304027,6.888771465793698,-0.7665318274896711,122.240377383259,-1.1954371429482857,-1.202639953697826,532.8132853895127,18.577293390093757,-3856998.156527281
2020-08-28,126.01249694824219,126.44249725341797,124.57749938964844,124.80750274658203,122.27427673339844,187630000,-0.2024993896484375,0,11434356455.102682,7864516800,0.11964519225003432,225344054.09996852,-0.14785428843356493,1.4160323254397527,142734918.48899868,119.90975375247208,65.42454143567753,6267.976167989959,116.71275024414062,128.80473273410374,104.6207677541775,20.720928030003602,0.8347156890592761,0.0,0.0,121.39949976603191,124.23450113932293,118.56449839274089,4.670532215956077,1.1010584355721018,1.0,0.0,107.89250183105469,128.78500366210938,118.33875274658203,17.900787863666643,0.8096206501408475,3.129368018695316,1.2095911454002999,6.850983185933998,6.449269531043386,0.40171365489061195,120.45520846048991,112.01625031691331,120.69876729526477,113.84778410933077,1.245040717978192,0.6796966333466158,0.5653440846315761,0.8962271347686346,25.777276236094732,-1.7027481079101534,227.63209270632078,212.4130851364482,15.219007569872588,121.3962516784668,108.96500015258789,115.18062591552734,107.53625106811523,99.9998326961736,56.568738113890916,44.82444527488983,9.971933276044421,112.09657779484255,94.55187606811523,87.50374984741211,84.0,0.0,84.0,120.27738749990102,,0.0,0.0,74.32491577619567,0.5644340758539054,0.6866911270749859,0.7839807621456419,50.91619418525449,62.10809532944284,79.78655924192667,83.0347618290639,-20.213440758073332,17.426455262128044,10.439341993932535,6.017669328860046,5.853008033344761,0.16466129551528486,5.340346124870581,6.579086397609075,-1.238740272738494,122.73109729303982,-0.16198655002642726,-0.16211789009306088,531.7882129804013,18.791223658641826,41121629.53255689
2020-08-31,127.58000183105469,131.0,126.0,129.0399932861328,126.4208755493164,225702700,4.232490539550781,1,11483107632.167501,8090219500,0.1714260148135912,329621266.72869706,6.623761431446759,2.029321950976849,150388981.9185086,121.32786850294767,72.72118272504979,6267.976167989959,117.71787490844727,130.3857957759714,105.04995404092315,21.522510285504797,0.9468814770824502,0.0,0.0,122.77891616821289,125.9014175415039,119.65641479492187,5.086380415694568,1.5025739574488883,1.0,0.0,108.38749694824219,131.0,119.6937484741211,19.20906495240781,0.9133219922897998,3.4356809421675814,0.5784102580417335,7.008899895079352,6.56119560385058,0.44770429122877253,121.62437438964844,113.4172116793119,121.9820328323214,114.97313293724204,1.2612692781870525,0.5481864815020105,0.7130827966850419,0.9053291103167675,25.79329645296542,-2.8103736877441463,228.6512736588473,216.78567010630974,11.86560355253755,123.30500030517578,112.12374877929688,117.71437454223633,108.64374923706055,99.9999163480868,57.51556725498563,48.653040543723854,8.645034395618522,132.08782406174797,93.65937423706055,87.50374984741211,100.0,4.0,96.0,121.80875840909853,,0.0,0.0,78.25798875199705,0.754435789363567,0.6407628643325677,0.6979942307950764,51.836211347769044,62.61178196052207,90.53251166935321,83.71157363573629,-9.467488330646784,16.88556518554688,12.1989313010217,6.096119776874439,5.901630382050697,0.1944893948237425,6.220333623797892,6.507335842846839,-0.2870022190489472,124.3122602942908,3.391214827961697,3.3349809497584815,553.2135085403069,23.058196846682378,66080814.840010345
2020-09-01,132.75999450683594,134.8000030517578,130.52999877929688,134.17999267578125,131.45652770996094,151948100,5.1399993896484375,1,11590929594.300371,8242167600,0.1982805279561852,394105820.2329174,11.704372548327669,2.7380412780642223,156441470.9288453,122.57640679336264,72.86009775049486,6517.646001793814,118.94362449645996,132.93279456704482,104.9544544258751,23.52235377021189,1.0445772730777976,1.0,0.0,124.57691599527993,127.92716776529949,121.22666422526041,5.378607654963102,1.9331873154185804,1.0,0.0,108.89749908447266,134.8000030517578,121.84875106811523,21.77712683377668,0.9760636895660885,3.6681138245133234,0.5391694652899746,7.462778750762567,6.741512233232978,0.7212665175295889,123.23041534423828,114.93144226074219,123.85864203900752,116.39586328824495,1.3096281272111034,0.49035057358592254,0.8192775536251808,0.921627904254216,25.942929095313396,-4.336126327514648,235.0808068497844,221.24538990730807,13.835416942476343,125.26625061035156,114.02375030517578,119.64500045776367,110.54375076293945,99.9999581740434,58.681542460686174,50.69001240339204,7.628257045915761,154.25122517736244,93.65937423706055,87.50374984741211,100.0,0.0,100.0,123.64700672727882,,0.0,0.0,81.88681869629794,1.0,0.7729566217391571,0.7001368710489038,53.92313597534483,62.42996260244871,97.15003338626506,89.15636809918165,-2.8499666137349413,17.57189633986529,16.772178709257112,6.411549809361866,6.003614267512931,0.40793554184893566,3.8168782291152206,5.969244320100516,-2.152366090985295,127.07827882189007,3.9832607385921204,3.9059745762111575,579.232705765173,25.80128066239918,-30361615.34659201
2020-09-02,137.58999633789062,137.97999572753906,127.0,131.39999389648438,128.73297119140625,200119000,-2.779998779296875,0,11551197246.612467,8042048600,0.16600047181579572,258329192.24048477,-0.9601950642403164,2.4394310126867844,152295319.44515598,123.90243582984748,64.9740744883457,6517.646001793814,120.01049919128418,134.37717403508753,105.64382434748082,23.942363277573545,0.8963859010184504,0.0,0.0,126.1735824584961,130.4665840148926,121.88058090209961,6.804913473561143,1.1087129679933405,1.0,0.0,109.10749816894531,137.97999572753906,123.54374694824219,24.05830969219952,0.7721013979583424,4.399302014815897,0.7728604276708173,7.511569646744135,6.89552371593521,0.6160459308089257,124.62978998819987,116.39865347055289,125.0188500170809,117.50728037033676,1.1520459216735097,0.5492035000439971,0.6028424216295126,0.9345029903377667,26.456896299657128,-4.4479991912841825,237.93858533225415,225.4233547605648,12.515230571689358,128.61499786376953,115.84624862670898,122.23062324523926,112.88374710083008,99.9999790870217,58.305619134597706,40.83137712760814,12.397335554083732,124.50621904512185,94.03437423706055,87.50374984741211,100.0,0.0,100.0,125.87760599217462,,0.0,0.0,74.63151829840501,0.3573043655673453,0.7039133849769704,0.7058776236828986,53.1733177325495,58.4610853816403,73.61137968595102,87.09797491385645,-26.38862031404898,17.808425656486975,14.652178954979798,6.392429152534737,6.0813772445172924,0.3110519080174443,3.8797485644437177,5.551345168969156,-1.6715966045254387,127.83263524489297,-2.071842995262474,-2.093606794909597,565.1600705292454,19.596027487069478,53345210.00915328
2020-09-03,126.91000366210938,128.83999633789062,120.5,120.87999725341797,118.42649841308594,257599600,-10.519996643066406,0,11317071791.328056,7784449000,0.0625051320321573,-165710253.40176287,-25.317884351194564,0.7121911606812306,131671673.68311644,124.43602999943664,62.51818115973468,6517.646001793814,120.35937423706055,134.45207293113293,106.26667554298818,23.417700172344382,0.5184713739951169,0.0,0.0,126.76758219401043,131.62858301798502,121.90658137003581,7.669154431824891,-0.10559390481428184,0.0,1.0,109.10749816894531,137.97999572753906,123.54374694824219,23.98857400315683,0.407740932719159,5.049371202982745,2.7594420731202915,6.624992187490818,6.841417410246332,-0.21642522275551368,125.07291475931804,117.39249948354868,124.38210343805582,117.757111250565,1.0035845605283846,0.6984337894917574,0.30515077103662724,0.9232936010301467,26.944664509667607,-4.6518775939941435,228.85102638946228,227.76707629802291,1.0839500914393625,129.23999786376953,115.87374877929688,122.5568733215332,112.89999771118164,49.99998954351085,55.88615659592723,33.802955007836324,20.52815651393441,31.735108057835372,94.04249954223633,87.50374984741211,96.0,0.0,96.0,,137.97999572753906,0.0,1.0,54.8327857344146,0.0,0.4524347885224482,0.6431015984128587,44.366426317585955,46.33242365311183,28.80190443456381,66.52110583559333,-71.19809556543619,16.781962316176475,4.6014037887878585,5.625980560438579,5.99029790770155,-0.36431734726297105,6.195188029583795,5.680113741092084,0.5150742884917108,127.74893491578975,-8.006086097198729,-8.344776435769319,511.9067825984863,9.667815744434662,90916849.09996611
2020-09-04,120.06999969482422,123.69999694824219,110.88999938964844,120.95999908447266,118.50486755371094,332607200,0.0800018310546875,1,11507392778.812273,8117056200,0.1333316622839355,-138236047.9126578,-28.403994860793425,-1.4439351975827865,131891802.61781678,124.15548140089986,54.377598758521216,6517.646001793814,120.85174903869628,134.2907091695515,107.41278890784108,22.240406510876564,0.5040274710514184,0.0,0.0,126.33633193969726,131.91658248901368,120.75608139038086,8.833960055101125,0.01827137440242535,0.0,0.0,109.10749816894531,137.97999572753906,123.54374694824219,23.890839634723765,0.41051179903899615,5.825433838543846,3.8130531305803306,5.861263643972052,6.645386656991477,-0.7841230130194248,125.51062329610188,118.34519166212816,123.85562584519687,117.99436220122482,0.8624248527634001,0.8246827456440595,0.03774210711934056,0.8950784752374427,27.318994433219004,-2.576747512817377,218.56687314749993,228.32495314338686,-9.75807999588693,124.43499755859375,119.40249633789062,121.91874694824219,112.89999771118164,24.999994771755425,52.204434253551085,27.756098020932775,30.275871559669515,-23.90633941440423,94.04249954223633,88.76750183105469,92.0,0.0,92.0,,137.97999572753906,0.0,0.0,54.93070426628687,0.0036193691347321615,0.12030791156735886,0.4255520283555927,38.06250780066356,52.62207629744619,37.17239223373156,46.52855878474882,-62.82760776626844,14.550322633631097,4.539465975665457,4.967409912328176,5.785720308626876,-0.8183103962987,10.575380943829884,6.659167181639644,3.9162137621902406,127.62318502945996,0.06618285313737537,0.0661609619453607,512.3117599657511,15.421703924411034,132907747.28947005
2020-09-08,113.94999694824219,118.98999786376953,112.68000030517578,112.81999969482422,110.53009796142578,231366600,-8.139999389648438,0,11286292801.733837,7885689600,0.054342371891695204,-387534324.3229973,-3.9818152916503813,-1.7254873107422768,116321994.44123262,123.76161238911462,49.12014487088732,6079.041216095229,120.85637397766114,134.28420633547933,107.42854161984295,22.221140542078757,0.20075682847805895,0.0,0.0,125.19999847412109,130.92649841308594,119.47349853515625,9.147763592263162,-0.5809393967735519,0.0,1.0,109.10749816894531,137.97999572753906,123.54374694824219,23.889925378640342,0.12858262498229564,6.070890332619149,5.713161189502282,4.5467611170384,6.225661549000861,-1.678900431962461,125.05603981018066,118.59749926053561,122.157837206678,117.6110760896396,0.8703127593182982,0.8709597827144799,-0.0006470233961817229,0.8407671702506944,27.50717858095937,3.5136287689208956,202.18090856800885,226.17917934472302,-23.99827077671418,124.43499755859375,122.93624877929688,123.68562316894531,112.89999771118164,12.499997385877712,48.785692078487514,24.682606881772703,26.923360594374063,-67.31295036095896,97.44874954223633,92.3337516784668,88.0,0.0,88.0,,136.89639587402343,0.0,0.0,44.38673921608373,0.0,0.0012064563782437578,0.19131638548935045,28.249105204202777,46.970819126885544,7.124402237280116,24.366232968525182,-92.87559776271988,11.492653364293716,-4.612134230123952,3.8659293564944486,5.4017621182003905,-1.535832761705942,10.02107972760899,7.331549690833514,2.6895300367754764,126.40662126786908,-6.72949690084228,-6.966627925552871,471.1062590553631,8.42649223436311,-16454070.29578492
2020-09-09,117.26000213623047,119.13999938964844,115.26000213623047,117.31999969482422,114.93875885009766,176940500,4.5,1,11297237485.258266,8062630100,0.09657846588397878,-218424813.70542628,2.993211143498571,-1.617026103205496,123379539.66507408,123.7462773175358,49.62849747276081,6321.513167401958,121.25362396240234,133.7361017035738,108.77114622123086,20.58903863366916,0.3424341565375405,0.0,0.0,124.48874867757164,130.39049809773763,118.58699925740561,9.48157882998995,-0.10734101639863844,0.0,1.0,110.29750061035156,137.97999572753906,124.13874816894531,22.830241449749273,0.2536801344945431,6.095801268839656,6.627040720139932,3.824039637337833,5.745337166668256,-1.921297529330423,124.46853955586751,118.91990309495192,121.41355451254665,117.58951487520882,0.8609614862556277,0.8619805456339641,-0.001019059378336351,0.7782493450441555,27.595521698170604,4.603874206542969,190.20278186573717,221.9469205511573,-31.744138685420126,124.43499755859375,123.18374633789062,123.80937194824219,112.89999771118164,6.249998692938856,45.58007580870448,22.82139875876392,24.67719953648224,-46.87690167092335,100.05999755859375,94.95499801635742,84.0,0.0,84.0,,135.85614001464842,0.0,0.0,50.090305899066486,0.15209478918550212,0.051904719440077796,0.057806362461893655,22.706559901283203,49.82143130283118,23.735700163909495,22.67749821164041,-76.2642998360905,7.814028302360981,-5.668571919326071,3.252024333458704,4.971814561252053,-1.7197902277933492,7.504287071128454,7.366097166892502,0.13818990423595157,126.1090206376134,3.9886545046732946,3.9111615901174623,493.8857145836459,17.919602612537233,-28440339.102283776
2020-09-10,120.36000061035156,120.5,112.5,113.48999786376953,111.18649291992188,182274400,-3.8300018310546875,0,11160075901.913235,7880355700,0.028426514602013123,-286951452.5695646,-3.0722943559356795,-1.9377211485969605,117429051.36324711,123.52263519432003,45.028440604627455,6321.513167401958,121.27762374877929,133.69830265442465,108.85694484313392,20.483051236845142,0.18650562726204237,0.0,0.0,123.41849873860679,129.92924779256185,116.9077496846517,10.550685870429298,-0.2624699395230106,0.0,1.0,110.88999938964844,137.97999572753906,124.43499755859375,22.33717605978679,0.09597633169423839,6.286221141955691,7.803895042347115,2.908698848914625,5.17800950311753,-2.269310654202905,123.4379145304362,119.067018362192,120.19454579735017,117.28584694843555,0.8377252124280825,0.8688749156705993,-0.031149703242516757,0.7050004647003819,27.794540973112593,3.5473731994628963,174.27329147130058,215.9308488876906,-41.657557416390006,124.43499755859375,123.43874740600586,123.9368724822998,112.89999771118164,3.124999346469428,43.127154537662236,20.490989633102245,25.680258389725495,-71.73824145440203,100.05999755859375,94.95499801635742,80.0,0.0,80.0,,134.85749438964842,0.0,0.0,45.78628182478746,0.037321057131149624,0.06313861543888362,0.03874993041906858,16.724650080776897,43.91971717489107,9.597633169423839,13.48591185687117,-90.40236683057616,3.97025669322295,-9.826589980816413,2.48000839367552,4.473453327736746,-1.9934449340612264,5.620830686068719,7.017043870727746,-1.396213184659027,125.28065310368487,-3.264577089172682,-3.319053301804953,474.49785760947873,12.931788100765843,12068842.986160338
2020-09-11,114.56999969482422,115.2300033569336,110.0,112.0,109.72673797607422,180860300,-1.4899978637695312,0,11117540790.37433,7699495400,0.016771290862380016,-284455739.436872,-11.2343915515456,-3.3332015062129314,115054556.11509146,122.93143607061339,36.36567225840384,6238.518707163036,121.12712364196777,133.91543501203174,108.3388122719038,21.115520596136914,0.14314586273941662,0.0,0.0,122.11524887084961,128.78374786376952,115.44674987792969,10.921648286484828,-0.2584352102016643,0.0,1.0,110.0,137.97999572753906,123.98999786376953,23.099694673047313,0.07147963922065641,6.1805993634534815,8.967611452942451,2.0395437138787713,4.550316345269779,-2.5107726313910073,122.36916478474934,119.14153759296124,118.93384644391168,116.8943027300329,0.7791170205997039,0.9894220629912203,-0.21030504239151637,0.6241260499257537,27.794763060893754,5.395375442504886,157.68860579140153,208.1593503415885,-50.470744550186964,123.98999786376953,123.54374694824219,123.76687240600586,113.56249618530273,1.562499673234714,41.28864747169438,19.116637320285847,27.16392770549385,-105.5446726790539,100.3912467956543,94.95499801635742,76.0,12.0,64.0,,133.89879458964842,0.0,0.0,44.195288601763885,0.0,0.06313861543888362,0.059393983439281865,11.611812079885429,40.082525162388336,7.1479639220656415,13.493765751799678,-92.85203607793436,0.9252131966983512,-10.27438194415497,1.74477597816644,3.9277178578226852,-2.182941879656245,4.011333340917044,6.415901764765605,-2.404568423848561,124.41038861871823,-1.312889146018037,-1.3215837194881175,466.9553375928178,13.670541119229881,15723765.40404725
2020-09-14,114.72000122070312,115.93000030517578,112.80000305175781,115.36000061035156,113.0185317993164,140150100,3.3600006103515625,1,11206645788.566431,7839645500,0.0015995453365617762,-176547145.0114857,3.90830630408501,-3.4846758021057487,119259059.87884888,122.11545563635589,31.227778539751867,6425.674302375156,121.14974861145019,133.89549539774998,108.4040018251504,21.04130950725746,0.2728752932969788,0.0,0.0,121.05733235677083,127.85233128865559,114.26233342488607,11.226084037370105,0.08077022501908115,0.0,0.0,110.0,137.97999572753906,123.98999786376953,23.095380756650282,0.19156545492521393,5.9555394576257115,9.71956601518925,1.6033732868117312,3.960927733578169,-2.357554446766438,121.43895657857259,119.19759544959435,118.38402400797935,116.78065072116762,0.7466040322648476,1.0165086902614795,-0.2699046579966319,0.5465020827277283,27.687706402528164,3.8602535247802763,141.4121311821968,198.46611228862727,-57.053981106430484,123.98999786376953,123.54374694824219,123.76687240600586,113.56249618530273,0.781249836617357,39.409895736940335,19.049452627544202,25.765472514686117,-78.61289245751195,102.80437278747559,96.34249877929688,72.0,8.0,64.0,,132.46486691426952,0.0,0.0,48.53797268997825,0.11521644457846325,0.050845833903204,0.05904102159365726,8.978032051609187,42.35100496713782,19.156545492521392,11.967380861336977,-80.84345450747861,-0.25409494287826817,-8.822540303024255,1.372978551592455,3.4167699965766394,-2.0437914449841843,1.062780479573099,5.345277507727104,-4.282497028154005,124.07118957352507,3.000000544956749,2.9558807532387377,483.9640008102637,18.48712053757538,-21084177.689315945
2020-09-15,118.33000183105469,118.83000183105469,113.61000061035156,115.54000091552734,113.19489288330078,184642000,0.18000030517578125,1,11158539816.54087,8024287500,0.00129563262630114,-146578179.10294965,5.244256385263034,-2.94877744191469,119547163.3477499,121.53665238063144,38.041423700938836,6425.674302375156,121.1963737487793,133.85255845028547,108.54018904727313,20.885418119423964,0.2765372042737804,0.0,0.0,119.78866602579754,126.60566507975261,112.97166697184245,11.381709605960516,0.18837716738385035,0.0,0.0,110.0,137.97999572753906,123.98999786376953,23.086495793625904,0.19799863336200038,5.881985633933453,10.402225303875262,1.2577312581913276,3.420288438500801,-2.1625571803094736,120.64978981018066,119.36788382897011,117.94648199375595,116.68875073556462,0.7792897258047118,0.952249178779459,-0.17295945297474724,0.4737212281121245,27.55423822914766,3.611128997802737,122.41222033969106,185.9473804541725,-63.53516011448144,123.98999786376953,123.54374694824219,123.76687240600586,113.56249618530273,0.3906249183086785,36.97827081103084,21.55340082573059,23.998223353463302,-64.3162920336046,102.80437278747559,96.34249877929688,68.0,4.0,64.0,,131.11697489941335,0.0,0.0,48.767983047707425,0.12131888608593958,0.07884511022146731,0.0642765198545185,7.031436224445181,46.23842232710608,19.799863336200037,15.368124250262376,-80.20013666379997,-0.8336018955006352,-7.575394815514945,1.0778513355083796,2.9489862643629876,-1.871134928854608,0.4969889833533163,4.375619802852347,-3.8786308194990307,123.46008929329686,0.15603355081781345,0.15591194495376826,484.8751805762257,17.408197721619302,48113713.12106222
2020-09-16,115.2300033569336,116.0,112.04000091552734,112.12999725341797,109.85409545898438,154679000,-3.410003662109375,0,11010891395.716087,7869608500,-0.049267652200074535,-200989290.15273058,-5.632310143639007,-3.5118692335798527,114982026.14615817,120.80524122824596,32.221642986670645,6236.029393867312,121.02474861145019,134.0690163300796,107.98048089282081,21.556364079727196,0.15905516699381136,0.0,0.0,117.81066614786785,124.5966646830241,111.0246676127116,11.520176834649137,0.08144193039388282,0.0,0.0,110.0,137.97999572753906,123.98999786376953,23.11923474211775,0.07612571760765274,5.689786978987373,11.291388620421152,0.7005728951074559,2.8763453298221324,-2.1757724347146765,119.59333101908366,119.34490291888898,117.05163818755011,116.35106529244266,0.7476369158790812,1.005800142803256,-0.2581632269241747,0.4006163200962814,27.39556808658558,8.01524467468262,97.96089552504885,170.39430380892745,-72.43340828387859,119.41999816894531,123.54374694824219,121.48187255859375,113.56249618530273,0.19531245915433926,35.03467531271587,20.409717397202737,24.828562661231235,-93.33912365334706,102.92062377929688,96.65999984741211,64.0,0.0,64.0,,129.84995640544855,0.0,0.0,44.692651806198555,0.0131956225493429,0.08324365107124827,0.07097819839864004,4.081390728564183,36.89480569868799,7.612571760765274,15.522993529828918,-92.38742823923472,-2.044565133487481,-10.157646947640131,0.6021198803350881,2.4796129875574078,-1.8774931072223198,-1.2066819864416798,3.2591594449935415,-4.465841431435221,121.54363214003008,-2.9513619829399818,-2.9957910298852752,467.61339684904743,13.90140368774449,-359509.6181306243
2020-09-17,109.72000122070312,112.19999694824219,108.70999908447266,110.33999633789062,108.10041809082031,178011000,-1.7900009155273438,0,10999159833.357225,7691597500,-0.02087669951116465,-217796513.41290307,-6.989371951643985,-3.947586003318249,112140325.79140118,119.88206308431582,32.20788822780327,6236.029393867312,120.75637359619141,134.43273905820018,107.08000813418262,22.65116954860282,0.11918328055665962,0.0,0.0,115.63966623942058,121.67666498819987,109.60266749064128,10.441051838182036,0.06106750041967748,0.0,0.0,108.70999908447266,137.97999572753906,123.34499740600586,24.2388834405918,0.05568833072634086,5.469808067465588,12.24505700302804,0.11327697754830979,2.323731659367368,-2.210454681819058,118.03499794006348,119.38201816265399,116.0190779029871,115.9058009254388,0.7248149920416225,1.0519972781683837,-0.32718228612676126,0.32671463424826963,27.23188304474482,13.423619079589841,74.19077374613995,153.20983129300274,-79.01905754686278,116.20499801635742,123.34499740600586,119.77499771118164,113.56249618530273,0.09765622957716963,33.84879062359763,19.431123090458453,28.213031712143984,-119.32020331544712,102.93437385559082,96.76499938964844,60.0,100.0,-40.0,,128.65895902112163,0.0,0.0,42.67660294791844,0.0,0.04483816954509386,0.06897564361260333,1.0480299076330344,41.906065477850994,5.568833072634086,10.993756056533151,-94.43116692736591,-3.707168377146999,-14.491628891189478,0.09773193114051289,2.003236776274029,-1.905504845133516,-1.566305762474756,2.2940664034998823,-3.8603721659746384,119.71051731763872,-1.596362221861003,-1.6092413323200105,458.5522310155273,14.051054521512356,37353685.25769967
2020-09-18,110.4000015258789,110.87999725341797,106.08999633789062,106.83999633789062,104.67146301269531,287104900,-3.5,0,10801962504.89943,7404492600,-0.09310492809075646,-330235175.78248835,-3.286710763472847,-4.171790037249626,103033318.5107155,118.34197724349482,31.5016678118767,6236.029393867312,120.18462333679199,135.1257427239978,105.24350394958616,24.86361228646779,0.053426130497008,0.0,0.0,114.09266611735026,119.77466532389322,108.4106669108073,9.960323305441436,-0.13821460685070167,0.0,1.0,106.08999633789062,137.97999572753906,122.03499603271484,26.53417592388958,0.023518344758684806,5.401827352271764,13.396449857213126,-0.6273483365228003,1.7335156601893342,-2.3608639967121343,115.75666491190593,119.14471024733324,114.60691150835687,115.23425984487967,0.6981091516208381,1.0533054450381536,-0.3551962934173155,0.2489723476395856,27.153327957987035,11.215370559692388,54.61927216013485,134.9934311832955,-80.37415902316067,113.29499816894531,122.03499603271484,117.66499710083008,113.56249618530273,0.048828114788584814,33.185977909584736,18.145179049809066,29.965752289443305,-131.42452142362217,104.6987476348877,96.85749816894531,56.00000000000001,100.0,-43.99999999999999,,127.06304222618971,0.0,0.0,38.974527523744015,0.0,0.004398540849780671,0.04416012048870779,-2.7097030543915475,36.26299809156385,2.351834475868481,5.177746436422633,-97.64816552413151,-4.676257526173316,-20.3756132286817,-0.54441130386683,1.4937071602458571,-2.0381184641126873,2.6561628332160714,2.3664856894431203,0.28967714377295106,118.1899791983214,-3.172013880879665,-3.2234120689782486,440.8348767157517,11.962483923637677,137344097.36683315
2020-09-21,104.54000091552734,110.19000244140625,103.0999984741211,110.08000183105469,107.84568786621094,195713800,3.2400054931640625,1,10991603349.918427,7600206400,-0.11767170340752553,-192471038.22955966,-6.665642042326443,-5.12103314251914,108968490.81344166,116.80082058642974,23.540146211172868,6425.141806673499,119.47012329101562,134.90100797968924,104.03923860234201,25.83220685406967,0.19573612759696932,0.0,0.0,113.01999969482422,118.12999954223633,107.90999984741211,9.042647073456196,0.212328967557753,0.0,0.0,103.0999984741211,137.97999572753906,120.53999710083008,29.195581533346427,0.200114790899234,5.570645013773103,14.230509491294706,-0.9419990892717038,1.1984127102971267,-2.1404117995688305,113.97999890645345,118.95509485098032,113.91046386569501,114.85246295496671,0.6676311432256363,1.1193673784412208,-0.4517362352155845,0.17705904744453396,27.21193669472486,1.4098739624023438,36.34271732214563,116.5669654893107,-80.22424816716507,111.79999923706055,120.53999710083008,116.16999816894531,113.56249618530273,0.024414057394292407,33.02655673843409,16.41366760436715,31.130540552037054,-116.99252065357469,107.28062629699707,97.88750076293945,52.0,100.0,-48.0,,124.9657376373598,0.0,0.0,43.831963118876146,0.11319450587245447,0.03773150195748453,0.028989404117453207,-4.354863498448981,48.1082063971125,20.0114790899234,9.310715546142008,-79.9885209100766,-6.128493095846736,-16.225261077428488,-0.8201818794613562,1.0309293523044145,-1.8511112317657707,2.1918900721391514,2.331566565982327,-0.13967649384317538,117.63992549523246,3.0325773158183855,2.987503685370374,457.2361125030679,17.571612846240583,-14169270.602420866
2020-09-22,112.68000030517578,112.86000061035156,109.16000366210938,111.80999755859375,109.54059600830078,183055400,1.7299957275390625,1,11070762054.148415,7783261800,-0.08453698871848905,-119734452.7820577,8.822735024150708,-5.3268643942460665,111845353.59174165,115.58822391174233,23.571067668786256,6526.11807565501,118.76774826049805,134.2504700245234,103.28502649647272,26.072266235218105,0.27530595692577464,0.0,0.0,112.66466649373372,117.51366628011067,107.81566670735677,8.607844743669741,0.41187162582053277,0.0,0.0,103.0999984741211,137.97999572753906,120.53999710083008,29.368239917215806,0.2497132961677382,5.383580207220012,14.777811932024067,-1.0397799447639358,0.7507741792849143,-1.79055412404885,113.22416559855144,118.83596009474535,113.58731520306404,114.62709514782797,0.6922914184125589,1.1496304093682208,-0.4573389909556619,0.11467956691421433,27.24667952085169,2.1922508239746037,23.021810083048283,97.99130195790083,-74.96949187485255,111.79999923706055,120.53999710083008,116.16999816894531,113.56249618530273,0.012207028697146204,32.17444450101208,19.251253283694638,29.546003411333544,-75.95509481116179,107.40437507629395,98.1187515258789,48.0,96.0,-48.0,,122.34184893777115,0.0,0.0,46.29025235601648,0.2051694400827356,0.1061213153183964,0.04941711937522072,-4.947118427400703,50.043495629782925,24.97132961677382,15.778214394188586,-75.02867038322618,-7.212294477574957,-7.503308984868262,-0.9070978754394773,0.6433239067556362,-1.5504217821951136,1.2963216936824897,2.1245175915223595,-0.8281958978398698,117.59578247587484,1.5715803949514662,1.5593589505076721,465.99352600075576,18.140162233531626,9765852.268407822
2020-09-23,111.62000274658203,112.11000061035156,106.7699966430664,107.12000274658203,104.94579315185547,150718700,-4.689994812011719,0,10939800816.965717,7632543100,-0.15520895489291756,-203610948.25221384,-5.562564545405676,-5.655605071472164,105523289.94351809,114.0532138716299,24.304455096783855,6252.37278824135,117.88249855041504,133.89424260919168,101.8707544916384,27.165600077485408,0.1639186910455993,0.0,0.0,111.80733311971028,116.80233357747397,106.81233266194663,8.935014043158704,0.03079780344736467,0.0,0.0,103.0999984741211,137.97999572753906,120.53999710083008,29.5887834770492,0.11525242514366908,5.379222583226527,15.080721655961385,-1.4786701733042094,0.3048853087670896,-1.7835554820712989,112.07083257039388,118.54797950157753,112.59234405591296,114.07101422921717,0.6856051156865016,1.2032336777554742,-0.5176285620689726,0.053185283131922924,27.32349014292958,-5.0624988555908175,1.2106343472409853,78.76211783300533,-77.55148348576435,110.96500015258789,120.53999710083008,115.75249862670898,113.56249618530273,0.006103514348573102,31.76447953933488,17.839908021963176,30.661124447904676,-93.45883239471763,107.55437469482422,98.14125061035156,44.0,92.0,-48.0,,120.03282688213314,0.0,0.0,41.04553947727686,0.12979374614289962,0.1493858973660296,0.09774623821397037,-7.127622680525033,42.8117235755903,15.617733512399841,20.20018073969904,-84.38226648760016,-8.122265378166645,-11.441796000862595,-1.2962716105363385,0.25540480329724125,-1.55167641383358,-0.7583855567637673,1.5479369618651342,-2.3063225186289014,116.71381770521161,-4.194611317788411,-4.2851253300812076,442.2522975011784,12.461265374063657,-11196838.53881681
2020-09-24,105.16999816894531,110.25,105.0,108.22000122070312,106.02344512939453,167743300,1.0999984741210938,1,10977822709.63801,7800286400,-0.16643018469825963,-148164045.06703517,-5.680550454308558,-4.252938364551734,107245819.53008424,112.7951538313727,25.37974932979597,6252.37278824135,116.96737365722656,132.99138634465507,100.94336096979805,27.39911513168955,0.22705424642523828,0.0,0.0,111.03999989827473,115.76000035603843,106.31999944051108,8.501441754480785,0.20127135550027664,0.0,0.0,103.0999984741211,137.97999572753906,120.53999710083008,29.820279076825273,0.1467890811281618,5.366300324903874,15.110727136194118,-1.7179299307969984,-0.09967773914572806,-1.6182521916512704,111.68749936421712,118.2655757023738,111.91967592741914,113.63760585821613,0.7517083586548851,1.1604122891329107,-0.40870393047802567,-0.0033667608325265766,27.450152562083026,0.3526260375976591,-16.321825278471014,59.42762549190838,-75.7494507703794,110.96500015258789,120.53999710083008,115.75249862670898,113.56249618530273,0.003051757174286551,31.652802557332603,16.554907161985234,30.88103772790141,-94.9742407652797,107.60687446594238,98.44750213623047,40.0,88.0,-48.0,,118.00088747317169,0.0,0.0,42.68574850603932,0.23258836011764208,0.18918384878109215,0.14823035382183958,-8.386813171369454,46.71246243373816,24.854384105970077,21.814482411714597,-75.14561589402993,-8.556500289019425,-4.077289918954081,-1.5117618131980295,-0.09802852000181289,-1.4137332931962165,-1.6883522280879704,0.9006791238745133,-2.5890313519624835,116.39383866893996,1.0268842848365045,1.0216476471265779,447.820601128383,15.942628604669622,26464479.47752437
2020-09-25,108.43000030517578,112.44000244140625,107.66999816894531,112.27999877929688,110.00103759765625,149981400,4.05999755859375,1,11117742243.074562,7950267800,-0.11686209070288141,-40008593.223962635,7.72836620925652,-1.6720554309767384,112872543.89679939,111.93579201326561,33.18842931262324,6486.937729743325,116.33087348937988,132.03456652099464,100.62718045776514,26.998323936849626,0.37102159021041187,0.0,0.0,110.87866643269857,115.55266698201497,106.20466588338215,8.430838320288506,0.6499071653728481,0.0,0.0,103.0999984741211,137.97999572753906,120.53999710083008,29.98343965551178,0.2631881028682195,5.30667071965958,14.923762793975012,-1.5619321585653694,-0.39212862302965634,-1.169803535535713,111.26749928792317,118.13374886145958,111.9751102123234,113.53704237088877,0.8881516946525817,1.0802704917086905,-0.1921187970561088,-0.04740288197015736,27.52383599994287,-2.8408756256103516,-26.572844866509854,40.76262815316319,-67.33547301967305,110.96500015258789,120.53999710083008,115.75249862670898,113.56249618530273,0.0015258785871432754,30.955218983433177,18.48771896348461,28.84788967959895,-60.38080864032111,108.14437294006348,99.49625015258789,36.0,84.0,-48.0,,116.21278079328562,0.0,0.0,48.392792985180826,0.8472879850092896,0.4032233637566101,0.24726436996791082,-7.691776747009308,53.187197700116904,52.758617816914715,31.076911811761562,-47.241382183085285,-8.18577156066894,-4.295943512306105,-1.3757027010295395,-0.35356335620735824,-1.0221393448221812,-3.1851125875664765,0.08352078158631537,-3.268633369152792,116.37324846026983,3.751614778042578,3.6829537127308853,468.372719757477,19.892797360714283,4561184.325122476
2020-09-28,115.01000213623047,115.31999969482422,112.77999877929688,114.95999908447266,112.62665557861328,137672400,2.6800003051757812,1,11216389343.732672,8087940200,-0.056338404254101096,18415787.81007234,7.370613822754645,-0.861167637090665,116158632.9422716,111.79941304742201,40.19176654499853,6641.773811720322,115.83849830627442,131.05827005756646,100.61872655498237,26.27757088330221,0.47113954019293414,0.0,0.0,110.84433288574219,115.45933380126954,106.22933197021484,8.326994795998218,0.9459009081540103,0.0,0.0,103.0999984741211,137.97999572753906,120.53999710083008,30.11088520950611,0.34002298005311266,5.080003739246356,14.314569341415089,-1.2081226869332369,-0.5553274358103725,-0.6527952511228644,111.38999938964844,118.00624876755934,112.43432388496174,113.64244657189498,0.9480963015882911,1.00869792161318,-0.06060162002488889,-0.07661213548373823,27.312395993922607,-3.838498306274417,-36.028100587702134,23.158148050119507,-59.18624863782164,109.54999923706055,120.53999710083008,115.04499816894531,113.56249618530273,0.0007629392935716377,29.585400753737446,21.78424708522665,27.600688086591717,-18.528992292996236,108.75937461853027,100.69750213623047,32.0,80.0,-48.0,103.0999984741211,,1.0,0.0,51.80433235567086,1.0,0.6932921150423103,0.42856644252667103,-6.041304318222744,57.429018118706736,68.16091707068107,48.59130633118864,-31.839082929318927,-6.768374701107248,1.2952694055626617,-1.0630910574148258,-0.4954688964488518,-0.567622160965974,-4.920387337358425,-0.9172608422026327,-4.003126495155792,116.36558325289874,2.3868902158110217,2.358849318516487,481.9391525947073,20.46903776730167,2155849.4528015256
2020-09-29,114.55000305175781,115.30999755859375,113.56999969482422,114.08999633789062,111.7743148803711,99382200,-0.8700027465820312,0,11176407688.361616,7988558000,-0.08194902219618844,3433134.2712956145,0.6828165454776632,-1.026195822663587,115406521.01073068,111.50182483146304,33.82780590339178,6591.509706776068,115.0909984588623,129.06103732637965,101.12095959134497,24.276509987026895,0.4641732521124483,0.0,0.0,110.67733256022136,114.94433314005532,106.41033198038738,7.710703684536711,0.8998902406760467,0.0,0.0,103.0999984741211,137.97999572753906,120.53999710083008,30.30645117383819,0.31508023879481806,4.746003151698674,13.919121229648757,-0.98655568253929,-0.6415730851561561,-0.34498259738313397,111.56416575113933,117.6108639056866,112.68904272387388,113.67559840641317,0.9543858885438171,1.0489701133794185,-0.09458422483560136,-0.09597202365503692,26.950256309741828,0.26900215148926065,-42.1484653957121,7.590441281146067,-49.738906676858164,109.20999908447266,120.53999710083008,114.87499809265137,113.56249618530273,0.00038146964678581886,28.313426683305693,21.218785869561856,26.88424750558063,-12.296385500218912,111.99687385559082,104.0062484741211,28.000000000000004,76.0,-48.0,103.34439849853516,,0.0,0.0,50.63414875194058,0.9087917845158261,0.9186932565083716,0.6717362451024309,-5.045870181986051,59.837643768116116,63.160901724199164,61.360145537265,-36.839098275800836,-6.189581298828131,1.8660681588309154,-0.8678693548743458,-0.5699489881339507,-0.2979203667403951,-8.109485470044083,-2.3557057677709228,-5.75377970227316,116.34427352942387,-0.7567873638749334,-0.7596655297040122,477.53511062242967,17.729533806913338,-26541704.482806683
2020-09-30,113.79000091552734,117.26000213623047,113.62000274658203,115.80999755859375,113.45940399169922,142675200,1.720001220703125,1,11205412708.249187,8131233200,-0.10326445660529682,38000046.255976595,2.551258575522695,-0.6245134704165602,117557467.86006948,111.43862075651839,40.70636641936165,6591.509706776068,114.17249870300293,125.08180072706747,103.26319667893839,19.110209810583065,0.5750505784869969,0.0,0.0,110.89466603597005,115.12966664632161,106.65966542561848,7.637879731704837,1.080322410179731,1.0,0.0,103.0999984741211,137.97999572753906,120.53999710083008,30.55026179653942,0.36439220428055435,4.635402775493651,13.295067757634094,-0.6645124257923527,-0.6461609532833955,-0.01835147250895719,111.60166549682617,117.22442157451923,113.16918962152309,113.83370204731544,0.9970583383632801,1.042817242304119,-0.045758903940839035,-0.10482054072330649,26.715572795459014,1.367502212524414,-48.44169697467983,-6.035388798945021,-42.40630817573481,110.18000030517578,120.53999710083008,115.35999870300293,113.56249618530273,0.00019073482339290943,26.64412170995178,23.00620747632757,25.39895045631267,20.85740466233404,114.25312614440918,105.96500015258789,24.0,72.0,-48.0,103.58391052246094,,0.0,0.0,52.89935423379649,1.0,0.969597261505275,0.8605275443519859,-3.5453023493114624,56.21660575981999,80.80099410067986,70.70760429852005,-19.199005899320145,-5.0970438115737124,0.3900805702681386,-0.5837571947859039,-0.5727106294643414,-0.011046565321562563,-8.562267123912228,-3.5970180389991837,-4.965249084913045,116.33195792698861,1.507582852057543,1.4963317605299231,486.24193091478503,19.41070460291246,40650396.82643747
2020-10-01,117.63999938964844,117.72000122070312,115.83000183105469,116.79000091552734,114.41950988769531,116120400,0.9800033569335938,1,11207255814.797552,8247353600,-0.09424864566156536,48828379.90633304,2.172871825135414,0.3331481993463693,118540097.89380985,111.63295080830216,47.0954858080277,6647.288152299588,113.44199905395507,121.11606558620838,105.76793252170177,13.529498062888297,0.718137401304834,0.0,0.0,111.53099975585937,115.60600051879882,107.45599899291992,7.307386774725598,1.1452760950987475,1.0,0.0,103.0999984741211,128.83999633789062,115.96999740600586,22.690007297497573,0.5318571708459885,4.362862864155224,12.539599249621453,-0.32644963575610575,-0.5822186897779376,0.2557690540218318,111.70583216349284,116.91538326556866,113.72623751290837,114.05268714866448,1.0779331898773628,0.945913047330187,0.13202014254717576,-0.10437540003514721,26.515688950964176,-1.3120018005371037,-49.986052344908636,-17.65820263283874,-32.32784971206989,110.40999984741211,120.53999710083008,115.4749984741211,113.56249618530273,50.000095367411696,24.979397001554304,23.038827635436068,24.63000161637589,67.0557126133976,114.94000053405762,105.96500015258789,20.0,68.0,-48.0,104.13095418701172,,0.0,0.0,54.189184282403794,1.0,0.969597261505275,0.9526292598396408,-1.9304509029553627,54.96169143486362,87.03114761492955,76.99768114660289,-12.968852385070447,-3.3196905921487314,1.0818763978666486,-0.2862270446382274,-0.5154139124991186,0.2291868678608912,-10.188807555528438,-4.915375942305035,-5.273431613223403,116.35465225575344,0.8462165422616241,0.8426562014413719,491.20280711185984,19.274169853569347,-3216754.692785859
2020-10-02,112.88999938964844,115.37000274658203,112.22000122070312,113.0199966430664,110.72604370117188,144712000,-3.7700042724609375,0,11136047866.532087,8102641600,-0.051188601956529314,-36084939.834052704,-6.486679131767148,-0.4093507603573562,113868765.98183422,111.56581490173541,40.744273418626804,6647.288152299588,113.0489990234375,119.92245192641276,106.17554612046224,12.160130496246577,0.49789026121365126,0.0,0.0,112.09100011189778,116.00200093587242,108.1799992879232,6.978260199427878,0.618767110131224,0.0,0.0,103.0999984741211,123.69999694824219,113.39999771118164,18.222185646995662,0.48155334484162154,4.383576547222123,11.997246961629557,-0.35860648426299235,-0.5374962486749485,0.17888976441195614,111.77999877929688,116.39605624859149,113.61758507139422,113.97619155565721,0.9726541473856386,0.9880360264878556,-0.015381879102217,-0.1038712400692528,26.2934689084739,-2.709002685546878,-49.775075757301174,-27.22684630833283,-22.548229448968343,111.36000061035156,120.53999710083008,115.94999885559082,113.56249618530273,49.91687508479176,24.223957999175404,21.371633950058197,28.56398671733617,10.737773300527447,114.94000053405762,105.96500015258789,16.0,64.0,-48.0,104.9462970090332,,0.0,0.0,48.6678190540299,0.6371022155835832,0.8790340718611941,0.9394095316239149,-2.0915571279808436,55.475278887555916,63.0641834197238,76.96544171177776,-36.9358165802762,-2.564999165254477,0.7937210482909456,-0.3146328012617236,-0.4752576902516396,0.160624888989916,-9.952514776480994,-5.9228037091402275,-4.029711067340767,116.20147200328823,-3.2280197302059555,-3.2812693629987955,472.1186638527575,14.599451326869143,39004754.46751632
2020-10-05,113.91000366210938,116.6500015258789,113.55000305175781,116.5,114.1353988647461,106243800,3.4800033569335938,1,11232009898.816256,8208885400,-0.08319605332419726,21888448.807009295,3.8077506214691903,-0.5119583149140594,117140123.18971875,111.38854603604312,38.548197224433494,6851.965074716809,112.82599906921386,118.9014032570841,106.75059488134363,10.769510995676159,0.8023667905191734,0.0,0.0,112.86866683959961,116.38066711425782,109.3566665649414,6.223162500269795,1.0169893047280294,1.0,0.0,103.0999984741211,120.5,111.79999923706055,15.42197868348124,0.7701149626883178,4.308219380781161,11.408502913588151,-0.10210680736329891,-0.45041836041261857,0.34831155304931966,112.29333241780598,116.0687484741211,114.06103352194894,114.16314032931224,0.9717145491929625,1.0068514413011251,-0.03513689210816262,-0.09726094549006502,26.160734411139813,-5.986002731323239,-47.365038903103354,-35.04760730679413,-12.317431596309227,111.36000061035156,120.53999710083008,115.94999885559082,113.56249618530273,37.33367864402476,23.180244842103956,22.181324706237834,26.898903369991185,66.12539211496824,115.16937637329102,107.48250198364258,12.0,60.0,-48.0,105.7127192617334,,0.0,0.0,53.38894216511767,0.9474032092882643,0.8615018082906155,0.903377713885695,-0.8059707604895563,59.810272280121886,91.65525997600551,80.58353033688631,-8.344740023994493,-2.3572044596952537,5.582747749280138,-0.08943938215851814,-0.39809402863301535,0.3086546464744972,-11.701224905994332,-7.078487948511048,-4.6227369574832835,116.2157446408681,3.079104105730912,3.0326508506179017,489.7347931211006,19.839099018351817,-12189843.74282211
2020-10-06,115.69999694824219,116.12000274658203,112.25,113.16000366210938,110.86318969726562,161498200,-3.339996337890625,0,11146462008.440128,8047387200,-0.04315526805578052,-58296100.53341028,-2.192628807142057,-0.2662667908785629,112510051.11610565,111.42766158703463,38.416331613057764,6851.965074716809,112.84299926757812,118.92014371494236,106.76585482021389,10.770972921330902,0.5260816899513342,0.0,0.0,113.12533365885417,116.65433451334636,109.59633280436196,6.239099130764837,0.5049121556900563,0.0,0.0,103.0999984741211,120.5,111.79999923706055,15.419655307653851,0.5781611669991007,4.302397442703045,10.561951116306984,-0.166420366007344,-0.39361876153156367,0.22719839552421967,112.81999969482422,115.62076774010292,113.92241354351209,114.08883390951944,0.9699351788346433,0.9599717601786246,0.009963418656018685,-0.09229386501485926,25.95296402485722,-2.7629974365234347,-45.76398336313598,-40.267009274613784,-5.496974088522194,111.36000061035156,120.53999710083008,115.94999885559082,113.56249618530273,24.771287273912733,22.493872415270015,20.662634303060077,27.151506048717405,24.27582900086389,115.18062591552734,107.53625106811523,8.0,56.00000000000001,-48.00000000000001,106.43315617927158,,0.0,0.0,48.75426747934396,0.6427841331375139,0.7424298526697868,0.8276552442738656,-1.1045942560111872,51.544199792090744,68.80987207981326,74.50977182518089,-31.190127920186736,-2.3841230729047,5.9153945533947665,-0.14586910945143605,-0.3476490447966995,0.20177993534526345,-10.046222484706616,-7.672034855750162,-2.374187628956454,116.18818197084025,-2.8669496462580435,-2.9088494210165017,472.8273935558546,14.875238201483498,62258724.33489397
2020-10-07,114.62000274658203,115.55000305175781,114.12999725341797,115.08000183105469,112.74422454833984,96849000,1.9199981689453125,1,11179199793.856224,8144236200,-0.03735266552019331,-23403814.362325307,0.9603631059763984,0.30157142752289307,114153298.7004679,111.66987019563872,44.44571625235203,6968.223116174779,112.73099937438965,118.55110575301545,106.91089299576386,10.325653832441786,0.7018006462297399,0.0,0.0,113.75066706339518,116.88766810099283,110.61366602579753,5.515573875007423,0.7118798737595462,0.0,0.0,103.0999984741211,120.5,111.79999923706055,15.43497496025202,0.6885058796756893,4.111157637397584,9.442451913922133,-0.06174970627121468,-0.32724495047949387,0.2654952442082792,113.23666636149089,115.08384499183067,114.10050404928788,114.16225375555909,1.044911707901554,0.8843341420951554,0.1605775658063986,-0.08520974681472564,25.644307589942528,-0.9210018157959041,-38.590795503318255,-42.74133929959682,4.150543796278562,112.69499969482422,120.53999710083008,116.61749839782715,115.6137466430664,15.35469501399246,21.856526590352786,19.839981511679124,26.070508247877157,56.83116019258122,117.71437454223633,108.64374923706055,4.0,52.0,-48.0,107.11036688175747,,0.0,0.0,51.3678197319689,0.8145627209875078,0.8015833544710951,0.801838338477166,-0.5659817813352307,51.01984417950137,81.9425520267728,80.80256136086389,-18.057447973227198,-2.4586456074434153,4.542151087237218,-0.054089424691484596,-0.28893712077565653,0.23484769608417194,-12.136011754033754,-8.56483023540688,-3.571181518626874,116.11042035379224,1.6967109462795227,1.682477579890218,482.5466186456045,18.26639148621726,-28910903.839988023
2020-10-08,116.25,116.4000015258789,114.58999633789062,114.97000122070312,112.636474609375,83477200,-0.1100006103515625,0,11130774143.778877,8060759000,-0.009571701884777038,-21372204.16062733,1.4202095765710097,0.6377800232403114,114073506.01012784,112.38094262242471,53.23503702675547,6961.562455906713,112.80499954223633,118.69899176070237,106.91100732377029,10.449877651494013,0.6836617353925056,0.0,0.0,114.50033365885417,117.29333521525064,111.70733210245768,4.878591122219837,0.5840793591348601,0.0,0.0,103.0999984741211,118.83000183105469,110.96500015258789,13.944420389846268,0.7546090409033434,3.8810423924566537,7.72519727708691,0.012185943764905005,-0.2593587716306141,0.2715447153955191,113.5,114.34499916663536,114.23427284489023,114.22208690112532,1.105401775854706,0.8370034254001159,0.26839835045459004,-0.07702534082246525,24.995525108157842,-5.6849967956543,-30.90646927473989,-43.22285312273348,12.316383847993592,114.97000122070312,120.53999710083008,117.7549991607666,115.6137466430664,9.078700596600193,21.00392614076382,20.692938998315753,25.250592601275244,67.87426503091206,119.64500045776367,110.54375076293945,0.0,48.0,-48.0,107.74694494209422,,0.0,0.0,51.20668871848418,0.7730845889295309,0.7434771476848505,0.7624967849419111,-0.17682121301204565,51.30457380497371,81.19015401250239,77.31419270636285,-18.809845987497607,-2.6685431536506172,2.8262263939800043,0.010668640449069703,-0.2290159685307113,0.239684608979781,-14.572305146171995,-9.766325217559903,-4.805979928612093,116.0437577316556,-0.09558620837792908,-0.0956319211264045,481.98978442080727,17.32827179247647,-11573552.281940982
2020-10-09,115.27999877929688,117.0,114.91999816894531,116.97000122070312,114.59586334228516,100506900,2.0,1,11228381926.801289,8161265900,0.037183321937125355,10397225.00517657,0.9623231527621702,1.1826346800323553,115821908.18344018,113.08291076894179,61.25669363366933,6961.562455906713,113.05349960327149,119.20427013172781,106.90272907481517,10.881167854229489,0.818374876717647,0.0,0.0,115.05033365885417,117.57433497111003,112.5263323465983,4.387647096687275,0.8802825998004781,0.0,0.0,103.0999984741211,118.83000183105469,110.96500015258789,13.91376950924428,0.881754595460293,3.700938336316457,6.05277963954644,0.22951802349388117,-0.16158341260571504,0.39110143609959624,114.32083320617676,113.78999944833609,114.65515413347683,114.42563610998295,1.18536980114907,0.7932252523985732,0.39214454875049687,-0.06490414364980146,24.332925371227713,-4.833498382568365,-22.86996547966185,-41.760838110729004,18.890872631067154,114.97000122070312,115.96999740600586,115.46999931335449,115.84624862670898,54.53935029830011,20.024935910200774,20.998381310735024,24.304623072013314,85.29307393894383,122.23062324523926,112.88374710083008,0.0,44.0,-44.0,108.34532831881076,,0.0,0.0,54.0301428956974,0.9878997501024712,0.8585156866731697,0.8011920629430387,0.9622992114828153,51.81564095882852,94.1037741507501,85.74549339667512,-5.8962258492498965,-2.056168702069442,9.195293336038853,0.20058269396315562,-0.1430962360319379,0.34367892999509353,-15.47847801681123,-10.90875577741017,-4.569722239401061,116.08074603178567,1.7395842208966172,1.7246266715423175,492.11398687782184,19.25940584443005,18629063.867632985
2020-10-12,120.05999755859375,125.18000030517578,119.27999877929688,124.4000015258789,121.87504577636719,240226800,7.430000305175781,1,11405091248.057423,8401492700,0.06440914752566838,263895506.76320866,15.399202864987215,1.6523823829492486,131081249.71275777,114.50654446260002,62.89101057220209,6961.562455906713,113.50549964904785,121.36039581163425,105.65060348646145,13.840556073270923,1.19348478015041,1.0,0.0,115.91033376057945,118.77033513387043,113.0503323872884,4.934851415747861,1.9842069386019907,1.0,0.0,103.0999984741211,125.18000030517578,114.13999938964844,19.452803519939316,0.9646739712584699,4.1518444111320765,4.556294135420112,0.9898834319737091,0.0687099563101698,0.9211734756635392,115.6691665649414,113.92538422804613,116.15436142461562,115.1644779926419,1.0932926876999942,0.749002438564045,0.3442902491359492,-0.03790257678347996,23.752258284941874,-1.2255008697509737,-13.54165095175256,-38.58230317251129,25.04065222075873,118.70000076293945,114.13999938964844,116.42000007629395,115.87374877929688,77.26967514915006,20.06125969408773,31.800689100014385,20.96588170274896,220.63496744099808,122.5568733215332,112.89999771118164,100.0,40.0,60.0,108.9078086929243,,0.0,0.0,62.67186446697257,1.0,0.9203281130106671,0.840773649122896,4.864139674451364,60.02897193155691,96.1347930252666,90.47624039617305,-3.8652069747333964,-0.5086618311264886,14.951025801763207,0.8595388519339745,0.05743078156124458,0.8021080703727299,-7.903796282346116,-10.30776387839736,2.4039675960512437,116.76306483056477,6.35205627736688,6.158469047233428,529.7254005504618,25.56718048447661,153167467.70177057
2020-10-13,125.2699966430664,125.38999938964844,119.6500015258789,121.0999984741211,118.64203643798828,262330500,-3.3000030517578125,0,11275296833.769848,8139162200,0.036963605155730085,102525941.43001418,0.6345448339473151,2.095033052903034,124122315.30800968,115.928936874201,58.668990885943664,6961.562455906713,113.78349952697754,122.27453605950086,105.29246299445421,14.924899599366146,0.9308366192466067,0.0,0.0,116.68266728719075,119.94266866048179,113.42266591389975,5.587807425188842,1.1775044978694238,1.0,0.0,103.0999984741211,125.38999938964844,114.24499893188477,19.589835967597825,0.8075369789447203,4.310659756395822,3.4512910379023363,1.3110824865458994,0.31718446235731573,0.9938980241885838,116.40416653951009,113.93076881995567,116.91522866300107,115.60414617645517,1.1446351832536057,0.7327927202100493,0.41184246304355643,-0.0076057870082511135,23.467688814473814,1.17649955749512,-7.8695838329711805,-34.07429060121032,26.20470676823914,118.80500030517578,114.24499893188477,116.52499961853027,119.40249633789062,88.63483757457503,20.135404323605872,29.16277966624234,19.00064224807019,177.14726880356537,121.91874694824219,112.89999771118164,100.0,36.0,64.0,110.20958402190442,,0.0,0.0,57.50155106687633,0.741304743242628,0.9097348311150327,0.8961928769329567,6.500994680778913,60.27438287639001,78.96026952455288,89.73294556685657,-21.03973047544712,1.2052864747888918,7.8553614096142335,1.134113723347515,0.27276736991849865,0.8613463534290162,-1.2111632646346917,-8.488443755644827,7.277280491010135,116.96353974561706,-2.6527355396143704,-2.688555461209585,513.0204510480806,17.91534376224911,98283919.26485536
2020-10-14,121.0,123.02999877929688,119.62000274658203,121.19000244140625,118.73020935058594,150712000,0.09000396728515625,1,11263363760.042068,8289874200,0.08002965584209566,89817189.49965222,-2.7037954631655308,2.30765840941325,124234327.51352906,117.01613989053274,58.62074801851041,6966.7364298739285,114.23649978637695,123.27537734872602,105.19762222402788,15.824850339868318,0.8846441445337038,0.0,0.0,117.25433400472006,120.4913350423177,114.01733296712239,5.521332861721516,1.1079189334469701,1.0,0.0,103.0999984741211,125.38999938964844,114.24499893188477,19.51215325855554,0.8115748418244144,4.220593384027724,2.1126583542920883,1.5549728601788217,0.564742141921617,0.9902307182572048,116.92333348592122,114.25269200251653,117.57288616737111,116.01791330719229,1.1838250011885996,0.7329555946671452,0.45086940652145435,0.023754671461702556,23.328711068067943,-0.14650344848632812,-0.34951660648881444,-28.55911996360812,28.209603357119303,118.80500030517578,114.24499893188477,116.52499961853027,120.53999710083008,94.31741878728752,20.194788365524605,27.51285244112229,17.975424975279406,138.89921364867885,123.68562316894531,112.89999771118164,96.0,32.0,64.0,111.72762555867882,,0.0,0.0,57.6042812945784,0.6451041526855436,0.7954696319760569,0.8751775253672524,7.8227447068637765,56.863579673774176,76.29798725219538,83.79768326733831,-23.702012747804613,2.6408894707174824,5.419279233253808,1.3402868710985723,0.48627127015451344,0.8540156009440588,-1.686235886197558,-7.128002181755374,5.441766295557816,117.11154723013638,0.0743220218160312,0.07429441667836656,513.4760602414455,18.7834000451424,-42228640.380835265
2020-10-15,118.72000122070312,121.19999694824219,118.1500015258789,120.70999908447266,118.25994110107422,112559200,-0.48000335693359375,0,11339756500.811863,8177315000,0.1102510305398781,69267763.30630766,-4.470978028293638,1.4362766781596672,123788508.61126539,117.66623685444094,52.188876560848826,6939.142925411151,114.75499992370605,124.02703469635294,105.48296515105916,16.159705073959877,0.8211268781224937,0.0,0.0,117.57833379109702,120.93133443196614,114.22533315022785,5.703432822626082,0.9669944370430978,0.0,0.0,103.0999984741211,125.38999938964844,114.24499893188477,19.423991050800986,0.7900403717832212,4.10353358786128,1.9425683073614795,1.690043707227801,0.7898024549828537,0.9002412522449472,117.47500038146973,114.38307659442609,118.05551892384827,116.36547521662047,1.1065292933580007,0.8049322561601152,0.30159703719788544,0.05359475770248599,23.14609467603244,1.0549976348876982,6.244192502687918,-22.33475682360933,28.57894932629725,118.81999969482422,114.24499893188477,116.53249931335449,120.53999710083008,97.15870939364376,19.778254880596513,26.0909935849843,19.537261491197423,103.51007385231571,123.80937194824219,112.89999771118164,92.0,28.000000000000004,64.0,113.09386294177578,,0.0,0.0,56.815495153099555,0.5818087458884913,0.6560725472722206,0.7870923367877704,8.672588094819996,60.978775365213956,64.46468522515696,73.24098066730177,-35.53531477484304,3.6528821608599458,5.802439266433257,1.4523583597984673,0.6794886880833042,0.7728696717151631,-3.9909445494914695,-6.500590655302593,2.509646105811124,117.19865050506971,-0.396075045188371,-0.39686149971576157,511.04623465862426,18.155901798260828,-29789766.78977731
2020-10-16,121.27999877929688,121.55000305175781,118.80999755859375,119.0199966430664,116.60424041748047,115393800,-1.69000244140625,0,11242050688.966833,8061921200,0.1508405461456624,31512968.016385924,1.1991161576180531,0.9954554163641963,122172935.70759341,118.02922840877899,45.726600691194086,6939.142925411151,115.36399993896484,124.05857800816233,106.66942186976735,15.073295089971733,0.7102457804740269,0.0,0.0,118.2040003458659,121.51600138346353,114.89199930826824,5.603873012599749,0.6231878082067875,0.0,0.0,103.0999984741211,125.38999938964844,114.24499893188477,19.32145290326291,0.7142215125641986,3.9671807783915582,2.195564846619632,1.6417936780260476,0.9602006995914926,0.681592978434555,117.74250030517578,114.59576885516827,118.2039001114203,116.56210643339425,1.0268456282115954,0.851535444561524,0.17531018365007145,0.07812880685616655,23.005841152807456,1.4260009765625057,12.808491758881935,-15.648808972277632,28.457300731159567,118.81999969482422,114.24499893188477,116.53249931335449,120.53999710083008,98.57935469682188,19.475912782920997,25.456864187833766,18.606940609315856,90.70790504495474,123.9368724822998,112.89999771118164,88.0,24.0,64.0,114.32347658656305,,0.0,0.0,54.011246928070506,0.38156316381994587,0.5361586874646599,0.6625669555709793,8.599705114638407,55.88912367692211,51.63247052226312,64.13171433320518,-48.36752947773688,4.6536470525405065,2.771780633920285,1.4085140773980427,0.825293765946252,0.5832203114517907,-5.694619050540633,-6.339396334350202,0.6447772838095682,117.28367760193343,-1.4000517390639566,-1.4099449116596219,502.4912712238014,16.57283121198867,1889285.328233868
2020-10-19,119.95999908447266,120.41999816894531,115.66000366210938,115.9800033569336,113.62596130371094,120639300,-3.0399932861328125,0,11137631802.300657,7941281900,0.0513732877891963,-25380693.42077809,-8.443670793314302,0.3435634635933416,119091582.38556635,118.17598843552086,45.17296870685841,6939.142925411151,115.65900001525878,124.01000908378617,107.3079909467314,14.44074229835231,0.5192194343845573,0.0,0.0,118.38266703287759,121.86066767374675,114.90466639200847,5.875861269290748,0.15459125456866007,0.0,0.0,105.0,125.38999938964844,115.19499969482422,17.629410064896295,0.5384994451009109,4.046462151235996,2.824946428448779,1.342774462201831,1.0367154521135602,0.30605901008827074,117.6750005086263,114.74884590735802,117.86176214919158,116.51898768698975,0.9497989079397157,0.8815865105177171,0.06821239742199858,0.09271823591253969,23.04524854628542,-2.639003372192377,13.76446312997704,-9.034537139709519,22.79900026968656,119.7599983215332,114.24499893188477,117.00249862670898,120.53999710083008,93.36664644076188,18.22125045739376,23.374524545060144,22.498064408025982,36.54352244878242,123.76687240600586,113.56249618530273,84.0,20.0,64.0,115.43012886687158,,0.0,0.0,49.297715296474685,0.04497959153021814,0.33611716707955147,0.5094494672721442,7.157195420718993,51.11422045980311,28.549754434260333,48.21563672722683,-71.45024556573966,4.123294359094956,-0.6935504343215225,1.1524082802787363,0.890716668812749,0.2616916114659873,-6.7447555094635305,-6.420468169372868,-0.3242873400906623,117.27576694795526,-2.5541870037600223,-2.5873726619552784,487.1025174754145,14.423486369541195,12730161.888320148
2020-10-20,116.19999694824219,118.9800033569336,115.62999725341797,117.51000213623047,115.12488555908203,124423700,1.529998779296875,1,11152859885.795689,8065705600,0.029490583112575092,5440564.084418863,-1.9789288783129293,0.019978645462225626,120732969.72481081,118.31696729818,44.7219531323961,6939.142925411151,115.94400024414062,124.13770085673698,107.75029963154427,14.133893250781535,0.595561332182579,0.0,0.0,118.7356669108073,122.16166788736977,115.3096659342448,5.770803442130076,0.32112311365909113,0.0,0.0,105.0,125.38999938964844,115.19499969482422,17.586075473257505,0.6135361702159504,3.9768165464639593,3.1892725599205294,1.2152490594093592,1.07242217357272,0.14282688583663927,118.04916763305664,114.83153827373798,117.80764522412063,116.59239616471127,0.9479767995886301,0.946242766409149,0.0017340331794811759,0.10243260055783758,23.075542542530982,0.555999755859375,17.707572499462632,-2.7791629171783088,20.48673541664094,119.98999786376953,114.24499893188477,117.11749839782715,120.53999710083008,84.31413713205858,17.04740546988022,22.009972834493226,21.236968089618504,31.51444964090332,123.76687240600586,113.56249618530273,80.0,16.0,64.0,,125.38999938964844,0.0,1.0,51.5876421006117,0.20849854170590418,0.2116804323520224,0.36131876229874477,6.5938733650402215,49.90810877002319,40.167058853516764,40.116427936680104,-59.832941146483236,3.532059052411242,3.9727531645078287,1.042305587143577,0.9210344524789147,0.12127113466466222,-7.32024851233259,-6.600424237964813,-0.7198242743677774,117.28385649616594,1.3191918736096486,1.3105663132619405,494.84752617570786,17.757549518584966,17010300.683921337
2020-10-21,116.66999816894531,118.70999908447266,116.44999694824219,116.87000274658203,114.4979019165039,89946000,-0.6399993896484375,0,11096345572.369656,7975759600,0.05748784127372219,-3560285.799257882,0.6909650398338973,-0.08587183920216843,120243093.25425658,118.36457018416918,39.317013161367335,6901.349995820376,116.43150024414062,123.55786078009334,109.30513970818791,12.241292985162485,0.5307662305484792,0.0,0.0,118.97800013224283,122.48800074259441,115.46799952189129,5.900251485905346,0.19971552434435622,0.0,0.0,105.0,125.38999938964844,115.19499969482422,17.512442377615553,0.5821482639478731,3.8051351054406104,3.5761101216265394,1.0504329200483227,1.0680243228678405,-0.017591402819517876,118.0800011952718,114.882692190317,117.66339253526854,116.61295961522022,0.9221052803725421,0.9609570719950448,-0.03885179162250263,0.10717636909898336,23.085546851396195,-3.271496582031247,19.92088756977598,2.868321176656788,17.052566393119193,120.15499877929688,114.24499893188477,117.19999885559082,120.53999710083008,71.99526738811772,15.957406552903361,21.114453449538644,20.372899935381135,23.59233432347363,123.76687240600586,113.56249618530273,76.0,12.0,64.0,,125.19479934692383,0.0,0.0,50.558996726645105,0.1350450971022532,0.1295077434461249,0.2257684476258998,5.840042729544037,40.30180385877098,35.30753357918872,34.67478228898864,-64.69246642081127,3.2215879103716674,0.3175989241047479,0.9007857475827422,0.9169847114996803,-0.01619896391693809,-9.722082485069219,-7.224755887385694,-2.497326597683525,117.27813435763278,-0.5446339698866431,-0.546122507874891,491.60778447912463,16.69959272200734,-18672238.88664031
2020-10-22,117.44999694824219,118.04000091552734,114.58999633789062,115.75,113.40062713623047,101988000,-1.1200027465820312,0,11062940932.668993,7873771600,0.032031387437721534,-19369793.5591365,-4.279183516683105,0.07180641901812036,119265709.51648004,118.6165615909718,40.13139631871662,6901.349995820376,116.80800018310546,122.87637318963634,110.73962717657459,10.390337985443185,0.4128267014925725,0.0,0.0,119.05866673787435,122.73266728719076,115.38466618855796,6.171748180928771,0.049718801962348284,0.0,0.0,107.66999816894531,125.38999938964844,116.52999877929688,15.170194843611457,0.45598201323002363,3.769622052660221,3.9367248495999574,0.8199877721600615,1.0184170127262848,-0.19842924056622335,118.29583422342937,115.02192306518555,117.36902445291953,116.54903668075947,0.9644044739009265,0.9550167248284133,0.009387749072513274,0.1062853732639987,23.151649165488198,-1.7279983520507756,20.32541896755021,7.667808337458128,12.657610630092082,119.98999786376953,114.24499893188477,117.11749839782715,120.53999710083008,54.632169717398725,15.271347578624585,19.79068559944825,22.475691397151056,-18.18898242341358,121.48187255859375,113.56249618530273,72.0,8.0,64.0,,125.00350330505371,0.0,0.0,48.72785684715055,0.0,0.11451454626938551,0.15190090735584447,4.697506392410413,41.7218660782083,26.63622650361206,34.03693964543921,-73.36377349638794,2.795323068955369,2.2887913167838314,0.7035560271562754,0.8742989746309995,-0.17074294747472407,-10.907553436121411,-7.961315397132838,-2.9462380389885734,117.26668831425411,-0.9583320957137431,-0.9629536479894618,485.93821719972016,15.937686664978884,12370803.51308456
2020-10-23,116.38999938964844,116.55000305175781,114.27999877929688,115.04000091552734,112.70501708984375,82572600,-0.7099990844726562,0,11035659287.981663,7791199000,-0.031693127014013014,-24977890.251049407,-2.4741847169489506,-0.3769032480117468,118759217.331577,118.6433365239847,35.02277612193093,6859.017795572792,116.946000289917,122.71432585007096,111.17767472976303,9.864938597051461,0.3347874652259766,0.0,0.0,118.95800018310547,122.6510009765625,115.26499938964844,6.208915394967299,-0.030462825044571935,0.0,1.0,112.22000122070312,125.38999938964844,118.80500030517578,11.261606327959916,0.2141230134316755,3.6196602746402933,4.420083239080113,0.5734568857693461,0.9294249873348971,-0.35596810156555103,118.29250081380208,115.20269247201773,117.01071313947459,116.43725625370524,0.9411293555332259,1.0200925736438744,-0.07896321811064855,0.10026201936496384,23.1584362910636,-1.97599906921387,19.518691135772887,11.341179680516511,8.177511455256376,119.83499908447266,114.24499893188477,117.03999900817871,120.53999710083008,27.316084858699362,14.7289467486415,18.94888852385981,22.100556527479533,-51.639283663550025,119.77499771118164,113.56249618530273,68.0,4.0,64.0,,124.58696302636719,0.0,0.0,47.552103586500664,0.0,0.04501503236741744,0.09634577402764281,3.4156053776767115,39.5301183094889,21.232884666077528,27.725548249626133,-78.76711533392248,1.897617227890919,-0.0347592239232563,0.4925029189281482,0.7979397634904293,-0.3054368445622811,-13.024924089710666,-8.974037135648404,-4.050886954062262,117.23325410817702,-0.6133901377733508,-0.6152791035267668,482.3441299619721,15.95960727414382,-9167956.422625989
2020-10-26,114.01000213623047,116.55000305175781,112.87999725341797,115.05000305175781,112.71482849121094,111850700,0.01000213623046875,1,11056079042.517818,7903049700,-0.06252089712106643,-21249799.366774738,-2.2968178641976382,-0.38434532351571693,118768942.17450096,118.83753734880526,35.93346894427452,6859.017795572792,116.95050048828125,122.71275870087469,111.18824227568781,9.85418307495115,0.3350909169282025,0.0,0.0,118.14533360799153,121.61533482869467,114.67533238728842,5.874123191723602,0.05398710845315959,0.0,0.0,112.22000122070312,125.38999938964844,118.80500030517578,11.261172986827004,0.21488247718422587,3.6246948270102486,4.783533966724248,0.3745686764073213,0.818453725149382,-0.4438850487420607,118.29916763305664,115.51846196101262,116.70906543367201,116.33449675726469,0.9461274051041081,1.0172800528086057,-0.07115264770449758,0.09089532689893871,23.122550692056016,0.019500732421875,14.383622664970957,13.81375818028786,0.569864484683098,117.95499801635742,114.24499893188477,116.0999984741211,120.53999710083008,13.658042429349681,14.649907345658743,17.642334464694528,23.20699097452087,-66.88237964854301,117.66499710083008,113.56249618530273,64.0,0.0,64.0,,123.96854517154297,0.0,0.0,47.57129591481817,0.0012693539579912716,0.00042311798599679445,0.05331756554093343,2.3474954132841295,39.20022211750773,17.346166489094724,21.738425886261467,-82.65383351090527,1.2655582203584572,0.06958496147278569,0.32197558492806283,0.7027469277779561,-0.3807713428498933,-12.761601445172262,-9.731549997553175,-3.030051447619087,116.66317179284333,0.008694485527538376,0.008694107579021448,482.39476178807206,16.627562545522537,32691397.860859603
2020-10-27,115.48999786376953,117.27999877929688,114.54000091552734,116.5999984741211,114.2333755493164,92276800,1.5499954223632812,1,11102554162.895836,7995326500,-0.02888285678990293,2218545.9128119424,3.5483421737897296,-0.19948967581476468,120012128.73509572,118.91048110176956,35.80912443782937,6951.424974217223,117.07600059509278,122.69104219198836,111.4609589981972,9.592130869442995,0.45761366031243156,0.0,0.0,117.55466690063477,120.72466812133788,114.38466567993164,5.39323755369512,0.3494214418154198,0.0,0.0,112.22000122070312,125.38999938964844,118.80500030517578,11.249101525507125,0.33257386958078294,3.5362251306861765,5.053436732519029,0.3381223503275095,0.7223874501850075,-0.384265099857498,118.26833407084148,115.76923106266902,116.69228590143341,116.3541635511059,0.9616472895406641,1.010496651245151,-0.04884936170448684,0.08214071961027203,23.118457514285687,7.324000930786127,14.495182943831662,15.46316924143458,-0.9679862976029181,117.21500015258789,115.19499969482422,116.20499992370605,120.53999710083008,6.829021214674841,14.293304528303933,18.11506635495025,21.988007876881944,-30.75540609891599,116.16999816894531,113.56249618530273,60.0,8.0,52.0,,123.08146133809296,0.0,0.0,50.588796452967365,0.20084265157848993,0.0673706685121601,0.037602939621858296,2.17630577091339,43.991288026964114,29.736215711183252,22.77175562211853,-70.26378428881675,1.0244993322035896,-0.31632276884728505,0.2905975514825449,0.6203170525188739,-0.329719501036329,-13.732223254828638,-10.53168464900827,-3.200538605820368,116.6569421245242,1.347236315731326,1.3382417823086357,490.2409955197979,18.398114638156272,1261016.7604682148
2020-10-28,115.05000305175781,115.43000030517578,111.0999984741211,111.19999694824219,108.9429702758789,143937800,-5.400001525878906,0,10965264655.866577,7851388700,-0.09387146388042322,-109136152.0221116,-7.956809695060773,-0.8692767666456064,113346053.69390126,118.57958239670515,30.34533492241293,6951.424974217223,116.84550056457519,123.00188766355362,110.68911346559676,10.537653686675034,0.04149215070720619,0.0,0.0,116.68433329264322,119.94633509318035,113.42233149210612,5.591156427754605,-0.34063968687847024,0.0,1.0,111.0999984741211,125.38999938964844,118.24499893188477,12.229825578632282,0.006997793401988982,3.732602617617559,5.779796219232815,-0.125055062202037,0.5528989477075986,-0.6779540099096356,117.16833368937175,115.74576950073242,115.84731837017321,115.97237343237525,0.869058948849385,1.0385121666100041,-0.16945321776061917,0.06490829826777061,23.16200482485987,4.254497909545904,8.147531770677588,15.674651382322319,-7.52711961164473,116.32500076293945,115.19499969482422,115.76000022888184,120.53999710083008,3.4145106073374203,14.933016094520951,16.267894333368034,26.123607563880874,-130.6836206755015,116.16999816894531,113.56249618530273,56.00000000000001,4.0,52.00000000000001,,122.26534421131896,0.0,0.0,41.60479574132339,0.0,0.0673706685121601,0.045054818336772516,-0.6360504454009697,41.476251366081,0.6997793401988981,15.927387180158988,-99.3002206598011,0.25664668363683063,-10.610936025503765,-0.10783176932647495,0.47468728814980415,-0.5825190574762791,-10.942426423498613,-10.61383300390634,-0.3285934195922735,115.61706821619414,-4.63121920801518,-4.7418906457335375,462.9056411617049,12.284308600335066,61846955.68256594
2020-10-29,112.37000274658203,116.93000030517578,112.19999694824219,115.31999969482422,112.97933959960938,146129200,4.120002746582031,1,11011914813.913969,7997517900,-0.07547154536936809,-7537743.8252620995,4.2079206314052895,-0.637448375313955,118760196.87626177,118.41049241774137,31.92521739835047,6951.424974217223,116.77200050354004,122.96427856699073,110.57972244008936,10.605758292653318,0.3827571376933058,0.0,0.0,116.16399993896485,119.59400253295898,112.7339973449707,5.90544849660194,0.37696798748513344,0.0,0.0,111.0999984741211,125.38999938964844,118.24499893188477,12.237523425056104,0.29531147308169325,3.932342691549162,6.1001203630473775,-0.15785703169638055,0.4107477518268028,-0.5686047835231833,116.68666712443034,116.06115399874173,115.76619242011952,115.9240494518159,0.8734178030165343,1.0026371570478596,-0.12921935403132534,0.049573689627386675,23.254573317766702,4.418001937866208,5.559347263224024,14.869190882804775,-9.30984361958075,115.7599983215332,115.19499969482422,115.47749900817871,120.53999710083008,1.7072553036687101,14.946120666203509,17.285265387609776,23.441757732029107,-59.052662872326756,115.75249862670898,113.56249618530273,52.0,0.0,52.0,,121.14880963759917,0.0,0.0,49.04060140210888,0.35295872233674264,0.18460045797174388,0.10644726499868822,-0.8723031731892453,44.43568714211476,29.531147308169324,19.989047453183854,-70.46885269183068,-0.15070616778206158,-4.7729139984523234,-0.13617280662887316,0.3525152691940687,-0.4886880758229419,-8.507997915964832,-10.19266598631804,1.684668070353208,115.60157766695134,3.7050385428514687,3.638051575124557,483.7615121266313,19.278130484312243,37204568.40309647
2020-10-30,111.05999755859375,111.98999786376953,107.72000122070312,108.86000061035156,106.65046691894531,190272600,-6.459999084472656,0,10923239786.932692,7807245300,-0.08079782990105405,-182055326.39311492,-10.56992981624474,-2.49238642397338,108101500.85603103,116.90249972802275,19.518447243325667,6951.424974217223,116.56400070190429,123.48322709026097,109.64477431354761,11.87197822087731,-0.05670964202852427,0.0,1.0,115.13700002034504,118.72000172932944,111.55399831136069,6.223892768356392,-0.37594144795604273,0.0,1.0,107.72000122070312,125.38999938964844,116.55500030517578,15.15905259131745,0.06451610117605812,4.299108269806355,6.678713699098808,-0.6970852022074894,0.18918116101994437,-0.8862663632274337,115.65916697184245,116.08576935988206,114.70370137246292,115.4007865746704,0.7042829950227939,1.1366625344742938,-0.4323795394514999,0.025191697116094737,23.366312876592083,4.145998382568365,-0.7174712111378246,13.260087067125347,-13.977558278263173,113.35000228881836,116.52999877929688,114.94000053405762,120.53999710083008,0.8536276518343551,16.019820946326107,15.074744702855833,27.98237582418059,-192.13330589412126,115.75249862670898,113.56249618530273,48.0,0.0,48.0,,120.14392852125137,0.0,0.0,40.362108236783534,0.0,0.11765290744558059,0.12320801130982838,-4.082755580383,38.10651412190152,6.451610117605812,12.227512255324706,-93.54838988239419,-1.1300593207864296,-10.174108080421963,-0.6040558499628929,0.16120104536267643,-0.7652568953255693,-3.83990621080266,-8.922114031214965,5.082207820412306,114.93937428794281,-5.601802897648289,-5.764821151105171,451.0603428249662,11.187200816775743,74520452.15627527
2020-11-02,109.11000061035156,110.68000030517578,107.31999969482422,108.7699966430664,106.56228637695312,122866900,-0.09000396728515625,0,10906418480.788305,7684378400,-0.12284349206919852,-157627209.54381686,-2.338139062484989,-2.7047209880042593,107999916.17491743,115.5364758643613,21.364105040411545,6945.677630634119,116.17750053405761,123.88636847495634,108.46863259315889,13.270844880397235,0.019546582729006078,0.0,0.0,114.2939997355143,117.73700205485027,110.85099741617839,6.024817273528495,-0.302207285981926,0.0,1.0,107.31999969482422,125.38999938964844,116.35499954223633,15.5537858980939,0.0802433299795522,4.205197503860876,7.183638233646329,-1.1187932283205981,-0.07241371684816411,-1.0463795114724341,114.66416676839192,115.95076927771935,113.79082372178654,114.90961695010714,0.6769345160566927,1.1709036292633423,-0.4939691132066496,-0.004396655519547831,23.51570134726819,2.842496109008792,-7.813571277900623,10.424404425196094,-18.237975703096716,113.01499938964844,116.35499954223633,114.68499946594238,120.53999710083008,0.42681382591717754,17.09963456609257,14.209558377779318,27.05963420849404,-180.0412962299578,115.75249862670898,113.56249618530273,44.0,100.0,-56.0,,118.65305724518558,0.0,0.0,40.25522129856749,0.0,0.11765290744558059,0.13996875762096853,-6.593251706949356,39.42388442399925,9.229771055017602,15.07084282693094,-90.77022894498239,-2.0607063742244947,-9.891477534558389,-0.973628890266312,-0.06576494176312125,-0.9078639485031907,-4.229570517612395,-7.983605328494452,3.7540348108820565,114.50536717017646,-0.08267863933540953,-0.08271283697309784,450.60473363160156,14.42858284929288,-19991169.402020097
2020-11-03,109.66000366210938,111.48999786376953,108.7300033569336,110.44000244140625,108.19839477539062,107624400,1.6700057983398438,1,10932154944.377777,7792002800,-0.08253425022371774,-109432840.74572209,2.8465622917803493,-2.308266862650982,109652332.99563915,114.67162351268018,28.30552464170998,7052.318453237268,116.04150047302247,124.04870849217632,108.03429245386862,13.800593729853365,0.1502215242680715,0.0,0.0,113.57866643269855,116.96266759236656,110.19466527303061,5.958867568978152,0.0362495691933677,0.0,0.0,107.31999969482422,125.38999938964844,116.35499954223633,15.572014857757862,0.17266202541639733,4.060677204158382,7.503298086947967,-1.3032216383328858,-0.31857530114510846,-0.9846463371877774,113.94916725158691,115.77692325298602,113.27531275557419,114.57853439390708,0.700037616746259,1.113448524169655,-0.41341090742339603,-0.03339297516338706,23.68903423279867,-0.06149711608887287,-12.096083395948336,6.866963206782281,-18.963046602730618,112.68000030517578,116.35499954223633,114.51749992370605,120.53999710083008,0.21340691295858877,17.775913459133243,14.941001543877519,25.75217788762186,-136.27274741835572,115.04499816894531,113.56249618530273,40.0,96.0,-56.0,,117.06642918813499,0.0,0.0,43.257823467757575,0.1813135577083684,0.06043785256945584,0.09858122248687252,-7.728464500495619,40.97853187886026,21.925523615999744,12.53563492954108,-78.07447638400026,-3.1057062261244823,-7.2088677899992115,-1.1374047025707,-0.280092893924637,-0.8573118086460629,-5.429189539028729,-7.472722170601307,2.043532631572578,114.23040109627021,1.535355198934174,1.5236878925051656,459.058472034992,16.88932845262218,-5223517.886202946
2020-11-04,114.13999938964844,115.58999633789062,112.3499984741211,114.94999694824219,112.61685943603516,138235500,4.5099945068359375,1,11015778904.896812,7930238300,-0.06194948962814658,-4736528.403516188,9.047156028717051,-1.34268585857879,115297401.19436981,114.28431267744413,36.15890470699401,7052.318453237268,116.03500022888184,124.04553025569821,108.02447020206547,13.807092706537519,0.4322764363277178,0.0,0.0,113.2739995320638,116.75600026448566,109.79199879964192,6.147925820234226,0.74066586209657,0.0,0.0,107.31999969482422,125.38999938964844,116.35499954223633,15.572887197122167,0.42224667306460584,4.169608873390981,7.517065295245754,-1.073093661149528,-0.4694789731459924,-0.6036146880035357,113.86333338419597,115.81000019953801,113.53295647752311,114.60605013867264,0.7688832989638419,0.9985544961167852,-0.22967119715294326,-0.05310892089117365,23.832888888012718,1.4750019073486271,-11.86241507610848,3.290537201931316,-15.152952278039796,112.29999923706055,116.35499954223633,114.32749938964844,120.53999710083008,0.10670345647929438,16.96074602587767,20.664381923203603,23.473101296455383,-41.56542206748558,114.87499809265137,113.56249618530273,36.0,92.0,-56.0,,115.70192905907147,0.0,0.0,50.49384356321936,0.744300900595354,0.3085381527679072,0.16220963759431473,-6.362416397628666,44.56250203351822,53.619082596352584,28.258125755790005,-46.380917403647416,-3.0680889578426616,-0.8880896524218196,-0.936332470974343,-0.41134080933457823,-0.5249916616397647,-4.4490403060238615,-6.867985797685819,2.4189454916619573,114.23904611496295,4.083660274481349,4.002481549249115,481.88852076860735,20.85397325701348,38136693.28735387
2020-11-05,117.94999694824219,119.62000274658203,116.87000274658203,119.02999877929688,116.61405944824219,126387100,4.0800018310546875,1,11087934084.595964,8056625400,-0.015979850787384516,69605775.57151353,9.301791627930756,-0.7639233249850254,119783348.24188364,114.22425004011848,43.66097307873627,7302.631397702542,116.23800010681153,124.33558704334283,108.14041317028023,13.932770572601727,0.6723969556837716,0.0,0.0,113.5119997660319,116.92400004069009,110.09999949137371,6.01169969992762,1.3086164374382652,1.0,0.0,107.31999969482422,125.38999938964844,116.35499954223633,15.545690461139754,0.6480353780983596,4.219648565885867,7.427671316508755,-0.555094744797529,-0.4866021274762998,-0.06849261732122919,113.98999977111816,115.93384640033429,114.37865529318061,114.93375003797814,0.8105465999777526,0.9455214450952142,-0.1349748451174616,-0.05879183526533172,23.995121890936094,0.632002639770505,-7.941987803441822,0.23935065312968215,-8.181338456571504,113.47000122070312,116.35499954223633,114.91250038146973,120.53999710083008,13.736226238210167,16.39292222697291,25.885344039215997,21.605814649058306,49.17720951341643,115.35999870300293,113.56249618530273,32.0,88.0,-56.0,107.31999969482422,,1.0,0.0,55.9647946067797,1.0,0.6418714861012406,0.33694916381286805,-3.3339477706592344,48.054153166935926,89.38931640034642,54.97797420423294,-10.61068359965359,-2.619147132424743,1.293504055343527,-0.4829693145956746,-0.42566651038679754,-0.05730280420887707,-4.353558061874621,-6.36510025052358,2.011542188648959,114.32452624495976,3.549370978140831,3.4878327263741404,502.54190304990135,22.4701284244654,12859306.211944774
2020-11-06,118.31999969482422,119.19999694824219,116.12999725341797,118.69000244140625,116.48158264160156,114457900,-0.339996337890625,0,11164364032.761057,7942167500,-0.02375581206813853,54102769.512347125,-1.5556961602954622,-0.2719251369122512,119456411.61043154,114.25699529571067,43.80783020252974,7281.772219699964,116.32400016784668,124.48712629184563,108.16087404384773,14.035153729617585,0.6449201101158851,0.0,0.0,113.78366622924804,117.27566604614258,110.29166641235352,6.137963264180549,1.202510949230441,1.0,0.0,107.31999969482422,125.38999938964844,116.35499954223633,15.534197301288286,0.6292198637855393,4.104683678779702,7.204430122714969,-0.17005148691985994,-0.42329199936501183,0.2532405124451519,114.14166641235352,116.00692338209886,115.04193946983072,115.21199095675058,0.8481466808986815,0.931090583040402,-0.08294390214172054,-0.055274682724936915,24.134458364033577,-0.5740001678466768,-6.236212438527425,-2.051742136147916,-4.184470302379509,113.47000122070312,116.35499954223633,114.91250038146973,120.53999710083008,56.868113119105075,15.649269288044483,24.505260312620326,21.739028210264504,35.21515874286454,115.4749984741211,113.56249618530273,28.000000000000004,84.0,-56.0,107.56599975585938,,0.0,0.0,55.415214252094415,0.9650162137505041,0.9031057047819524,0.6178384478837002,-1.136104739436424,56.24153711048321,92.43902378509675,78.48247426059861,-7.560976214903243,-1.3812651690314794,1.5572855754702601,-0.14759877466547347,-0.3700529632425328,0.22245418857705931,-4.970698655931084,-6.086219931605081,1.1155212756739967,114.41301258506365,-0.2856392013588449,-0.28604792863466955,500.8208071701772,19.37796834731128,5073817.222055227
2020-11-09,120.5,121.98999786376953,116.05000305175781,116.31999969482422,114.15565490722656,154515300,-2.3700027465820312,0,11023895415.8383,7787652200,-0.14610134240282627,-5940724.044980533,5.209007075962063,0.24149885982167688,116371049.0874193,114.37837635157118,44.847763458986165,7281.772219699964,115.92000007629395,123.19594726096923,108.64405289161866,12.553394030170029,0.5274878038815867,0.0,0.0,114.11299947102866,117.83199818929036,110.39400075276691,6.51809826312718,0.7967196806170377,0.0,0.0,107.31999969482422,125.38999938964844,116.35499954223633,15.5883365104652,0.4980630964027003,4.288214792102904,7.076929294489436,-0.05550155825964964,-0.3497339111439394,0.2942323528842898,114.1891663869222,116.13384657639723,115.23856411982972,115.29406567808937,0.8540485298694636,0.86144092321829,-0.007392393348826465,-0.0496213468292592,24.388590671944854,-0.8799991607666016,-5.625347761044443,-4.2873566589119285,-1.3379911021325146,114.65499877929688,116.35499954223633,115.5049991607666,120.53999710083008,78.43405655955254,15.639656265427897,26.751367100385398,19.565456849465868,46.467301767304335,115.94999885559082,113.56249618530273,24.0,80.0,-56.0,107.80707981567383,,0.0,0.0,51.61056853250249,0.722829768266142,0.895948660672215,0.8136419505184694,-0.4695190563076868,47.42541241393252,61.349700908974604,81.05934703147263,-38.650299091025396,0.38714673659380594,0.49244034110083695,-0.048139128352550783,-0.3056701962645364,0.2575310679119856,-2.935859551673805,-5.456147855618826,2.520288303945021,114.42829330102846,-1.9968006553475526,-2.0170061476395773,488.8236133551386,16.47082811845479,52313018.644277185
2020-11-10,115.55000305175781,117.58999633789062,114.12999725341797,115.97000122070312,113.81217193603516,138023400,-0.34999847412109375,0,11032671825.536455,7649628800,-0.0976431974349585,-11993189.094698368,-7.921562414654819,-0.3736816726418028,115955746.65000746,114.3461221597222,43.64268166946326,7259.861893251556,115.66350021362305,122.54174577906873,108.78525464817737,11.893545591724275,0.5222804641215374,0.0,0.0,114.08866602579754,117.87966486612954,110.2976671854655,6.645706313149123,0.7481318610401938,0.0,0.0,107.31999969482422,123.02999877929688,115.17499923706055,13.58250360351995,0.5506048395908779,4.20539322133988,6.923719269007479,0.006957927037234413,-0.2783955435077047,0.2853534705449391,114.26666641235352,116.11346200796274,115.35109290457947,115.34413497754224,0.810847181448377,0.9338052069298082,-0.1229580254814312,-0.04326962554611698,24.559410097301704,-0.6134971618652401,-8.777864388229489,-6.167956232123824,-2.6099081561056643,114.65499877929688,116.35499954223633,115.5049991607666,120.53999710083008,89.21702827977629,15.05404500250904,25.172537106541103,21.685764675860163,1.9156697250697914,115.94999885559082,113.56249618530273,20.0,76.0,-56.0,108.37439653759766,,0.0,0.0,51.05311402922125,0.687344749523473,0.7917302438467061,0.863594869766958,-0.09863408688479522,53.290641156553434,58.963889608316094,70.91753810079585,-41.036110391683906,1.348322498097147,0.8084147233784105,0.006032319752182576,-0.2433296930611926,0.24936201281337517,-2.3211556175939987,-4.82914940801386,2.5079937904198615,114.4375349568046,-0.3008927742772949,-0.3013463666984961,487.05188564931456,17.115032384607858,15328649.107099712
2020-11-11,117.19000244140625,119.62999725341797,116.44000244140625,119.48999786376953,117.26669311523438,112295000,3.5199966430664062,1,11135110238.057772,7761923800,-0.052425512437359954,46188412.63785027,6.17859072195296,0.3733022015464876,119364197.27406916,114.50728986832567,49.853593050030085,7480.217926918727,115.57849998474121,122.21938346373028,108.93761650575215,11.491555055422598,0.7945013183414384,0.0,0.0,114.68299942016601,118.35999755859375,111.00600128173828,6.412455476432484,1.1536579925573427,1.0,0.0,107.31999969482422,121.98999786376953,114.65499877929688,12.692670497438591,0.8295841641417372,4.150853502477377,6.6696593546198075,0.3366115816080395,-0.15539411848455587,0.49200570009259537,114.63666598002116,116.35692332341121,115.98784751368564,115.6512359320776,0.873615315338734,0.8806648868159107,-0.007049571477176664,-0.030692617045941624,24.763170695925336,1.02149848937988,-4.36234154023952,-7.27036609917533,2.9080245589358107,114.65499877929688,116.35499954223633,115.5049991607666,120.53999710083008,94.60851413988814,14.999838159435566,27.098055594314307,20.319627105447204,75.64764371926361,115.94999885559082,113.56249618530273,16.0,72.0,-56.0,108.91902059064454,,0.0,0.0,56.17947457159023,1.0,0.8033915059298714,0.830356803482931,1.8053002888069583,58.55697858275079,82.95841641417373,67.7573356438215,-17.041583585826277,1.8551465202780264,3.8591870441014136,0.2910574875358295,-0.1364522569417882,0.4275097444776177,-3.373830977113267,-4.538085721833742,1.1642547447204747,114.74321813523545,3.035264815051164,2.990112048912419,504.87046498052257,20.88356907633741,-5183707.365715504
2020-11-12,119.62000274658203,120.52999877929688,118.56999969482422,119.20999908447266,116.99189758300781,103162300,-0.279998779296875,0,11099319203.236187,7658761500,-0.09866124961009502,35463593.965377666,2.8783745774256397,0.7556278654303868,119122458.89775427,114.75361987997731,55.136574990040245,7462.689665760001,115.50349998474121,121.94166229410177,109.06533767538065,11.147995186658566,0.7878538099561809,0.0,0.0,115.14499944051109,118.5449971516927,111.74500172932942,5.905593343527223,1.0977944677128684,1.0,0.0,107.31999969482422,121.98999786376953,114.65499877929688,12.700912241519363,0.8104976737364691,3.9317680606769043,6.359602236591799,0.5687151225203735,-0.010572270283569996,0.5792873928039435,114.85416603088379,116.5157693716196,116.48356313996057,115.91484801744019,0.9141217325666952,0.8397167791102582,0.07440495345643694,-0.014890888367483323,24.91449167013641,-4.303503036499023,-3.015205860147843,-7.525669949065332,4.510464088917489,114.65499877929688,116.35499954223633,115.5049991607666,120.53999710083008,97.30425706994407,15.157562531881783,27.75785233636671,19.607271582149263,101.82441472596602,116.61749839782715,115.6137466430664,12.0,68.0,-56.0,109.44185968156954,,0.0,0.0,55.679921918325775,0.9686294456198619,0.8853247317144447,0.8268154938303409,3.1969047157216908,57.17789830400542,81.04976737364692,74.32402446537894,-18.95023262635309,1.8368811439065382,2.23842250815367,0.49063181486016905,-0.011035442581396757,0.5016672574415658,-4.762021697488813,-4.582872916964757,-0.17914878052405658,114.86258927805021,-0.23432821516667923,-0.2346031933805115,503.45308281586335,18.71702164755014,227513.49738438427
2020-11-13,119.44000244140625,119.66999816894531,117.87000274658203,119.26000213623047,117.04096221923828,81581900,0.0500030517578125,1,11143736280.564112,7740343400,-0.040910021961976545,30980129.68006667,-1.7209629000836244,0.7967603628671022,119156678.71152434,114.94146554910222,55.986879026910756,7465.819917085186,115.51550025939942,121.98067387103042,109.05032664776842,11.193603623951644,0.7895902029679918,0.0,0.0,116.08599955240886,119.23899714152017,112.93300196329753,5.432175458312441,1.0033309563544919,1.0,0.0,107.31999969482422,121.98999786376953,114.65499877929688,12.699592813087978,0.8139061984807777,3.718590796845542,6.034242888327464,0.7480703895004979,0.1411562616732436,0.6069141278272543,115.52583312988281,116.68076940683218,116.91070760092516,116.16263721142467,0.9235191459328267,0.8494775723629733,0.07404157356985341,0.0025062824435798025,25.007594249259437,-0.19550056457519815,2.8273471369159084,-6.343345680752384,9.170692817668293,115.36000061035156,116.35499954223633,115.85750007629395,120.53999710083008,98.65212853497204,15.072288898126846,26.827677979900894,20.25340227131541,90.69112066463298,117.7549991607666,115.6137466430664,8.0,64.0,-56.0,109.94378520885753,,0.0,0.0,55.755585536493776,0.973380916026087,0.9806701205486493,0.8897954527309886,4.353604476203481,55.0935983264428,81.39061984807778,81.79960121196616,-18.609380151922224,1.9190582499784483,7.248206303224805,0.6439853703897528,0.11996872001283317,0.5240166503769196,-7.262920686603645,-5.118882470892535,-2.1440382157111104,115.66564810925559,0.041945350341277,0.041936555738431025,503.70620332559565,18.440678832304172,-12714202.98251146
2020-11-16,118.91999816894531,120.98999786376953,118.1500015258789,120.30000305175781,118.06160736083984,91183000,1.0400009155273438,1,11190612324.175291,7831526400,0.022319522288836262,40101597.36584712,2.491686941170226,0.7212849891085662,119951835.52673389,115.12988817641566,56.03176750974376,7465.819917085186,115.73150024414062,122.52465758247679,108.93834290580445,11.739513138610857,0.8362576913856777,0.0,0.0,117.17499974568686,120.27599690755207,114.07400258382161,5.292933080598323,1.0038707136692933,1.0,0.0,107.31999969482422,121.98999786376953,114.65499877929688,12.67589043432282,0.8847992486059582,3.6307313509500503,5.796890064262859,0.963028915130991,0.3055307923647931,0.6574981227661979,115.94083340962727,116.80884640033429,117.43213767028404,116.46910875515304,0.8996520596653388,0.8394784039618732,0.060173655703465556,0.021971992216345687,24.91950287174338,-6.871499633789057,11.98401792332833,-3.667778867499421,15.651796790827753,117.16999816894531,116.35499954223633,116.76249885559082,115.96999740600586,99.32606426748603,15.32016226173568,27.886321426761064,19.1623196353722,107.04477832766185,115.46999931335449,115.84624862670898,4.0,60.0,-56.0,110.42563371505402,,0.0,0.0,57.385142415081816,1.0,0.9806701205486493,0.9488883242705812,5.7846509242800455,52.94004225479859,88.47992486059582,83.6401040274402,-11.52007513940419,1.8781757130342385,4.318421236656581,0.8268535111361731,0.26134567823750116,0.565507832898672,-8.615345075627117,-5.818174991839451,-2.797170083787665,116.58658279042594,0.8720450250699674,0.8682646741188016,508.9707932377354,19.227494608957073,11201606.884538159
2020-11-17,119.55000305175781,120.66999816894531,118.95999908447266,119.38999938964844,117.16854095458984,74271000,-0.910003662109375,0,11153694037.350058,7757255400,0.0003589945204182306,24717528.886651047,0.56408012443582,1.3299199762154656,119390016.07308479,115.5443203602959,58.1174135612879,7409.345076745626,115.82550010681152,122.76494908566892,108.88605112795412,11.982592732097862,0.7568286973286332,0.0,0.0,118.1203328450521,121.11633046468098,115.12433522542317,5.072788989782138,0.7118937839399261,0.0,0.0,107.31999969482422,121.98999786376953,114.65499877929688,12.665603131794803,0.8227676347209784,3.438658124302311,5.059893617763154,1.0478761411959425,0.45399986213102295,0.5938762790649196,116.81833330790202,116.61615401047926,117.73334716557086,116.68547102437492,0.9934834060950523,0.8214486509275593,0.172034755167493,0.04039683900258293,24.67038855902732,-7.0555034637451115,18.05969101957428,-0.34310041242355876,18.40279143199784,118.05999755859375,116.35499954223633,117.20749855041504,114.24499893188477,99.66303213374302,15.55033038508674,26.94507815588189,18.51553642810696,96.84511541533107,116.42000007629395,115.87374877929688,0.0,56.00000000000001,-56.00000000000001,110.88820828100263,,0.0,0.0,55.46033337600575,0.8876346816786898,0.953671865901592,0.9716707023329637,6.496288256108701,50.446164540907695,82.27676347209784,84.04910272692383,-17.72323652790216,2.5404997208539157,9.672973287027128,0.8980348041591633,0.3886835034218336,0.5093513007373296,-10.858463167051784,-6.826232626881918,-4.032230540169866,116.97736309447004,-0.7564452527219379,-0.7593208103481075,504.36426258182536,17.593386289309137,-7150361.934568748
2020-11-18,118.61000061035156,119.81999969482422,118.0,118.02999877929688,115.8338394165039,76322100,-1.3600006103515625,0,11079887948.577845,7680933300,-0.007124655882385006,6358152.962370472,-2.158087240965072,0.8752051281890113,118520612.41185725,115.75325845390084,51.609243682486465,7409.345076745626,115.88349990844726,122.87608612162379,108.89091369527074,12.068303457698384,0.6534839046249329,0.0,0.0,118.55233306884766,121.40633087158203,115.69833526611328,4.814747595185589,0.408490768799763,0.0,0.0,107.31999969482422,121.98999786376953,114.65499877929688,12.659263985412258,0.7300613784086548,3.2767922813545014,4.695894721320753,0.9939202024871889,0.5619839302022562,0.4319362722849327,117.59000015258789,116.49807709913988,117.77898587537486,116.78506567288767,0.9716866578361738,0.8746989221712472,0.09698773566492658,0.05494524926109667,24.438070786771192,-5.443497467041013,21.986535930415567,2.9822911135605956,19.00424481685497,118.05999755859375,115.17499923706055,116.61749839782715,114.24499893188477,99.8315160668715,15.400301113925172,25.941467382803197,19.79054767399451,67.12975145205876,116.52499961853027,119.40249633789062,0.0,52.0,-52.0,111.3322798643133,,0.0,0.0,52.61968749817494,0.7218052036262632,0.8698132951016507,0.9347184271839643,6.357125206383511,54.83653878352619,73.00613784086548,81.2542753911864,-26.993862159134522,2.6527056525735304,8.51337907696879,0.851067897046988,0.4811603821468645,0.3699075149001235,-12.491139132884529,-7.959213928082441,-4.5319252048020875,117.01706596368939,-1.1391243967704412,-1.1456621146381352,497.47980182139406,16.52888600470112,5270226.172327906
2020-11-19,117.58999633789062,119.05999755859375,116.80999755859375,118.63999938964844,116.43248748779297,74113000,0.6100006103515625,1,11126332215.87114,7755046300,0.027777871445765868,11908270.429886885,-2.9600139649471866,1.4187705461388365,118903641.94420114,116.65389274811977,55.13717560639965,7447.637926579264,116.02799987792969,123.12228168913836,108.93371806672101,12.22856865355328,0.6840918912744556,0.0,0.0,118.51866607666015,121.32266387939453,115.71466827392578,4.731740400994207,0.5216357717666475,0.0,0.0,107.31999969482422,121.98999786376953,114.65499877929688,12.643498280052462,0.7716428839634996,3.1741130532190516,3.8462560010739604,0.9889813225299093,0.6473834086677869,0.34159791386212246,118.27333323160808,116.40000005868765,117.91144949295541,116.9224681704255,1.1077614416526051,0.8404950990766282,0.2672663425759769,0.06718555265089624,24.26189691377751,-1.0780029296875,21.861848474774888,6.104297881705297,15.757550593069592,118.05999755859375,114.65499877929688,116.35749816894531,114.24499893188477,99.91575803343576,14.821462288273747,24.715843568068976,21.35430841317153,51.73017277515011,116.52499961853027,120.53999710083008,68.0,48.0,20.0,111.75858858429156,,0.0,0.0,53.763604309172024,0.7885840757072489,0.7993413203374002,0.8742754937802145,6.537134203637065,59.1366248080554,77.16428839634996,77.48239656977113,-22.835711603650044,2.2079407411463166,7.424843142857301,0.8458436928378693,0.5540970442850655,0.29174664855280386,-13.920421874082892,-9.151455517282532,-4.768966356800361,117.02912512428506,0.5168182806577715,0.5154873586443287,500.5676866604449,17.912860372257597,4840952.465640813
2020-11-20,118.63999938964844,118.7699966430664,117.29000091552734,117.33999633789062,115.15668487548828,73604300,-1.3000030517578125,0,11057700738.424313,7681442000,0.00969660443327824,-3462313.1490251776,0.19102335155910802,1.5994250042848432,118097119.56460944,117.35944949020443,56.647634249773766,7366.03010389931,116.14299964904785,123.2440540200315,109.0419452780642,12.228122904421406,0.5842830251894666,0.0,0.0,118.49799931844078,121.1429967244466,115.85300191243489,4.464206013973165,0.2810956302035106,0.0,0.0,107.31999969482422,121.98999786376953,114.65499877929688,12.630979235316813,0.6830264412900595,3.0047013206510527,2.7792158200017356,0.8701374401151298,0.6919342149572556,0.17820322515787423,118.47249984741211,116.2703845684345,117.82353362294545,116.95339618283032,1.1331924424313646,0.8094904575148874,0.3237019849164773,0.07502195015583753,24.096718696564643,2.8869991302490234,22.783060988875153,9.260787742807473,13.52227324606768,117.55999755859375,114.65499877929688,116.10749816894531,114.24499893188477,97.25104340560205,14.283969093025993,23.91544956011723,20.66277383330643,39.43702909736788,116.53249931335449,120.53999710083008,64.0,44.0,20.0,112.16784495547068,,0.0,0.0,50.940921340910315,0.5438468475016587,0.6847453756117233,0.7846333303502583,5.9505959355040625,50.32100650509428,64.93210066201998,71.70084229974516,-35.067899337980016,1.9737640380859318,2.079164378511961,0.7440035676731146,0.5920783489626753,0.1519252187104393,-15.039162094928255,-10.328996832811676,-4.710165262116579,117.03466263788972,-1.0957544322705348,-1.1018020396782013,493.9869396150784,16.441798205797568,6849385.947433062
2020-11-23,117.18000030517578,117.62000274658203,113.75,113.8499984741211,111.73162841796875,127959300,-3.4899978637695312,0,10936354216.547483,7553482700,-0.05229942457677534,-66764508.93479938,-7.092213228714455,0.8895124671066432,114291275.88311243,117.67964699444954,48.93753441802491,7366.03010389931,116.08299942016602,123.24003900613366,108.92595983419838,12.330900513799632,0.34399967897180345,0.0,0.0,118.19333267211914,120.63133087158204,115.75533447265624,4.125441163802636,-0.3907582866457625,0.0,1.0,107.31999969482422,121.98999786376953,114.65499877929688,12.637507854054322,0.445126080050925,3.09123146324415,2.1463822924963067,0.48870565205223215,0.6512885023762509,-0.16258285032401876,118.04083315531413,116.07153848501352,117.21222052312632,116.72351487107409,1.0164833782864664,0.8592033636424928,0.15728001464397356,0.07354335069327252,23.993307706402398,2.6070030212402315,23.02724889370008,12.794689218577426,10.232559675122653,117.36999893188477,114.65499877929688,116.01249885559082,114.24499893188477,81.25140567828315,13.95057904992997,21.9167815357713,26.580529576112994,-25.791504512639854,116.53249931335449,120.53999710083008,60.0,40.0,20.0,112.56073107180264,,0.0,0.0,44.2276652680384,0.0,0.44414364106963555,0.6427434456729199,3.472469658206663,43.3806292993703,15.560166960287575,52.55218533955253,-84.43983303971243,1.1526467267204765,-4.351844373938404,0.41868654537350725,0.5573999882448417,-0.13871344287133447,-11.441949210109161,-10.551587308271174,-0.8903619018379878,116.9317976086156,-2.974261098253128,-3.0193893181115428,476.32021714140274,13.644842032403844,63013084.7883999
2020-11-24,113.91000366210938,115.8499984741211,112.58999633789062,115.16999816894531,113.02706146240234,113874200,1.3199996948242188,1,11002722625.130312,7667356900,-0.04320185126169889,-35753306.33720633,-4.194028202117531,-0.05628640652439833,115611556.17527702,117.75472394667834,40.542263733628346,7451.4333328806715,116.01149940490723,123.17501971820067,108.84797909161378,12.349672834226697,0.4412648251725951,0.0,0.0,118.05733261108398,120.47533111572265,115.63933410644532,4.096312276687251,-0.09705050201636511,0.0,1.0,107.31999969482422,121.98999786376953,114.65499877929688,12.64529658197382,0.5351056205813735,3.108108530542782,2.2517993088124832,0.28959290883163646,0.578949383667328,-0.2893564748356915,117.74749946594238,116.04038443932167,116.89803246863693,116.60843955980529,0.9485520484995245,0.9978464616228909,-0.049294413123366465,0.06798374440215683,23.964146639276212,0.3085002899169922,24.054835252494232,15.952153306658955,8.102681945835277,116.78999710083008,114.65499877929688,115.72249794006348,114.24499893188477,43.63958449882919,13.981197840843445,20.372264455643972,27.21494444256071,-35.571128987505574,117.00249862670898,120.53999710083008,56.00000000000001,36.0,20.000000000000007,,121.98999786376953,0.0,1.0,47.06892219941491,0.2159423801100774,0.2532630758705784,0.46071736418397924,2.1520285654051414,44.8529306836438,27.44682353456805,35.9796970522919,-72.55317646543195,0.05188185747931584,-2.9657125284824724,0.24834644038188347,0.4955892786722501,-0.24724283829036664,-9.607853421724647,-10.362840530961869,0.7549871092372218,116.91445256772222,1.1594200373434838,1.1527502674891998,483.00218921820175,17.030333743498346,20073301.36916454
2020-11-25,115.55000305175781,116.75,115.16999816894531,116.02999877929688,113.87105560302734,76499200,0.8600006103515625,1,11009500997.849947,7743856100,0.019718634073626222,-21247211.33311882,3.5937707035050934,-0.4640021868405171,116182793.12706457,117.59143171365788,38.355851879584385,7507.074882903717,116.25299949645996,123.06862062511435,109.43737836780558,11.72549724854528,0.4836404699620447,0.0,0.0,117.80366592407226,120.06066513061523,115.54666671752929,3.831797913653503,0.10707404335066201,0.0,0.0,107.31999969482422,121.98999786376953,114.65499877929688,12.61902766594167,0.5937287097220445,2.9552978605939724,2.4434619819637393,0.19889672954063542,0.5029388528419895,-0.30404212330135405,117.72333272298177,115.98346123328575,116.76448882412308,116.56559209458244,0.9439274722207108,1.0620155726464588,-0.11808810042574802,0.06125222466101318,23.93445249214943,-0.2829982757568388,21.398578847503224,18.664796051953516,2.7337827955497076,116.78999710083008,114.65499877929688,115.72249794006348,114.24499893188477,21.819792249414593,13.665087318292018,21.67037785851436,26.24942693710511,-6.438839325592511,117.11749839782715,120.53999710083008,52.0,32.0,20.0,,121.80199783325196,0.0,0.0,48.89559040767654,0.35477356999909826,0.1902386500363916,0.295881788992202,1.5411468584732648,41.08206980748808,36.5957647127574,26.534251735871038,-63.4042352872426,-0.551794770184685,-0.24931302982134348,0.17063073756726488,0.43059757045125313,-0.25996683288398825,-10.968199682610441,-10.483912361291583,-0.4842873213188579,116.85908313620739,0.7467227785225905,0.7439486056768807,487.35559936437943,17.690028602888987,-15701953.835305959
2020-11-27,116.56999969482422,117.48999786376953,116.22000122070312,116.58999633789062,114.4206314086914,46691300,0.55999755859375,1,10990015365.060884,7790547400,-0.01021458245914492,-14476607.713020653,2.4343883697878623,-0.17899614897742247,116408140.14320394,117.52742121073004,43.762943549976036,7543.306406223845,116.31649932861328,123.11982043693108,109.51317822029547,11.697946804773242,0.5201002572804457,0.0,0.0,117.53666585286457,119.72466481526695,115.34866689046223,3.7230917629420497,0.28366774133783274,0.0,0.0,107.31999969482422,121.98999786376953,114.65499877929688,12.612138650682866,0.6319016905325807,2.8057679829818407,2.57760026793345,0.17024400993219047,0.43639988426002974,-0.26615587432783927,117.77499898274739,115.9726917560284,116.73764382624117,116.56739981630898,0.9846319766621454,1.0283094084120443,-0.04367743174989891,0.05485031200031783,23.828989310892624,3.1734985351562557,16.96295346420773,20.235418977208166,-3.272465513000437,116.78999710083008,114.65499877929688,115.72249794006348,114.24499893188477,10.909896124707297,13.08986050281386,22.659792597729844,25.354301244506633,10.805188093728624,117.19999885559082,120.53999710083008,48.0,28.000000000000004,19.999999999999996,,121.61775780334473,0.0,0.0,50.103110765517776,0.44654802982497543,0.33908799331138334,0.2608632397394513,1.3521317334488216,41.20433458075937,42.55318458180779,35.53192427637777,-57.44681541819221,-0.7941179163315724,0.5346168066408691,0.14604770304602058,0.37368759697020665,-0.22763989392418607,-14.499976653646918,-11.28712521976265,-3.2128514338842677,116.84813571409164,0.48263170256421795,0.4814707696177756,490.190363693698,17.880681358255686,-26081557.579588175
2020-11-30,116.97000122070312,120.97000122070312,116.80999755859375,119.05000305175781,116.8348617553711,169410200,2.4600067138671875,1,11003047205.703514,7959957600,0.03759044419664865,47127226.15992273,4.997105733672703,-0.1941319591409482,119982634.03194028,117.63655190088403,44.43091585084861,7543.306406223845,116.8259994506836,122.79436191446928,110.85763698689792,10.217524338501617,0.6863160636245565,0.0,0.0,117.53766581217447,119.96166559855143,115.11366602579751,4.124634889807186,0.8119507782308345,0.0,0.0,107.31999969482422,121.98999786376953,114.65499877929688,12.557134745624873,0.7995913306768268,2.9631916729649066,2.5200972277406986,0.3420950471294333,0.4175389168339104,-0.07544386970447714,117.73833274841309,116.09961495032677,117.09339139939758,116.75129635226814,0.9966222795983756,1.0039401011855948,-0.007317821587219275,0.05297210294849085,23.91307897220407,2.3839996337890597,16.54903042519431,20.742642588526607,-4.193612163332297,116.77999877929688,114.65499877929688,115.71749877929688,114.24499893188477,6.3114646916016754,12.91723793381713,28.29577634568496,22.83817573292624,62.33005587935147,117.11749839782715,120.53999710083008,44.0,24.0,20.0,,121.43720257403565,0.0,0.0,55.11988844952243,0.8278352346545091,0.5430522781595273,0.35745964050243423,2.603250893950168,48.064944863730965,76.90482786181715,52.01792571879414,-23.095172138182843,-0.5238824956557409,-0.36822731599121505,0.29301177615813884,0.3575524328077931,-0.06454065664965425,-7.126402940418972,-10.454980763893914,3.3285778234749426,116.86006533907857,2.1099637971836005,2.0880123032074316,502.6431667021012,20.017023478900583,116637839.40730871
2020-12-01,121.01000213623047,123.47000122070312,120.01000213623047,122.72000122070312,120.43656921386719,127728200,3.6699981689453125,1,11075401893.941675,8087685800,0.07941178996112407,107360802.4403167,7.7203039814672865,0.9231442120106308,123920158.16555062,118.23416358777322,54.32127275385412,7775.846683325722,117.52349967956543,122.78119302814495,112.26580633098591,8.947475803417912,0.9941807363624239,0.0,0.0,117.7629992167155,120.24899927775066,115.27699915568034,4.222039312127657,1.496983483967325,1.0,0.0,108.7300033569336,123.47000122070312,116.10000228881836,12.54217063307252,0.9491180387587791,3.1088723225629473,2.4246289654101543,0.7656010407795435,0.4871513416230371,0.2784496991565064,118.0308329264323,116.39499957744891,117.95902367959843,117.19342263881889,1.1107153191759833,0.7884348885677391,0.3222804306082442,0.060259187088756876,24.00593629682315,1.7365024566650362,19.842280198877322,20.940708052893612,-1.0984278540162897,118.02999877929688,115.39500045776367,116.71249961853027,114.24499893188477,15.963509260192284,13.436980022119515,31.047385152052186,20.614896589601553,157.10733978866895,117.03999900817871,120.53999710083008,100.0,20.0,80.0,112.58999633789062,,1.0,0.0,61.36136569245167,1.0,0.7581277548264945,0.5467560087658019,5.686185107440208,51.77947678490091,93.10662074072413,70.85487772811638,-6.893379259275881,0.7100587059469774,2.9443856750164623,0.6532798714643457,0.4166979205391036,0.23658195092524215,-4.714540055844458,-9.306892622284025,4.592352566439566,116.99655618324425,3.0827367281542672,3.0361748998880778,521.2210689417388,22.2934809858897,12709071.301586032
2020-12-02,122.0199966430664,123.37000274658203,120.88999938964844,123.08000183105469,120.78986358642578,89004200,0.3600006103515625,1,11143590558.016197,8176690000,0.10023883242966963,96600911.56653611,1.0866900612894421,0.5594370219632366,124181253.06454943,118.49282632304373,53.620044832990565,7798.65722377677,118.15549964904785,122.86563766287445,113.44536163522126,7.972778292702265,1.0227556143313608,1.0,0.0,118.04033279418945,120.6033332824707,115.4773323059082,4.342584314380061,1.4831580329204006,1.0,0.0,112.3499984741211,123.47000122070312,117.90999984741211,9.411328951772276,0.9649281211042585,3.045985426000012,2.4246289654101543,1.117400930182697,0.6132012593349692,0.5041996708477279,118.3491662343343,116.70384568434496,118.74686647213016,117.62946554194747,1.0872272561488905,0.8552815465006335,0.231945709648257,0.07384053896483637,24.08582702797095,2.144503402709958,23.86674233221124,21.149619875315352,2.7171224568958863,118.02999877929688,115.39500045776367,116.71249961853027,114.24499893188477,37.60627683937872,13.919597675543157,29.322544046860514,19.469633603914335,178.77223326997773,116.0999984741211,120.53999710083008,96.0,16.0,80.0,112.80759643554687,,0.0,0.0,61.92079270830571,1.0,0.942611744884836,0.7479305926236194,8.355282796347819,55.8239877317626,96.41544839502295,88.80896566585477,-3.584551604977056,2.268382958804864,3.2030853818538763,0.9499328463617174,0.5233449057036264,0.426587940658091,-5.689258648795806,-8.583365827586382,2.894107178790576,117.24842095864273,0.29335121151452537,0.2929217764783054,523.0434284736629,20.322664704651118,-15773729.616880208
2020-12-03,123.5199966430664,123.77999877929688,122.20999908447266,122.94000244140625,120.6524887084961,78967600,-0.1399993896484375,0,11138058148.200031,8097722400,0.059646942015925276,81221436.22817354,1.7197513690953825,0.4766782213682182,124091430.05806966,118.6901115888098,52.8361812229795,7789.786511758868,118.55499992370605,123.46114322700748,113.64885662040462,8.276569198192728,0.9468889560104626,0.0,0.0,118.47633285522461,121.01433334350585,115.93833236694336,4.284400820174993,1.3793673615887427,1.0,0.0,112.58999633789062,123.77999877929688,118.18499755859375,9.438659228718633,0.9249333195154279,2.8983868528824326,2.424010656339023,1.3691256679461645,0.7643861410572084,0.6047395268889562,118.56916618347168,116.94769199077899,119.39196431355725,118.02283864561109,1.0650056346533585,0.8676975089107924,0.19730812574256607,0.09065200819276731,24.022744997104994,0.8349994659423885,25.688972942435882,21.574855927277685,4.114117015158197,118.18499755859375,115.54999923706055,116.86749839782715,115.19499969482422,59.15598410883088,14.48100346225809,29.205468969821837,18.759126130588218,182.69527956697095,116.20499992370605,120.53999710083008,100.0,12.0,88.0,113.02084453124999,,0.0,0.0,61.54759382516409,0.9789071273916071,0.9929690424638687,0.8979028473917333,10.43897467738186,61.973118529682516,92.49333195154279,94.00513369576332,-7.506668048457213,3.577735878439512,2.194513152682636,1.1600514643248485,0.6506862174278708,0.5093652468969777,-7.210656401936409,-8.308823942456387,1.0981675405199782,117.64717614119284,-0.11374665873064016,-0.11381139934067974,522.3347373913333,19.376660350099655,-5159142.151001632
2020-12-04,122.5999984741211,122.86000061035156,121.5199966430664,122.25,119.97532653808594,78260400,-0.69000244140625,0,11145066681.889402,8019462000,0.02853884712966455,61904107.18623023,-1.378351762323357,0.5011504454939516,123652192.49508713,118.88706635558215,52.883642048308886,7746.066228658102,118.71599998474122,123.8785612060844,113.55343876339803,8.697330135797593,0.8422719715795753,0.0,0.0,118.88033294677734,121.32733383178712,116.43333206176757,4.116746352157833,1.1885300029650787,1.0,0.0,112.58999633789062,123.77999877929688,118.18499755859375,9.425858724051114,0.8632709163998539,2.750548747428174,2.4301572431354943,1.4957004025723535,0.9106489933602374,0.5850514092121161,118.80749956766765,117.3726921081543,119.83166211147152,118.33596170889916,1.0636939425184682,0.8656628294400017,0.19803111307846644,0.10754406813882422,23.83564195063405,-0.6860012054443416,26.96770948964971,22.039816871808192,4.927892617841518,118.18499755859375,115.54999923706055,116.86749839782715,115.19499969482422,77.67659377561486,14.699960799671407,28.202976653386987,19.78313805393842,128.55789264254958,115.76000022888184,120.53999710083008,96.0,8.0,88.0,113.45121070117187,,0.0,0.0,59.63972450232722,0.8710760314320084,0.9499943862745382,0.9618583912077479,11.69036158054235,59.58948841188315,86.32709163998538,91.74529066218373,-13.672908360014619,4.585618097641898,2.395511035239636,1.263944096936234,0.7733377933295436,0.49060630360669055,-8.448684177874442,-8.336795989539999,-0.11188818833444358,117.85189935738528,-0.5612513646525374,-0.562832298239968,518.8418751850177,18.413662938420515,3468231.4811802506
2020-12-07,122.30999755859375,124.56999969482422,122.25,123.75,121.44741821289062,86712000,1.5,1,11170482282.845707,8106174000,0.003099138170196952,71641806.15962592,3.264141594838574,0.5563257778988336,124716143.41533253,119.13258663041753,52.81821100731074,7746.066228658102,118.9689998626709,124.57828668609687,113.35971303924492,9.429829333525415,0.9261682712820359,0.0,0.0,119.45266647338867,121.98366775512696,116.92166519165039,4.237663932436591,1.3489394212514838,1.0,0.0,112.58999633789062,124.56999969482422,118.57999801635742,10.06985296233677,0.9315526322995867,2.707493842167778,2.4301572431354943,1.6974817427772422,1.0680155432436385,0.6294661995336037,119.28416633605957,117.69692288912259,120.43448332509129,118.73700158231405,1.0778951490119804,0.8521456599367895,0.22574948907519088,0.12603998718030385,23.660011567640385,-0.32900047302246094,28.048612250812056,22.59774613370952,5.450866117102535,118.57999801635742,115.94499969482422,117.26249885559082,115.19499969482422,88.83829688780743,15.403250528712018,30.794650278517665,18.656389616198197,149.03655038234527,115.47749900817871,120.53999710083008,100.0,4.0,96.0,113.86436222429687,,0.0,0.0,62.37053113646172,1.0,0.9499943862745382,0.964319271670982,13.548357187449767,59.732834546795196,93.15526322995868,90.65856227382898,-6.844736770041325,5.331677044139184,4.846226620233131,1.429614795856596,0.9045931938349541,0.5250216020216418,-8.680750356291288,-8.405586862890257,-0.2751634934010312,118.45957110220736,1.2269938650306678,1.219527309381796,526.4350270277786,20.087733241988133,15032545.319674402
2020-12-08,124.37000274658203,124.9800033569336,123.08999633789062,124.37999725341797,122.06568908691406,82225500,0.6299972534179688,1,11200500778.990656,8188399500,0.09285791480179931,68807525.15981068,1.4366034708233522,0.6186488740693716,125134744.13582481,119.41874436793664,58.938273193266284,7785.500575719502,119.37199974060059,125.31058553485323,113.43341394634794,9.94971317755821,0.9216489991324294,0.0,0.0,120.36033299763999,122.69333470662434,118.02733128865562,3.8766953378736626,1.361479063709707,1.0,0.0,112.58999633789062,124.9800033569336,118.78499984741211,10.379324335662362,0.951573384696761,2.625745159855297,2.421733289383706,1.8864842062556875,1.2317092758460482,0.6547749304096393,119.7624994913737,118.29384583693285,121.04148546791077,119.15500126165509,1.0783623134898548,0.8315787595102467,0.24678355397960805,0.1455858661392752,23.511961783309623,-2.032003402709961,32.614458686245904,23.548815404126376,9.065643282119527,120.07500076293945,116.1500015258789,118.11250114440918,116.35499954223633,94.41914844390371,16.171910664837363,30.36151373267728,17.768531649858303,142.4579293500795,114.94000053405762,120.53999710083008,100.0,0.0,100.0,114.50670047252851,,0.0,0.0,63.48792285407284,1.0,0.9570253438106692,0.9523380387865821,15.429911807023622,62.253982503127425,95.1573384696761,91.54656444654007,-4.842661530323901,5.592735514921301,4.8381641042644485,1.5832186532507482,1.040318285718113,0.5429003675326352,-9.16168415314159,-8.556806320940524,-0.6048778322010655,120.48338523505565,0.5090886896306879,0.5077972144759357,529.6241368982619,19.803257635506554,7769225.750133425
2020-12-09,124.52999877929688,125.94999694824219,121.0,121.77999877929688,119.51407623291016,115089200,-2.5999984741210938,0,11121682080.34607,8073310300,0.04737223984559446,16230486.653006673,-2.4085709943261064,0.6007571774007262,122728957.42577893,119.76424739809225,57.0682156069623,7785.500575719502,119.66249961853028,125.47405823972534,113.85094099733521,9.713249580648265,0.6821799708811306,0.0,0.0,121.19766642252603,123.6996676127116,118.69566523234047,4.128794330846181,0.6163733172979932,0.0,0.0,112.58999633789062,125.94999694824219,119.2699966430664,11.16473469377762,0.6878744028114546,2.8581703386939865,2.4336353359358545,1.8056573782105687,1.3464988963189524,0.45915848189161634,120.13249969482422,118.79423053448016,121.15510290043171,119.34944552222115,1.041521422790481,0.7969461998152433,0.2445752229752377,0.16032653574304265,23.613209888044967,-5.8125011444091825,34.38862132485588,24.99215345716556,9.396467867690323,121.08499908447266,117.34000015258789,119.21249961853027,116.6349983215332,97.20957422195185,15.936307958524681,26.768447124130258,20.662444237108897,94.64082047688349,114.68499946594238,120.53999710083008,100.0,0.0,100.0,115.34456470328091,,0.0,0.0,56.08590373958779,0.6156843135964997,0.871894771198833,0.926304833761347,15.033779067856164,54.84694533724058,68.78744028114546,85.70001399359346,-31.21255971885454,5.68835262971767,3.7838781148593874,1.5129164365278776,1.134837915880066,0.37807852064781144,-6.7063555687349865,-8.186716170499416,1.4803606017644295,120.6514296299065,-2.0903670457748325,-2.112524543696992,516.4626814282964,16.588753619655662,43148543.83697407
2020-12-10,120.5,123.87000274658203,120.1500015258789,123.23999786376953,120.9468994140625,81312200,1.4599990844726562,1,11175452846.893236,8154622500,0.0218307574374222,30871236.782071076,-6.702300719054131,0.33345098067880174,123703795.15567254,120.0122176827062,56.64599949393166,7878.839579058728,119.84999961853028,125.86559069301711,113.83440854404344,10.03853332270975,0.7817676769633516,0.0,0.0,121.84133326212566,124.55733439127604,119.12533213297527,4.4582590430248565,0.7574860125484191,0.0,0.0,112.58999633789062,125.94999694824219,119.2699966430664,11.147267962348781,0.7971557664171885,2.9443534268949003,2.417969957106839,1.8382213871563948,1.444843394486441,0.3933779926699539,120.9149996439616,119.28653805072491,121.47585597171445,119.63763458455806,1.048711301487574,0.8386596182630315,0.21005168322454248,0.1733186123920613,23.763492802219325,-4.680001449584964,37.836646388637384,27.311452670991073,10.52519371764631,121.37999725341797,119.14999771118164,120.2649974822998,116.6349983215332,98.60478711097593,15.361941621333921,24.428719093546093,20.853598923078515,71.78390898338489,114.51749992370605,120.53999710083008,96.0,0.0,96.0,116.40510792777704,,0.0,0.0,58.97817010394884,0.7658518983985962,0.793845403998365,0.8742551730026226,15.52366966479405,55.33307741748247,79.71557664171885,81.22011846418017,-20.28442335828115,5.32385316736557,8.24769390908938,1.536490915705265,1.215168515845106,0.3213223998601591,-7.496116303989695,-8.048596197197472,0.552479893207777,121.01173058704798,1.1988824922872787,1.1917528237972874,523.853344587425,19.24516295899545,-8193609.203575447
2020-12-11,122.43000030517578,122.76000213623047,120.55000305175781,122.41000366210938,120.13236236572266,86939800,-0.8299942016601562,0,11234855262.326714,8067682700,0.07399271881006421,16152555.828418976,-0.9024044952145015,0.2553489916235439,123118274.77962336,120.25293097955894,55.97855274366099,7878.839579058728,120.0099998474121,126.118497181977,113.9015025128472,10.17998057217167,0.6964479710187366,0.0,0.0,122.3553337097168,125.16533508300782,119.54533233642579,4.5931816588521315,0.5097277447819437,0.0,0.0,112.58999633789062,125.94999694824219,119.2699966430664,11.132406155602254,0.7350304547598625,2.918917565406582,2.3650207230570137,1.7765757440367196,1.511189864396497,0.26538587964022264,121.5183334350586,119.57346138587364,121.61957100100598,119.84299525696926,1.033241720890135,0.852036910159485,0.18120481073064998,0.18283381624479228,23.870025473063464,-3.9800010681152287,40.86430983395183,30.013150383075242,10.851159450876587,122.97999954223633,119.2699966430664,121.12499809265137,116.6349983215332,99.30239355548797,14.828601451085358,22.871902222605645,19.524620743790706,52.084513740665365,114.32749938964844,120.53999710083008,92.0,52.0,40.0,117.35959682982356,,0.0,0.0,56.692229042152206,0.6471649570850925,0.6762337230267291,0.7806579660746426,15.28533066239377,54.92417605312995,73.50304547598626,74.00202079961689,-26.496954524013745,5.033324499691233,6.286364164514047,1.4824193439319149,1.2686186814624678,0.21380066246944707,-7.58558490098094,-7.955993937954166,0.3704090369732258,121.14515611639263,-0.673477942264844,-0.6757560390391326,519.6518299195471,17.788941095716936,11969505.318603933
2020-12-14,122.5999984741211,123.3499984741211,121.54000091552734,121.77999877929688,119.51407623291016,79184500,-0.6300048828125,0,11176669808.15794,7988498200,0.01800284581431363,6718387.6182067795,1.805773634737331,0.8909194818701,122710737.64907339,120.87706685125784,63.86307752330622,7838.289728088992,120.13599967956543,126.28126743500091,113.99073192412995,10.230518365563265,0.6337613888570868,0.0,0.0,122.68333358764649,125.25833435058594,120.10833282470703,4.197800447115893,0.3245952348149163,0.0,0.0,112.58999633789062,125.94999694824219,119.2699966430664,11.120730377227664,0.6878744028114546,2.8080255647252987,1.9626768446887115,1.6577751983022182,1.5405069311776414,0.11726826712457683,121.99750010172527,119.67923061664288,121.64425219766612,119.9864769993639,1.1544136686539943,0.7981556371859183,0.356258031468076,0.1881926779362099,23.907008911494152,-3.5460033416748047,42.713630107103974,32.55441148398932,10.159218623114654,123.04999923706055,119.2699966430664,121.15999794006348,116.6349983215332,98.9972846860928,14.558932174763754,23.301156617346983,18.66278497226712,54.74723243612392,114.91250038146973,120.53999710083008,88.0,48.0,40.0,118.21863684166541,,0.0,0.0,54.951206059210264,0.48007086579652575,0.6310292404267378,0.7003694558172775,14.598712893827196,53.854434312857805,68.78744028114546,74.00202079961689,-31.21255971885454,4.612971541460823,4.95561497930996,1.3816350306801715,1.2912219513060086,0.09041307937416287,-8.25022867053718,-8.01484088447077,-0.23538778606640953,121.16952446057802,-0.5146678081568545,-0.5159967847581548,516.4626814282964,17.504263860381116,4305533.620937586
2020-12-15,124.33999633789062,127.9000015258789,124.12999725341797,127.87999725341797,125.50056457519531,157243700,6.099998474121094,1,11332244785.477415,8145741900,0.07472384303492283,142785236.53919938,8.559270802055375,1.8018694107395932,130587124.08099887,122.07806092968377,73.24690118562535,7838.289728088992,120.51499938964844,127.52772160919858,113.5022771700983,11.637924333180548,1.0251168970615514,1.0,0.0,123.14033330281578,125.74633458455403,120.53433202107746,4.232571427803172,1.4093748310516394,1.0,0.0,112.58999633789062,127.9000015258789,120.24499893188477,12.703817172572899,0.9986933856510622,3.139223282910972,1.59787321719117,2.032415387490815,1.638888622440276,0.39352676505053874,122.93833351135254,120.0326919555664,122.60359759085871,120.5711822033679,1.177897570596648,0.6380789112085323,0.5398186593881156,0.20027879864703535,23.883769035818748,-1.464996337890625,49.28651035363407,35.3788301530363,13.907680200597774,124.0250015258789,120.24499893188477,122.13500022888184,117.61000061035156,99.11026565051984,15.716720754227577,30.36960387071449,16.07847258030175,144.66985201520546,114.91250038146973,120.53999710083008,100.0,44.0,56.0,118.9917728523231,,0.0,0.0,65.87787023864962,1.0,0.7090786076272058,0.6721138570268911,17.52608267986509,62.59888762778585,99.84285728840722,80.71111434851301,-0.15714271159278104,4.711765581018781,9.683507393556887,1.6856560169267742,1.3701087644301617,0.31554725249661253,-2.199829027644159,-6.851838513105449,4.6520094854612895,121.66777407074666,5.0090314791152,4.887617455724413,547.3414911980375,24.025566965130366,87210692.70803207
2020-12-16,127.41000366210938,128.3699951171875,126.55999755859375,127.80999755859375,125.4318618774414,98208600,-0.06999969482421875,0,11369683606.01358,8047533300,0.11253269332319307,121405263.88658322,2.6723636588717765,1.7360546218372135,130533366.08774923,122.80906731864074,73.82542403796992,7833.999159581841,120.93599929809571,128.6079992911813,113.26399930501012,12.687702648695767,0.9479925877667654,0.0,0.0,123.65366617838541,126.19266688028972,121.11466547648112,4.106632306787383,1.31849748546564,1.0,0.0,112.58999633789062,128.3699951171875,120.47999572753906,13.048222920290826,0.9645121925276409,3.0063007104792496,1.2858874407895056,2.2971914530800603,1.7705491885682332,0.5266422645118272,123.66833305358887,120.47461495032677,123.4045822012795,121.10739074819944,1.1732455928358068,0.6505849573058874,0.5226606355299194,0.21577171866939038,23.81993729280888,1.7840019226074162,54.51273384384216,38.58147025319255,15.931263590649614,124.2599983215332,120.47999572753906,122.36999702453613,117.84499740600586,99.55513282525992,16.910804591850013,30.18361302013972,15.399299327851956,145.33006018205805,115.5049991607666,120.53999710083008,100.0,40.0,60.0,120.0607602931498,,0.0,0.0,65.68099312135556,0.9875194853126354,0.8225301170363868,0.7208793216967769,19.750339571547766,62.73617258119628,95.39096428060111,88.00708728338464,-4.609035719398891,5.0921181847067345,7.358248032154581,1.8968218528101795,1.4754513821061654,0.421370470704014,-2.268117053253173,-5.935094221134994,3.666977167881821,122.07957949456511,-0.054738580174895635,-0.05475356720507918,546.9871456568726,20.716189322020625,-13660316.457628831
2020-12-17,128.89999389648438,129.5800018310547,128.0399932861328,128.6999969482422,126.30530548095703,94359800,0.8899993896484375,1,11356203634.585009,8141893100,0.14262285102697322,116058821.10383543,2.1951226823426557,1.7189642155911273,131190436.47356822,123.40213701513993,74.82280828512297,7888.550873874284,121.46949920654296,129.7210481147115,113.21795029837443,13.586207174753973,0.9381297270468502,0.0,0.0,124.23333257039387,126.76933415730795,121.69733098347982,4.082642772988647,1.3806509429837466,1.0,0.0,112.58999633789062,129.5800018310547,121.08499908447266,13.98705486080484,0.9482045557215052,2.8826710666774185,0.9869964472613607,2.5494553708432335,1.9263304250232336,0.6231249458199999,124.16666603088379,120.96423017061673,124.21926139311991,121.66980602227667,1.1813784161825032,0.6408707728601769,0.5405076433223263,0.2338589318477579,23.726436031162198,1.6105026245117244,61.123687797918706,42.376578954111324,18.747108843807382,124.8650016784668,121.08499908447266,122.97500038146973,118.45000076293945,99.77756641262997,18.321439196061338,31.80964733928122,14.74343288535582,153.54200639528975,115.5049991607666,120.53999710083008,100.0,36.0,64.0,121.22405316851507,,0.0,0.0,67.03011554872381,1.0,0.9958398284375448,0.8424828510337127,21.992811934314453,61.845817754314545,93.10881293352213,96.11421150084352,-6.891187066477873,6.033146712359269,4.872877825990622,2.0953887034030863,1.5994388463655496,0.4959498570375367,-2.603649813964787,-5.268805339700953,2.665155525736166,122.63534313396636,0.6963456745552543,0.6939323848116352,551.4924126605828,20.949614611874722,5768666.219598591
2020-12-18,128.9600067138672,129.10000610351562,126.12000274658203,126.66000366210938,124.30327606201172,192541500,-2.0399932861328125,0,11233442315.224802,7949351600,0.052101022165393356,43367079.90301025,-1.8572534057650583,1.229367134202716,128138506.5853344,124.44137447449138,61.828066155214245,7888.550873874284,121.87049942016601,130.31039919187447,113.43059964845754,13.850603405850823,0.7837417725029361,0.0,0.0,124.74166641235351,127.44166793823243,122.0416648864746,4.328948944699238,0.8552474380790205,0.0,0.0,112.58999633789062,129.5800018310547,121.08499908447266,13.94103213985247,0.8281343599258885,2.892404295703036,1.037547613696347,2.555309911839757,2.0521263223865382,0.5031835894532186,124.46499951680501,121.23999962439903,124.59476020373367,122.03945029189391,1.1304133354518662,0.7329162726246331,0.39749706282723307,0.2490102750136043,23.761915001879306,1.0695030212402372,66.23350965620963,46.61934533248884,19.614164323720793,124.8650016784668,121.08499908447266,122.97500038146973,118.45000076293945,99.88878320631498,18.688796817898147,29.52933060632598,18.305218669209307,115.06878385487697,115.5049991607666,120.53999710083008,96.0,32.0,64.0,122.56100495452141,,0.0,0.0,61.10101534654039,0.5091361345715157,0.8322185399613834,0.8835294951451051,22.110600630309243,64.17000065400936,69.48800144137364,85.995926218499,-30.51199855862636,6.701941052605122,2.908678727490404,2.0938392509372727,1.6983189272798942,0.39552032365737855,4.530893578451717,-3.30886555607042,7.8397591345221365,122.83558018481841,-1.5850764059871847,-1.597773088870369,541.1657601407031,18.096541518517697,108969762.21793804
2020-12-21,125.0199966430664,128.30999755859375,123.44999694824219,128.22999572753906,125.84404754638672,121251600,1.5699920654296875,1,11350702002.138351,8070603200,0.13929470768634342,64366647.048387975,-6.934206154837178,0.18261641018096839,129641459.7229996,124.83874656397164,53.24298088689108,7986.332035422015,122.41499938964844,131.01904113236546,113.81095764693144,14.057169114268813,0.8379223690315534,0.0,0.0,125.05566609700523,128.00966771443683,122.10166447957359,4.724298721723195,1.0372931436127306,1.0,0.0,112.58999633789062,129.5800018310547,121.08499908447266,13.879022650716738,0.9205411614458394,3.0891639271678883,1.042128159500278,2.6560179943432303,2.1729046567778765,0.4831133375653538,124.90583229064941,121.58692257220929,125.15402720739604,122.49800921305281,1.0074276539478655,0.841050056667926,0.1663775972799395,0.26359263778200304,24.002169177106627,-0.16499938964844318,70.48041457220056,50.826673764261585,19.653740807938973,124.8650016784668,121.08499908447266,122.97500038146973,118.45000076293945,99.9443916031575,17.91578918606555,26.22721178287654,22.40172415578219,96.13090575251418,115.5049991607666,120.53999710083008,92.0,28.000000000000004,64.0,,129.5800018310547,0.0,1.0,63.75797340841109,0.729102851283597,0.7460796619517039,0.8580460101168775,23.02281301285368,67.56460915320163,85.68392301350556,82.7602457961338,-14.316076986494435,6.892470056870408,4.302906443046515,2.1682131908966706,1.7922977800032496,0.37591541089342106,4.6891131642130945,-1.709269812013717,6.398382976226811,123.10842672531291,1.2395326227985448,1.2319133151097894,549.1132189038615,20.493740968576716,-14931944.13995099
2020-12-22,131.61000061035156,134.41000366210938,129.64999389648438,131.8800048828125,129.4261474609375,168904800,3.6500091552734375,1,11340057196.629812,8239508000,0.18825843120950553,143243421.2371367,17.331696507021853,1.342974013447569,134449258.88786557,125.77162589690327,56.02747056622845,7986.332035422015,123.31649971008301,131.9202280100685,114.7127714100975,13.953896388906372,0.9976624594679449,0.0,0.0,125.83866628011067,129.07966817220054,122.59766438802083,5.151042978913245,1.4320171360354024,1.0,0.0,112.58999633789062,134.41000366210938,123.5,17.694312906640693,0.8840514239200669,3.3982483279081306,1.042128159500278,2.995821148356711,2.3374879550936436,0.6583331932630676,125.70833269755046,122.07230729323167,126.18879300361395,123.19297185525724,1.0952597583616588,0.7423453015045769,0.3529144568570819,0.28257186460951644,24.30048183810827,0.4335002899169922,75.66275399074391,55.4126885049158,20.25006548582811,127.28000259399414,123.5,125.39000129699707,120.8650016784668,99.97219580157875,18.758501571894584,35.852280391552185,19.426788962896673,186.15063544470962,115.85750007629395,120.53999710083008,100.0,24.0,76.0,123.44999694824219,,1.0,0.0,69.05068942954125,1.0,0.7460796619517039,0.774792621288264,25.594105031987546,65.17593628886816,82.25807573430237,79.14333339639388,-17.741924265697637,7.4507641063016905,7.877304607617587,2.431811736692725,1.9202005713411447,0.5116111653515805,7.931573797090601,0.21889890980714632,7.7126748872834545,123.85706420464473,2.8464550236973585,2.806696207589976,567.5899347328341,23.35991067811888,60341090.47856009
2020-12-23,132.16000366210938,132.42999267578125,130.77999877929688,130.9600067138672,128.52330017089844,88223700,-0.9199981689453125,0,11271083223.61485,8151284300,0.12665939124927753,111184983.5664628,-0.7948572111435176,1.163359114859076,133833808.17924827,126.23971142401241,50.45576198357603,7930.619186035132,124.1060001373291,132.469159788616,115.74284048604221,13.47744612191621,0.909773749535166,0.0,0.0,126.68666636149086,129.59766794840496,123.77566477457682,4.595592686301721,1.2339982862919756,1.0,0.0,115.16999816894531,134.41000366210938,124.79000091552734,15.502880982284575,0.8206862804967512,3.2234228847657547,1.058237966507284,3.154518111404613,2.5008939863558375,0.6536241250487755,126.30916659037273,122.48230743408203,126.92282588211445,123.76830777070984,1.0907857945795214,0.7969211939230172,0.2938646006565042,0.3015094281243841,24.50765716423684,0.27399711608886435,81.51568125391957,60.26591460105827,21.249766652861297,127.4800033569336,123.5,125.4900016784668,120.8650016784668,99.98609790078937,19.54102021587869,34.5336691426372,18.71229096787349,150.78418656556386,116.76249885559082,115.96999740600586,96.0,20.0,76.0,123.44999694824219,,0.0,0.0,66.41782521594911,0.8132651995510431,0.8474560169448798,0.7798717802827628,26.832801095993773,64.84880304651163,75.80647663805911,81.24949179528905,-24.193523361940883,7.760087563009833,5.826268051609849,2.5487284816470117,2.0459061534023184,0.5028223282446933,4.9753327222757315,1.1701856723008635,3.805147049974868,124.82372398834012,-0.6976024680639181,-0.7000470898765876,562.9328108715915,20.21968009952009,-43053767.968921915
2020-12-24,131.32000732421875,133.4600067138672,131.10000610351562,131.97000122070312,129.51443481445312,54930100,1.0099945068359375,1,11256652196.85831,8206214400,0.1178488017976654,103227000.09410366,2.9000959756369555,1.4689625247133844,134257442.08590472,126.6653455622036,54.8679183308977,7991.781994549671,124.90300025939942,133.07158309826858,116.73441742053028,13.07988250387033,0.9325720324262542,0.0,0.0,127.66233342488609,130.43733495076498,124.88733189900715,4.347408435099093,1.2761559328247059,1.0,0.0,116.22000122070312,134.41000366210938,125.31500244140625,14.56330304606705,0.8658602466236054,3.1510805962891792,1.0427773840381247,3.323473776885976,2.6654099444618655,0.6580638324241104,126.94166692097981,122.96615365835336,127.69931439574347,124.3758406188575,1.1096137267706052,0.7573480330243977,0.35226569374620753,0.32056873853376344,24.688865489791635,-3.1230014801025447,86.76885101071419,65.36641917625408,21.402431834460103,127.97500228881836,123.5,125.73750114440918,120.8650016784668,99.9930489503947,20.490430841388807,34.911115091901976,17.652895071874365,143.5639105675639,117.20749855041504,114.24499893188477,92.0,16.0,76.0,123.66919708251953,,0.0,0.0,67.86638607469052,0.9160037766105096,0.909756325387184,0.8344306680945893,28.294794326028143,57.61621471622241,82.88918600364777,80.3179127920031,-17.11081399635223,8.041295107673193,6.102270569938112,2.6721216599215336,2.1711492547061617,0.5009724052153719,0.13735956616011488,0.9636204510727139,-0.826260884912599,125.75679790232627,0.7712236217600754,0.7682648949164594,568.0455053054314,21.170090105358526,-37101597.59164053
2020-12-28,133.99000549316406,137.33999633789062,133.50999450683594,136.69000244140625,134.14663696289062,124486200,4.720001220703125,1,11338885012.256533,8330700600,0.16040103250224114,172419573.78933078,9.676023270860671,1.9269540730006771,138709779.81815985,127.58151914656641,56.287610420926605,7991.781994549671,125.90800056457519,134.66306312230586,117.15293800684452,13.907079007644802,1.115758128838875,1.0,0.0,129.05633290608725,131.99333470662435,126.11933110555012,4.551503571195284,1.799568412576896,1.0,0.0,116.80999755859375,137.33999633789062,127.07499694824219,16.305555395399622,0.9683393114889101,3.3729720483790118,1.0427773840381247,3.7944964181381664,2.891227239197126,0.9032691789410405,128.1841672261556,123.68384610689603,129.08249717199928,125.28800075386111,1.1055903397655076,0.6979293856142168,0.4076609541512908,0.34582699158007807,24.907255263778108,-2.6680027008056584,95.94244844336313,71.28073232472732,24.66171611863581,130.3949966430664,124.96499633789062,127.67999649047852,122.32999801635742,99.99652447519735,22.103937841600935,39.23524874068225,15.608723779470814,182.779444624879,116.61749839782715,114.24499893188477,100.0,12.0,88.0,123.88401321411133,,0.0,0.0,73.59795238128089,1.0,0.909756325387184,0.888989555906416,31.614147886504078,61.92247505686172,96.21876618583862,84.97147627584853,-3.7812338141613857,9.081940415326287,12.243392849043238,3.028619177659939,2.342643239296917,0.685975938363022,1.3093565730073882,1.0327676754596489,0.2765888975477393,128.09653740348057,3.5765713245766495,3.5140972746869004,591.9386292833086,25.14286357640279,58120644.62984708
2020-12-29,138.0500030517578,138.7899932861328,134.33999633789062,134.8699951171875,132.36050415039062,121047300,-1.82000732421875,0,11246671404.49649,8209653300,0.11455929864743462,116315781.45129722,4.190918595403205,2.1236908676135235,137098052.78149277,128.4031225601441,57.63197509167155,7885.372590029579,126.69900016784668,135.688184902589,117.70981543310435,14.189827422211298,0.9544903231191102,0.0,0.0,130.43399912516276,133.63500086466473,127.23299738566081,4.908232149549171,1.1929074635109256,1.0,0.0,120.01000213623047,138.7899932861328,129.39999771118164,14.822525138338289,0.7912673047790176,3.4806745383653293,1.1018244152909762,3.9751033571514824,3.108002462787997,0.8671008943634853,129.15333366394043,124.30807671180138,129.972881471259,125.99777811410752,1.1000790390981772,0.6926856657517693,0.4073933733464079,0.3703428888746561,25.217368226420874,-4.288996505737302,102.65247128868775,77.21028353973328,25.442187748954467,131.1199951171875,125.68999481201172,128.4049949645996,123.05499649047852,99.99826223759868,23.837381027915892,38.612302211617944,14.146783725523393,162.4175113157715,116.35749816894531,114.24499893188477,100.0,8.0,92.0,124.42225253906251,,0.0,0.0,68.52263165882725,0.7278173556505996,0.8812737107537026,0.9002621205093572,32.62712146117947,56.194886269349624,78.96995760854395,86.0259699326768,-21.030042391456057,10.702910681331872,9.436869080664753,3.1548995677935725,2.5050945049962485,0.649805062797324,1.9474782313700076,1.2157097866417206,0.7317684447282871,129.2372460186062,-1.3314853257091142,-1.3404290700539612,582.7255679714887,20.450144682374727,23577802.745734602
2020-12-30,135.5800018310547,135.99000549316406,133.39999389648438,133.72000122070312,131.23191833496094,96452100,-1.149993896484375,0,11174053466.842209,8113201200,0.0470813075253937,83853623.20066898,-5.021465617907766,1.937055537357691,136275636.15571383,129.1747844376127,57.96987824565405,7818.136505812627,127.24900016784667,136.5381253595907,117.95987497610265,14.599918552587901,0.8483105738852421,0.0,0.0,131.20733261108398,134.29033508300782,128.12433013916015,4.699436244256659,0.9075035022679049,0.0,0.0,120.1500015258789,138.7899932861328,129.46999740600586,14.648438679806514,0.7280045972852605,3.3916082441967648,1.1131572452974798,3.9795667921899422,3.2823153286683864,0.6972514635215559,130.0958334604899,124.93807689960187,130.54936143271195,126.569794640522,1.1286600441435124,0.7554634714872267,0.3731965726562857,0.39059048538153135,25.33463094752907,-5.469001388549799,103.33690781550145,82.63519175880654,20.701716056694906,131.1199951171875,125.68999481201172,128.4049949645996,123.05499649047852,99.99913111879934,25.041166498745905,36.471193007594074,15.374844546192023,117.45345017453457,116.10749816894531,114.24499893188477,96.0,4.0,92.0,125.28431698388673,,0.0,0.0,65.45132429427542,0.5631072603072328,0.7636415386526104,0.8515571915978325,32.448605579861415,56.698284498817884,72.80045972852605,82.66306117430291,-27.19954027147395,10.681940190932323,9.239438951258386,3.144167851020485,2.632909174201096,0.5112586768193892,0.6589505853923958,1.1043579463918556,-0.44540736099945977,129.5440986399015,-0.8526684497060733,-0.8563244644222756,576.9041824553192,19.58863353428049,-3467201.8750415742
2020-12-31,134.0800018310547,134.74000549316406,131.72000122070312,132.69000244140625,130.22105407714844,99116600,-1.029998779296875,0,11138607785.369486,8014084600,-0.00236659887776915,57290251.74227961,-4.46372777069564,2.0969536050975828,135512175.37141755,129.7644303647741,57.05738061212982,7818.136505812627,127.72950019836426,137.10015211977964,118.35884827694889,14.67265104280957,0.7646828782373947,0.0,0.0,131.7543332417806,134.95833638509114,128.55033009847006,4.863601924091439,0.6460156494507786,0.0,0.0,120.1500015258789,138.7899932861328,129.46999740600586,14.5933333578429,0.6727471276176428,3.354447847023182,1.3382028413933786,3.855547452151498,3.3969617533650087,0.45858569878648936,131.00500043233237,125.66269243680514,130.87869081866492,127.02314336651342,1.113180286861978,0.734518517478093,0.37866176938388496,0.40459290260197905,25.38063529807224,0.15049705505370525,104.94376713751817,87.50408946320648,17.43967767431168,131.1199951171875,125.68999481201172,128.4049949645996,123.05499649047852,99.99956555939967,25.460361236642452,34.09698056912685,17.995309527830518,84.94888577284019,116.01249885559082,114.24499893188477,92.0,0.0,92.0,126.0946575620215,,0.0,0.0,62.738933648158515,0.4176453872668689,0.5695233344082334,0.7381461946048491,31.452011595202567,49.26377755067231,66.55704983201939,72.7758223896965,-33.44295016798062,10.560029848884142,8.958781221439889,3.0353110070868548,2.7133895407782482,0.3219214663086065,-0.1788560052712935,0.8477151560592259,-1.0265711613305193,129.69749655822326,-0.7702653080273847,-0.7732471733029378,571.6902243692795,19.04428732403028,11278318.875175953
2021-01-04,133.52000427246094,133.61000061035156,126.76000213623047,129.41000366210938,127.0020980834961,143301900,-3.279998779296875,0,11106181896.538254,7870782700,-0.01469092844256123,-18041220.94532074,-14.555465727703098,1.1217349456341117,131969858.3285154,130.19535925914178,54.91322878209165,7818.136505812627,128.05300025939943,137.1835790417066,118.92242147709227,14.26062452861108,0.5743109191138838,0.0,0.0,131.86966705322266,135.60466918945312,128.1346649169922,5.664687292678178,0.17072798068119885,0.0,0.0,120.1500015258789,138.7899932861328,129.46999740600586,14.556466246393693,0.4967814500849507,3.7040029097329734,1.9072763937645039,3.4527911155717277,3.4081276258063524,0.044663489765375264,131.13250096638998,126.21038495577298,130.6527389484256,127.19994783285387,1.010200421319835,0.7653961829251085,0.24480423839472654,0.40771501227150264,25.667311977515784,-0.24300270080567543,101.89840119980013,91.46685519027208,10.431546009528049,131.1199951171875,126.97999572753906,129.04999542236328,123.05499649047852,49.999782779699835,24.15694342815966,29.418937735456836,25.460734812444112,30.453536551564273,115.72249794006348,114.24499893188477,88.0,0.0,88.0,,138.7899932861328,0.0,1.0,54.931994044211656,0.0,0.3269175491913669,0.5533608074174038,27.996936036452535,45.54727747261274,45.62322450642218,61.66024468898923,-54.37677549357782,9.82823466132669,1.1964391942075305,2.71445953744324,2.7136035401112464,0.0008559973319934855,2.3576840448709824,1.1497089338215774,1.207975111049405,129.69543443761492,-2.471926082558684,-2.502991181558656,555.0865385190982,16.348876602843035,56240445.773712754
2021-01-05,128.88999938964844,131.74000549316406,128.42999267578125,131.00999450683594,128.5723114013672,97664900,1.5999908447265625,1,11160767537.386013,7968447600,0.007171973407867618,6859374.311315829,-0.3389230498944733,0.9685423253032684,133177361.16005182,130.58782046577974,55.54984661486382,7914.7978648895005,128.49099998474122,137.3008748110981,119.68112515838433,13.71282786717061,0.642964262929056,0.0,0.0,132.17966639200847,135.94766947428386,128.41166330973306,5.701335440052542,0.34478888954806997,0.0,0.0,120.1500015258789,138.7899932861328,129.46999740600586,14.506846209047694,0.5826179067371595,3.664603900497957,2.135173277163949,3.2255278296190966,3.3716076665689014,-0.14607983694980486,131.3991673787435,126.78653863760141,130.70770134202718,127.48217351240808,1.0226338579098124,0.817994372289986,0.20463948561982648,0.4052015606833141,25.940164472139045,0.2089969635009652,102.82140252133401,95.06029829573136,7.761104225602651,132.77499771118164,127.50499725341797,130.1399974822998,123.05499649047852,24.999891389849918,22.946626891711354,27.45851722550754,23.76408120878467,32.78480856205755,115.72249794006348,114.24499893188477,84.0,0.0,84.0,,138.54939346313478,0.0,0.0,57.69728257215765,0.14814607843918354,0.18859715523535048,0.36167934627831716,26.025532665518696,50.35988164095231,49.28291631934843,53.82106355259669,-50.71708368065157,8.42744131649242,2.503714114207042,2.5301795072588322,2.6769187335407634,-0.14673922628193115,1.044884281348152,1.1287440033268923,-0.08385972197874025,129.74326540721515,1.236373386484213,1.2287927104146945,563.1858541397891,19.832719560551425,-12253827.113295496
2021-01-06,127.72000122070312,131.0500030517578,126.37999725341797,126.5999984741211,124.24439239501953,155088000,-4.409996032714844,0,11020291745.931252,7813359600,-0.06652746265211346,-91825888.40768352,-4.125337199281214,0.06249889663636944,127956862.77520537,130.7216137920361,46.36422936373879,7914.7978648895005,128.63349990844728,137.22142344761681,120.04557636927774,13.352545869127166,0.38160692016810704,0.0,0.0,132.31433334350587,136.06333694458007,128.56532974243163,5.666814027383265,-0.2621138144209036,0.0,1.0,120.1500015258789,138.7899932861328,129.46999740600586,14.490775554984204,0.3460300321588945,3.7651440902821456,2.907067137775639,2.6589198413812767,3.2290701015313767,-0.5701502601501001,131.22416750590006,127.17153871976413,130.075747054657,127.41682721327572,0.9792350337586927,0.9288594979154501,0.050375535843242614,0.3912320537555617,26.079223227391562,-1.973496246337902,98.42784858216149,97.58975325033332,0.8380953318281712,132.5849952697754,127.79999542236328,130.19249534606934,123.05499649047852,12.499945694924959,21.403835054274616,24.93395621561959,25.615125907065178,-12.14356598205149,115.72249794006348,114.24499893188477,80.0,0.0,80.0,,138.3136056365967,0.0,0.0,48.80796894278269,0.0,0.04938202614639418,0.18829891019103737,21.16319599162597,43.73471847506543,20.534565044831407,38.4802352902007,-79.46543495516859,6.5884717829087265,-1.6317004847837147,2.086788613038263,2.5588927094402636,-0.47210409640200046,4.028894535150366,1.7087741096915872,2.3201204254587786,129.70786570213124,-3.36615236823381,-3.4241116578908937,540.8620078048709,14.970408205829457,65297511.24627179
2021-01-07,128.36000061035156,131.6300048828125,127.86000061035156,130.9199981689453,128.48399353027344,109578200,4.319999694824219,1,11088596115.94554,7922937800,-0.04897520826183882,-11082505.698101997,3.543692249009163,0.1247366530747542,131696023.88314292,130.86825104961326,46.789746970148784,8184.8762596211345,128.96049995422362,137.37191318189562,120.54908672655162,13.044945127628619,0.6164785370593435,0.0,0.0,132.13000005086263,135.78000310262044,128.4799969991048,5.524866495652425,0.3342464561317864,0.0,0.0,120.1500015258789,138.7899932861328,129.46999740600586,14.454031867797069,0.5777897748877385,3.891630322123072,3.118268376676185,2.5293104833304483,3.0891181778911916,-0.5598076945607433,131.57916704813638,127.6280769935021,130.2056318414706,127.67632135814014,0.9404312296867351,0.9082015860508857,0.03222964363584935,0.3763557164824071,26.12935390669918,-0.7305042266845589,92.87424125653831,98.85181547284651,-5.977574216308199,132.5849952697754,129.39999771118164,130.99249649047852,123.05499649047852,6.249972847462479,19.950661588685396,23.642315409848695,23.14663026127139,21.68488165292905,115.71749877929688,114.24499893188477,76.0,0.0,76.0,,137.83626130126953,0.0,0.0,55.96511580873315,0.2887112403163447,0.1456191062518424,0.12786609587786255,19.50632846958094,44.27399565326916,48.69623861807461,39.50457332741818,-51.30376138192539,5.306413448558118,3.3633304781834017,1.981033332120819,2.4433208339763746,-0.46228750185555567,3.1503769921106137,1.9970946861753927,1.153282305935221,129.71732603003144,3.412322074954277,3.3553937989601934,562.7302835671918,21.74319717667295,-8039159.86092563
2021-01-08,132.42999267578125,132.6300048828125,130.22999572753906,132.0500030517578,129.59300231933594,105158200,1.1300048828125,1,11142927886.04097,8028096000,0.009338841551472514,7476320.754165921,3.8456435800901785,0.24263100291386297,132603671.92110294,131.03423669177127,47.1991913369046,8255.522075905465,129.47400016784667,137.30306327031315,121.64493706538019,12.093645198753553,0.6645153992372087,0.0,0.0,132.15466690063477,135.8796714782715,128.42966232299804,5.637340950565905,0.4859511784891073,0.0,0.0,120.1500015258789,138.7899932861328,129.46999740600586,14.396706470866363,0.6384123812357742,3.742468205438109,3.247562624442038,2.4890834785482525,2.969111238022604,-0.4800277594743516,131.8975009918213,127.98692321777344,130.48938125843785,128.0002977798896,0.9611530838243858,0.9171137857827321,0.04403929804165374,0.3625505230847493,26.120300835525132,2.4060047149658317,89.7178861677151,99.17948604584662,-9.461599878131523,132.5849952697754,129.46999740600586,131.02749633789062,123.05499649047852,3.1249864237312397,18.899765650532636,24.492730091388427,22.05452949681305,44.391935611527366,116.71249961853027,114.24499893188477,72.0,24.0,48.0,,137.37801073935546,0.0,0.0,57.63366772402924,0.3560187445523043,0.21490999495621602,0.13663704245148436,18.78221667819633,48.971108154280685,56.06263465834827,41.76447944041813,-43.93736534165173,4.5781775306252825,2.979027880758444,1.944591943706648,2.3435750559224293,-0.3989831122157814,2.117547285403285,2.021185206020971,0.09636207938231411,129.7367868847616,0.8631262592551314,0.8594226206842137,568.4504826726961,21.076178991739,6525765.671001285
2021-01-11,129.19000244140625,130.1699981689453,128.5,128.97999572753906,126.58009338378906,100384500,-3.07000732421875,0,11100248995.552597,7927711500,-0.03278190398211814,-37617603.67329165,-3.4852474261588324,0.12634571574287912,130269850.31477368,131.37343088636132,49.813539381221524,8063.590893379514,129.76100006103516,137.0576434290231,122.46435669304722,11.246281031366662,0.44648194422365867,0.0,0.0,131.85866622924806,135.51467056274413,128.20266189575196,5.545337956232312,0.10630920547128724,0.0,0.0,120.55000305175781,138.7899932861328,129.6699981689453,14.056604238404088,0.4621708985289984,3.723221690070079,3.5552387286197678,2.1843001016040375,2.812149010738891,-0.6278489091348534,131.65583356221518,128.21384605994592,130.25716809983803,128.072867998234,0.933723153658963,0.9197232328867061,0.013999920772256869,0.3445055164114845,26.094677303439255,1.1990066528320256,84.41982060331863,97.89919406361945,-13.47937346030082,132.5849952697754,129.46999740600586,131.02749633789062,123.05499649047852,1.5624932118656198,17.72396815729717,22.780585896668924,23.919412403235647,-12.272932248844567,116.71249961853027,114.24499893188477,68.0,20.0,48.0,,136.93809019991795,0.0,0.0,51.88188601502211,0.12399835118347456,0.25624277868404083,0.20559062663069994,16.193112126246817,48.008532728409214,36.049544325101806,46.93613920050826,-63.950455674898194,4.072882910335778,-2.1989756201862156,1.7055135375231523,2.215962752242574,-0.510449214719422,0.940332970165361,1.805014758849849,-0.8646817886844881,129.7235244872962,-2.3248824333729434,-2.352334139652079,552.909794825242,17.149672949484128,6607201.281855792
2021-01-12,128.5,129.69000244140625,126.86000061035156,128.8000030517578,126.4034423828125,91951100,-0.17999267578125,0,11134365205.14406,7835760400,-0.04370886406588227,-34608020.93853989,-3.2623807999401975,0.3886189553783777,130141531.77640909,131.56767182258673,50.676460438275136,8052.338084034019,130.08050003051758,136.5774190662275,123.58358099480768,9.989074510300462,0.4014535219138795,0.0,0.0,131.11899998982747,134.67500432332355,127.5629956563314,5.42408702594126,0.17393221146756258,0.0,0.0,121.54000091552734,138.7899932861328,130.16499710083008,13.261013269904812,0.4208698752007416,3.6338997041685395,3.8742821012799276,1.906259007621287,2.63097101011537,-0.724712002494083,131.4758332570394,128.4392306988056,130.03298886167184,128.12672985405055,0.9501838836753959,0.9110288552145533,0.03915502846084251,0.32348130300260336,26.12809820603917,1.8895011901855412,78.12896704830275,95.17436025913224,-17.045393210829488,131.18500137329102,129.46999740600586,130.32749938964844,123.05499649047852,0.7812466059328099,17.11514970780247,21.490853866479455,25.846094467433517,-41.825162180634706,116.86749839782715,115.19499969482422,64.0,16.0,48.0,,136.51576648205796,0.0,0.0,51.55701273885497,0.1108933292711719,0.19697014166898327,0.22270763843641359,14.088016768498296,49.02840230546305,19.500455858005918,37.20421161381869,-80.49954414199408,3.4095597884234365,-1.6493612945734943,1.4877918212637684,2.070328566046813,-0.5825367447830445,-0.6169072636658162,1.3206303543467162,-1.9375376180125323,129.6508266180601,-0.13955084644402538,-0.13964830932184924,551.9986536800474,18.48886414098692,2573956.6686968952
2021-01-13,128.75999450683594,131.4499969482422,128.49000549316406,130.88999938964844,128.45457458496094,88636800,2.089996337890625,1,11189463805.892569,7924397200,0.0055420548797062074,-3199648.31841366,5.660385543069828,-0.44504611347533835,131579812.70042352,131.44296151555554,47.9448356878517,8183.000791396887,130.53600006103517,135.80206400705288,125.26993611501746,8.068370324746335,0.5336113777046868,0.0,0.0,130.54666722615562,133.95367101033528,127.1396634419759,5.219595193920178,0.5503862316043054,0.0,0.0,123.44999694824219,138.7899932861328,131.1199951171875,11.751544654898304,0.4850067938431667,3.566508879259498,4.036843206167581,1.833420148889644,2.4714608378702247,-0.6380406889805808,131.3858331044515,128.77153836763821,130.1648366352067,128.33141648631707,0.8855023553766255,0.9656112478494825,-0.08010889247285702,0.3040257911768347,26.143586754545563,6.154002380371082,74.14305041611203,91.93059832586674,-17.787547909754707,130.56000137329102,129.46999740600586,130.01499938964844,123.05499649047852,0.39062330296640496,15.971355458558577,23.766995981259164,24.296672127887657,-6.32315904768191,116.86749839782715,115.19499969482422,60.0,12.0,48.0,,136.11033571291236,0.0,0.0,55.074755345870344,0.25279510245075415,0.16256226096846654,0.2052583937738304,13.435913432073509,52.978240691320416,36.341688783310985,30.630562988806265,-63.658311216689015,3.2404129477108228,-0.8183691907742889,1.4286604162006789,1.941994936077586,-0.5133345198769073,-2.1102330881487203,0.6344576658476289,-2.744690753996349,129.68756232808414,1.6226679257536736,1.6096433776515262,562.5784267096593,20.984599620574073,5387734.6533019245
2021-01-14,130.8000030517578,131.0,128.75999450683594,128.91000366210938,126.51142120361328,90221800,-1.9799957275390625,0,11111325990.549349,7834175400,-0.09855812448383224,-28262381.205909394,-0.22345971940851164,-0.4042320069228379,130215011.88016306,131.33097878560778,47.92084623477885,8183.000791396887,130.58750038146974,135.7681106762688,125.40689008667067,7.934312671068159,0.33809854207288664,0.0,0.0,130.06533381144203,133.43733698527018,126.69333063761394,5.185091330663973,0.328687861521038,0.0,0.0,123.44999694824219,138.7899932861328,131.1199951171875,11.746910150726308,0.3559327260320574,3.433858540649955,4.309908505219111,1.5975106129413348,2.2966707928844468,-0.699160179943112,130.73749987284342,128.97000004695013,129.97178540857635,128.37427479563502,0.870195029093214,0.936449126186722,-0.06625409709350805,0.2827793741822647,26.139262179590197,4.282494735717762,66.70488755564156,87.68183392788045,-20.976946372238885,129.99499893188477,129.46999740600586,129.7324981689453,123.05499649047852,0.19531165148320248,14.909260798546388,22.659922092367164,23.16492576326655,-33.698523759953105,117.26249885559082,115.19499969482422,56.00000000000001,8.0,48.00000000000001,,135.72112217453258,0.0,0.0,51.27592370413183,0.09955451432518767,0.15441431534903757,0.17131557266216266,11.6925771442349,48.239376941842856,20.386843009634187,25.409662550317062,-79.61315699036581,2.8068236182717783,-5.691710176559446,1.2444164654363081,1.8024792419493307,-0.5580627765130226,-3.1722765793848633,-0.12688918319886955,-3.0453873961859936,129.65950624799814,-1.5127173479807188,-1.5242756277262792,552.5554879048447,18.018364001720386,10480718.93022722
2021-01-15,128.77999877929688,130.22000122070312,127.0,127.13999938964844,124.7743148803711,111598500,-1.7700042724609375,0,11009431661.954767,7722576900,-0.1597642145961817,-52443444.14795547,-3.6643778733250887,-0.8731229961344125,128682703.9429297,131.0672151597992,42.63470418698631,8183.000791396887,130.55400047302246,135.8140748339625,125.29392611208239,8.058082237054078,0.1754797699510208,0.0,0.0,129.57233352661132,132.96433639526367,126.18033065795899,5.2356900216753415,0.14146048350347187,0.0,0.0,123.44999694824219,138.7899932861328,131.1199951171875,11.749924385549921,0.24054780458400393,3.4124728086552722,4.6970137610692335,1.2532790332648176,2.087992440960521,-0.8347134076957032,130.09333356221518,129.07615397526666,129.53612602104897,128.28284698778415,0.8350161156108852,0.9744709828160713,-0.13945486720518607,0.2579770872453775,25.971154012898396,3.1660007476806697,58.46279161482562,82.85565508510551,-24.39286347027989,129.50500106811523,129.46999740600586,129.48749923706055,123.05499649047852,0.09765582574160124,14.482496136785388,21.13582329382131,25.28315246089004,-80.19337805331227,118.11250114440918,116.35499954223633,52.0,4.0,48.0,,135.347477177688,0.0,0.0,48.0830328825515,0.0,0.11744987225864693,0.14480881619205052,9.241060554941107,48.934956930201125,6.124112644572769,20.950881479172676,-93.87588735542722,1.87076481089872,-5.731442134940784,0.9769654031642767,1.63737647419232,-0.6604110710280433,-2.3492959427198166,-0.571370535103059,-1.7779254076167574,129.55387487446694,-1.3730542410815172,-1.382567815564073,543.5955471027569,17.169894967987887,32308523.604233757
2021-01-19,127.77999877929688,128.7100067138672,126.94000244140625,127.83000183105469,125.45149993896484,90757300,0.69000244140625,1,11009944132.161407,7813334200,-0.15380458227071342,-36005415.18747048,-1.5309471874660876,-1.6736208860148951,129175253.56441836,130.47487410105865,35.15542858086026,8227.410816182153,130.5105007171631,135.8450467403865,125.1759546939397,8.174891666049463,0.24876035613535488,0.0,0.0,129.36233367919922,132.24633712768554,126.47833023071288,4.4587993528908605,0.23433945632957373,0.0,0.0,123.44999694824219,138.7899932861328,131.1199951171875,11.75384068990343,0.28552841776067767,3.2482259550358394,4.899809247773661,1.024342474333963,1.8752624476352096,-0.8509199733012465,129.60250027974448,129.3088464003343,129.27364537643447,128.2493029021005,0.8038454978272088,1.1122924253723832,-0.30844692754517433,0.2324655217113171,25.715296438400777,2.1795017242431527,53.15071033811451,77.33668928697,-24.185978948855492,129.50500106811523,129.46999740600586,129.48749923706055,123.7599983215332,0.04882791287080062,14.105072250088568,20.326503164938195,24.444821057783052,-86.4024456665673,119.21249961853027,116.6349983215332,48.0,0.0,48.0,,134.9887779807172,0.0,0.0,49.405648378212014,0.06470848621528102,0.05475433351348923,0.10887284037372476,7.64124769757087,42.21774625009278,11.684166327001734,12.731707327069591,-88.31583367299827,1.2461187026080012,-4.404725797098274,0.7987119236943517,1.4696435640927266,-0.6709316403983748,-3.269300113557632,-1.1109564507939735,-2.1583436627636585,129.5332772718178,0.5427107477730786,0.5412433796432303,547.0884093090725,18.989684401905123,657816.6707160473
2021-01-20,128.66000366210938,132.49000549316406,128.5500030517578,132.02999877929688,129.57333374023438,104319500,4.1999969482421875,1,11089904423.708664,7917653700,-0.0663583174864231,31729870.073903993,10.17863906287561,-1.2459265669097235,132602786.81456426,130.06281804760695,34.21685546252557,8227.410816182153,130.77900047302245,135.8451155680704,125.71288537797449,7.747597208609984,0.6234672212142648,0.0,0.0,129.42533416748046,132.37233657836913,126.4783317565918,4.553980764036739,0.9419176248707203,0.0,0.0,123.44999694824219,138.7899932861328,131.1199951171875,11.729709114159359,0.5593222867897052,3.3894037257431933,4.898529366176704,1.1683452975460966,1.733879017617387,-0.5655337200712904,129.5474999745687,129.6469233586238,129.6976997461056,128.5293544485595,0.8059064183641013,1.0496940243577837,-0.24378760599368243,0.21361988141934507,25.61757633583544,-1.3689968109130746,48.14354289982272,71.74954421115457,-23.606001311331852,129.74500274658203,129.6699981689453,129.70750045776367,125.56999588012695,0.47475930831390073,13.722583077473866,26.279873571723066,22.050828923128904,7.270004481817919,120.2649974822998,116.6349983215332,44.0,0.0,44.0,,134.64442675162525,0.0,0.0,56.645669132211765,0.4930039487868291,0.18590414500070307,0.11936945025761325,8.497219401600358,48.41628219885649,58.792889505661705,25.53372282574543,-41.207110494338295,1.3530602847828561,-0.49740270552849064,0.9090104766796259,1.3575169466101065,-0.4485064699304806,-2.9173504677993853,-1.472235254195056,-1.4451152136043293,129.55362647294132,3.28561127128284,3.2327889741391225,568.3492190204962,23.108812283308595,23407306.826952755
2021-01-21,133.8000030517578,139.6699981689453,133.58999633789062,136.8699951171875,134.3233184814453,120150900,4.839996337890625,1,11099389933.789501,8037804600,-0.1162420335934234,110272733.77681237,30.918427171124012,1.321208632306832,137007315.4926744,130.3169599321272,41.972252356946036,8227.410816182153,131.21100044250488,136.7823184530202,125.63968243198958,8.492150797915137,1.0078685747252107,1.0,0.0,130.2953338623047,133.38333587646486,127.20733184814453,4.740003993425493,1.564549379296779,1.0,0.0,126.37999725341797,139.6699981689453,133.02499771118164,10.128724627285244,0.7893150595282176,3.8144632921337176,4.863987170913082,1.6539501199224276,1.7178932380783953,-0.06394311815596776,130.16916592915854,130.2030768761268,130.80112980319512,129.1471796832727,0.905632432577134,0.8725759786292604,0.0330564539478736,0.20704687046105794,25.755012782121554,-0.2010059356689453,49.254116678258384,66.90286370245683,-17.648747024198443,133.26499938964844,130.60499954223633,131.93499946594238,126.12999725341797,10.250549169837223,15.007468202728019,36.26019846761442,18.800055264668,168.2554388808333,121.12499809265137,116.6349983215332,100.0,0.0,100.0,126.37999725341797,,1.0,0.0,63.18384946752992,1.0,0.5192374783340364,0.2532986522827431,11.521506330694063,55.32133748613501,78.93150595282175,49.8028539284951,-21.068494047178245,2.2471184450037356,5.764617296941144,1.2806707231072807,1.3421477019095414,-0.06147697880226066,-1.401227685241147,-1.4580337404042742,0.05680605516312731,130.29964094106813,3.665830782882318,3.6002374302895213,592.8497704285032,25.671800322408743,33828867.52303329
2021-01-22,136.27999877929688,139.85000610351562,135.02000427246094,139.07000732421875,136.48236083984375,114459400,2.20001220703125,1,11176881152.243467,8152264000,-0.07742536365434383,130492639.98147812,3.3970034772051587,1.8826894357283177,138847105.70377123,130.71493094450216,49.3546772176203,8359.656047961143,131.57050056457518,138.11159431626177,125.02940681288861,9.943100806971838,1.0732609135673874,1.0,0.0,131.0796676635742,134.27366943359374,127.88566589355469,4.8733748367705205,1.7508351960925324,1.0,0.0,126.37999725341797,139.85000610351562,133.1150016784668,10.237863953011669,0.9420936698722941,3.9160171460258146,4.800697805398942,2.1910608534571168,1.8125267611541398,0.37853409230297697,130.84083366394043,130.86807720477765,132.0732648064295,129.8822039529724,0.9642600781616937,0.8511433516546816,0.1131167265070121,0.21187345393018053,25.849637192454225,-4.97050209045409,50.50702300329994,62.5461011286329,-12.039078125332956,133.3550033569336,131.6500015258789,132.50250244140625,126.22000122070312,36.44601156277643,16.233490450627915,33.29269984335054,17.08522489313435,170.47281926456736,121.15999794006348,116.6349983215332,100.0,16.0,84.0,126.64579727172851,,0.0,0.0,65.7148660950338,1.0,0.831001316262276,0.5120476465323387,14.845081491283283,58.47832040670996,94.20936698722942,77.31125414857098,-5.79063301277059,3.3079728519215337,6.152212163448531,1.686960019750245,1.4111101654776823,0.2758498542725627,-0.6399757678655751,-1.2944221458965344,0.6544463780309593,131.0173984391144,1.6073736286376095,1.5945921607861457,603.9864549244472,24.752254717192386,18459609.411864817
2021-01-25,143.07000732421875,145.08999633789062,136.5399932861328,142.9199981689453,140.26072692871094,157611700,3.8499908447265625,1,11254488880.704758,8309875700,-0.007622871315644101,198537063.13009405,18.335517985219457,4.232045415222786,143210401.67029208,131.89564206640708,59.455996484302226,8359.656047961143,132.1685001373291,140.35648964259036,123.98051063206783,12.390228377795873,1.1565407799257525,1.0,0.0,132.06766713460289,135.87666829427081,128.2586659749349,5.76825689786106,1.9245638921370776,1.0,0.0,126.37999725341797,145.08999633789062,135.7349967956543,14.156171148974314,0.8840193332373713,4.3794157365990145,4.584822624051129,2.8940265285584417,2.028826714635,0.8651998139234416,132.20083363850912,131.44653877845178,133.74199301604733,130.8479664874889,1.0776964382163798,0.7450571066174554,0.33263933159892445,0.22952331667744028,26.18430081256442,-1.2485019683837777,53.99366591535566,59.1654172744148,-5.171751359059137,135.9749984741211,134.2699966430664,135.12249755859375,128.83999633789062,68.22300578138821,18.217870335170556,37.43937612787347,14.554410387470028,203.84249906902684,122.13500022888184,117.61000061035156,100.0,12.0,88.0,127.173965625,,0.0,0.0,69.64739465901624,1.0,1.0,0.7834129315321042,19.054389643937252,61.017176768182765,88.40193332373713,87.1809354212628,-11.598066676262876,5.224854166367493,12.890995174980407,2.2117474243171795,1.5712376172455818,0.6405098070715978,3.049486389818727,-0.425640438753482,3.475126828572209,132.29558380161387,2.7683832904034755,2.730756418724667,623.4754983092794,26.600180837574413,62359480.05461159
2021-01-26,143.60000610351562,144.3000030517578,141.3699951171875,143.16000366210938,140.49627685546875,98390600,0.2400054931640625,1,11276316395.244314,8408266300,0.008856249038056182,173548094.75089607,6.0154410545077255,4.685928565537229,143375628.9637307,132.6976357543002,59.720046163233974,8373.69441486695,132.7280002593994,142.2119741192829,123.24402639951592,14.290841180984138,1.0499806071185291,1.0,0.0,133.4403340657552,137.37533620198568,129.50533192952474,5.897770211353668,1.7350272324966411,1.0,0.0,126.37999725341797,145.08999633789062,135.7349967956543,14.096497384053421,0.8968469925055773,4.234474956396144,4.448282822713259,3.430948489661631,2.3092510696403266,1.1216974200213046,133.2208340962728,132.03692362858698,135.1909177308261,131.75996924116447,1.1333796406675183,0.7245110092024172,0.4088686314651011,0.2547896815827269,26.429385086074376,-0.6779972076415959,60.28682462636247,57.18295700531033,3.1038676210521388,136.01499938964844,134.2699966430664,135.14249801635742,128.83999633789062,84.11150289069411,20.06050879938872,35.49875842392352,13.800002878861747,184.37490872811463,122.36999702453613,117.84499740600586,96.0,8.0,88.0,128.24892746777343,,0.0,0.0,69.87933524849183,1.0,1.0,0.9436671054207588,22.383365287153442,62.90695823228628,89.68469925055773,90.76533318717479,-10.31530074944227,7.619647171918103,9.349225224834623,2.603938441562518,1.777777782108969,0.8261606594535489,1.6626450211259107,-0.007983346777603484,1.670628367903514,134.51449636237774,0.16792995818566414,0.16778911348964698,624.6904304110736,24.028880622484223,-21110747.680753917
2021-01-27,143.42999267578125,144.3000030517578,140.41000366210938,142.05999755859375,139.41671752929688,140843800,-1.100006103515625,0,11254954058.905247,8267422500,-0.03752390186888665,126622789.8375775,-1.3257119498059629,4.885901797642604,142293419.99698603,134.05803063813582,59.66651051037888,8373.69441486695,132.9965000152588,143.19135823691917,122.8016417935984,15.33101731322361,0.9445131725362453,0.0,0.0,134.8210006713867,138.86200256347655,130.77999877929688,5.994617859185593,1.3956933305793788,1.0,0.0,126.37999725341797,145.08999633789062,135.7349967956543,14.068038694496504,0.8380545736203987,4.200027399721373,3.9921569510801627,3.724764941075591,2.5923538439273797,1.1324110971482115,134.05500030517578,132.5507698059082,136.24769924279036,132.52293430171477,1.1545130943952615,0.7084953453297942,0.4460177490654673,0.28175854426058683,26.56539092650307,-4.016504287719727,64.35535340344522,56.095435115014006,8.259918288431216,136.01499938964844,134.2699966430664,135.14249801635742,128.83999633789062,92.05575144534706,21.403555783071255,33.04946277877101,14.55057918323664,150.75760844747793,122.97500038146973,118.45000076293945,92.0,4.0,88.0,129.25939159998046,,0.0,0.0,67.33947903956006,0.883473069592729,0.9611576898642427,0.987052563288081,24.309086990030057,65.22154526383503,83.37904833011221,87.15522696813571,-16.62095166988778,9.429441003238452,7.580457611131185,2.8106568577748394,1.9843535972421433,0.8263032605326961,3.53063869242995,0.6997410610639073,2.8308976313660428,135.79700130465815,-0.7683752971338942,-0.7713425094435955,619.1220881631017,21.921205757651293,48083905.013585955
2021-01-28,139.52000427246094,141.99000549316406,136.6999969482422,137.08999633789062,134.5391845703125,142621100,-4.970001220703125,0,11133362090.135813,8124801400,-0.05017445341936569,7272813.989634678,-11.164503022969447,3.8353164210727035,137303788.480164,134.74939412016988,51.30430508758869,8373.69441486695,133.10750007629395,143.42908889560113,122.78591125698676,15.508650997714026,0.6929206990956261,0.0,0.0,135.6526672363281,139.92667083740236,131.3786636352539,6.301392649549966,0.6681478580412565,0.0,0.0,126.37999725341797,145.08999633789062,135.7349967956543,14.056307175590064,0.5724211442298165,4.316024720784392,3.993578453329843,3.5160482179839505,2.777092718738694,0.7389554992452565,134.73083368937174,132.95192337036133,136.3772834112673,132.86123519328336,1.0832305654609196,0.7819812142208719,0.3012493512400477,0.3004791876842759,26.570148807407506,-4.307497024536133,65.86410434592446,56.00201475837878,9.862089587545682,136.01499938964844,134.2699966430664,135.14249801635742,128.83999633789062,96.02787572267353,21.36533780837384,29.980017355181026,19.62764109837861,85.82713511150429,122.97500038146973,118.45000076293945,88.0,0.0,88.0,130.20922788425506,,0.0,0.0,57.22007627825726,0.41920153438427366,0.7675582013256673,0.9095719637299702,22.711429694109654,58.26799258743548,56.116281541883,76.393343040851,-43.883718458117,9.522147638657515,6.28779723910315,2.6464063899969674,2.116764155793108,0.5296422342038594,5.007274777105915,1.561247804272309,3.4460269728336064,135.85347783041564,-3.4985226707843653,-3.5611868649292333,593.9634388780976,17.044590803663027,30850761.687321022
2021-01-29,135.8300018310547,136.74000549316406,130.2100067138672,131.9600067138672,129.50465393066406,177523800,-5.1299896240234375,0,11050988889.852602,7947277600,-0.05260566929594543,-123865481.15420055,-21.592068753436436,2.018336968677945,130660741.74922246,134.75641787380846,42.71918741408299,8373.69441486695,133.01950035095214,143.34870828869782,122.69029241320646,15.530366465809301,0.44871370372875913,0.0,0.0,135.99400126139324,140.6970041910807,131.29099833170574,6.916485853883912,0.0711256607919981,0.0,0.0,126.37999725341797,145.08999633789062,135.7349967956543,14.065606196917827,0.29823675753570955,4.5724212111082965,4.41559108838524,2.903224852756665,2.8023191455422882,0.10090570721437686,134.99416732788086,133.09538533137396,135.69770238089808,132.7944775281414,0.9269290567253018,0.894144444032411,0.03278461269289079,0.3044738977865281,26.55072232982728,-2.1295009613037053,63.28576536138662,56.53790073021889,6.747864631167737,136.01499938964844,135.7349967956543,135.87499809265137,128.83999633789062,94.45547290103872,20.042707639182424,26.56903884937753,28.127065836259064,-0.9505721284046273,122.97500038146973,118.45000076293945,84.0,36.0,48.0,,145.08999633789062,0.0,1.0,49.02993939217699,0.04344344713739895,0.44870601703813356,0.7258073027426813,18.423209254111274,51.43096756239997,27.97590399766975,55.82374462322168,-72.02409600233025,8.4360299503102,2.453418934190195,2.186254207853954,2.1306621662052776,0.05559204164867637,8.250437710492085,2.899085785516264,5.351351924975821,135.78981904721775,-3.7420597863168426,-3.8138720496204037,567.9949121000989,14.430290909195804,61169758.682368204
2021-02-01,133.75,135.3800048828125,130.92999267578125,134.13999938964844,131.6440887451172,106239800,2.17999267578125,1,11098020791.328415,8053517400,-0.017296809250721988,-73084414.43553407,-1.340398324463002,2.171540475941933,132415834.00515614,135.01376899432822,48.908005323119816,8512.028694685701,133.09200019836425,143.4312894173751,122.7527109793534,15.537055876537837,0.5506804273042887,0.0,0.0,136.53033447265625,141.35633850097656,131.70433044433594,7.069497114997319,0.25234841610360537,0.0,0.0,126.37999725341797,145.08999633789062,135.7349967956543,14.057944171390258,0.4147516042729505,4.560180310700592,4.478895426637588,2.5639099526806888,2.754637306969969,-0.19072735428928,135.2650006612142,133.18230819702148,135.45805576685967,132.89414581417898,0.9956600398921166,0.9082140379828678,0.08744600190924878,0.301198149016989,26.611442167253898,-4.181996536254871,63.0519192020186,57.63803504843046,5.413884153588143,136.81999969482422,135.7349967956543,136.27749824523926,128.83999633789062,89.37413533971983,18.81455105350468,24.618033069637523,26.061651715531287,6.836931831600356,125.39000129699707,120.8650016784668,80.0,32.0,48.0,,144.79239654541016,0.0,0.0,52.16341370741368,0.18720518537301672,0.21661672229822948,0.47762698022067696,16.03415313455385,52.75296214712666,39.93417710076244,41.342120880105085,-60.06582289923756,6.576236724853516,2.483001004778849,1.9292873564691935,2.090387204258061,-0.16109984778886743,6.143654725273648,3.5479995734677408,2.5956551518059072,135.71851992570987,1.652010127968695,1.638512888305499,579.0302557023081,19.838452254720252,-31072099.156783074
2021-02-02,135.72999572753906,136.30999755859375,134.61000061035156,134.99000549316406,132.47828674316406,83305400,0.850006103515625,1,11051958350.849468,8136822800,-0.023714594358819518,-52528055.45105628,4.703768884725527,2.7405511677037704,132943716.05956203,135.39962719172036,54.14537900000525,8565.966941120056,133.371000289917,143.59834610744107,123.1436544723929,15.336686079121037,0.5791507998327868,0.0,0.0,137.2780008951823,142.0970041910807,132.45899759928386,7.0207946859277826,0.26260698929531806,0.0,0.0,126.37999725341797,145.08999633789062,135.7349967956543,14.028536221368624,0.46018218391531085,4.3211620965250646,4.472915718194336,2.3366533531559526,2.6710405162071655,-0.33438716305121297,135.77166748046875,133.33730815007135,135.38604803244496,133.049394679289,1.0744113034497496,0.8766857176289411,0.19772558582080846,0.29391423249647164,26.58061202301454,-6.231000900268555,65.11688484910265,59.52396193168378,5.592922917418868,137.6500015258789,135.7349967956543,136.6924991607666,128.83999633789062,82.64794007600094,17.499187806658846,25.29525243904286,25.09396485103733,31.310863785407655,125.4900016784668,120.8650016784668,76.0,28.000000000000004,48.0,,144.5007487487793,0.0,0.0,53.36721291961285,0.24243470054437277,0.15769444435159585,0.2743390612293198,14.535699756325224,49.07393616506522,44.35264880897335,37.4209099691352,-55.64735119102665,4.695207416310041,4.716470140665885,1.7562299766852567,2.0235557587435,-0.2673257820582433,2.8898658549509033,3.4163728297643736,-0.5265069748134703,135.68627954328377,0.63367087176327,0.6316716192371175,583.3330726431532,20.25363080386917,-20328463.397235364
2021-02-03,135.75999450683594,135.77000427246094,133.61000061035156,133.94000244140625,131.44778442382812,89880900,-1.0500030517578125,0,10989541165.00621,8046941900,-0.07514142794900278,-58506221.7144395,-1.8504438304860797,2.20406335530692,132244588.602311,135.62557798805457,48.78382503386383,8565.966941120056,133.51750068664552,143.6891591568456,123.34584221644545,15.236442290920513,0.5207685775136147,0.0,0.0,137.61966756184896,142.2606709798177,132.97866414388022,6.744680466377345,0.10357009152417125,0.0,0.0,126.37999725341797,145.08999633789062,135.7349967956543,14.013143586610019,0.4040622959870851,4.105046253083495,4.6565709638048665,2.0482138553464324,2.546475184035019,-0.4982613286885864,136.33833440144858,133.4130774277907,135.16357947997747,133.11536562463104,1.0320989502460745,0.9129217137859511,0.11917723646012335,0.2821203715781747,26.42528410106593,-5.687498855590832,64.80271722510975,61.25158421466727,3.551133010442477,137.6500015258789,135.7349967956543,136.6924991607666,128.83999633789062,69.44257164388895,16.47371546175447,24.3269728371633,25.905568099449688,14.716523355514523,125.73750114440918,120.8650016784668,72.0,24.0,48.0,,144.21493390808106,0.0,0.0,51.638508412355094,0.16312287607826115,0.19758758733188322,0.190632917993903,12.790569118385479,41.85390930371961,38.56750608250005,40.95144399741197,-61.43249391749995,2.8020600935992093,5.348437222276296,1.5386757537233857,1.9265797577394772,-0.3879040040160915,0.6626625388310823,2.8656307715777154,-2.202968232746633,135.66588667228072,-0.7778376242906226,-0.780878560433873,578.0178509049135,18.84933291210058,4849633.198211789
2021-02-04,136.3000030517578,137.39999389648438,134.58999633789062,137.38999938964844,134.83364868164062,84183100,3.4499969482421875,1,11073125425.647188,8131125000,0.02393028682816756,-8657984.59901002,4.356012350374407,2.5311685031485567,134412958.2663374,136.00648772845437,54.03607651386586,8786.607222342505,134.05700073242187,143.84103245281804,124.2729690120257,14.596823242264126,0.6703284879115053,0.0,0.0,137.59466756184898,141.90867055257164,133.2806645711263,6.270596189759346,0.47627862421042944,0.0,0.0,126.86000061035156,145.08999633789062,135.9749984741211,13.59868983189187,0.5776193772437247,4.040540773282958,4.531005671044662,2.0741004571463577,2.452000238657287,-0.37789978151092907,137.1350008646647,133.4400003873385,135.50610561992684,133.43200516278048,1.0324354444068808,0.8705827516388358,0.16185269276804504,0.2724584923618584,26.187664055879395,-2.0270019531249943,64.51442182655084,62.80796186169515,1.7064599648556964,137.6500015258789,135.7349967956543,136.6924991607666,128.83999633789062,42.94751988755941,15.502193381971875,25.73821191207577,24.300885697459744,41.197366193926165,127.67999649047852,122.32999801635742,68.0,20.0,48.0,,143.9348353641968,0.0,0.0,56.611664234954446,0.39128799046805696,0.26561518903023,0.20696574023790318,12.837960304173587,46.35261954933305,57.575760123348225,46.83197167160723,-42.424239876651775,1.8385295867919922,7.478680608350949,1.554425008165063,1.8521488078245945,-0.29772379965953144,-1.5570118231188954,1.9811022526383935,-3.5381140757572886,135.67611715564004,2.575777874687901,2.5431635783867534,595.4820846949568,22.905202149476466,929643.1388757676
2021-02-05,137.35000610351562,137.4199981689453,135.86000061035156,136.75999450683594,134.41590881347656,75693800,-0.6300048828125,0,11084770170.02686,8055431200,-0.0017599197760944187,-14233624.456098992,1.329309785374232,2.887860478769937,134065862.67123963,136.59356957441062,59.79758189292032,8746.316040465927,134.3490005493164,144.08960110501653,124.60839999361627,14.500443644349373,0.6237600260750166,0.0,0.0,137.46466674804688,141.45166931152343,133.4776641845703,5.800767073889864,0.41162882014847857,0.0,0.0,126.86000061035156,145.08999633789062,135.9749984741211,13.56913386255319,0.5430606811129962,3.7924864518140367,4.297782016917823,2.0204887105584532,2.36569793303752,-0.3452092224790668,137.52916717529297,133.51269267155573,135.69901160252823,133.67852289196978,1.0835686077363638,0.8537557587305379,0.22981284900582588,0.2631407292395555,25.95094898424758,2.5209945678710994,63.48784968468597,63.86287116939851,-0.3750214847125406,137.2550048828125,135.7349967956543,136.4950008392334,128.83999633789062,21.473759943779704,14.605408905377299,25.024137651143274,23.59133717064927,39.968975415110485,128.4049949645996,123.05499649047852,64.0,16.0,48.0,,143.6603387911902,0.0,0.0,55.48950846810844,0.30982044374081863,0.2880771034290453,0.250426626597053,12.538986523529857,47.64013384816311,54.10465767336596,50.08264129307144,-45.89534232663404,2.201675213084485,3.58251592158672,1.5114534981743326,1.7840097458945423,-0.2725562477202097,-3.989729420010857,0.7869359181085436,-4.7766653381194,135.6927379371112,-0.4585522131241526,-0.45960678887357886,592.292936203706,20.575512647981853,-2515028.686905563
2021-02-08,136.02999877929688,136.9600067138672,134.9199981689453,136.91000366210938,134.56332397460938,71297200,0.1500091552734375,1,11152572210.567198,8126728400,0.004506544187656971,-10672359.141604662,-2.0028833612446184,2.85415075207147,134144067.06707871,137.08645501204907,60.32274794793773,8755.909690171136,134.59200057983398,144.33354935897432,124.85045180069363,14.475672754952612,0.6189750795704557,0.0,0.0,136.9393341064453,140.27533721923828,133.60333099365235,4.872235044169024,0.4956039542913699,0.0,0.0,126.86000061035156,145.08999633789062,135.9749984741211,13.544635378776348,0.5512893805331956,3.6172386611248206,4.2292016751970865,1.9674262353269967,2.2860435934954157,-0.3186173581684191,137.53250122070312,133.63538507314829,135.88531807323304,133.91789183790604,1.068669820854109,0.8370750687879518,0.2315947520661572,0.2541518952383493,25.714200369987374,4.478006744384771,60.93539502295118,63.93493454679726,-2.9995395238460816,137.2550048828125,135.7349967956543,136.4950008392334,128.83999633789062,10.736879971889852,13.627490253751281,24.035786901061417,24.479482219027958,29.573346361075586,128.4049949645996,123.05499649047852,60.0,12.0,48.0,,143.39133214964374,0.0,0.0,55.714603698313354,0.3206166908722068,0.34057504169369385,0.2980891113843232,12.361435186491562,55.465562152752376,50.54415963615062,54.07485914428829,-49.45584036384938,2.548969919541321,0.029231056001441262,1.4691287387561072,1.7210335444668554,-0.25190480571074825,-6.303590991723968,-0.6311694638579588,-5.672421527866009,135.76745530047543,0.10968789214593766,0.1096277789314648,593.052297732903,20.800974403232715,108437.07321739197
2021-02-09,136.6199951171875,137.8800048828125,135.85000610351562,136.00999450683594,133.6787567138672,76774200,-0.9000091552734375,0,11087899477.621723,8049954200,-0.005834985705559207,-19018805.391203128,2.4458152164584503,2.3018061916131023,133639374.3416346,137.472178470495,59.725906297396136,8755.909690171136,134.94350051879883,144.35130501564976,125.5356960219479,13.943323629047754,0.5566813430484284,0.0,0.0,136.3030008951823,139.54900309244792,133.05699869791664,4.762921103640016,0.454866575784643,0.0,0.0,126.86000061035156,145.08999633789062,135.9749984741211,13.509354401992457,0.5019196950585115,3.4585146729420257,4.421966146783015,1.831636657043191,2.195162206204971,-0.36352554916178015,137.2775001525879,133.76307707566482,135.9044990630181,134.07286240597492,1.072476731338992,0.8914582923009354,0.1810184390380566,0.24392469664769276,25.292218214441164,7.976497650146484,57.338394446588794,63.15527244047988,-5.816877993891083,136.10000610351562,135.7349967956543,135.91750144958496,128.83999633789062,5.368439985944926,12.862929798082932,24.900072921150482,23.485452471902935,30.210614917131743,128.4049949645996,123.05499649047852,56.00000000000001,8.0,48.00000000000001,,143.1277056409282,0.0,0.0,53.951722436313254,0.23606358083731044,0.2888335718167783,0.3058285723131726,11.723492298895504,57.78753489111391,38.97843976722127,47.87575235891264,-61.02156023277873,2.5577652875115007,-2.20033986929252,1.366150184439983,1.650056872461481,-0.283906688021498,-7.710083681704971,-2.0469523074273615,-5.66313137427761,135.78585882981162,-0.6573728224378961,-0.659543033724308,588.4963602823256,19.81026686492521,10126250.730877772
2021-02-10,136.47999572753906,136.99000549316406,134.39999389648438,135.38999938964844,133.0693817138672,73046600,-0.6199951171875,0,11070695511.955612,7976907600,-0.030354225163765555,-22771623.95348103,-4.1484868370090755,-0.20297338039640409,133306394.87574048,137.4415683025091,53.6145765135535,8715.996290614547,135.27300033569335,144.24873790741754,126.29726276396917,13.270552955061246,0.5065175175310194,0.0,0.0,135.6366673787435,138.75267079671227,132.52066396077473,4.5946328204420315,0.46041917225240814,0.0,0.0,126.94000244140625,145.08999633789062,136.01499938964844,13.41730711335105,0.4655647267120535,3.371664365315792,4.653805687996816,1.6549171586458158,2.0871131966931404,-0.43219603804732465,136.65000025431314,133.9930769113394,135.82534526711507,134.17042810846925,0.9862007536511468,1.0215503614802577,-0.035349607829110896,0.2319151424531261,24.97181340674086,7.887003326416021,52.630862585065486,61.68491224482888,-9.054049659763393,134.04500579833984,135.7349967956543,134.89000129699707,130.12999725341797,2.684219992972463,12.18113839209609,23.584214440173984,25.202897695929334,7.118981898388274,129.04999542236328,123.05499649047852,52.0,4.0,48.0,,142.869351662387,0.0,0.0,52.71432645016619,0.17671433183869817,0.24446486784940483,0.2912911604532925,10.853350121111827,53.41346494506869,34.81180300971621,41.44480080436272,-65.1881969902838,2.47008819580077,-5.268680993401417,1.2334440472291766,1.5667343074150202,-0.3332902601858436,-9.107305212038213,-3.4590228883495318,-5.648282323688681,135.75784128507107,-0.4558452630158305,-0.4568874057798489,585.3578822379421,19.665579066238735,5523085.029151022
2021-02-11,135.89999389648438,136.38999938964844,133.77000427246094,135.1300048828125,132.81385803222656,64280000,-0.2599945068359375,0,11073149101.38859,7912627600,-0.05610396400075284,-21906027.231471464,-2.506676104786738,-0.624664779110111,133182955.57464916,137.2942696156769,47.561309499874596,8699.258635194072,135.48500061035156,144.23405990675272,126.7359413139504,12.915170324371235,0.47971234875016294,0.0,0.0,135.28700103759766,138.13600311279296,132.43799896240233,4.21178982953957,0.4724471673516797,0.0,0.0,126.94000244140625,145.08999633789062,136.01499938964844,13.396312370166271,0.45123995567803693,3.296497440502962,4.8892943725413875,1.476861953844491,1.9650629481234105,-0.4882009942789196,135.98083368937174,134.15153884887695,135.7183698233762,134.24150786953172,0.9449600107886134,1.0378778460461267,-0.09291783525751329,0.21840102186807983,24.666430666356955,6.5749969482421875,47.80497499004011,59.964824425790376,-12.159849435750267,134.40499877929688,135.7349967956543,135.0699977874756,130.65499877929688,1.3421099964862315,11.738586749435466,22.30039324007867,25.13989133648363,-7.920674211048402,130.1399974822998,123.05499649047852,48.0,0.0,48.0,,142.6161647634166,0.0,0.0,52.17392379447379,0.150794988207994,0.18785763362800056,0.24038535776472805,9.982261729934718,53.558512033065675,33.064526879790805,35.618256552242784,-66.9354731202092,2.197383566463685,-5.609107693409623,1.1001529834422314,1.4734180426204626,-0.37326505917823116,-10.9473490645596,-4.956688123591546,-5.990660940968054,135.74517098388012,-0.19203376025409558,-0.1922183814739853,584.0417637254828,19.816453981894114,-442718.7844566405
2021-02-12,134.35000610351562,135.52999877929688,133.69000244140625,135.3699951171875,133.04971313476562,60145100,0.239990234375,1,11122833923.76764,7972772700,0.0056325218344871406,-16714560.963331569,-1.437856990674009,-2.0370487059596445,133289772.98102775,136.6904218419536,39.09612800793899,8714.708476408536,135.80800018310546,144.02294095920115,127.59305940700978,12.097874595045583,0.47334094804478105,0.0,0.0,135.47633361816406,137.85633544921876,133.09633178710936,3.5135315039786383,0.4776599959737345,0.0,0.0,126.94000244140625,145.08999633789062,136.01499938964844,13.364451189924992,0.4644625625694632,3.1508473302417284,5.100997013270588,1.3396741972255768,1.8399851979438437,-0.500311000718267,135.42333348592123,134.4888464120718,135.66477371473178,134.3250995175062,0.9001826335733522,1.182356014730036,-0.2821733811566839,0.20439940550584149,24.382680592403382,1.281996154785162,46.21358180366799,58.09389804819586,-11.880316244527869,135.74500274658203,135.9749984741211,135.86000061035156,130.9499969482422,0.6710549982431158,11.352889552495261,21.418583222530625,24.317728433702744,-20.300031283236095,130.19249534606934,123.05499649047852,44.0,12.0,32.0,,142.36804160242562,0.0,0.0,52.65638710290836,0.17393538574082934,0.16714823526250688,0.19982357891330424,9.364767561969325,58.31632843172792,36.62164474410928,34.832658211205455,-63.37835525589072,1.7030013140509936,-4.70927956946283,0.9973372080405427,1.3782018757044787,-0.380864667663936,-12.768338337710599,-6.519018166415357,-6.249320171295242,135.71916333840213,0.17759951580194056,0.17744199433913366,585.2566185857422,20.259832736929567,1728553.193377331
2021-02-16,135.49000549316406,136.00999450683594,132.7899932861328,133.19000244140625,130.90708923339844,80576300,-2.17999267578125,0,11062277030.897566,7892196400,0.026263782024205155,-39420444.23164888,-0.8392317281982365,-2.5266681904386417,131992175.65386902,136.06295358504613,32.01101725818475,8714.708476408536,136.11050033569336,143.42235109111306,128.79864958027366,10.743992178981436,0.3002901049284701,0.0,0.0,135.52766672770184,137.7846674601237,133.27066599527996,3.330686326883456,-0.017869633960452807,0.0,1.0,126.94000244140625,145.08999633789062,136.01499938964844,13.33474923075039,0.3443527328794648,3.157762719287868,5.367014943492141,1.0430214200717955,1.6805924423694343,-0.6375710222976387,135.09833399454752,134.57615426870493,135.2840396726817,134.2410182526099,0.7714032328500637,1.1524741329599808,-0.38107090010991707,0.18706918693065525,24.256476643419237,-4.150493621826172,40.48514193425126,55.35703772432348,-14.871895790072223,135.33499908447266,135.9749984741211,135.65499877929688,132.54999923706055,0.3355274991215579,11.286153146213726,19.93312112917203,24.569681123869618,-52.733205602637724,130.99249649047852,123.05499649047852,40.0,8.0,32.0,,142.12488090465445,0.0,0.0,47.92679116053601,0.0,0.10824345798294081,0.15441644229114956,7.551915165984507,46.63355614357046,21.149726771222067,30.278632798374076,-78.85027322877794,1.332647031896272,-2.8448420750350887,0.7769766898736387,1.2579568385383106,-0.480980148664672,-12.244931847901084,-7.664200902712503,-4.580730945188581,135.68280845911212,-1.6103957704172722,-1.6235035584380775,574.2212749835331,18.011812522596657,26040623.755764723
2021-02-17,131.25,132.22000122070312,129.47000122070312,130.83999633789062,128.5973663330078,97918500,-2.350006103515625,0,11061920615.902893,7794277900,0.025740340512317543,-66661676.86242686,-9.98404781363934,-3.1451207521410254,130264500.38974155,134.9850735550771,33.34576625905905,8714.708476408536,136.26100006103516,142.98520054743696,129.53679957463336,9.869589219791193,0.096903473200471,0.0,0.0,135.0816665649414,137.44366760253905,132.71966552734375,3.4971452420778406,-0.3978976214517042,0.0,1.0,128.5500030517578,145.08999633789062,136.81999969482422,12.138464622103228,0.13845188728418353,3.213986569429393,5.512363344766408,0.611249994727018,1.466723952840951,-0.855473958113933,135.00499979654947,134.5296155489408,134.60034069809845,133.98909070337143,0.7208617719984305,1.2170072847732532,-0.49614551277482266,0.16445983248505394,24.246510195351842,-2.1210006713867244,32.36173192386814,51.75248380196331,-19.390751878095166,133.6750030517578,135.9749984741211,134.82500076293945,132.61999893188477,0.16776374956077894,12.168083354525091,18.3497835857141,29.70716742942671,-147.10225080241568,131.02749633789062,123.05499649047852,36.0,4.0,32.0,,141.8865834208387,0.0,0.0,43.40121848374473,0.0,0.05797846191360948,0.1111233850530192,4.652250824865595,45.00500007632769,10.942449278559337,22.90460693129692,-89.05755072144066,0.2633518892176028,-0.8487498628316338,0.45619385243849386,1.0976042413183473,-0.6414103888798535,-10.094917806401709,-8.150344283450345,-1.944573522951364,135.31456292109118,-1.7644012767020212,-1.7801523862226887,562.325306199927,16.868129730124082,33389163.408759207
2021-02-18,129.1999969482422,130.0,127.41000366210938,129.7100067138672,127.48674774169922,96856700,-1.1299896240234375,0,11137087870.009811,7697421200,0.023453361218729752,-72773875.31310172,-5.722464818931087,-2.756403737566857,129428004.90609367,134.10407255482312,34.805882556451294,8639.444563000134,136.14500045776367,143.2276466403146,129.06235427521275,10.40456301551546,0.045721078108491034,0.0,0.0,134.54166666666669,136.94666697184246,132.13666636149088,3.575101104008606,-0.5045029812265078,0.0,1.0,127.41000366210938,145.08999633789062,136.25,12.986149044280273,0.13009072424042614,3.2355871800645786,5.597675388627592,0.17586010463762136,1.2085511832002853,-1.032691078562664,134.63583374023438,134.55769289456882,133.84798162360133,133.6721215189637,0.7289543947811103,1.2065454671769575,-0.4775910723958472,0.1373445739473687,24.251490132489756,-1.1549949645996094,23.621020547058038,47.20877254868633,-23.587752001628296,132.64500427246094,135.9749984741211,134.31000137329102,132.61999893188477,0.08388187478038947,13.476457757299977,17.008275543625704,31.926069735279466,-186.43360761987424,131.02749633789062,123.05499649047852,32.0,0.0,32.0,,141.38992013283325,0.0,0.0,41.377946474911255,0.0,0.0,0.05540730663218358,1.5978630927431337,45.80271618260004,21.967552851950416,18.01990963391063,-78.03244714804958,-0.9034714193905131,-3.3025143103758743,0.13156079415757052,0.9043955518861919,-0.7728347577286214,-8.39537002174444,-8.199349431109164,-0.19602059063527655,134.88024122883027,-0.8636423537534132,-0.8673933567784786,556.6051843359573,17.299749436284145,21040410.558482796
2021-02-19,130.24000549316406,130.7100067138672,128.8000030517578,129.8699951171875,127.64398956298828,87668800,0.1599884033203125,1,11147643929.204212,7785090000,0.024379116781461235,-60373894.363657504,2.287597952844617,-1.050713258546782,129536138.3623192,133.9502276106732,44.97411934421613,8650.100725745217,135.79500045776368,143.37417534034924,128.21582557517812,11.162671463656592,0.10912596474123583,0.0,0.0,133.87500050862633,136.19000142415365,131.55999959309895,3.458451401280377,-0.36501162150220434,0.0,1.0,127.41000366210938,145.08999633789062,136.25,13.01961973281944,0.13913984582402675,3.103028828269058,5.394631627187064,-0.1544988267018823,0.9359411812198519,-1.0904400079217342,134.20916620890299,134.59884643554688,133.23598369953766,133.39048252623954,0.913978194705366,1.083333470060789,-0.16935527535542305,0.10837441570582412,24.220847330158804,-1.8549980163574276,14.234272294858663,41.736152838705515,-27.501880543846852,132.64500427246094,136.01499938964844,134.3300018310547,132.61999893188477,0.041940937390194735,14.390971382234302,17.85520421252897,30.585162255540137,-143.204042126813,130.32749938964844,123.05499649047852,28.000000000000004,12.0,16.000000000000004,,140.55112514458983,0.0,0.0,41.791694599951185,0.027160023019801395,0.00905334100660017,0.022343934306736698,-0.8432606163970094,49.92703680165062,23.49561765297408,18.8018732611613,-76.50438234702592,-1.8231768439797804,-3.7928810783223814,-0.11582447546172607,0.7003515464166084,-0.8161760218783344,-7.7932838775920406,-8.118136320405739,0.3248524428136985,133.13719343579734,0.12334314627955312,0.12326714111257076,557.4150618289522,18.52934914398554,9565830.91880107
2021-02-22,128.00999450683594,129.72000122070312,125.5999984741211,126.0,123.84031677246094,103916400,-3.8699951171875,0,11063905534.472935,7681173600,-0.05738374706659292,-109199903.82537831,-8.306125404606775,-1.5482651928427658,126439534.25270312,133.37272387285262,35.978590831940366,8650.100725745217,135.14150009155273,143.67255593386886,126.61044424923658,12.625367983242317,-0.035777766581284405,0.0,1.0,132.91766738891602,135.4886688232422,130.34666595458984,3.868562373733882,-0.8453254627858728,0.0,1.0,125.5999984741211,145.08999633789062,135.34499740600586,14.42191913702739,0.020523425845134627,3.2197256097487923,5.583516036564474,-0.7202839380773867,0.6046961573604043,-1.324980095437791,133.5474993387858,134.410769535945,132.12275543807033,132.84303937614771,0.8036197379172905,1.0696925263046173,-0.26607278838732684,0.0735427353705837,24.33140275610522,2.248499298095709,5.4817858695325405,35.5746407105479,-30.092854841015356,131.7400016784668,135.34499740600586,133.54249954223633,132.61999893188477,0.020970468695097368,15.95249612596453,16.215513013819063,34.658534332828516,-178.00412357799212,130.01499938964844,123.05499649047852,24.0,100.0,-76.0,,139.762657855641,0.0,0.0,35.30128479317949,0.0,0.00905334100660017,0.006035560671066927,-5.095021110274246,43.99565568352779,3.257339716010226,16.24017007364493,-96.74266028398978,-3.0493533639346992,-5.9280291896961135,-0.5422067587883836,0.45183988537561,-0.9940466441639937,-5.784554181616657,-7.651419892647923,1.8668657110312665,130.47430706693928,-2.9798993321709433,-3.025200557282659,537.82475479192,14.948608937814654,29514057.53965956
2021-02-23,123.76000213623047,126.70999908447266,118.38999938964844,125.86000061035156,123.70272064208984,158273000,-0.1399993896484375,0,11189839156.24477,7522900600,-0.03282653206495087,-96765363.76429959,-26.8619432996636,-3.8029589202991323,126263676.13049813,131.98056272144373,27.127578281439668,8650.100725745217,134.28850021362305,142.94856480192902,125.6284356253171,12.897700956566993,0.013369703116715698,0.0,0.0,131.6566670735677,134.85566762288414,128.45766652425132,4.859610410050648,-0.40601210813403155,0.0,1.0,118.38999938964844,144.3000030517578,131.34500122070312,19.29428329372384,0.288305679849332,3.7297530182563348,5.820646047907714,-1.1665225500036343,0.2504524158875966,-1.4169749658912307,132.58666610717773,134.29346172626202,131.15925469534437,132.325777245348,0.5902246191399726,1.1619183094519312,-0.5716936903119586,0.035949687398575424,24.695061054188045,2.471494293212885,-4.932113426222005,28.65569539134669,-33.58780881756869,127.69000244140625,131.73999786376953,129.7150001525879,131.73999786376953,0.010485234347548684,18.52774285288576,13.59565457186029,43.05992943346674,-211.8510541363114,129.7324981689453,123.05499649047852,20.0,100.0,-80.0,,138.6296451051194,0.0,0.0,35.08898316285486,0.0,0.00905334100660017,0.00905334100660017,-8.634268973954264,54.94131404986319,38.327342818467436,21.69343339581727,-61.672657181532564,-5.1947934094597485,-8.392167428865712,-0.881553522138593,0.18516120387276944,-1.0667147260113623,0.33771979294591403,-6.053591955529156,6.39131174847507,128.66597180864508,-0.11111062670511318,-0.11117240032421094,537.1160637095903,17.14145491635429,75179187.23025423
2021-02-24,124.94000244140625,125.55999755859375,122.2300033569336,125.3499984741211,123.20146942138672,111039900,-0.5100021362304688,0,11286874060.48333,7411860700,0.0053265467600747025,-91031824.11323074,4.03354673965596,-3.3826738795747007,125813727.09242257,131.12282858456066,35.322651236805726,8615.04932079253,133.39799995422362,141.88701661151578,124.90898329693148,12.727352224478938,0.02597563386866347,0.0,0.0,130.4366668701172,133.76566696166992,127.10766677856445,5.1043930689636525,-0.26399342987454416,0.0,1.0,118.38999938964844,144.3000030517578,131.34500122070312,19.423082558209686,0.2686220803068011,3.719777441772498,6.033463566199624,-1.543529922921465,-0.1083440518742157,-1.4351858710472492,131.6358331044515,134.22461553720328,130.26552296900232,131.80905289192378,0.7054210583975227,1.1635309063172048,-0.4581098479196821,-0.0027012185358212502,25.008743336701514,3.5120037078857536,-15.345636054151136,21.1027510981004,-36.448387152251534,127.38999938964844,131.73999786376953,129.56499862670898,131.73999786376953,0.005242617173774342,20.9190433850269,12.636391194337648,40.02176653179028,-167.3983553315379,129.48749923706055,123.05499649047852,16.0,96.0,-80.0,,136.6056805335723,0.0,0.0,34.28019163243272,0.0,0.0,0.0060355606710669266,-11.836067469954868,57.168695650089596,35.71060606890958,25.765096201129108,-64.28939393109042,-6.402734778909135,-8.343080206942036,-1.171034833386653,-0.08607800357911505,-1.0849568298075378,1.1470504090271207,-4.613463482617901,5.760513891645021,127.37218717204108,-0.40521383581537673,-0.40603705168802406,534.5343812692367,17.325063585947362,-3993818.66428712
2021-02-25,124.68000030517578,126.45999908447266,120.54000091552734,120.98999786376953,118.91619873046875,148199500,-4.3600006103515625,0,11161204744.050228,7263661200,-0.04712346697697552,-170334407.87616867,-1.5778744103006406,-3.8065229339086324,120658961.09067272,129.81853917972973,27.151036452963766,8615.04932079253,132.34449996948243,141.47738656749203,123.21161337147282,13.801686658857113,-0.12162723602565388,0.0,1.0,129.14366683959963,132.8056655883789,125.4816680908203,5.671201443161144,-0.6132812345372926,0.0,1.0,118.38999938964844,141.99000549316406,130.19000244140625,17.832253028238874,0.11016939837713768,3.939799514489779,6.700774072869179,-2.169122301697996,-0.5204997018389719,-1.6486225998590243,130.30916595458984,133.96153846153845,128.8385191066588,131.0076414083568,0.67791918705316,1.1842887597957137,-0.5063695727425537,-0.0467979034698745,25.288608389280512,3.66549453735351,-27.51654365606726,12.733693470755135,-40.2502371268224,127.19999694824219,131.73999786376953,129.46999740600586,131.73999786376953,0.002621308586887171,23.355340802086868,11.243151712970645,38.75664157955194,-165.20671661049278,129.48749923706055,123.7599983215332,12.0,92.0,-80.0,,134.7841124191799,0.0,0.0,28.279095721404232,0.0,0.0,0.003017780335533538,-16.786920599171655,51.527794598017735,13.340162859538541,29.126037248971873,-86.65983714046146,-7.29035278769102,-11.628080762914914,-1.6557219703976986,-0.4000067969428318,-1.2557151734548668,4.549499635498121,-2.780870858994697,7.330370494492818,124.79892228094953,-3.47826139882379,-3.5401932534226077,512.4636168232836,13.592653275846828,51319692.06113687
2021-02-26,122.58999633789062,124.8499984741211,121.19999694824219,121.26000213623047,119.18157958984375,164560400,0.2700042724609375,1,11002055014.52114,7428221600,-0.06528210223027825,-139653490.88273305,-1.0535700441801215,-3.976728636019658,121026198.15044944,128.5750336274427,19.896745315483713,8615.04932079253,131.55300025939943,141.60153257682845,121.50446794197042,15.276781673720969,-0.012164254341697614,0.0,1.0,127.87766647338867,131.6426658630371,124.11266708374023,5.888439308410328,-0.37884002788326315,0.0,1.0,118.38999938964844,137.8800048828125,128.13500213623047,14.815325727830755,0.14725510198489467,3.9318196240759575,7.266775349135,-2.6130006359653635,-0.9389998886642502,-1.6740007473011134,129.07999992370605,133.54730782142053,127.67259341890059,130.28559405486595,0.6763155338328888,1.2044535585332845,-0.5281380247003957,-0.0922126798030955,25.322686687585456,3.836999130249012,-38.79661672993191,3.2881158559107018,-42.084732585842616,127.19999694824219,131.73999786376953,129.46999740600586,131.73999786376953,0.0013106542934435855,25.617616975071122,10.435254274867347,35.971711495802786,-142.6491932079756,129.70750045776367,125.56999588012695,8.0,88.0,-80.0,,133.14470111622677,0.0,0.0,29.106772639919086,0.030168091628245467,0.010056030542748192,0.003352010180916212,-20.56417729780114,48.33011682990966,14.725510198489467,21.258759708979223,-85.27448980151054,-8.438707015093627,-10.844785652766221,-2.005594444206145,-0.7211243263954945,-1.2844701178106506,8.097928984609004,-0.6051108902739566,8.703039874882961,123.46642100210055,0.2231624739467808,0.22291383633978867,513.8304057826102,16.5486829005159,49040327.77232179
2021-03-01,123.75,127.93000030517578,122.79000091552734,127.79000091552734,125.59965515136719,116307900,6.529998779296875,1,11112027102.48035,7544529500,0.03129902319869378,-11204357.181973636,10.319087075392755,-3.09658789054556,127289520.19929229,127.99994340898255,27.32511567407994,9078.980217685934,131.34449996948243,141.5228109399939,121.16618899897097,15.498648170081527,0.32538856082049583,0.0,0.0,127.00833333333335,131.10333302815755,122.9133336385091,6.448395293995235,0.595441714340295,0.0,0.0,118.38999938964844,137.8800048828125,128.13500213623047,14.83884403053993,0.4822985570309803,4.205637478562894,7.352116036431337,-2.4100791931145267,-1.2332157495543057,-1.176863443560221,128.4466667175293,133.19807727520282,127.69065611068932,130.10073530380384,0.7225613927721113,1.0930967029798417,-0.37053531020773045,-0.12688993740064958,25.33384785169036,3.7855049133300724,-44.06448069738171,-6.106286658715183,-37.95819403866653,125.30500030517578,131.73999786376953,128.52249908447266,131.73999786376953,0.0006553271467217927,26.41794701749081,14.650871414070208,31.728964940719674,-74.98847579744876,131.93499946594238,126.12999725341797,4.0,84.0,-80.0,,131.66923094356895,0.0,0.0,45.49054991215194,0.6704204591870763,0.2335295169384403,0.08119518249372965,-18.75020665275507,54.38497220224775,48.229855703098025,25.431842920375374,-51.770144296901975,-8.720177459716794,-5.61341200116895,-1.8524716155421002,-0.9473937842248157,-0.9050778313172845,7.35911935194451,0.9877351581697367,6.371384193774773,123.79770826419902,5.385121774911972,5.245128052439618,546.8859206254401,23.665577403045745,-12601486.719837874
2021-03-02,128.41000366210938,128.72000122070312,125.01000213623047,125.12000274658203,122.97541809082031,102260900,-2.6699981689453125,0,11015830226.302986,7442268600,-0.042231638779502416,-48608936.97807736,5.460105069325509,-2.8812814724836264,125152917.85326692,127.43049594675091,28.270290330970298,8889.287280965978,130.8935001373291,141.33238516169706,120.45461511296116,15.95019617233219,0.22346197044656815,0.0,0.0,126.23700052897134,130.3810000101725,122.09300104777019,6.565427669916968,0.3652270846730964,0.0,0.0,118.38999938964844,137.8800048828125,128.13500213623047,14.889971979292934,0.3453053596775065,4.1560736391538695,7.508785374248775,-2.436621173667305,-1.4738968343769057,-0.9627243392903995,127.61249987284343,132.6615386376014,127.29517097774973,129.73179215141704,0.7540833906234166,1.0926227263140884,-0.33853933569067185,-0.15659399431707702,25.11596991294589,4.476494979858387,-50.0403597361042,-15.262074620934332,-34.778285115169865,124.55000305175781,131.73999786376953,128.14500045776367,131.73999786376953,0.00032766357336089637,26.854061160929415,15.08923288787577,29.635205862226005,-66.00170051854812,132.50250244140625,126.22000122070312,0.0,80.0,-80.0,,130.3413077881769,0.0,0.0,41.28885360323404,0.5324180494238764,0.4110022000797324,0.21819591585364048,-18.661664368541135,50.38493587366795,36.18280187371305,33.04605592510021,-63.81719812628695,-7.784529988905959,-7.4076828050967265,-1.8781989620735309,-1.1335548197945589,-0.744644142278972,5.732139673618695,1.9366160612595285,3.7955236123591667,123.90548618029472,-2.089363917220921,-2.1115000036339815,533.3701196143098,17.76008348085223,-4327475.410480052
2021-03-03,124.80999755859375,125.70999908447266,121.83999633789062,122.05999755859375,119.96786499023438,112966300,-3.0600051879882812,0,10915707702.147985,7329302300,-0.06895814915765625,-91047297.99090067,-10.585744456836178,-3.341085588185563,122390150.45812887,126.7169967500819,27.67537161400537,8889.287280965978,130.2469997406006,141.18081663296348,119.31318284823769,16.789357012658478,0.12561097087123665,0.0,0.0,125.47300033569336,129.72900009155273,121.21700057983398,6.783929203052096,0.09903630487750723,0.0,0.0,118.38999938964844,137.8800048828125,128.13500213623047,14.963880574585428,0.1883015461556709,4.127466549896686,7.821959062564471,-2.673751387972203,-1.7138677450959652,-0.9598836428762378,126.50333340962727,131.85923092181866,126.48975968249496,129.16351107046717,0.7294260307952392,1.1277419943877949,-0.3983159635925557,-0.18592875902364386,25.016167133986684,2.943002700805664,-56.33412679149136,-24.145979880773154,-32.1881469107182,124.55000305175781,131.34500122070312,127.94750213623047,131.73999786376953,0.00016383178668044818,27.8351689050889,14.047867008202738,33.24304439807298,-98.16142064382535,135.12249755859375,128.83999633789062,0.0,76.0,-76.0,,129.14617694832404,0.0,0.0,37.063650876996896,0.36035813077484896,0.5210655464619336,0.3885324211600356,-20.039842965832452,49.37138411278253,20.388878716362846,34.933845431057996,-79.61112128363715,-7.676177484848921,-9.832309993859061,-2.0700516467948105,-1.3208541851946092,-0.7491974616002013,5.13400118079516,2.576093085166655,2.557908095628505,123.74223831396375,-2.4456562666370862,-2.4760591633924633,517.8800635929557,15.585200667863774,17791289.268827617
2021-03-04,121.75,123.5999984741211,118.62000274658203,120.12999725341797,118.07095336914062,178155000,-1.9300003051757812,0,10845590172.894287,7151147300,-0.06973965661288366,-127160427.47342789,-7.449509795424084,-3.6941451375168017,119573181.6620781,125.73125842573711,25.930305808594454,8889.287280965978,129.55649948120117,141.19197469617617,117.92102426622618,17.962009257070612,0.09492405537286568,0.0,0.0,124.64733327229817,129.1423329671224,120.15233357747397,7.212347952931604,-0.002484574590930262,0.0,1.0,118.38999938964844,137.8800048828125,128.13500213623047,15.04363391355143,0.08927641730936502,4.212719467660923,8.245534781675405,-2.983027205427689,-1.9676996371623101,-1.0153275682653788,125.4149996439616,130.9734614445613,125.5113346934062,128.4943618988339,0.696545663706735,1.1481046508982184,-0.45155898719148346,-0.21630724007553953,24.99476616770862,1.2834968566894531,-61.98831825858375,-32.615156608933425,-29.373161649650328,124.05500030517578,131.34500122070312,127.70000076293945,131.73999786376953,8.191589334022409e-05,29.23693559822397,12.821610971783576,35.985344509707325,-116.95593047906122,135.14249801635742,128.83999633789062,0.0,72.0,-72.0,,128.72000122070312,0.0,0.0,34.65486168076666,0.2615452988431657,0.3847738263472967,0.4389471909629877,-21.966028024596888,41.08962532091471,9.875132496899745,22.148937695658574,-90.12486750310025,-7.893589109532982,-9.805544671968693,-2.3215238095631654,-1.5209881100683205,-0.8005356994948449,8.96216519590007,3.853307507313338,5.108857688586732,123.39512684495108,-1.5811898605432195,-1.5938240244790514,508.11020667710585,15.433952356582935,80168121.01879904
2021-03-05,120.9800033569336,121.94000244140625,117.56999969482422,121.41999816894531,119.33883666992188,153766600,1.2900009155273438,1,10962762155.637201,7304913900,-0.05172381762485468,-80657644.29472008,-3.8508699036007488,-3.8665032027258546,121224385.01938012,124.92373419821627,24.671134607682745,8984.743778035909,128.75799942016602,140.32526619525785,117.19073264507418,17.967453404343868,0.18281179150195387,0.0,0.0,123.69899978637696,128.43999938964845,118.95800018310547,7.6653806602462415,0.2596496722063593,0.0,0.0,117.56999969482422,137.8800048828125,127.72500228881836,15.773781263649658,0.18956166866949178,4.228447795553034,8.452923575391589,-3.088436650851591,-2.1918470399001664,-0.8965896109514246,124.62999979654948,130.17961531419022,124.88189830502759,127.97033495587918,0.6932770819509061,1.1549774656646365,-0.46170038371373046,-0.2438508063215997,24.94276043973634,0.9520072937011719,-68.0818721634981,-40.78889639038127,-27.292975773116837,123.14500045776367,129.78000259399414,126.4625015258789,131.32999801635742,4.0957946670112046e-05,30.685033080639876,11.844539413087404,35.07409744027144,-111.07179565139998,135.14249801635742,128.83999633789062,0.0,100.0,-100.0,,127.68700103759765,0.0,0.0,37.57514806404185,0.4731370338794504,0.36501348783248805,0.4236176202139063,-22.559165736493885,42.26355505897698,20.878522544991306,17.047511252751324,-79.1214774550087,-8.249794432696163,-7.199631941763764,-2.4134004587206896,-1.6994705797987946,-0.7139298789218951,10.079324264079817,5.098510858666634,4.980813405413183,123.24996398051762,1.073837463598748,1.0681127752080855,514.6403218963724,18.206309592848427,19990288.546373263
2021-03-08,120.93000030517578,121.0,116.20999908447266,116.36000061035156,114.36556243896484,154376600,-5.05999755859375,0,10818054332.728634,7150537300,-0.12055574811710036,-180727297.8389035,-3.568227543434564,-4.061431475242736,114790970.17105252,123.90369998755399,23.846550195146293,8984.743778035909,127.7379997253418,139.88607582654362,115.58992362413997,19.02030112781198,0.03169542978642549,0.0,0.0,122.77399978637695,127.58199920654297,117.96600036621093,7.83227626131232,-0.16701330590051497,0.0,1.0,116.20999908447266,137.8800048828125,127.04500198364258,16.96441610557078,0.006922080560329061,4.326602924444996,8.798614722801666,-3.5394730683125317,-2.4613722455826395,-1.0781008227298923,123.51749928792317,129.38230778620795,123.57083712123128,127.11031018954381,0.6890558243158061,1.165805637104738,-0.4767498127889319,-0.27539563988599697,24.8456177834674,2.131995391845706,-76.30469883629056,-48.71918365816667,-27.585515178123885,122.46500015258789,127.04500198364258,124.75500106811523,130.64999771118164,2.0478973335056023e-05,32.21587599908525,10.788931067885837,34.274634921519706,-129.4163927540209,135.14249801635742,128.83999633789062,28.000000000000004,100.0,-72.0,,126.47296087646484,0.0,0.0,31.6081463626778,0.19342064908513962,0.30936766060258497,0.35305165826079005,-25.166875743862526,41.33252355036742,0.9369238342539278,10.563526292048353,-99.06307616574607,-9.306529909021705,-10.292194443382437,-2.7845680362470637,-1.9164900710884485,-0.8680779651586152,10.802750965750828,6.239358880083473,4.563392085667355,122.6731870003437,-4.167351041756073,-4.256675574957569,489.026102038771,12.857369802039713,26218038.475028574
2021-03-09,119.02999877929688,122.05999755859375,118.79000091552734,121.08999633789062,119.01448822021484,129525800,4.7299957275390625,1,10870735904.537176,7280063100,-0.1241233622131899,-67386758.06104885,4.594754784341868,-3.020088432529792,120056151.31055465,123.29783366260178,30.518992549466347,9349.97065548715,126.94699935913086,138.65541877457304,115.23857994368868,18.446153866653063,0.24988071346694937,0.0,0.0,122.47333297729492,126.77633209228513,118.17033386230469,7.026834348972842,0.3392590141855714,0.0,0.0,116.20999908447266,137.8800048828125,127.04500198364258,17.07012052883249,0.22519593667076127,4.463942326824716,8.891391844649776,-3.475191706937636,-2.664136137853639,-0.8110555690839973,122.78583272298177,128.964230464055,123.18916930840965,126.66436101534728,0.7485194510217656,1.064996433242665,-0.31647698222089926,-0.3008627678593034,24.74449582301393,-0.9469993591308565,-80.51813000549808,-55.960571874982996,-24.557558130515083,122.46500015258789,127.04500198364258,124.75500106811523,130.64999771118164,1.0239486667528012e-05,33.18610180899903,11.530849079197006,31.01765379916718,-86.74304218305393,135.87499809265137,128.83999633789062,24.0,96.0,-72.0,,125.03614622558594,0.0,0.0,41.034590619670226,0.7411050081475924,0.46922089703739384,0.3812006818241558,-23.964118596263226,48.90491626704399,33.65513576368884,18.490194047644717,-66.34486423631117,-10.376883181403656,-6.760606074847613,-2.7436223410281637,-2.081916525076392,-0.6617058159517719,9.718030648371661,6.935093233741111,2.78293741463055,122.6331788154646,4.064967087253768,3.9845201651028894,512.9698192219807,20.435674874631985,802236.6531086564
2021-03-10,121.69000244140625,122.16999816894531,119.44999694824219,119.9800033569336,117.92352294921875,111943300,-1.1099929809570312,0,10802418074.965992,7168119800,-0.12381101273152008,-75510975.09020862,0.9354699249878882,-2.5445216651070077,119030003.1478407,122.82557307042941,30.384177764186234,9264.262487070124,126.14549980163574,137.4502647038663,114.84073489940515,17.92337407201583,0.22730541068193283,0.0,0.0,122.08866628011067,126.3306660970052,117.84666646321617,6.949047681726668,0.25145414731290566,0.0,0.0,116.20999908447266,136.99000549316406,126.60000228881836,16.473046158101592,0.181424596235163,4.289548216212557,8.998180308466516,-3.4737719412993187,-2.826063298542775,-0.6477086427565437,122.28416633605957,128.4196152320275,122.69545146972102,126.16922341102034,0.8004298181699782,1.0428309625090286,-0.24240114433905047,-0.3222965023681922,24.722032706650328,-0.285499191284174,-84.81057892765855,-62.32657579404869,-22.48400313360986,122.46500015258789,127.04500198364258,124.75500106811523,130.64999771118164,5.119743333764006e-06,34.038910967097806,11.18226632451985,29.573465625929384,-82.5802199701283,136.27749824523926,128.83999633789062,20.0,92.0,-72.0,,123.80048562583008,0.0,0.0,39.65335541475765,0.6608540781793923,0.5317932451373745,0.4367939342591179,-23.50311355413541,40.903099502952855,26.000015784945898,20.197358460962917,-73.9999842150541,-10.684294779160453,-4.777775113544767,-2.7532641062415384,-2.216186041309421,-0.5370780649321172,7.686114695716617,7.0852975261362126,0.6008171695804041,122.55758929298827,-0.9166677797724065,-0.9208950319345988,507.35092238944367,17.41529565150796,-3974756.0938135386
2021-03-11,122.54000091552734,123.20999908447266,121.26000213623047,121.95999908447266,119.86958312988281,103026500,1.9799957275390625,1,10773359111.841457,7271146300,-0.12729730561940653,-35581974.388278365,2.697123169440424,-2.515269863921593,120730220.05162288,122.45705204289628,30.75485615810949,9417.147964899536,125.47399978637695,136.07614999927503,114.87184957347887,16.89935800396663,0.3342788664874166,0.0,0.0,122.03666636149087,125.88166605631508,118.19166666666668,6.30138434531592,0.4900302622752576,0.0,0.0,116.20999908447266,136.38999938964844,126.29999923706055,16.083013484493048,0.28493557547297144,4.1835929673452075,8.961807886766136,-3.2751240675476794,-2.915875452343756,-0.35924861520392337,121.959166208903,127.91846113938551,122.58230494891357,125.85742901646125,0.7914535607274582,1.0177552791324758,-0.22630171840501756,-0.3366005329233662,24.70275527801261,-0.12400131225585653,-84.96284924181126,-67.4561571842575,-17.50669205755375,122.46500015258789,127.04500198364258,124.75500106811523,130.64999771118164,2.559871666882003e-06,34.36508260635669,12.363301023054605,27.911523434178022,-53.586525137071256,136.6924991607666,128.83999633789062,16.0,88.0,-72.0,116.20999908447266,,1.0,0.0,43.31847194819247,0.8738004389468085,0.7585865084245974,0.5865335501997887,-21.899984565667978,45.18448763896525,42.56105914728118,34.072070231972,-57.43894085271882,-10.035912524952607,-3.0986822715446136,-2.602249301564325,-2.2933986933604023,-0.30885060820392285,5.429932063718726,6.754224433652715,-1.324292369933989,122.55328009604852,1.6502714386902317,1.6368024409213255,517.3738611942584,19.741492411387526,-523950.4039900303
2021-03-12,120.4000015258789,121.16999816894531,119.16000366210938,121.02999877929688,118.95552062988281,88105100,-0.9300003051757812,0,10849190884.543333,7183041200,-0.09491409512881036,-42204230.888173275,-4.722414497853979,-2.2592905134392507,120058378.70607817,122.09704845553085,31.111679515556162,9345.337940735988,124.76899948120118,134.5526403945509,114.98535856785146,15.682807354440337,0.30891568205439424,0.0,0.0,121.83833312988281,125.51933212280274,118.15733413696289,6.042431636020307,0.3902017696635211,0.0,0.0,116.20999908447266,136.00999450683594,126.1099967956543,15.86932291249681,0.24343438430193914,4.045233212847014,8.797933304086035,-3.1563529763597273,-2.963970957146951,-0.19238201921277653,121.5991662343343,127.42192253699669,122.34348861512639,125.49984159148612,0.7965842514181415,1.0244653699470803,-0.22788111852893878,-0.3462775189134667,24.661692714283934,-3.7790016174316463,-86.44763685027144,-72.16539675680082,-14.28224009347062,122.46500015258789,127.04500198364258,124.75500106811523,130.64999771118164,1.2799358334410014e-06,35.05825934771276,11.747016410298531,30.25878857579772,-74.84690932569742,136.6924991607666,128.83999633789062,12.0,84.0,-72.0,116.34999908447266,,0.0,0.0,42.027341564548166,0.7987846750644999,0.7778130640635665,0.6893976058751797,-21.02892522028593,50.22105662508246,38.52916763990728,35.69674752404482,-61.47083236009272,-9.445971253338996,-3.4463500178790163,-2.5150254664336193,-2.337724047975046,-0.1773014184585735,2.5838152489711543,5.920142596716404,-3.3363273477452493,122.54597624595999,-0.7625453527034254,-0.7654675948712608,512.666105506916,17.778366058977298,-7027784.57821089
2021-03-15,121.41000366210938,124.0,120.41999816894531,123.98999786376953,121.86477661132812,92403800,2.9599990844726562,1,10941078352.184061,7275445000,-0.07598962173863578,2898539.7246792465,7.922939521240146,0.2253439737681599,122318274.32006194,121.99456306533581,37.563957012985014,9345.337940735988,124.19999961853027,132.68938906392881,115.71061017313174,13.670514446816384,0.48763151601705745,0.0,0.0,121.50166625976563,125.02666549682617,117.97666702270507,5.802388305563222,0.8529549138397684,0.0,0.0,116.20999908447266,136.00999450683594,126.1099967956543,15.942025348773981,0.39292932212043274,3.9987100746677817,8.544274745418585,-2.7912035850567065,-2.929417482728902,0.1382138976721956,121.8491662343343,126.90653786292442,122.59679773030226,125.38800131535896,0.9211619323887318,0.9294605630481927,-0.008298630659460904,-0.34735304308621234,24.72925777753894,-2.939997482299802,-87.37472820294437,-76.31365991978305,-11.061068283161319,120.95999908447266,127.04500198364258,124.00250053405762,130.64999771118164,50.000000639967915,34.52475763586798,16.069800308287004,28.31531395762972,-28.82580516535378,136.6924991607666,128.83999633789062,8.0,80.0,-72.0,116.48719908447265,,0.0,0.0,47.40097273459141,1.0,0.8908617046704358,0.8090870923862,-18.544077980107183,55.50959655478779,62.190227424222925,47.760151403803825,-37.809772575777075,-8.177765588199392,2.479543807726895,-2.2260531755639428,-2.3153898734928253,0.08933669792888255,0.5442016914635452,4.844954415665832,-4.300752724202287,122.57999219857102,2.44567389434609,2.4162461298138815,527.6499205088054,21.091865134689385,8044336.713316768
2021-03-16,125.69999694824219,127.22000122070312,124.72000122070312,125.56999969482422,123.4177017211914,115227900,1.5800018310546875,1,10904205283.525003,7390672900,-0.06514396003746882,28493075.905237414,8.157751152781724,0.5199300032771431,123786620.92967008,122.0949902082033,37.76285240651207,9345.337940735988,123.81899948120117,131.28227212983262,116.35572683256974,12.055133186186906,0.6173078015543304,0.0,0.0,121.45699946085612,124.8609987894694,118.05300013224283,5.605274860606695,1.1041423391883634,1.0,0.0,116.20999908447266,132.22000122070312,124.21500015258789,12.930165970741179,0.5846345634876574,3.9218394028943626,8.23011041970067,-2.347269259649039,-2.8129878381129294,0.4657185784638904,122.20833269755046,126.47615344707782,123.0542134171518,125.40148267680084,0.9211362687831642,0.8728487589898757,0.04828750979328855,-0.3395316857002043,24.80243909538256,3.971001434326169,-85.20935697606724,-79.52201882918037,-5.687338146886873,121.71500015258789,127.04500198364258,124.38000106811523,130.64999771118164,75.00000031998395,32.90898462848124,20.98174945120312,26.652045720050122,46.25411097160868,136.4950008392334,128.83999633789062,4.0,76.0,-72.0,116.78771112109375,,0.0,0.0,50.06186711235045,1.0,0.9329282250214996,0.8672009979185008,-15.662995431472911,51.54860273457966,74.82013598737826,58.51317701716952,-25.179864012621735,-6.572735842536474,3.554343957335289,-1.8718034344926304,-2.2266725856927865,0.35486915120015605,0.4954015499589401,3.9750438425244536,-3.4796422925655137,122.59704393209435,1.2742978129499427,1.2662469607852778,535.6480497188311,21.09018375747783,31629419.20174162
2021-03-17,124.05000305175781,125.86000061035156,122.33999633789062,124.76000213623047,122.62158966064453,111932600,-0.80999755859375,0,10946180190.480314,7278740300,-0.04742462974898188,11470474.67205339,-5.880697542523302,0.21258549383266725,123064592.31656666,122.19001324513992,38.52243347335337,9285.05522245434,123.51499977111817,130.27140363411462,116.75859590812172,10.940215966508575,0.5921349870698924,0.0,0.0,121.56866633097331,124.93766581217449,118.19966684977211,5.542545760975962,0.9736325759420014,0.0,0.0,116.20999908447266,130.7100067138672,123.46000289916992,11.739471040978056,0.5896550726239053,3.8816558898510203,7.647108637494737,-2.0373231488653403,-2.6578549002634118,0.6205317513980715,121.95583279927571,126.00884569608249,123.31664245085621,125.35396559972155,0.9058312215823299,0.9068755655645898,-0.0010443439822599432,-0.32658943732453527,24.927553901598607,1.6050029754638615,-82.15082939246015,-81.76229784405554,-0.38853154840461457,121.71500015258789,127.04500198364258,124.38000106811523,130.64999771118164,87.50000015999197,31.969502193184415,19.62857268176533,29.29378680475353,21.400264209788855,136.4950008392334,128.83999633789062,0.0,72.0,-72.0,117.41364852707031,,0.0,0.0,48.701661677981726,0.9350895107555722,0.978363170251857,0.9340510333145976,-13.728425458371547,60.28501223907751,68.34533646477946,68.45189995879358,-31.654663535220536,-5.3778237511129845,-2.3710765768753586,-1.625256240692768,-2.1063893166927827,0.48113307600001476,0.2230063769718064,3.2246363494139243,-3.001629972442118,122.63773645271058,-0.6450565903976302,-0.6471460708227461,531.5477600823858,19.044833379657092,17021473.04481685
2021-03-18,122.87999725341797,123.18000030517578,120.31999969482422,120.52999877929688,118.4640884399414,121229700,-4.230003356933594,0,10842753372.003311,7157510600,-0.11941099832061083,-63425598.561104596,-5.544018561715132,-0.1081608288484049,118954284.29172306,122.10532209006146,39.53681436070398,9285.05522245434,123.05599937438964,129.29400319638418,116.81799555239512,10.138479803842513,0.29753133637187207,0.0,0.0,121.62466634114585,124.78166631062827,118.4676663716634,5.1913810980206,0.3266285124436634,0.0,0.0,116.20999908447266,130.7100067138672,123.46000289916992,11.783259412878545,0.2979308566753221,3.9374905450065434,7.172900647269078,-2.108706684287455,-2.5480252570682205,0.4393185727807656,121.57333246866862,125.41346124502329,122.88792803984708,124.99663472413454,0.8369810157836307,0.9026365389500123,-0.06565552316638157,-0.31651622779097704,25.02673890277536,-0.9960018157958928,-79.28366806123479,-83.00694183269293,3.723273771458139,121.71500015258789,126.60000228881836,124.15750122070312,130.64999771118164,88.30151366359956,31.52890950371406,18.047490781273954,30.598826640816895,-53.062591643832796,135.91750144958496,128.83999633789062,0.0,68.0,-68.0,118.00202968868828,,0.0,0.0,42.24620655683287,0.5764723731577966,0.8371872946377893,0.9161595633037155,-14.029060942433535,50.90295160113485,34.53236576445483,59.23261273887088,-65.46763423554516,-4.957323837280271,-3.668481351124765,-1.687010765482875,-2.022513606450801,0.33550284096792615,0.6509676416839658,2.709902607867933,-2.0589349661839673,122.6261083802825,-3.3905124114334995,-3.449323438986429,510.13505489266225,14.870528386500865,26744222.843867555
2021-03-19,119.9000015258789,121.43000030517578,119.68000030517578,119.98999786376953,117.93333435058594,185549500,-0.5400009155273438,0,10722940891.42993,6971961100,-0.1657205229700699,-68678641.60603835,-1.127057451484581,-0.9257425807682146,118122981.70406508,121.65353299153908,31.270916876513,9285.05522245434,122.56199951171875,128.08744190866707,117.03655711477043,9.01656699296915,0.2672583059258995,0.0,0.0,121.63033294677734,124.52533264160157,118.73533325195312,4.7603251996210645,0.21669511987506268,0.0,0.0,116.20999908447266,129.72000122070312,122.96500015258789,11.0229942315348,0.27979261151705204,3.718741490505889,7.088864139111111,-2.1836801063350464,-2.4751562269215857,0.29147612058653927,121.40083249409993,124.82115349402794,122.44209262814283,124.62577273447788,0.8086990036536625,1.0133684631201882,-0.2046694594665257,-0.30904216294806525,25.048658081105188,-2.432002258300784,-77.14152402206518,-83.09992240889012,5.958398386824939,123.00500106811523,126.29999923706055,124.65250015258789,130.64999771118164,66.42651019490933,31.25260163665165,17.450838282598763,30.796280519535678,-77.4728617326445,134.89000129699707,130.12999725341797,0.0,64.0,-64.0,118.55510798060918,,0.0,0.0,41.490129012589684,0.5355008230568993,0.6823542356567557,0.8326349001821342,-14.498630490679144,49.399489401163486,30.21581242060339,44.364504883279245,-69.78418757939662,-4.499323788811182,-1.6958870524559324,-1.7521898227162835,-1.9684488497038977,0.21625902698761412,5.203287837943918,3.20857965388313,1.994708184060788,122.59948340451385,-0.4480220036475302,-0.4490286299564161,507.40151559477624,16.550540589118242,85923283.17538376
2021-03-22,120.33000183105469,123.87000274658203,120.26000213623047,123.38999938964844,121.27506256103516,111912300,3.4000015258789062,1,10805092376.693155,7083873400,-0.10067563522970914,-4509979.838801742,4.870875349201254,-0.9678304179199471,121294095.9430754,121.44000439849306,31.525467227564178,9548.153834724146,122.43149948120117,127.74521192526693,117.11778703713541,8.680302808643873,0.5901911722300384,0.0,0.0,122.09533309936523,124.87233276367188,119.31833343505859,4.5489038668605435,0.7331052298860203,0.0,0.0,116.20999908447266,128.72000122070312,122.46500015258789,10.2179604017276,0.5739407737095135,3.73486782973655,6.808619721290651,-1.9463095305889908,-2.3693868876550668,0.42307735706607597,121.67249933878581,124.36961482121394,122.58792443760522,124.53423396819421,0.7734609939375818,0.9772896665104417,-0.20382867257285986,-0.297877152437636,25.151942523842663,-1.0115013122558594,-72.17406706753518,-82.17280430467203,9.99873723713685,123.19000244140625,126.1099967956543,124.64999961853027,130.64999771118164,68.85333350555865,30.145348378931008,20.775020943220014,28.54315436889617,2.746791378962493,135.0699977874756,130.65499877929688,4.0,60.0,-56.0,119.07500157501481,,0.0,0.0,47.822042796712175,0.8786247854282716,0.6635326605476556,0.7276913969474004,-12.924922538084676,54.084173535470896,65.21343244383803,43.320536876298775,-34.78656755616196,-4.202146754545325,2.713728636281738,-1.5628710825700138,-1.887333296277121,0.32446221370710715,3.8684441064430675,3.3405525443951176,0.5278915620479498,122.65072469693311,2.8335707862409354,2.79416777910253,524.6126674958546,20.642265094242063,-24129136.317092955
2021-03-23,123.33000183105469,124.23999786376953,122.13999938964844,122.54000091552734,120.43964385986328,95467100,-0.8499984741210938,0,10745993860.901024,6988406300,-0.17697486377804905,-15458109.765939474,2.4746643320345894,-0.034944075857749377,120636450.34999524,121.40987007478445,37.36538629918771,9482.379329250974,122.26549949645997,127.34258000322919,117.18841898969075,8.305009226116516,0.5270333923897196,0.0,0.0,122.32799987792968,124.9879997253418,119.66800003051758,4.348963197414339,0.5398498213832442,0.0,0.0,116.20999908447266,128.72000122070312,122.46500015258789,10.231833336265623,0.5059952637995354,3.5713808941750047,6.314102491883471,-1.8059614132752273,-2.256701792779099,0.4507403795038716,121.76583290100098,123.87615350576547,122.58055158805477,124.38651300133,0.8637158541655588,0.9108910157847442,-0.047175161619185335,-0.2854178119479174,25.15485118016091,-5.905498886108404,-69.97086170711475,-80.52394683572271,10.553085128607961,123.19000244140625,126.1099967956543,124.64999961853027,130.64999771118164,84.42666675277931,28.99311680652318,20.645932871886078,27.37574137989014,22.236012082124986,135.86000061035156,130.9499969482422,0.0,56.00000000000001,-56.00000000000001,119.5637015537561,,0.0,0.0,46.468147955804014,0.8052577469175053,0.7397944518008918,0.6952271160017678,-12.051488599054757,51.91382223483073,57.49319348653561,50.974146116992365,-42.50680651346439,-4.397264906939341,0.9224203290002074,-1.4518948796771216,-1.8002456129571212,0.34835073327999955,1.6862713234919322,3.0096963002144808,-1.3234249767225486,122.64933592206951,-0.6888714468965329,-0.691255119515688,520.3098891757768,18.177424960439467,-8632330.436896533
2021-03-24,122.81999969482422,122.9000015258789,120.06999969482422,120.08999633789062,118.03162384033203,88530500,-2.4500045776367188,0,10658714464.55019,6899875800,-0.25273502919701357,-44235541.26515777,-5.450265736933727,0.10785907117727607,118866415.02569337,121.4562353208889,39.36409947520967,9292.793295384634,122.00249938964843,126.95666998193073,117.04832879736614,8.121424752881158,0.3069805009604287,0.0,0.0,122.37666651407878,125.04766642252605,119.70566660563149,4.365211088896582,0.07194491677885408,0.0,0.0,116.20999908447266,128.72000122070312,122.46500015258789,10.25389004226573,0.31015160598422525,3.497242987862973,5.672317243853358,-1.8708632658662339,-2.179534087396526,0.308670821530292,122.0766658782959,123.37230711716872,122.19738924187567,124.0682525077419,0.8810777599940647,0.8914098998178436,-0.010332139823778896,-0.2758270351836918,25.153274759897187,-0.9125030517578097,-67.83680859890892,-78.62105343095578,10.784244832046866,123.19000244140625,124.21500015258789,123.70250129699707,130.64999771118164,67.21333099674243,28.43243650112365,19.48910970891396,29.940252683883763,-47.92203536329333,135.65499877929688,132.54999923706055,0.0,52.0,-52.0,120.02307953377293,,0.0,0.0,42.714404415441805,0.6018438342826349,0.7619087888761369,0.7217453004082283,-12.438731246685947,43.21670894143345,35.24065849769559,52.649094809356434,-64.75934150230441,-4.531882072897517,3.205565235453631,-1.5079306978628488,-1.7417826299382668,0.233851932075418,-0.5686741222471462,2.2940222157221557,-2.862696337969302,122.63754567732904,-1.9993508726392273,-2.0196083590876768,507.90771799347345,15.900738315843284,-1744081.087157175
2021-03-25,119.54000091552734,121.66000366210938,119.0,120.58999633789062,118.52306365966797,98844700,0.5,1,10678037053.760061,6998720500,-0.1983371691715997,-30855842.51299238,-3.108210134343617,0.1609061975527856,119277959.29671611,121.5019401682456,40.69322025951522,9292.793295384634,121.9824993133545,126.95605009237458,117.00894853433441,8.154531686129484,0.360009172788799,0.0,0.0,122.20399983723959,124.94600041707358,119.4619992574056,4.487579102952428,0.205688702033995,0.0,0.0,116.20999908447266,128.72000122070312,122.46500015258789,10.255571255425892,0.3501196247387497,3.413519055287613,5.265035940744627,-1.8605058766897713,-2.1157284452551752,0.25522256856540393,122.03499921162923,122.97807634793796,121.95009802587796,123.81060390256773,0.8763903828338175,0.8786987345614868,-0.0023083517276693,-0.26729327909704576,25.148621390064402,-2.0024959564209013,-64.3926308901339,-76.17049721316272,11.777866323028817,123.11000061035156,123.46000289916992,123.28500175476074,130.64999771118164,46.106661928900365,28.160313455358416,18.44307522019139,30.49229023204057,-65.00061977301517,134.82500076293945,132.61999893188477,4.0,48.0,-44.0,,127.22000122070312,0.0,1.0,43.71371301992749,0.6559959815943585,0.6876991875981658,0.7298008094250651,-12.463570318501565,42.93514516196479,39.78198368377032,44.1719452226672,-60.21801631622968,-4.355146610035618,-0.4129160253707461,-1.502703175693973,-1.6939667390894082,0.19126356339543515,-1.660378180342479,1.5031421365092288,-3.1635203168517076,122.61289686754154,0.41635441356262515,0.41549005693486407,510.4387686077271,17.743123619275124,16056782.392418385
2021-03-26,120.3499984741211,121.4800033569336,118.91999816894531,121.20999908447266,119.13243103027344,94071200,0.6200027465820312,1,10752264836.22739,7092791700,-0.10559258954945955,-18115807.5290981,-0.3537782114175411,0.39050972126828715,119761618.00925842,121.80685661414192,48.187379911069044,9340.571366049913,121.9799991607666,126.95505023939619,117.004948082137,8.157158735626153,0.42261385218721803,0.0,0.0,122.21233317057292,125.00933481852215,119.41533152262369,4.577282137385313,0.32081989711461617,0.0,0.0,116.20999908447266,128.72000122070312,122.46500015258789,10.255781457862282,0.39968018754524426,3.32816766855768,4.4534660157223644,-1.7817298583576218,-2.0489287278756647,0.26719886951804295,122.13749885559082,122.65115297757663,121.83623665027714,123.61796650863477,0.9068888662079311,0.863999815538257,0.04288905066967408,-0.2583733269539679,25.175860772547317,-0.020000076293939628,-59.65090138288345,-73.09007201093374,13.439170628050292,123.06999969482422,123.46000289916992,123.26500129699707,130.64999771118164,26.524147141235197,27.92668702452321,17.47117980996885,29.050118572002663,-55.09904916278964,134.31000137329102,132.61999893188477,0.0,44.0,-44.0,,127.05560119628906,0.0,0.0,44.99505259653634,0.5132047056270377,0.5903481738346766,0.6799853834363266,-12.1246424930232,46.08869299210898,28.706976053838364,34.57653941176812,-71.29302394616164,-3.9426171471090754,1.0251672721494232,-1.4413195012661588,-1.6434372915247586,0.20211779025859977,-2.862408156788111,0.630032077849761,-3.492440234637872,122.60591268075676,0.5141411107143501,0.5128239181954264,513.5772852728779,18.374943213127892,8087636.857059807
2021-03-29,121.6500015258789,122.58000183105469,120.7300033569336,121.38999938964844,119.309326171875,80819200,0.18000030517578125,1,10729110928.510973,7173610900,-0.16433362289106948,-13449623.50150373,3.3305837811987367,0.3002117924723492,119881636.82597275,121.8941530680536,46.54222979404009,9354.442380892786,121.65999908447266,125.86237090376471,117.4576272651806,6.90838706381085,0.46787532060053333,0.0,0.0,122.08866678873696,124.71266810099283,119.46466547648113,4.2985174320830914,0.36686984571514963,0.0,0.0,116.20999908447266,128.72000122070312,122.46500015258789,10.282757052746936,0.41406869869141577,3.1803507491140213,4.166552937714983,-1.6853471432018097,-1.9762124109408938,0.29086526773908417,122.08999888102214,122.3249992957482,121.76758476402657,123.45293190722838,0.9385176732117513,0.9093557845712014,0.029161888640549916,-0.24880043019576142,25.055317316978915,-0.6300003051757841,-55.75940584275718,-69.81785521834371,14.058449375586527,122.38999938964844,122.96500015258789,122.67749977111816,130.64999771118164,13.262073570617599,27.265443843113257,19.125325574663844,27.90567614024342,-9.697335635199916,134.3300018310547,132.61999893188477,0.0,40.0,-40.0,,126.73017707519531,0.0,0.0,45.383782162251336,0.5505519822607277,0.5732508898273744,0.6170994170867391,-11.739606331818637,49.64159060946776,29.75903990999156,32.74933321586677,-70.24096009000844,-3.6044700622558565,-0.4673661029051191,-1.3651738497942711,-1.587784603178661,0.22261075338438996,-4.791188883993183,-0.4542121145188277,-4.336976769474355,122.5716816310486,0.14850285169158983,0.14839269525026566,514.48846503884,18.30981012998268,-2461675.667121917
2021-03-30,120.11000061035156,120.4000015258789,118.86000061035156,119.9000015258789,117.84488677978516,85671900,-1.4899978637695312,0,10759151757.687445,7087939000,-0.11094688929119241,-29764098.427728467,-3.640054911584526,-0.02661141013996609,118830059.68924889,121.87111586327248,47.38139653276052,9354.442380892786,121.3989990234375,125.35028210530186,117.44771594157314,6.509580991028632,0.3103150968303556,0.0,0.0,121.47700017293293,124.00500157674155,118.94899876912436,4.162107065880403,0.1880937952253115,0.0,0.0,116.20999908447266,127.22000122070312,121.71500015258789,9.069269289530846,0.3351500204767089,3.1153155521323064,3.830687942034962,-1.709487613130264,-1.922867451378768,0.21337983824850393,121.9958324432373,122.09038396982046,121.48026426585001,123.18975187898027,0.8684084503710481,0.940673655184643,-0.07226520481359489,-0.24102991983853345,24.608627751049795,2.590998840332034,-54.52034806325149,-66.74780173732054,12.227453674069054,121.54999923706055,122.46500015258789,122.00749969482422,130.64999771118164,6.631036785308799,27.136884050292817,18.07652112784996,30.42865973723844,-85.52817549533927,133.54249954223633,132.61999893188477,20.0,36.0,-16.0,,126.41776991894531,0.0,0.0,42.69404286021128,0.14045154362044734,0.4014027438360706,0.5216672691660407,-12.129157334881114,51.03005907034464,12.440201430602631,23.63540579814421,-87.55979856939737,-3.809557679120232,-0.9336505534289599,-1.3876865462068944,-1.547764991784308,0.16007844557741358,-5.948488428594787,-1.5530673773340198,-4.395421051260768,122.34532975886715,-1.2274469653688724,-1.235042312195933,506.945945022179,16.727234091780076,10687641.810749382
2021-03-31,121.6500015258789,123.5199966430664,121.1500015258789,122.1500015258789,120.05632781982422,118323800,2.25,1,10740679471.424246,7206262800,-0.07547954044071357,12520565.633375596,5.418041079452285,0.16773986914659544,121050481.26232567,121.88425100495238,47.927918927977075,9354.442380892786,121.40349922180175,125.35798706789828,117.44901137570523,6.514619218465452,0.5943867237844752,0.0,0.0,121.27233352661133,123.68533401489258,118.8593330383301,3.9794739956112726,0.6818623749829249,0.0,0.0,116.20999908447266,127.22000122070312,121.71500015258789,9.06893310885168,0.5395096538500717,3.1657835086378254,3.7036934771523202,-1.5294325669131723,-1.844180474485649,0.3147479075724766,121.84249941507976,121.94769169734074,121.58330076739293,123.1127333343061,0.881983176960011,0.9279322281201122,-0.04594905116010117,-0.2308498508647474,24.289393644669413,4.166500473022467,-50.53204067088034,-63.55317647172561,13.021135800845265,121.54999923706055,122.46500015258789,122.00749969482422,130.64999771118164,39.120911364762186,25.847578784404284,23.383502758208973,28.057770837539557,43.536330216481254,129.7150001525879,131.73999786376953,16.0,32.0,-16.0,,125.96430376042969,0.0,0.0,47.731708753761026,0.7281580081577088,0.4730538446796276,0.482569159447691,-11.068583720080847,47.91941688365532,39.3540750637456,27.18443880144662,-60.6459249362544,-3.2466167898739116,-1.4839877164223105,-1.2423025023415566,-1.4866724938957578,0.24436999155420125,-4.299549487612897,-2.1023637993897952,-2.1971856882231013,122.34034761150815,1.8765637792876655,1.859173543586401,518.3356727863203,19.79485803714806,42929141.26324786
2021-04-01,123.66000366210938,124.18000030517578,122.48999786376953,123.0,120.8917465209961,75089100,0.8499984741210938,1,10710910544.306076,7281351900,-0.06078101956614898,19849859.174768545,2.2506628011339194,0.6658168190743025,121572999.6383046,122.0378851109036,53.42994598160093,9419.536622814085,121.54699935913087,125.51449308458696,117.57950563367477,6.528328541839973,0.6831131617860469,0.0,0.0,121.46033350626627,123.75633417765297,119.16433283487956,3.7806592573998725,0.8352931279422986,0.0,0.0,116.20999908447266,127.22000122070312,121.71500015258789,9.05822619585991,0.6167120434230959,3.0522050357037305,3.4666607747304745,-1.3031282214637798,-1.7359700238812752,0.43284180241749537,121.6283327738444,121.85730714064378,121.80125449548632,123.1043827169501,0.9711679323409484,0.8711187492761666,0.10004918306478183,-0.21770397382346887,23.899434728897035,3.2130027770996037,-44.88033424485776,-59.968599829813655,15.088265584955899,121.54999923706055,122.46500015258789,122.00749969482422,130.64999771118164,69.56045568238109,24.42532889895231,23.7937591736356,26.79685893328739,81.41103667960115,129.56499862670898,131.73999786376953,12.0,28.000000000000004,-16.000000000000004,,125.538045571425,0.0,0.0,49.536501181417805,0.9387095213574822,0.6024396910452124,0.492298759853637,-9.671931451471423,49.21710150891617,49.521520184127574,33.771932226158626,-50.478479815872426,-2.300176081937906,-2.046666959520706,-1.0585555060700156,-1.4010490963306095,0.3424935902605939,-6.287096597631882,-2.939310359038213,-3.347786238593669,122.36119921724176,0.6958644809685222,0.6934545176822127,522.6384511063981,19.56921177479697,-17547727.404225707
2021-04-05,123.87000274658203,126.16000366210938,123.06999969482422,125.9000015258789,123.74203491210938,88651200,2.9000015258789062,1,10784642992.341078,7370003100,-0.0828190887719172,53741110.045658186,4.461544901340519,0.4185743462243291,123663150.98197125,122.17089930249824,53.36200187128924,9419.536622814085,121.77099952697753,126.16722539390398,117.37477366005109,7.2204808764052055,0.9696075820358275,0.0,0.0,121.92800038655598,124.35800145467124,119.49799931844078,3.9859606659852482,1.3172838258058217,1.0,0.0,116.20999908447266,127.22000122070312,121.71500015258789,9.041563409185352,0.8801090428056764,3.0629848983442947,3.3743341755494267,-0.8796346299850057,-1.5647029451020213,0.6850683151170156,121.72333272298177,122.0461534353403,122.43183096170056,123.31146559168556,0.9521913031782416,0.8891931653119558,0.06299813786628583,-0.19815740099620258,23.67341932344521,-1.2410007476806584,-37.5577994644544,-56.1223478739158,18.564548409461402,122.51000213623047,122.46500015258789,122.48750114440918,130.64999771118164,84.78022784119054,22.902444815559683,26.51656463025857,24.919499661440845,144.01006326600594,129.46999740600586,131.73999786376953,8.0,24.0,-16.0,118.86000061035156,,1.0,0.0,55.21793366917711,1.0,0.8889558431717299,0.6548164596321902,-6.739552030978306,57.059431730463565,84.21053111898387,57.695375455619036,-15.789468881016132,-1.123205342012298,0.9137539035977462,-0.7133437476914688,-1.2635080266027814,0.5501642789113126,-6.765695515060992,-3.704587390242769,-3.0611081248182233,122.6676174349493,2.357724817787732,2.3303597797653453,537.3185523932227,21.793399387602378,16887461.35162902
2021-04-06,126.5,127.12999725341797,125.6500015258789,126.20999908447266,124.0467300415039,80171300,0.30999755859375,1,10765141775.955359,7450174400,-0.025481649871923157,49614223.93474804,3.2767200094553073,0.06992926455815643,123860552.94359218,122.10896201349179,52.19941939951354,9442.729897800316,122.2634994506836,126.31834084496458,118.20865805640261,6.632954908863134,0.9866404441065523,0.0,0.0,122.31033350626629,124.52733408610027,120.0933329264323,3.6252056817756984,1.3794913302409668,1.0,0.0,118.79000091552734,127.22000122070312,123.00500106811523,6.8949443971838225,0.8801895492684199,2.9046859812637713,3.342239212506274,-0.5130841803632649,-1.35437919215427,0.8412950117910052,122.19666608174641,122.23653793334961,123.01308759597319,123.52617177633645,0.9242386051222401,0.9242386051222401,0.0,-0.17424154791628085,23.393360310534078,-2.2735015869140653,-32.07069580804778,-51.91121832957502,19.84052252152724,122.99499893188477,122.46500015258789,122.72999954223633,130.64999771118164,92.39011392059527,21.786538590353217,27.848454825185108,24.068990612661402,177.6902013750488,129.46999740600586,131.73999786376953,4.0,20.0,-16.0,119.00600067138672,,0.0,0.0,55.79091015091971,1.0,0.9795698404524936,0.8236551248898122,-4.1631007997090315,55.771771143468676,88.87547107148293,74.20250745819816,-11.124528928517064,0.05938209084904145,4.712520005560159,-0.41536475467910106,-1.0938793722180453,0.6785146175389443,-7.780045691135591,-4.519679050421333,-3.260366640714258,122.81138441281426,0.24622522226898091,0.24592258464686267,538.8877914154144,20.33685826539805,4683696.64613162
2021-04-07,125.83000183105469,127.91999816894531,125.13999938964844,127.9000015258789,125.70775604248047,83466700,1.69000244140625,1,10847407717.292973,7533641100,-0.011489242290454744,62677752.91208733,0.4662915058639719,0.5232856251572475,124978205.48934422,122.22235801665023,59.3654849423579,9442.729897800316,122.603999710083,127.30044370993649,117.90755571022952,7.661159523276545,1.0638310406725944,1.0,0.0,122.71166687011718,124.99666748046874,120.42666625976562,3.7241782605236606,1.6353026848783792,1.0,0.0,118.86000061035156,127.91999816894531,123.38999938964844,7.389642735977277,0.9977928644089491,2.8922172610670818,3.2816141195758792,-0.08523865692508537,-1.100551085108433,1.0153124281833477,122.85583305358887,122.24076872605544,123.76492050826637,123.85015916519146,0.9723920062104517,0.8656756894150319,0.10671631679541982,-0.14539737650747442,23.23391079086882,0.7859996795654354,-26.355070532452242,-47.302136322190954,20.947065789738712,123.38999938964844,122.46500015258789,122.92749977111816,130.64999771118164,96.19505696029763,20.991505418053787,27.885192945308706,22.514558089437557,171.5571480546434,128.52249908447266,131.73999786376953,0.0,16.0,-16.0,119.33096053466797,,0.0,0.0,58.87979474840317,1.0,1.0,0.9561752278747413,-1.0292061266949537,57.972714814487254,99.77928644089491,90.95509621045392,-0.22071355910508694,1.566293469597312,6.592219187377589,-0.0688240188786467,-0.8888683015501656,0.8200442826715189,-8.25549586590645,-5.266842413518356,-2.9886534523880943,123.295010932699,1.3390400551981152,1.3301541498507596,547.4427548502374,21.407440224742075,12496149.60684751
2021-04-08,128.9499969482422,130.38999938964844,128.52000427246094,130.36000061035156,128.12562561035156,88844600,2.4599990844726562,1,10933401796.965275,7622485700,0.06525242700660568,84946307.4475519,6.156526591988309,1.359038850421779,126687022.00265847,122.78651340588944,67.31027196727968,9442.729897800316,123.12299957275391,128.7473378835844,117.49866126192342,9.136129448352255,1.143364662440534,1.0,0.0,123.58533376057942,125.77433369954429,121.3963338216146,3.54249144676919,2.0474342253695537,1.0,0.0,118.86000061035156,130.38999938964844,124.625,9.364618161762497,0.9973981975305374,2.8519953213373266,2.909220243720965,0.4471785736687366,-0.7910051533529991,1.2381837270217357,123.43666648864746,122.44230710543118,124.77954821627947,124.33236964261073,1.1489363701682995,0.7746364076745043,0.37429996249379527,-0.11030541248326321,23.090217465874314,-0.5829986572265682,-17.34751548576184,-42.074901277260714,24.727385791498875,124.625,123.29999923706055,123.96249961853027,130.64999771118164,98.09752848014882,20.950257914554673,32.0670471024883,21.19426196778882,218.9619372692295,128.14500045776367,131.73999786376953,100.0,12.0,88.0,119.8463027927246,,0.0,0.0,62.93898759752601,1.0,1.0,0.993189946817498,2.974561426674029,65.41852967576763,99.73981975305374,96.1315257551439,-0.26018024694625674,2.9682351953842954,5.648756994230004,0.35966383891349984,-0.6391618734574326,0.9988257123709324,-8.102955959109655,-5.834065122636616,-2.268890836473039,125.28886209128387,1.9233769000189582,1.905113813636028,559.8955192378733,22.651243216010073,17116466.43553433
2021-04-09,129.8000030517578,133.0399932861328,129.47000122070312,133.0,130.72035217285156,106686700,2.6399993896484375,1,11037698154.554722,7729172400,0.1314466371479706,113047238.22413105,6.023215054591315,1.8697726008557716,128847599.0321529,123.87751021291815,79.53275032554495,9442.729897800316,123.67499961853028,130.7216214115133,116.62837782554728,11.395385995096802,1.1616646001035205,1.0,0.0,124.72733357747396,127.00733235677083,122.4473347981771,3.655972935364091,2.3141822043161917,1.0,0.0,118.86000061035156,133.0399932861328,125.94999694824219,11.465528780690335,0.9971795975465404,2.9237949957465625,2.6557628213936257,1.069816770331954,-0.41884076861600855,1.4886575389479626,124.30833307902019,122.86307643010066,126.04423310608263,124.97441633575067,1.1840704554590828,0.6683541844411539,0.5157162710179289,-0.06813561218968676,23.030170274215454,-3.585003280639654,-6.081734116013535,-36.12277158094184,30.0410374649283,125.94999694824219,124.62499618530273,125.28749656677246,130.25500106811523,99.0487642400744,21.548932894052104,35.56767033961242,19.43457310412059,215.88369003219216,127.94750213623047,131.73999786376953,100.0,8.0,92.0,120.6897985204785,,0.0,0.0,66.73419890916779,1.0,1.0,1.0,7.691100299596525,72.06386292828911,99.71795975465405,99.74568864953426,-0.28204024534595934,4.5081174065084895,8.535987437835283,0.8560286190557851,-0.34012377495478907,1.196152394010574,-6.39536471892108,-5.94632504189351,-0.44903967702757,127.62208425403644,2.0251606146730827,2.0049269570346695,573.2594633914711,23.55424275954354,32215634.992477953
2021-04-12,132.52000427246094,132.85000610351562,130.6300048828125,131.24000549316406,128.9905548095703,91420000,-1.7599945068359375,0,10996517997.018122,7637752400,0.07314009985673121,73912104.50426356,1.1777716957858257,1.6059794827546694,127637834.38692778,124.54908372029345,71.7479009920103,9317.773862088558,124.18549995422363,131.8444224117963,116.52657749665096,12.334648506300413,0.9605416478636215,0.0,0.0,125.83100077311197,128.0769991556803,123.58500239054362,3.5698649279888404,1.7041426124863874,1.0,0.0,118.86000061035156,133.0399932861328,125.94999694824219,11.418396415852234,0.8730614440977079,2.8684150078906563,2.638725524357914,1.4050486529805255,-0.05406288429670175,1.4591115372772272,125.2375005086263,123.29038443932167,126.84358270409516,125.43853405111463,1.2112134152048417,0.7307802907006045,0.48043312450423725,-0.025658494851362682,22.96207559636586,-3.595503616333005,4.755763018758133,-29.39886392966236,34.15462694842049,125.94999694824219,124.62499618530273,125.28749656677246,130.25500106811523,99.5243821200372,22.104845375014,33.57472695807145,18.345606537823034,170.60139879167494,127.70000076293945,131.73999786376953,96.0,4.0,92.0,121.92481799704393,,0.0,0.0,62.16385588389514,0.8098871315158942,0.936629043838631,0.9788763479462105,10.321933406214642,68.78835712339628,87.3061444097708,95.58797463915955,-12.693855590229205,5.813118003396411,9.284711046123501,1.1201092739237417,-0.04807716517908295,1.1681864391028247,-6.255457990705422,-6.008151631655893,-0.2473063590495297,128.29068568686736,-1.3233041404781432,-1.332137827298574,564.3501930362509,19.819079916853227,6646939.795351118
2021-04-13,132.44000244140625,134.66000366210938,131.92999267578125,134.42999267578125,132.12583923339844,91266500,3.1899871826171875,1,11072405586.245348,7729018900,0.06523384018305899,104944513.17541614,4.651374916911004,1.7614588102458417,129856204.9524296,125.32210306280467,71.82943382503211,9544.256473689304,124.70749969482422,133.57042473711687,115.84457465253158,14.213940723663606,1.0484923394117995,1.0,0.0,127.04166692097984,129.37566655476888,124.70766728719074,3.6743844604004163,2.082760692812761,1.0,0.0,118.86000061035156,134.66000366210938,126.76000213623047,12.669649452055824,0.9854423454492602,2.923573323996122,2.558705935780478,1.9061546764270219,0.337980627848043,1.5681740485789788,126.39083353678386,123.79076884343074,128.01072269973918,126.10456802331215,1.1697462403000938,0.6832670246389722,0.4864792156611216,0.02024991767872881,22.908651911320252,-3.4975006103515653,14.985647611989341,-21.67597552130227,36.66162313329161,127.90500259399414,125.43500137329102,126.67000198364258,129.10000228881836,99.76219106001861,23.03256105354773,35.124633694910486,16.87608999622526,175.92495101440025,126.4625015258789,131.32999801635742,100.0,0.0,100.0,123.03633552595282,,0.0,0.0,66.62534139241693,0.9954718465001152,0.9351196593386696,0.957249567725767,14.080061822654496,74.61245252533493,98.54423454492601,95.18944623645031,-1.455765455073981,6.878088378906256,11.476902527728127,1.511566715073036,0.26385161087134085,1.2477151042016952,-6.092091814156149,-6.024939668155945,-0.06715214600020403,129.6259391300276,2.430651515618343,2.4015813033877897,580.4982310722999,23.354735154416943,12399409.146152526
2021-04-14,134.94000244140625,135.0,131.66000366210938,132.02999877929688,129.7669677734375,87222800,-2.399993896484375,0,11004507364.38414,7641796100,0.050525652776953575,60047555.916888505,0.13403846615572226,2.1603376818950886,128299006.41758217,126.1418601526194,71.43608571016657,9373.861781051173,125.03049964904785,134.4490527089401,115.61194658915564,15.066008831972145,0.8715803842553873,0.0,0.0,128.3593335469564,130.8733327229818,125.84533437093098,3.9171271874915576,1.2300450348881504,1.0,0.0,118.86000061035156,135.0,126.93000030517578,12.908849788613436,0.8159850475206357,2.9652156253855724,2.3268558156978263,2.085584045773217,0.6875013114330779,1.3980827343401392,127.29250017801921,124.39346108069786,128.62907286582498,126.54348882005176,1.2150035577665006,0.6431597480484679,0.5718438097180327,0.06262619805765389,22.963773943564775,-3.640500259399417,25.260892290626973,-13.254538525579234,38.515430816206205,128.74499893188477,126.89500045776367,127.81999969482422,127.04500198364258,99.8810955300093,23.969230165042543,33.18640669701557,15.564822274347408,137.2597992746662,124.75500106811523,130.64999771118164,100.0,0.0,100.0,124.43117570229161,,0.0,0.0,60.815151931309366,0.7537850018192646,0.8530479932784244,0.9082655654852418,15.415965292070602,66.71771771039907,81.59850475206358,89.14962790225348,-18.401495247936424,7.960588948866899,8.926656032134474,1.6481164421971752,0.5407045771365078,1.1074118650606675,-6.241757874117871,-6.06830330934833,-0.1734545647695409,130.05342381434417,-1.7853113347054084,-1.8014402737185797,568.3492190204962,19.047235370763772,9133629.012694031
2021-04-15,133.82000732421875,135.0,133.63999938964844,134.5,132.19464111328125,89347100,2.470001220703125,1,11028158096.809052,7731143200,0.041770353251156696,82996111.65251645,1.5069293787636147,2.4899905042598904,129970501.13928695,127.17429879582942,78.87636568295608,9373.861781051173,125.51749954223632,135.79758318764465,115.237415896828,16.380319370446195,0.9368884907748672,0.0,0.0,129.57000020345052,131.98299992879234,127.15700047810871,3.7246271846151515,1.5215500119568222,1.0,0.0,118.86000061035156,135.0,126.93000030517578,12.858764274711646,0.9690210645038388,2.9656941849173277,2.0714229990534587,2.399432406362365,1.0298875304189354,1.3695448759434297,128.38500022888184,124.90923045231746,129.5322924249288,127.13286001856645,1.2509832570959711,0.5713918507140194,0.6795914063819517,0.10452375651775982,22.980931135786115,-5.617498016357416,36.67839022679171,-4.192458028729294,40.870848255521004,129.0349998474121,126.93000030517578,127.98250007629395,127.04500198364258,99.94054776500465,24.838994340002014,30.888109502811517,14.486893359415069,135.54274157798895,124.75500106811523,130.64999771118164,96.0,56.00000000000001,39.99999999999999,125.91081110397079,,0.0,0.0,64.26874258685447,0.8974442463146851,0.8822336982113547,0.890133783609483,17.663419662627888,69.52109891534352,96.90210645038388,92.34828191579118,-3.0978935496161193,8.615353236478924,10.799901702173928,1.887342427451056,0.8100321471994174,1.0773102802516386,-6.115859191601706,-6.077814485799006,-0.03804470580270003,130.8539128919476,1.8707878842231906,1.853503879643359,580.8526152342321,22.310222146235674,13948079.054122001
2021-04-16,134.3000030517578,134.6699981689453,133.27999877929688,134.16000366210938,131.86045837402344,84922400,-0.339996337890625,0,11050763983.823706,7646220800,0.10798573571880866,67014766.41574514,-0.5646937512426753,2.4749251085580957,129755829.72661124,128.13857356606283,71.78641889231723,9350.166028802472,126.19899978637696,136.8660468072669,115.53195276548699,16.905121338436242,0.8731587505024531,0.0,0.0,130.65133361816407,133.0343330383301,128.26833419799806,3.6478761512384805,1.2361877670328731,1.0,0.0,118.86000061035156,135.0,126.93000030517578,12.789324334558422,0.9479556152629494,2.808124705390439,1.8531644610690123,2.5908588225322546,1.3420817888415995,1.2487770336906552,129.57333374023438,125.4546150794396,130.24424799987966,127.6533891773474,1.251352259746044,0.5618925862843993,0.6894596734616447,0.14349018161176805,23.0063343496809,-4.048998260498053,48.16606879095739,5.332416221872017,42.83365256908537,130.06999969482422,126.93000030517578,128.5,127.04500198364258,99.97027388250233,25.456669202243795,29.84632131024838,14.871810016176676,113.28164440668752,124.75500106811523,130.64999771118164,92.0,52.0,40.0,127.18329754941487,,0.0,0.0,63.43989080606091,0.8629664426304806,0.8380652302548098,0.8577823072481965,19.196199596302392,67.04207652559434,94.79556152629495,91.09872424291416,-5.204438473705059,8.837294634650732,11.893246000628805,2.029604414915145,1.053946600742563,0.9756578141725818,-6.3343971715725935,-6.129131022953724,-0.20526614861886916,131.377216262984,-0.2527853813313219,-0.2531054230359153,579.131519354508,20.61297837929699,8791634.39785619
2021-04-19,133.50999450683594,135.47000122070312,133.33999633789062,134.83999633789062,132.52880859375,94264200,0.67999267578125,1,11089265958.343735,7740485000,0.1996329179587785,66598223.440407105,0.971633716336933,2.3064286753536805,130233609.71944588,129.03595804639627,72.28033057230527,9350.166028802472,126.94149971008301,137.84121029820093,116.04178912196508,17.17280891278482,0.8623259793896723,0.0,0.0,131.6019999186198,133.88899943033852,129.31500040690102,3.475630329528403,1.2079136665047663,1.0,0.0,118.86000061035156,135.47000122070312,127.16500091552734,13.084767903551263,0.9620707489667476,2.740312723132645,1.6256429752843717,2.7655557572287535,1.6267765825190303,1.1387791747097231,130.630833307902,125.94999958918645,130.9512862057275,128.18573044849876,1.202522081360751,0.5732302627660952,0.6292918185946557,0.17952990747048037,23.086548524870924,-3.941499710083008,58.128080641780286,15.354502494075136,42.77357814770515,130.30500030517578,127.16500091552734,128.73500061035156,127.04500198364258,99.98513694125117,26.24240520823324,30.252957183115857,14.087696804111935,106.34153670307197,124.75500106811523,130.64999771118164,100.0,48.0,52.0,128.2776358924968,,0.0,0.0,64.42798914019625,0.9040684359837321,0.8881597083096323,0.869486212258599,20.74214716344945,65.22938355817614,96.20707489667475,95.96824762445122,-3.79292510332524,9.104263933967133,10.388861771175005,2.15745991972162,1.2746492645383745,0.8828106551832455,-5.632936058492351,-6.02989203006145,0.39695597156909823,131.83749638322274,0.5068520104500429,0.5055718395400532,582.5737111139562,21.137168426436418,20568363.244027495
2021-04-20,135.02000427246094,135.52999877929688,131.80999755859375,133.11000061035156,130.82847595214844,94812300,-1.7299957275390625,0,11060720453.450258,7645672700,0.1406177561450433,33652066.674898684,-2.8838063919189327,2.360446426758366,129017168.9127647,129.99303322881624,71.2336010873506,9350.166028802472,127.42749977111816,138.51561757503507,116.33938196720126,17.403021834114423,0.7562428060254754,0.0,0.0,132.31733322143555,134.8283332824707,129.80633316040038,3.7954212043148665,0.6578389824071207,0.0,0.0,118.86000061035156,135.52999877929688,127.19499969482422,13.081947145543554,0.8548291280887151,2.8382815728896933,1.141902719016048,2.732904912902626,1.8480022485957497,0.8849026643068763,131.47333335876465,126.41461504422702,131.28339611413122,128.5504912012286,1.2136735406618002,0.5539387787845199,0.6597347618772803,0.2089190709948951,23.240690813026422,-1.5274982452392578,66.43541920359858,25.664556909191894,40.77086229440669,132.0250015258789,127.19499969482422,129.61000061035156,127.04500198364258,99.99256847062559,26.150985749928243,27.523560131089642,16.527339792506922,81.66843610208811,124.75500106811523,130.64999771118164,100.0,44.0,56.0,129.4284143450098,,0.0,0.0,59.986089774382556,0.6448829032617497,0.8039725939586537,0.8433991775076987,20.755510898710163,57.97486142434155,83.17108045086653,91.39123895794542,-16.82891954913347,8.979116978364843,8.219512691342734,2.1259389111354143,1.4449071938577824,0.6810317172776319,-4.97123647167131,-5.818160918383422,0.8469244467121122,131.93663889356185,-1.282998942838831,-1.2913004562689956,573.8162976162683,18.883848045801585,16481383.823509216
2021-04-21,132.36000061035156,133.75,131.3000030517578,133.5,131.2117919921875,68847100,0.3899993896484375,1,11115517107.377377,7714519800,0.2062908247872385,32680389.575493865,-4.07459178565291,1.682401222107995,129218884.237353,130.8992432786418,64.57508270351653,9377.561108267757,127.97549972534179,139.12640387825678,116.8245955724268,17.426623340947003,0.7477153511006565,0.0,0.0,132.9036666870117,135.3816665649414,130.42566680908203,3.7290165722295425,0.6203255331647758,0.0,0.0,118.86000061035156,135.52999877929688,127.19499969482422,13.025929341727203,0.8782244149805261,2.7994531104249427,0.9190397567313374,2.7072906139534894,2.019859921667298,0.6874306922861915,132.1066665649414,126.78038435715895,131.62441209657257,128.91712148261908,1.178821034967804,0.6646118425856666,0.5142091923821375,0.23273585236899932,23.398440107466428,-1.765500640869135,74.72314568370952,35.89463037246649,38.82851531124303,132.5,127.19499969482422,129.8474998474121,127.04500198364258,99.9962842353128,25.804117860398456,25.86827254602529,16.78527075248204,65.96460399367794,124.00250053405762,130.64999771118164,96.0,40.0,56.0,130.52669954318148,,0.0,0.0,60.64480811059467,0.6459182563287318,0.7316231985247376,0.8079185002643414,20.950948134437553,63.21029285444469,84.43252579162277,87.9368937130547,-15.567474208377238,8.560763863956225,6.036535648936354,2.100024095184667,1.5759305741231595,0.5240935210615076,-6.666391126149379,-5.987806959936614,-0.6785841662127652,132.03531267150618,0.2929902996470446,0.29256191960591593,575.7905140057247,20.04256109836524,-10688918.285392165
2021-04-22,133.0399932861328,134.14999389648438,131.41000366210938,131.94000244140625,129.6785125732422,84566500,-1.55999755859375,0,11063666155.927229,7629953300,0.22657057252320278,9165543.41630641,0.8262018460710583,1.5806540110320761,128230692.97488993,131.4757955022427,58.0975136869555,9377.561108267757,128.56800003051757,139.22847190578648,117.90752815524866,16.583398470441303,0.6581544630642171,0.0,0.0,133.1779998779297,135.7429992675781,130.61300048828124,3.8519866524493547,0.2586749062164276,0.0,0.0,118.86000061035156,135.52999877929688,127.19499969482422,12.965899885654622,0.7846432674132826,2.7935068228199484,0.9358537085388104,2.531925866638801,2.122273110661599,0.4096527559772021,132.58416684468588,127.02538446279672,131.6729644573162,129.1410385906774,1.1520659295794917,0.6866620781876029,0.4654038513918888,0.2488587718223253,23.525181029089648,-0.6679985046386605,79.48856934619202,45.40244186826711,34.08612747792491,133.0800018310547,127.19499969482422,130.13750076293945,127.04500198364258,99.9981421176564,25.618022307225285,25.1070932237759,15.651578574988925,55.647512804336124,124.38000106811523,130.64999771118164,92.0,36.0,56.0,,135.52999877929688,0.0,1.0,56.629005404774105,0.1225285894507706,0.4711099163470837,0.6689019029434918,19.967459722891924,55.52741447758622,71.18782823696681,79.5971448264854,-28.81217176303319,7.909528440587664,4.540054986529625,1.9605896733291248,1.6528623939643527,0.30772727936477207,-6.565151823596881,-6.103275932668667,-0.4618758909282139,132.0339411397249,-1.1685374970739737,-1.1754185541667184,567.893648447899,18.384923580711714,18877064.709891915
2021-04-23,132.16000366210938,135.1199951171875,132.16000366210938,134.32000732421875,132.01773071289062,78657500,2.3800048828125,1,11099806614.38815,7708610800,0.23867595828725896,34599784.938237526,3.2363022699712003,1.4931366802199821,129649559.35813835,132.0950753041923,57.95357515895398,9546.71861026539,129.25450057983397,139.53301883802652,118.97598232164142,15.90431004271921,0.7464123046309369,0.0,0.0,133.38100026448566,135.88499959309894,130.87700093587242,3.754656695703282,0.6875014599650677,0.0,0.0,118.86000061035156,135.52999877929688,127.19499969482422,12.89703499233212,0.9274150217165453,2.832155408116079,0.9415118524514237,2.5555359171819703,2.208925671965673,0.34661024521629713,133.11916732788086,127.39307697002704,132.08020182145503,129.52466590427306,1.152511814740535,0.7094405379059728,0.44307127683456227,0.2623321883733607,23.670893564366857,1.1055000305175895,83.11224812673134,54.108717991375244,29.0035301353561,133.41500091552734,127.19499969482422,130.30500030517578,127.04500198364258,99.9990710588282,25.771198192721727,25.52715890082346,14.433176811071474,68.62258468501159,124.38000106811523,130.64999771118164,88.0,32.0,56.0,,135.44759887695312,0.0,0.0,60.88464314133962,0.4654663787959275,0.41130440819180963,0.5380125076878771,20.334836408697342,61.376678820444155,88.35426827566862,81.32487410141943,-11.645731724331382,7.434146320118629,5.019550994329612,1.9730110086295636,1.716892116897395,0.2561188917321686,-6.953826969945761,-6.273386140124086,-0.6804408298216753,132.0623867491654,1.8038539023594868,1.7877774998779294,579.9414740890375,21.630151062646704,7442144.7022719085
2021-04-26,134.8300018310547,135.05999755859375,133.55999755859375,134.72000122070312,132.410888671875,66905100,0.399993896484375,1,11136381729.073208,7775515900,0.22076241746677663,33480048.753300272,1.502123535302942,1.366379789209099,129848797.22431177,132.6065613705549,57.657010959469225,9575.147950403398,129.9300006866455,139.77145762127074,120.08854375202029,15.148859974779871,0.743358303850568,0.0,0.0,133.6683329264323,136.10033213297527,131.2363337198893,3.6388561947301223,0.7162147691992375,0.0,0.0,118.86000061035156,135.52999877929688,127.19499969482422,12.82998389967583,0.9514098591742678,2.698939867304471,0.9418122086462615,2.5768192486127646,2.2825043872950914,0.29431486131767315,133.4825007120768,127.93884629469652,132.48632480595472,129.90950555734196,1.1214195699664247,0.7366627333308604,0.38475683663556426,0.27351478138813207,23.784000375891104,3.0699993133544865,86.72038555196326,62.07924442915012,24.64114112281314,133.41500091552734,127.19499969482422,130.30500030517578,126.60000228881836,99.9995355294141,25.91343294353985,24.556108569432006,13.884140344464521,72.6454222657874,124.15750122070312,130.64999771118164,84.0,28.000000000000004,56.0,,135.36684697265625,0.0,0.0,61.56718248931606,0.488677142342189,0.35889070352962876,0.4137683426895075,20.82920974349237,60.52379809714678,92.20406538810049,83.91538730024534,-7.795934611899506,6.953234369614563,3.3445846808360216,1.9835494235449602,1.770223578226908,0.2133258453180522,-8.295966394974325,-6.677902191094134,-1.6180642038801913,132.1680129239939,0.2977917470767144,0.2973492257638988,581.9662836838264,20.90454359348786,-1607730.9983162582
2021-04-27,135.00999450683594,135.41000366210938,134.11000061035156,134.38999938964844,132.08653259277344,66015800,-0.3300018310546875,0,11098803313.722902,7709500100,0.2142954688251545,25584993.94875166,0.8861625917321608,1.3963705810568265,129687088.97994462,133.1117582274476,57.20108532156147,9551.693256760127,130.58000068664552,139.7754489003923,121.38455247289873,14.084006992484573,0.7071676450369841,0.0,0.0,133.76466674804686,136.0536651611328,131.47566833496094,3.4224260692061375,0.636595254506645,0.0,0.0,118.86000061035156,135.52999877929688,127.19499969482422,12.766118916593145,0.9316137063666778,2.5590461857498052,0.9460261533294451,2.5378038294660143,2.333564275729276,0.20423955373673852,133.59833399454752,128.49269250723032,132.77919781883068,130.24139398936467,1.1553191236348912,0.7380369970661125,0.4172821265687787,0.2815933685107035,23.766126238598215,0.6600048065185433,88.0290647608747,69.0534858147332,18.97557894614151,133.41500091552734,127.19499969482422,130.30500030517578,126.29999923706055,99.99976776470706,26.170703764313433,24.637277958157036,13.408099433968196,71.47170211896739,124.65250015258789,130.64999771118164,80.0,24.0,56.0,131.41000366210938,,1.0,0.0,60.62725154951293,0.3956625019600472,0.4499353410327209,0.40671015091805324,20.982421459703097,57.352901734307736,83.73751379495741,88.09861581957553,-16.26248620504259,6.749617430743044,1.0451123230439379,1.9485385957042567,1.805886581722378,0.14265201398187877,-9.406920676251865,-7.22370588812568,-2.1832147881261843,132.17781410110692,-0.2449538509980198,-0.24525435377267257,580.2957810094348,20.16929652754581,4599033.602240056
2021-04-28,134.30999755859375,135.02000427246094,133.0800018310547,133.5800018310547,131.2904052734375,107760100,-0.80999755859375,0,11046589587.119158,7601740000,0.1645095681326344,9460649.396955945,-1.2782096130879197,0.8653179949799533,129037595.57782958,133.4270104726184,49.05113932607155,9551.693256760127,131.2640007019043,139.11717641155832,123.4108249922503,11.965467557991444,0.6474563421714409,0.0,0.0,133.86433359781898,136.0133326212565,131.71533457438153,3.2107118687699443,0.4338455337430738,0.0,0.0,121.1500015258789,135.52999877929688,128.3400001525879,10.955019789526613,0.8643951793677364,2.49714181131545,0.9784349323804296,2.413700162161632,2.3495914530157473,0.06410870914588473,133.79333368937174,128.88461567805365,132.90239843609592,130.4886982739343,1.0524712944351131,0.7973350052211191,0.255136289213994,0.28541414157540707,23.781326083443144,3.1659919738769418,89.62240628259008,74.93615426537745,14.686252017212624,133.41500091552734,127.19499969482422,130.30500030517578,126.1099967956543,99.99988388235353,25.749026846550752,23.350611081919524,15.48060117892246,56.09394485166749,124.64999961853027,130.64999771118164,76.0,20.0,56.0,131.4900036621094,,0.0,0.0,58.27553498073054,0.16293894572533754,0.3490928633425243,0.3859729693016248,20.475490371073278,53.37007251836768,67.82181957355948,81.25446625220582,-32.17818042644052,6.665205809649294,1.7829901249223197,1.8497388617476764,1.8146570377274376,0.03508182402023885,-6.207267028237354,-7.020418116148016,0.8131510879106623,132.208808976718,-0.6027216030005778,-0.6045453012287538,576.1954913729895,19.398686419511364,48605455.354394585
2021-04-29,136.47000122070312,137.07000732421875,132.4499969482422,133.47999572753906,131.1920928955078,151101000,-0.100006103515625,0,10962862394.918297,7450639000,0.12482060490065634,5950410.590631603,2.1708679209254282,0.590150342575247,128924472.19079426,133.6709154679621,50.94086957672192,9551.693256760127,131.83050041198732,138.52062833566808,125.14037248830655,10.149590425240365,0.6232783090524396,0.0,0.0,133.8596669514974,136.3346669514974,131.3846669514974,3.697902521895259,0.42329874263467904,0.0,0.0,122.48999786376953,137.07000732421875,129.78000259399414,11.059663291032658,0.7537716551955462,2.7094286677815616,1.0148880793299444,2.2809836947662063,2.3358699013658395,-0.05488620659963317,133.71416727701822,129.30538470928485,132.9912595578564,130.7102758630902,1.0083629048756102,0.819260901474797,0.18910200340081318,0.2854950143415504,23.962521977893626,0.19949836730955894,87.85289814821108,79.345801971739,8.50709617647209,134.18500518798828,127.96500396728516,131.07500457763672,126.6400032043457,99.99994194117676,26.113415377814913,25.833611756241197,13.652088967396017,63.76709918521487,124.64999961853027,130.64999771118164,100.0,16.0,84.0,131.56840366210938,,0.0,0.0,57.97651741437711,0.13480059206380848,0.2311340132497308,0.34338740587499217,19.972961119746266,48.47743942862866,44.25449944556595,65.2712776046943,-55.74550055443405,6.692824083216053,-0.7066852637070312,1.7450683809705794,1.800739306376066,-0.05567092540548657,0.07123966543816239,-5.602086559830781,5.673326225268943,132.2319597386096,-0.07486607437100501,-0.07489411301166982,575.6892503535249,19.726584337274474,70031060.62183101
2021-04-30,131.77999877929688,133.55999755859375,131.07000732421875,131.4600067138672,129.20675659179688,109839500,-2.019989013671875,0,10887430530.231808,7340799500,0.09726860238790652,-26596017.10334604,-5.542655750583497,0.11011981069172398,127262241.21709761,133.67994980316607,50.20185542785866,9407.14488952761,132.25350074768068,137.5896042052679,126.91739729009343,8.069508069608984,0.4256485523453226,0.0,0.0,133.65900065104168,136.24399973551434,131.074001566569,3.8680508935146287,0.07466253075616384,0.0,0.0,123.06999969482422,137.07000732421875,130.07000350952148,10.585736899399278,0.5992858890610345,2.6874848244409053,1.163498871679026,1.9898707155764157,2.266670064207955,-0.2767993486315392,133.66666793823242,129.74269280066858,132.7556821972427,130.76581148166628,0.9440713286064851,0.9131491911279896,0.03092213747849548,0.2794046326762212,24.10746995861009,2.2464992523193246,82.70420598871422,82.07648256584275,0.627723422871469,134.07000732421875,127.96500396728516,131.01750564575195,126.6400032043457,49.99997097058838,25.631357933048722,24.17617484282329,16.331936580958416,-3.8757148901332124,123.70250129699707,130.64999771118164,96.0,12.0,84.0,,137.07000732421875,0.0,1.0,52.15527292109621,0.0,0.09924651259638172,0.22649112972954577,17.908031888994362,41.95308550989348,6.499989827473958,39.52543628219983,-93.50001017252605,6.070471707512354,-0.4317140579411001,1.5217056301106662,1.7449325711229862,-0.22322694101232,1.2837122156401164,-4.224926804736602,5.508639020376718,132.1943100522872,-1.5133271488823707,-1.5248947967935855,565.4638614858452,17.844047357996033,386161.96289244294
2021-05-03,132.0399932861328,134.07000732421875,131.8300018310547,132.5399932861328,130.26821899414062,75135100,1.079986572265625,1,10859925026.801313,7415934600,0.0417942752718437,-11204457.644891614,1.8931341986996284,-0.08689738346623145,127879500.42112651,133.6287276045134,49.54466629859914,9484.427634432379,132.58550033569335,137.054966783374,128.1160338880127,6.742013925149279,0.49490911833736256,0.0,0.0,133.4853342692057,136.08133341471355,130.88933512369792,3.889564587331149,0.31792347953797173,0.0,0.0,125.13999938964844,137.07000732421875,131.1050033569336,8.997973311082069,0.6202840716510306,2.679736403031971,1.2496205547939343,1.82526693176996,2.178389437720356,-0.3531225059503962,133.50333404541016,130.20230806790866,132.72249928784117,130.8972323560712,0.9367787672086096,0.955744885389181,-0.018966118180571367,0.2705766049461158,24.213449517562182,1.5745033264160213,78.2364494213439,83.38770814559224,-5.151258724248336,134.07000732421875,127.96500396728516,131.01750564575195,126.6400032043457,24.99998548529419,25.378161469490777,23.863122578134394,15.228999117898868,10.705962348516332,123.28500175476074,130.64999771118164,92.0,8.0,84.0,,137.07000732421875,0.0,0.0,54.770102284797595,0.21306036227187605,0.11595365144522789,0.1487780590971136,16.81986005430639,42.614781371959914,24.499766031901043,25.08475176831368,-75.50023396809895,5.482590596816124,-1.4572540623547863,1.3944274442753726,1.6748315457534635,-0.2804041014780909,-0.6697533508992242,-3.5138921139691264,2.8441387630699024,132.2071533884599,0.8215324183090233,0.8181762097687617,570.9308628400823,20.088243992255357,-18973455.447989553
2021-05-04,131.19000244140625,131.49000549316406,126.69999694824219,127.8499984741211,125.65862274169922,137564700,-4.689994812011719,0,10788414327.92613,7278369900,0.012521241660406914,-101772067.88361403,-13.42313763662802,-1.0552671050936415,123011703.8163454,133.1577038851755,47.80885738190693,9484.427634432379,132.6675003051758,136.70542386590478,128.6295767444468,6.0872837001383555,-0.0965320737999525,0.0,1.0,133.00500106811523,135.70800094604493,130.30200119018554,4.064508636852571,-0.45357063018857724,0.0,1.0,125.13999938964844,137.07000732421875,131.1050033569336,8.992411786705597,0.22715819631768444,2.9957623965178364,1.8037146975394511,1.3013724502594926,2.0029860402281834,-0.7016135899686908,132.97750027974448,130.4576926598182,131.9728837780381,130.6715113277786,0.8063271402046829,1.0066874957565406,-0.20036035555185772,0.25261934175279555,24.48969885315906,2.1724960327148324,71.98952943277375,83.08397300659936,-11.094443573825615,131.88500213623047,127.96500396728516,129.9250030517578,126.6400032043457,12.499992742647095,24.32278906919714,20.52334199768535,25.39168877263558,-173.87102387563593,123.26500129699707,130.64999771118164,88.0,4.0,84.0,,136.95000732421875,0.0,0.0,43.62092477470703,0.0,0.07102012075729172,0.09540676159963392,12.163311896089011,35.919640192509874,11.089685392630175,14.029813750668419,-88.91031460736983,4.25767864900476,-4.703343034993079,0.9959113788736308,1.539047512377497,-0.5431361335038661,2.954985225920402,-2.2201166459912205,5.175101871911623,131.82874475055664,-3.5385506636376296,-3.6026746202395543,547.189634340505,15.070548458757258,63925056.88153866
2021-05-05,129.1999969482422,130.4499969482422,127.97000122070312,128.10000610351562,125.90432739257812,84000900,0.25000762939453125,1,10713220319.840803,7362370800,-0.07217558529551912,-84233077.34652531,0.33951328000599595,-1.1386539692906144,123175965.57721086,132.79592658561697,47.4521784154729,9502.97420695759,132.67750053405763,136.66886851988653,128.68613254822873,6.016646333798454,-0.07342425539240015,0.0,1.0,132.60400110880533,135.31000086466472,129.89800135294595,4.081324444560359,-0.3322238380726157,0.0,1.0,126.69999694824219,137.07000732421875,131.88500213623047,7.8159524668725835,0.13500556937886343,2.956186004278162,2.244557110348171,0.896026984181475,1.7815942290188418,-0.8855672448373668,132.41583442687988,130.7157698411208,131.37705644349617,130.4810294593147,0.8247209901138783,1.0724491593101726,-0.24772816919629426,0.22927846205857094,24.739512968974363,0.43250007629393394,65.38425358949252,81.51682681141055,-16.132573221918037,131.88500213623047,127.96500396728516,129.9250030517578,126.6400032043457,6.249996371323547,23.342800411781614,19.232782628934142,23.794995512949342,-185.5755312002732,122.67749977111816,130.64999771118164,84.0,0.0,84.0,,136.54000690917968,0.0,0.0,44.27215879639341,0.03129869789639942,0.08145302005609152,0.08947559741953719,8.630380559404895,30.909286312038468,13.500556937886344,16.36333612080588,-86.49944306211366,3.1393837199491657,-4.9985096539794505,0.686710541673696,1.368580118236737,-0.6818695765630409,1.3895270616274495,-1.4981879044674864,2.887714966094936,131.48583809815537,0.19554762016296134,0.19535667468986162,548.4551982683993,17.898900714231402,-19750799.436594486
2021-05-06,127.88999938964844,129.75,127.12999725341797,129.74000549316406,127.51622772216797,78128300,1.6399993896484375,1,10790752548.840918,7440499100,-0.07717179181908344,-53895442.82355456,-2.5821671714477876,-1.2827592135909796,124176202.56557392,132.47854625529726,53.67205151619874,9624.635964621062,132.64650077819823,136.71820664952855,128.5747949068679,6.139183238823211,0.14308629148542265,0.0,0.0,132.2413345336914,134.9353355407715,129.54733352661134,4.07437056889912,0.03575944590339125,0.0,0.0,126.69999694824219,137.07000732421875,131.88500213623047,7.8177790707924775,0.29315385758575885,2.922567678508549,2.460749825227073,0.6990636559820018,1.5650881144114739,-0.8660244584294721,132.1350015004476,131.09423153217023,131.1252024511374,130.4261387951554,0.8180675011518967,1.0795171632621716,-0.26144966211027487,0.2054283375971449,24.926002998602062,0.8534992218017692,59.10764287828272,78.8496484504718,-19.742005572189086,131.88500213623047,129.11000442504883,130.49750328063965,126.6400032043457,3.1249981856617737,22.741790092128515,18.004166365420026,24.32305101581799,-174.7641224653076,122.00749969482422,130.64999771118164,80.0,0.0,80.0,,136.14640651074217,0.0,0.0,48.47651471151895,0.2333625662669381,0.08822042138777887,0.08023118740038752,6.853318900763812,37.004942430424315,29.315385758575886,17.968542696364164,-70.68461424142411,1.6786183525534284,-2.531736985752388,0.5359843221916865,1.202060959027727,-0.6660766368360405,-0.3665658000056684,-1.2718634835751228,0.9052976835694544,131.4404652104,1.280249267375666,1.2721233575517132,556.7570411934898,19.985826644240262,-1970946.292896375
2021-05-07,130.85000610351562,131.25999450683594,129.47999572753906,130.2100067138672,128.19554138183594,78973300,0.470001220703125,1,10776556120.93446,7519472400,-0.14342551417556337,-40893587.076910466,4.350066917678521,-1.0414425563522947,124462294.33242613,132.19312745397337,53.018393226735085,9624.635964621062,132.5070011138916,136.70976882129588,128.3042334064873,6.343465133275418,0.22672836569367882,0.0,0.0,131.88633422851564,134.46233596801758,129.31033248901366,3.906396753796489,0.17462609032000653,0.0,0.0,126.69999694824219,137.07000732421875,131.88500213623047,7.826009409920458,0.33847697720306824,2.8083107885873817,2.618355769045724,0.5742740955857073,1.3669253106463206,-0.7926512150606133,131.86083539326987,131.40423173170822,130.98440310694198,130.41012901135628,0.874587539928924,1.0621990561937382,-0.1876115162648142,0.18259124939453156,25.057253363025612,-0.5669986724853402,51.24079295562056,74.90747149532262,-23.666678539702062,131.88500213623047,129.78000259399414,130.8325023651123,126.6400032043457,1.5624990928308868,21.48059520328125,20.988110860386083,23.23698420865126,-98.87565342466182,122.00749969482422,130.64999771118164,76.0,0.0,76.0,,135.76855012824217,0.0,0.0,49.64891540556852,0.3358912329646559,0.20018416570933084,0.12328586905106724,5.734859513766083,37.27858823979879,33.847697720306826,25.554546805589712,-66.15230227969317,1.0009405697093143,-2.4644144465414324,0.44036003946878916,1.0497207751159394,-0.6093607356471502,-1.705087502701087,-1.3585082874003156,-0.3465792153007714,131.34779947545417,0.3622639130594907,0.36160931777793337,559.1362349502111,19.828591603431676,6015922.876436561
2021-05-10,129.41000366210938,129.5399932861328,126.80999755859375,126.8499984741211,124.88753509521484,88071200,-3.3600082397460938,0,10691065825.06999,7431401200,-0.16807083561624298,-77325925.73511271,-6.803972000858013,-1.321454385562229,122189658.26433498,131.78930124381256,53.461900828013796,9624.635964621062,132.28750076293946,137.1403159231133,127.43468560276563,7.336770491824661,-0.060242056347308726,0.0,1.0,131.2150006612142,133.91400197347005,128.51599934895836,4.1138609132418225,-0.30863283898235866,0.0,1.0,126.69999694824219,137.07000732421875,131.88500213623047,7.8389948530055955,0.014464934984675012,2.867480625255987,3.029155333431635,0.20192521751101822,1.1339252920192602,-0.932000074508242,131.4366683959961,131.5523085960975,130.34834085573877,130.14641563822775,0.8272329408695441,1.0911186565389217,-0.2638857156693776,0.1559832153517574,25.11720410872772,2.032506561279291,41.75142151206664,69.76551113434395,-28.01408962227731,131.88500213623047,130.07000350952148,130.97750282287598,126.6400032043457,0.7812495464154434,21.260169916580086,19.222505832750308,27.888385199245807,-172.6879634659846,122.00749969482422,130.64999771118164,72.0,0.0,72.0,,135.40580800104217,0.0,0.0,42.24774495241807,0.0,0.18975126641053106,0.15938528450254708,2.3522928362016566,34.57736209859114,1.446493498467501,21.536525659116766,-98.5535065015325,-0.13376693725587074,-3.8578170934516964,0.15515234631763994,0.8708070893562796,-0.7156547430386396,-1.969480435461091,-1.4807027170124707,-0.4887777184486204,130.6783413416292,-2.5804531652698692,-2.6143309286187133,542.1275331119978,16.18877561895036,16828071.38074255
2021-05-11,123.5,126.2699966430664,122.7699966430664,125.91000366210938,123.96206665039062,126142800,-0.9399948120117188,0,10791259755.013838,7305258400,-0.15178384495559638,-83218447.42618687,-10.141280935209194,-1.7547893248162492,121254903.99552178,131.09039151391477,51.43651527344533,9624.635964621062,131.86150131225585,137.34240930142903,126.38059332308268,8.313128448604662,-0.04292989974497766,0.0,1.0,130.2496671040853,133.16866811116535,127.3306660970052,4.482162714085762,-0.24334736977650895,0.0,1.0,122.7699966430664,137.07000732421875,129.92000198364258,10.844720057667985,0.2195807464103192,2.988732745835857,3.487101438547155,-0.16708759467391587,0.873722714680625,-1.0408103093545409,130.73583475748697,131.55269329364484,129.66551974902654,129.83260734370046,0.759704796771285,1.1098280480558165,-0.3501232512845315,0.1263007969723174,25.276828878064705,2.8584999084472713,30.785471602730414,63.22807394769287,-32.44260234496245,129.92000198364258,129.92000198364258,129.92000198364258,126.6400032043457,0.3906247732077217,22.13966747951031,17.33766074196521,34.86308951214554,-207.0430871626076,122.48750114440918,130.64999771118164,68.0,100.0,-32.0,,135.05757555893018,0.0,0.0,40.43187668894659,0.0,0.11196374432155166,0.16729972548047134,-0.9918836309907678,40.629818687149736,21.95807464103192,19.084088619935443,-78.04192535896809,-1.0878854414996226,-6.261169746521446,-0.12869463079609256,0.6709067453258053,-0.7996013761218979,1.065339121779545,-0.9714943492540675,2.0368334710336127,129.92698424322535,-0.7410286348592199,-0.7437878917544438,537.3691842193227,17.068231312256003,50862915.7602832
2021-05-12,123.4000015258789,124.63999938964844,122.25,122.7699966430664,120.87065124511719,112172300,-3.1400070190429688,0,10727898529.776176,7193086100,-0.14734968394233808,-121647499.12847355,-2.290442515819646,-1.9774067792370136,118457494.74210446,130.35384643015485,50.677533098021776,9384.611950597955,131.39850120544435,138.15929177614322,124.63771063474547,10.290513984064754,-0.13812837212956292,0.0,1.0,129.18233337402344,132.14633407592774,126.21833267211915,4.588863855435377,-0.5817029710615909,0.0,1.0,122.25,137.07000732421875,129.66000366210938,11.278673035278656,0.035087475443863744,3.055859837463209,4.1772699106195805,-0.7047809550880686,0.5580219807268864,-1.262802935814955,129.74000104268393,131.4203855074369,128.6046700404173,129.30945099550536,0.7193653855812912,1.1256604227365432,-0.40629503715525206,0.09087581217133511,25.343983296105474,2.99149818420409,19.741569568293883,55.66014854992429,-35.918578981630404,128.16000366210938,129.66000366210938,128.91000366210938,126.6400032043457,0.19531238660386085,23.075598210655063,15.837435823374843,33.075768601988074,-197.58080251175832,122.72999954223633,130.64999771118164,64.0,100.0,-36.0,,134.32032082397836,0.0,0.0,35.017420946181105,0.0,0.0,0.10057167024402773,-5.775502407070652,37.85715354538673,3.5087475443863747,8.97110522796196,-96.49125245561362,-2.298532351325534,-8.870252723691557,-0.5450343727099777,0.42771852171864877,-0.9727528944286264,2.205727283581675,-0.336050022686919,2.541777306268594,128.5883587792773,-2.493850311901713,-2.5254736249268994,521.4741508307037,14.863419748040002,15745281.09661001
2021-05-13,124.58000183105469,126.1500015258789,124.26000213623047,124.97000122070312,123.03662109375,105861300,2.2000045776367188,1,10701573156.076202,7298947400,-0.172454877277778,-70998521.45375249,3.142227578213693,-1.9841264000768357,120354500.12585208,129.75596303313534,51.42163639124891,9552.781615949378,130.9220012664795,138.0733188954031,123.77068363755589,10.924546767915299,0.08385290972789246,0.0,0.0,128.26166687011718,130.95266647338866,125.5706672668457,4.196108890423965,-0.11160649102518291,0.0,1.0,122.25,137.07000732421875,129.66000366210938,11.319722568290116,0.18353575414622897,3.088274341998138,4.602196667840188,-0.942520049446216,0.2579135746922659,-1.2004336241384819,128.95500119527182,131.30769318800705,128.04549022199973,128.98801027144594,0.7204684029763014,1.081778600271389,-0.3613101972950875,0.056286954643198814,25.378750126086306,2.6580005645751896,10.693766090962558,47.65898856128521,-36.96522247032266,128.16000366210938,129.66000366210938,128.91000366210938,126.6400032043457,0.09765619330193043,23.240719947947678,18.122432662826498,30.454909473293007,-128.80953651429687,122.92749977111816,130.64999771118164,60.0,96.0,-36.0,,133.35469515806008,0.0,0.0,40.980917976902305,0.22461584150322425,0.07487194716774112,0.06227856382976441,-7.879064811660894,42.62596810877739,18.353575414622895,14.606799200013759,-81.6464245853771,-3.0889140633975813,-7.009448777236098,-0.7307036114928439,0.19603409507635028,-0.9267377065691942,2.550331426410428,0.2412262671325504,2.3091051592778777,128.20980677724188,1.7919724996269926,1.7761059416186775,532.6107967058803,19.11978774323788,12883352.25950484
2021-05-14,126.25,127.88999938964844,125.8499984741211,127.44999694824219,125.47824096679688,81918000,2.4799957275390625,1,10748153799.39095,7380865400,-0.16004879813149925,-31833548.387710005,4.146336104450466,-1.7952540737091556,121980140.58375494,129.3749743135695,51.80004514289844,9742.353972212934,130.58650093078614,137.72828871978567,123.44471314178664,10.938018459939942,0.2804118467804997,0.0,0.0,127.76499964396157,130.4110003153483,125.11899897257487,4.141980477846417,0.44047569618447724,0.0,0.0,122.25,137.07000732421875,129.66000366210938,11.34880498258675,0.35087681365341766,3.0714467246928554,4.804631438326361,-0.9202074864251415,0.022289362468784407,-0.9424968488939259,128.44416745503744,131.1957699702336,127.95387587219088,128.87408335861602,0.7136908748674031,1.0171135494735297,-0.3034226746061266,0.027362183185578096,25.286393018078687,2.8934947967529183,4.497004534210408,39.465716907159276,-34.96871237294887,126.87000274658203,129.66000366210938,128.2650032043457,126.6400032043457,0.048828096650965214,22.651295847907516,20.96945503653822,28.36392863892,-77.04600976746397,123.96249961853027,130.64999771118164,56.00000000000001,92.0,-35.99999999999999,,132.46631954541527,0.0,0.0,46.89701183114156,0.4638683897977416,0.2294947437669883,0.10145556364490997,-7.688985009665819,48.836436001348154,35.087681365341766,18.983334774783707,-64.91231863465823,-3.985089717191798,-4.589013923330698,-0.714036105975236,0.014020054866033027,-0.728056160841269,0.8628723479992196,0.3655554833058843,0.49731686469333536,128.18415052985014,1.9844728361323005,1.965038861171653,545.1647861249486,20.956071418453703,-7996540.684235245
2021-05-17,126.81999969482422,126.93000030517578,125.16999816894531,126.2699966430664,124.31649780273438,74244600,-1.1800003051757812,0,10766714708.009987,7306620800,-0.17242115261971067,-39801420.14055912,-1.943846710197048,-1.9973975952755274,121292744.32831813,128.95767588789656,46.779586970849465,9652.154043334078,130.15800094604492,137.25579504653402,123.06020684555583,10.906427647780765,0.22611178572293328,0.0,0.0,127.09599939982097,129.6939997355143,124.49799906412761,4.088248800846208,0.3410310527280767,0.0,0.0,122.25,137.07000732421875,129.66000366210938,11.386166978979775,0.27125470015773584,2.9923019301532574,5.021513247136714,-0.9863705171044188,-0.17944261344585624,-0.8069279036585626,127.84333419799805,130.93692368727463,127.69481752924865,128.68118804635307,0.6804611658442038,1.0345996881300674,-0.3541385222858636,0.0016270338974432147,25.18646501935974,1.3020057678222656,-3.684924935324563,31.057444199592787,-34.74236913491735,126.75499725341797,129.66000366210938,128.20750045776367,126.6400032043457,0.024414048325482607,22.308764811186336,19.824890575438573,28.44365517193708,-86.89368590258098,125.28749656677246,130.25500106811523,52.0,88.0,-36.0,,131.64901398178205,0.0,0.0,44.60587745177782,0.41226285550725517,0.36691569560274,0.22376079551248998,-8.272118703984182,45.34958534531533,27.125470015773587,26.855575598579446,-72.87452998422641,-4.53935356140137,-5.401557772888898,-0.7665227000772731,-0.1420884961226282,-0.6244342039546449,-1.1459313039441743,0.0632581258558726,-1.209189429800047,128.0644744023416,-0.9258535374112142,-0.9301662012151546,539.1915051304793,18.457003027934206,-2417193.432341099
2021-05-18,126.55999755859375,126.98999786376953,124.77999877929688,124.8499984741211,122.91847229003906,63342900,-1.4199981689453125,0,10707384464.57662,7243277900,-0.19210894282535024,-46965046.12272011,-0.5756791562315268,-1.9472168483572134,120580407.23790114,128.41003221769407,48.50612241131186,9543.608534248051,129.7450008392334,137.06541902297184,122.42458265549494,11.284316368858253,0.16566101537846295,0.0,0.0,126.78199920654296,129.12199859619142,124.44199981689454,3.69137480761177,0.08717922300139024,0.0,0.0,122.25,137.07000732421875,129.66000366210938,11.42241105889095,0.17543840682670883,2.914071645585197,5.304623192511319,-1.1402431669587116,-0.3716027241484273,-0.7686404428102843,127.29250017801921,130.6911541865422,127.25715305922903,128.39739622618774,0.6967855890400153,1.0242751520005076,-0.32748956296049225,-0.023020581263462327,25.079605470067328,2.794992446899414,-8.740750966298899,22.821332582282636,-31.562083548581533,126.75499725341797,129.66000366210938,128.20750045776367,126.6400032043457,0.012207024162741303,22.110428830857607,18.756227585001273,27.86166231816405,-88.61636972109655,125.28749656677246,130.25500106811523,48.0,84.0,-36.0,,130.8970928632395,0.0,0.0,41.94988685748908,0.3019485510203395,0.39269326544177846,0.3297012349371691,-9.594558411954504,42.354614984163426,17.543840682670883,26.585664021262108,-82.45615931732911,-4.4503237331614685,-5.028151454558561,-0.8880578582372758,-0.2912823685455577,-0.5967754896917181,-3.7252386616587376,-0.6944412316470495,-3.030797430011688,127.97126959270754,-1.1245729046459818,-1.130944036114201,532.0033306549831,17.42071099004798,-5800619.2821751535
2021-05-19,123.16000366210938,124.91999816894531,122.86000061035156,124.69000244140625,122.7609634399414,92612000,-0.15999603271484375,0,10779316474.709654,7150665900,-0.18046071107061343,-42372547.045443974,-4.437538255387808,-2.4192458609510163,120461724.39638826,127.4246174048196,38.8886844931496,9543.608534248051,129.30450096130372,136.72763775351757,121.88136416908985,11.481637123266642,0.18918136300966365,0.0,0.0,126.31366577148438,128.61166534423828,124.01566619873047,3.6385604973435597,0.1467224473561716,0.0,0.0,122.25,137.07000732421875,129.66000366210938,11.461323630686186,0.1646424585377104,2.8286642368860524,5.529194431760606,-1.2605676540188426,-0.5493957101225104,-0.7111719438963322,126.63833427429199,130.3165391775278,126.86220681033322,128.12277446435206,0.6475076007364832,1.1240163257760538,-0.47650872503957065,-0.046092341359415465,24.924000376772476,-1.4545024871826229,-13.735178752776273,14.727685734387194,-28.462864487163465,126.75499725341797,129.66000366210938,128.20750045776367,126.6400032043457,0.006103512081370652,22.487376122350206,17.793400666094882,31.215922655300933,-104.8672182606204,126.67000198364258,129.10000228881836,44.0,80.0,-36.0,,130.20532543418034,0.0,0.0,41.64897116493801,0.33572911469959404,0.349980173742396,0.36986304492897165,-10.737549605457668,49.965709542733954,20.642985866910394,21.770765521784984,-79.3570141330896,-4.407059097290045,-5.922733697277076,-0.9838747711239845,-0.4298008490612431,-0.5540739220627413,-3.163564084731153,-1.1882658022638704,-1.9752982824672825,127.8585165930953,-0.12815060846637083,-0.1282327915782311,531.193414541221,18.083340953185655,31631159.89154224
2021-05-20,125.2300033569336,127.72000122070312,125.0999984741211,127.30999755859375,125.34040069580078,76857100,2.6199951171875,1,10832118872.85851,7227523000,-0.12480291395382159,-7552865.07878178,8.590498627620345,-1.4097348339364562,122076651.19708198,126.98480088532276,46.047682956863035,9744.139509230017,129.0730007171631,136.44151654724246,121.70448488708375,11.417594367742232,0.38036918158114563,0.0,0.0,126.09733225504559,128.39533182779948,123.79933268229165,3.6448028386611098,0.7638523779390721,0.0,0.0,122.25,137.07000732421875,129.66000366210938,11.48188020877716,0.3414301658491584,2.8487976911271344,5.588861491084373,-1.1314710729482158,-0.6658107826876516,-0.4656602902605642,126.59333419799805,130.13500066903921,126.931097694681,128.06256876762922,0.7275721087214542,0.9726865217710755,-0.24511441304962134,-0.06309820098117665,24.90745910973107,-0.9729946136474723,-17.3702411500578,7.10423750042293,-24.47447865048073,125.8949966430664,129.66000366210938,127.77750015258789,127.93000411987305,0.003051756040685326,21.627776021269845,23.40444028293388,28.86851955333726,-49.71062446820208,127.81999969482422,127.04500198364258,40.0,76.0,-36.0,,129.5688993994459,0.0,0.0,48.20147638329731,0.6674564941895448,0.4350447199698258,0.39257271971800023,-9.705530544044406,51.790495724974285,42.8087514652043,26.998526004928554,-57.1912485347957,-4.25650069292854,-0.4223706859383723,-0.883529889987824,-0.5205466572465594,-0.36298323274126465,-4.094381765011181,-1.7694889948133325,-2.3248927701978483,127.84683358166302,2.1012070461853494,2.0794361308389853,544.456095042619,20.998723793789452,2213902.1562905908
2021-05-21,127.81999969482422,128.0,125.20999908447266,125.43000030517578,123.48948669433594,79295400,-1.8799972534179688,0,10765328905.884752,7148227600,-0.18021997273372986,-27770332.097338554,0.6861045244580681,-1.495951239239425,120905689.47319955,126.59462952483258,39.87717900396312,9744.139509230017,128.62850036621094,135.74557687441245,121.51142385800944,11.06609575317893,0.2752939667467881,0.0,0.0,125.68699900309245,128.08599878946941,123.28799921671548,3.817419152983266,0.4464362816170171,0.0,0.0,122.25,137.07000732421875,129.66000366210938,11.52155803886817,0.21457481333218018,2.8429180135671555,5.655982524691173,-1.1674040615792478,-0.7661294384659709,-0.4012746231132769,126.37083371480306,129.7861545269306,126.70015963475713,127.86756369633638,0.722156830265417,0.9868699311047039,-0.2647131008392869,-0.07802992160347896,24.992732638950315,1.1115051269531193,-23.052137991460793,-0.09615799996900717,-22.955979991491784,125.125,129.66000366210938,127.39250183105469,127.96500396728516,0.001525878020342663,20.71822118370846,22.476732553001995,26.865208920798363,-55.15663342981963,127.98250007629395,127.04500198364258,36.0,72.0,-36.0,,128.98338744749023,0.0,0.0,44.35271909959307,0.6380276587141466,0.5470710892010948,0.444031994304439,-10.024399847547908,51.231870255226646,34.415567258357235,32.622434863490675,-65.58443274164276,-4.368029919792633,-2.0843135605959717,-0.9129790447494824,-0.599033134747144,-0.3139459100023384,-4.578125883302981,-2.3312163725112622,-2.2469095107917187,127.73714886616567,-1.4767082628783457,-1.4877201427072606,534.9393586365015,17.811384660597923,11019328.673739284
2021-05-24,126.01000213623047,127.94000244140625,125.94000244140625,127.0999984741211,125.13365173339844,63092900,1.6699981689453125,1,10775423519.577227,7211320500,-0.19488824510513883,-8750995.015797377,1.0619353339913742,-0.4613031699094682,121745719.98597236,126.37738445844104,47.67775368847799,9873.874780686367,128.24750022888185,134.81393919378382,121.68106126397987,10.240260360916086,0.4126237401356944,0.0,0.0,125.61299947102864,127.9389996846517,123.2869992574056,3.70343869411306,0.819647219803184,0.0,0.0,122.25,137.07000732421875,129.66000366210938,11.555786504820485,0.32726019414276947,2.809626425833487,5.520698892829922,-1.049033710857742,-0.8227102929443253,-0.2263234179134168,126.15083312988281,129.51461586585413,126.76167330235158,127.81070701320932,0.8440994358868188,0.935401444345509,-0.09130200845869019,-0.08827162700224221,25.03974067320844,1.9625064849853402,-26.407705844168248,-6.450955494068858,-19.95675035009939,125.125,129.66000366210938,127.39250183105469,127.96500396728516,0.0007629390101713315,19.87363454883003,21.060767894364847,25.17278381901579,-33.0110869868951,128.5,127.04500198364258,32.0,68.0,-36.0,,128.44471645169102,0.0,0.0,48.30165671373057,0.9079206368442041,0.7378015965826316,0.5733058019178509,-9.054478166964856,52.86236870289089,53.82909468414626,43.68447113590263,-46.17090531585374,-4.206205839269316,-2.0348442325155207,-0.820771385568913,-0.6433807849114979,-0.1773906006574152,-6.443769131048489,-3.1537269242187076,-3.2900422068297814,127.73375108253059,1.331418452429367,1.3226329720446905,543.3930584191246,20.250079686210498,-5397331.945659235
2021-05-25,127.81999969482422,128.32000732421875,126.31999969482422,126.9000015258789,124.93675231933594,72009500,-0.1999969482421875,0,10745179502.107887,7139311000,-0.19031239086231505,-9558235.762747152,1.0554232919386188,-0.41016674048570945,121632410.14791301,126.25240483827648,47.0994000986077,9873.874780686367,127.87300033569336,133.82062266421298,121.92537800717375,9.302389578575402,0.4182027072273233,0.0,0.0,125.8326665242513,128.0086675008138,123.65666554768882,3.4585629259364357,0.7452514987639632,0.0,0.0,122.25,137.07000732421875,129.66000366210938,11.589629777445694,0.31376513008059764,2.728664546189591,5.399540680475243,-0.9602927799715104,-0.8502267903497623,-0.11006598962174807,125.87499936421712,129.2092314500075,126.78295456750963,127.74324734748114,0.8217971981302478,0.9008258144501667,-0.07902861631991898,-0.09506432860191022,24.952066851902664,-1.0230018615722685,-26.99311279031884,-11.643697978359162,-15.349414811959678,125.59000396728516,129.66000366210938,127.62500381469727,127.96500396728516,0.00038146950508566573,18.920333340529222,20.95508862644219,23.881778176019875,-22.5577248242213,128.73500061035156,127.04500198364258,28.000000000000004,64.0,-36.0,122.25,,1.0,0.0,47.86359660026585,0.8779811036898401,0.8079764664160632,0.6976163840665967,-8.40517203360725,48.374933869471306,51.60937137476523,46.618011105756274,-48.39062862523477,-3.9424402349135477,-2.5420513150436466,-0.7517366278934239,-0.6650519535078832,-0.08668467438554073,-7.044379442248677,-3.931857427824702,-3.112522014423975,127.725465875915,-0.15735401309459052,-0.1574779445462582,542.3806536217301,19.23990276754654,12978264.350158885
2021-05-26,126.95999908447266,127.38999938964844,126.41999816894531,126.8499984741211,124.88753509521484,56575900,-0.0500030517578125,0,10738763650.871454,7082735100,-0.17035770845336745,-8596911.747489678,-0.7115310492903201,-0.27654987461731884,121610117.25885132,126.10820287300135,41.20375532493283,9869.984127685799,127.53650016784668,132.88595016378142,122.18705017191195,8.388892574117206,0.4358343666874829,0.0,0.0,126.19933319091797,128.23333435058595,124.16533203125,3.2234737034479855,0.6599471269006876,0.0,0.0,122.25,137.07000732421875,129.66000366210938,11.620208571440031,0.3103911066632072,2.5527982136409446,5.348723805065678,-0.8838117495886593,-0.8569437821975417,-0.02686796739111752,125.87499936421712,128.96846213707556,126.79326901468063,127.67708076426929,0.8392228024702182,0.9026163024029182,-0.06339349993270005,-0.09914659504955438,24.794002261687385,-1.6264965057373075,-26.102760593500534,-15.732200943299505,-10.370559650201029,125.59000396728516,129.66000366210938,127.62500381469727,127.96500396728516,0.00019073475254283287,18.035125075678472,20.408410879934564,23.25874875779125,-24.265776205487395,129.61000061035156,127.04500198364258,24.0,60.0,-36.0,122.37140014648438,,0.0,0.0,47.74700275535876,0.8700124135993833,0.8853047180444755,0.8103609270143902,-7.909996855840849,47.14175449920635,51.05439820891175,52.16428808927444,-48.94560179108825,-3.264440267226263,0.0,-0.6922242772925271,-0.670486418264812,-0.02173785902771508,-9.007874549569163,-4.947060852173594,-4.060813697395568,127.6742912151762,-0.03940350760958111,-0.03941127283155765,542.1275331119978,19.106971904558236,-5003285.004319638
2021-05-27,126.44000244140625,127.63999938964844,125.08000183105469,125.27999877929688,123.3418197631836,94625600,-1.5699996948242188,0,10658923089.366554,6988109500,-0.17363363490782446,-28591947.658213805,-1.4744360743161091,-0.6925858026169353,120438953.16811728,125.81953692352205,33.861605719456364,9869.984127685799,127.12650032043457,131.8059818696217,122.44701877124746,7.36192931826493,0.30270233767045646,0.0,0.0,126.28666636149089,128.38766733805338,124.1856653849284,3.327352027091208,0.26043143401078955,0.0,0.0,122.25,134.07000732421875,128.16000366210938,9.297831132317247,0.25634491554743133,2.553518148136225,5.29295911403975,-0.9390609265158361,-0.8733672110612006,-0.06569371545463543,125.82249895731609,128.65230824397162,126.56045820923697,127.4995191357528,0.7450461371500307,0.9379122843865789,-0.19286614723654827,-0.10342042291778658,24.6884643736304,-4.356503677368167,-28.759561853986927,-19.427374986432543,-9.332186867554384,125.59000396728516,129.66000366210938,127.62500381469727,127.96500396728516,9.536737627141643e-05,17.75812430611723,18.99964346245044,25.266444071588523,-46.24713581318709,129.8474998474121,127.04500198364258,20.0,56.00000000000001,-36.00000000000001,122.49037229003906,,0.0,0.0,44.11346863384253,0.6847249511997607,0.8109061561629943,0.834729113541178,-8.503814924388012,46.05393871894775,41.56380754232801,48.07585904200169,-58.43619245767199,-3.1304696251364277,-0.5003612616064834,-0.7365211515158641,-0.6836933649150225,-0.05282778660084153,-6.673296117481129,-5.292307905235102,-1.3809882122460273,127.65948981581298,-1.2376820762394547,-1.24540515175946,534.180035728072,17.505436092236707,41643452.271865055
2021-05-28,125.56999969482422,125.80000305175781,124.55000305175781,124.61000061035156,122.68218994140625,71311100,-0.6699981689453125,0,10594457576.40757,6916798400,-0.17113556936320481,-31332856.05353699,-2.077161827881196,-0.35495650454716265,120057580.98667558,125.6247242689186,34.39990651434965,9817.199394627822,126.78400001525878,131.1358984927954,122.43210153772216,6.865059434964758,0.2502240210647324,0.0,0.0,126.07900009155273,128.1010009765625,124.05699920654297,3.207514151510524,0.13674608352259066,0.0,0.0,122.25,134.07000732421875,128.16000366210938,9.32294873390663,0.19966151844221028,2.4231663333226026,5.092397890534688,-1.0250929170553604,-0.9037123522600325,-0.12138056479532788,125.97583262125652,128.37038509662335,126.26038780940846,127.28548072646382,0.8084035294379126,0.9563021769198286,-0.14789864748191595,-0.10846068717943545,24.512636047441962,-1.8139987945556584,-32.60289376812864,-22.640482634521884,-9.962411133606754,125.59000396728516,129.66000366210938,127.62500381469727,127.96500396728516,4.7683688135708216e-05,17.706930680215248,18.33414668596837,25.866574346277527,-79.66618726346755,130.13750076293945,127.04500198364258,16.0,52.0,-36.0,122.60696499072266,,0.0,0.0,42.62279097135326,0.5725109188253373,0.7090827612081602,0.8017645451385436,-9.419063925921217,41.569082211931445,38.87969955053242,43.83263510059075,-61.12030044946758,-3.223380616131962,1.498740749040391,-0.8053494485033077,-0.7080245816326796,-0.09732486687062814,-7.082443375360007,-5.650334999260083,-1.432108376099924,127.51949209307585,-0.5348005870638883,-0.5362357645823046,530.7884371739563,17.68485265200549,-618662.1339986622
2021-06-01,125.08000183105469,125.3499984741211,123.94000244140625,124.27999877929688,122.3572998046875,67637100,-0.3300018310546875,0,10559439527.485699,6849161300,-0.1762960537381104,-30045357.595492993,-1.104869302291663,0.290501469232661,119878459.1927754,125.63049283373164,36.20885091052485,9791.20072870865,126.37100028991699,129.9604930113647,122.78150756846931,5.680880444425971,0.20873300590274005,0.0,0.0,125.91900024414062,127.90600051879883,123.93199996948242,3.1559975393795554,0.08756888820116464,0.0,0.0,122.25,131.49000549316406,126.87000274658203,7.311808462357572,0.21969670697692853,2.3218493032618266,4.829054455713023,-1.1071398600744118,-0.9443978538229085,-0.16274200625150326,125.91833241780598,127.98423092181866,125.95571257400668,127.0628524340811,0.8816229102611988,0.8849530028926095,-0.003330092631410708,-0.11409838419361512,24.401233553767174,1.0789966583251953,-34.73031761707605,-25.528212262386013,-9.202105354690033,125.59000396728516,129.66000366210938,127.62500381469727,127.96500396728516,2.3841844067854108e-05,17.896306875103765,17.585878742101553,26.576553975142264,-93.14242984116028,130.30500030517578,127.04500198364258,12.0,48.0,-36.0,122.72122583739258,,0.0,0.0,41.87226384238302,0.5160133421409776,0.5910830707220249,0.7036906626977265,-10.387825851327538,32.9460260481173,33.443102633457684,37.962203242106064,-66.55689736654232,-3.4279693154727795,-0.5521344600034627,-0.8713324460024889,-0.7406861545066414,-0.1306462914958475,-7.7172748068482875,-6.063722960777723,-1.653551846070564,127.41698772204136,-0.2648277260559384,-0.26517901502254304,529.1179344995646,17.89845959147864,4773696.743481711
2021-06-02,124.27999877929688,125.23999786376953,124.05000305175781,125.05999755859375,123.1252212524414,59278900,0.779998779296875,1,10600785206.29384,6908440200,-0.11538234155011301,-19147810.84784235,0.0,0.45410450607692143,120250501.91961974,125.83846468667669,43.507568648323485,9852.651683739685,126.23150024414062,129.79701219234258,122.66598829593866,5.649163546826279,0.3357174646213648,0.0,0.0,125.84333368937175,127.72833353678384,123.95833384195964,2.9957881631854715,0.29221851613053806,0.0,0.0,122.25,131.25999450683594,126.75499725341797,7.137675215306776,0.3118756128499066,2.208663854136816,4.236844316198838,-1.0965825497314512,-0.9748347930046172,-0.12174775672683402,125.71916580200195,127.61269231942984,125.81791026394316,126.91449281367461,0.9342279231867704,0.8674739611939404,0.06675396199283001,-0.11850032147479984,24.33045123902876,0.038496398925786934,-34.59281759130277,-27.845727688888953,-6.747089902413816,126.1300048828125,129.66000366210938,127.89500427246094,127.96500396728516,1.1920922033927054e-05,18.072156198928816,16.956873758764342,25.625973959469007,-73.97376671965743,130.30500030517578,126.60000228881836,8.0,44.0,-36.0,122.8332014671291,,0.0,0.0,44.3658711372488,0.46237863172440424,0.5169676308969061,0.6057111542756973,-10.557419277254446,40.4151723041486,40.29293485399369,37.538579012661295,-59.70706514600631,-3.7075287089628404,-1.8752447602011502,-0.8640325666678298,-0.7653554369388792,-0.0986771297289506,-9.03532684236251,-6.6580437370946814,-2.3772831052678285,127.40292209241824,0.6276140867059743,0.6256527914626275,533.0663672784776,19.010522263745557,-446011.31435161084
2021-06-03,124.68000030517578,124.8499984741211,123.12999725341797,123.54000091552734,121.62873840332031,76229200,-1.5199966430664062,0,10560898133.01267,6832211000,-0.09412019630757489,-32964999.027241684,-1.4779182534168471,0.12409408953188288,119324001.59684986,125.7636469037224,34.55166970946455,9852.651683739685,126.00349998474121,129.64431169059847,122.36268827888394,5.7789056753156265,0.16168271415263927,0.0,0.0,125.8116668701172,127.66266708374023,123.96066665649414,2.942493744294704,-0.1136320076763819,0.0,1.0,122.25,131.25999450683594,126.75499725341797,7.150590664487122,0.14317443973452063,2.1807974992407124,3.8577025496119632,-1.1970677789696964,-1.0192813901976332,-0.1777863887720632,125.49166615804036,127.1953846858098,125.46746267187919,126.66453045084889,0.8742701162755651,0.9701137857243013,-0.09584366944873624,-0.12397061186072904,24.288298211002473,-1.1535015106201172,-34.6783355593702,-29.768849289923665,-4.909486269446532,125.72500228881836,129.66000366210938,127.69250297546387,127.96500396728516,5.960461016963527e-06,18.607272552635145,15.95982773827406,26.922061865088338,-110.03305819667767,130.30500030517578,126.29999923706055,4.0,40.0,-36.0,122.9429375842709,,0.0,0.0,40.70158513978856,0.0,0.326130657955127,0.4780604531913528,-11.717470350395223,33.74738952946391,12.454202729251845,28.730080072234433,-87.54579727074815,-3.986705308801973,-2.1620304111166453,-0.9450694481784769,-0.8012982391867989,-0.14377120899167806,-8.217335070262177,-6.969902003728182,-1.2474330665339952,127.3417389512759,-1.2154139395007202,-1.2228604938742116,525.3719904042841,17.17719407571289,22140751.87999689
2021-06-04,124.06999969482422,126.16000366210938,123.8499984741211,125.88999938964844,123.9423828125,75169300,2.3499984741210938,1,10618495150.26332,6907380300,-0.1066331702741893,-3020321.9803856276,3.119175870818677,0.050725501415326536,120753884.5415775,125.62540753790725,34.04711020111844,10040.070465116145,125.81099967956543,129.02309653390503,122.5989028252258,5.1062257871261965,0.5122972179335575,0.0,0.0,125.67066701253255,127.49066747029622,123.85066655476889,2.896460249681275,0.5602561324037768,0.0,0.0,122.25,131.25999450683594,126.75499725341797,7.161531606762493,0.40399573905253194,2.224718023974844,3.614678065913144,-1.0746894588820766,-1.030363003934522,-0.044326454947554605,125.57833290100098,126.89961536114032,125.53246832076677,126.60715777964884,0.8625480114316464,1.0045124919760267,-0.14196448054438027,-0.12611955825946305,24.134853832149243,-1.1209972381591768,-35.20676415713241,-31.11936330833162,-4.08740084880079,125.72500228881836,129.66000366210938,127.69250297546387,127.96500396728516,50.000002980230505,18.287115849786897,18.654327096105256,24.791016006356497,-31.4485328339647,130.30500030517578,126.1099967956543,0.0,36.0,-36.0,123.05047897906985,,0.0,0.0,47.87021153543169,0.9432314322172761,0.46853668798055986,0.43721165894419783,-10.674428927030927,41.58193297696664,55.49441489881982,36.08051749402181,-44.50558510118018,-3.9938817641314444,0.8330003430019386,-0.8488378364456302,-0.8108061586385652,-0.038031677807064956,-7.593953612818921,-7.09471232554633,-0.4992412872725911,127.31242186347454,1.9022166559055975,1.8843507251345315,537.2679205671228,20.353154178169277,13230689.480648689
2021-06-07,126.16999816894531,126.31999969482422,124.83000183105469,125.9000015258789,123.95221710205078,71057600,0.01000213623046875,1,10649493549.353937,6978437900,-0.07904335930123547,-2487314.8695576587,1.1952251801881442,0.27494492215712596,120759530.16711453,125.59317103738088,41.13997851688114,10040.86816273345,125.59549942016602,128.09812532960905,123.092873510723,3.985215905023418,0.560836520664939,0.0,0.0,125.61766713460285,127.30766728719075,123.92766698201498,2.6907045659063265,0.5835308774510172,0.0,0.0,122.25,129.5399932861328,125.8949966430664,5.804342766889231,0.5006865414844786,2.1512460079543128,3.318801907364764,-0.9657639441411305,-1.0174431919758438,0.05167924783471323,125.67916615804036,126.60807712261493,125.58901189078402,126.55477583492515,0.9364742554191988,0.9832264936610942,-0.04675223824189534,-0.12568749602558266,23.992904457331345,1.7144981384277287,-35.77188894530414,-32.15982809734672,-3.612060847957423,125.72500228881836,128.16000366210938,126.94250297546387,127.96500396728516,75.00000149011525,17.893308304705375,18.2882969517445,23.644744025023773,2.0537454167398232,131.07500457763672,126.6400032043457,4.0,32.0,-28.0,123.12999725341797,,0.0,0.0,47.89908162358636,0.9470300922527493,0.6300871748233415,0.474918173586343,-9.818270679679927,44.029902091261,55.67760398181244,41.20874053662806,-44.32239601818756,-3.654176397884598,0.9704058551456469,-0.7631193194959696,-0.8012687908100461,0.03814947131407653,-7.455565878953596,-7.166883036227784,-0.28868284272581235,127.29955470155082,0.007945139629006448,0.007944824019556762,537.3185523932227,19.257378357181025,8393034.613092706
2021-06-08,126.5999984741211,128.4600067138672,126.20999908447266,126.73999786376953,124.77923583984375,74403800,0.839996337890625,1,10610142006.65287,7052841700,-0.05077294804000515,6796432.901114361,5.322333313982925,0.6962315271724441,121255947.31379978,125.70792085253314,47.965772402022225,10040.86816273345,125.58999938964844,128.08203414130824,123.09796463798864,3.9685241878665116,0.7307348389413797,0.0,0.0,125.63200047810874,127.34700139363606,123.91699956258137,2.7301975754595826,0.8230311353274458,0.0,0.0,122.25,128.4600067138672,125.3550033569336,4.9446665690318,0.7230262495116455,2.19212192595771,2.8360118474551954,-0.8024093293512067,-0.9744364194509164,0.17202709009970973,125.63166618347168,126.4265383206881,125.76608665585871,126.56849598520992,0.9887207601533193,0.8991892727012115,0.08953148745210782,-0.1220153020204403,23.943848405723255,-0.1599990844726591,-34.911697029803804,-33.03967079062283,-1.8720262391809754,125.79500198364258,128.16000366210938,126.97750282287598,127.96500396728516,87.50000074505763,16.876457800547207,23.4350402075407,21.781297315360508,103.3738051048145,131.01750564575195,126.6400032043457,0.0,28.000000000000004,-28.000000000000004,123.23379745483399,,0.0,0.0,50.38422384333699,1.0,0.9634205081566748,0.6873481236535256,-8.390772917373063,47.597079177785545,69.28558972430667,60.15253620164634,-30.71441027569332,-2.9298525193158156,-0.4477257919684426,-0.6339723981905985,-0.7678095122861567,0.1338371140955582,-6.91157094828759,-7.115820618639746,0.2042496703521559,127.2949646188994,0.6671932706195927,0.6649773870081255,541.5706988872005,19.90975724244649,13493538.366571605
2021-06-09,127.20999908447266,127.75,126.5199966430664,127.12999725341797,125.1631851196289,56877900,0.3899993896484375,1,10609679487.17998,7109719600,-0.11910242362636282,8994420.527310148,-0.4325164991943261,0.9823045097576927,121430969.774415,125.93392070571494,49.60022957822439,10071.765531527913,125.65099906921387,128.22960169409737,123.07239644433037,4.104388574679137,0.7867828819244534,0.0,0.0,125.62733332316081,127.26533381144206,123.98933283487955,2.6077135364605772,0.958688486666417,0.0,0.0,122.25,128.4600067138672,125.3550033569336,4.942266086118785,0.7858280156961416,2.0959100690552983,2.353457953353751,-0.6341696162606354,-0.9063830588128602,0.2722134425522248,125.7733325958252,126.21846155019907,125.97591905548322,126.61008867174385,1.069353778848466,0.8467686172128396,0.22258516163562636,-0.11548778241278433,23.710180773256226,1.4489994049072266,-33.64890169099738,-33.878130912566924,0.22922922156954684,125.79500198364258,126.87000274658203,126.3325023651123,127.96500396728516,93.75000037252882,15.93223947525748,22.516834818781007,20.927887020689635,92.26374987318772,131.01750564575195,126.6400032043457,0.0,24.0,-24.0,123.44284582519532,,0.0,0.0,51.53996560152941,1.0,0.9823433640842495,0.8586170156880888,-6.872393814592723,49.52311994542347,75.04677111141329,66.66998827251082,-24.953228888586704,-2.2733234405517635,1.355335202189295,-0.5008839523877262,-0.7144244003064706,0.21354044791874438,-8.306535785988201,-7.353963652109438,-0.9525721338787632,127.29388786823566,0.3077161087438496,0.307243631736398,543.544915276657,19.766860331729674,-5598495.219626255
2021-06-10,127.0199966430664,128.19000244140625,125.94000244140625,126.11000061035156,124.15898132324219,71186400,-1.0199966430664062,0,10549250027.316698,7038533200,-0.12041664066064325,-2663337.981160219,-0.22123710467960808,0.3528948145934102,120859822.99080229,125.93210978985493,42.064246553010946,10071.765531527913,125.81799926757813,128.03604721996808,123.59995131518816,3.525803883866917,0.5658239472367597,0.0,0.0,125.61333363850913,127.37933400472006,123.84733327229817,2.811803994141503,0.6406191587910232,0.0,0.0,122.86000061035156,128.4600067138672,125.66000366210938,4.450878360898148,0.5803565103187449,2.111319062149769,2.114840491028137,-0.5764981246392864,-0.8404060719781454,0.26390794733885903,125.6908327738444,126.1515385554387,125.99654698700142,126.57304511164071,0.9813156880365663,0.9323618498480964,0.04895383818846988,-0.10865228163472161,23.601019113698552,1.0820022583007756,-32.11099419391385,-34.25051228366991,2.1395180897560664,125.79500198364258,126.75499725341797,126.27499961853027,127.96500396728516,96.8750001862644,14.857217450777396,20.90339811989405,21.275385947913296,60.78154416258916,129.9250030517578,126.6400032043457,8.0,20.0,-12.0,123.64353226074219,,0.0,0.0,48.36669624892336,0.7072192322637507,0.9024064107545833,0.949390094331836,-6.396021283542913,44.59713674731357,55.909907459759665,66.74742276515991,-44.090092540240335,-1.4902343974393943,-0.7789125693586104,-0.4554667418570834,-0.6626328686165932,0.2071661267595098,-7.774071770866847,-7.43798527586092,-0.3360864950059268,127.27916437310505,-0.8023257021182562,-0.8055616549897948,538.3815890167173,18.393519518182387,17905479.41444969
2021-06-11,126.52999877929688,127.44000244140625,126.0999984741211,127.3499984741211,125.3797836303711,53522400,1.2399978637695312,1,10595582555.560747,7092055600,-0.07405469222478184,7198233.396693863,-0.7385764248950821,0.25113188963961375,121386091.02143118,125.96626824884449,48.78034075787004,10170.797865863316,125.93699913024902,128.2148659011791,123.65913235931892,3.6174703012801444,0.8101584697368244,0.0,0.0,125.70966695149741,127.35366795857749,124.0656659444173,2.6155522434315217,0.9988839774304905,0.0,0.0,122.86000061035156,128.4600067138672,125.66000366210938,4.446672655526656,0.8017844589402783,2.0341875526633073,1.8734894829811286,-0.4258269198530513,-0.7574902415531266,0.3316633217000753,125.72833251953125,126.1226921081543,126.20477029271214,126.63059721256519,0.9822205957978365,0.9691822052827577,0.013038390515078824,-0.09979208299039685,23.487032691908333,0.9129993438720732,-29.463186087703203,-33.901655874733756,4.438469787030552,125.79500198364258,126.75499725341797,126.27499961853027,127.96500396728516,98.4375000931322,13.858982713760174,19.984947421707524,20.340590898516428,70.1531158299471,129.9250030517578,126.6400032043457,4.0,16.0,-12.0,123.83619123886719,,0.0,0.0,52.21821536200358,1.0,0.9024064107545833,0.9290520618644722,-4.899418799869512,47.23066501577531,79.17436642499803,70.04368166539035,-20.82563357500197,-0.9351757273954462,0.3546075199616282,-0.3362749045068847,-0.5973612757946515,0.2610863712877668,-9.256695294889704,-7.801727279666678,-1.4549680152230264,127.28201875799724,0.9832668763525065,0.9784642636073926,544.6585837262513,20.06376271397461,-5407505.473536387
2021-06-14,127.81999969482422,130.5399932861328,127.06999969482422,130.47999572753906,128.46133422851562,96906500,3.1299972534179688,1,10689137952.304287,7188962100,-0.040806509453514536,49500925.6026445,7.286841637928231,0.6957680542065321,123767850.60111412,126.23151611379481,50.62181302621704,10170.797865863316,126.08849906921387,129.04937718849362,123.12762094993411,4.696507835586872,1.2415868673772772,1.0,0.0,126.14733301798503,128.01333338419596,124.2813326517741,2.9584460036818925,1.6609490512458642,1.0,0.0,122.86000061035156,130.5399932861328,126.69999694824219,6.090954157179288,0.9921878104411542,2.177768156527836,1.7613866187551117,-0.053240560618462496,-0.6166403053661939,0.5633997447477314,126.03083229064941,126.15115327101488,126.86249728268552,126.91573784330399,1.0114199848864245,0.8694334035574406,0.1419865813289839,-0.08495703531994415,23.60684626384519,-0.8085002899169922,-23.508471160083673,-32.654784046179046,9.146312886095373,126.83499526977539,126.75499725341797,126.79499626159668,129.11000442504883,99.2187500465661,14.344505959431872,27.55515274394585,18.120292105513144,212.321444670073,130.49750328063965,126.6400032043457,0.0,12.0,-12.0,124.02114385786719,,0.0,0.0,60.273642789312106,1.0,0.9024064107545833,0.9024064107545833,-0.9472573221622833,57.91177840786856,99.19031591476077,78.09152993317285,-0.8096840852392244,-0.12726478576659872,2.8616454844960297,-0.04194953401617989,-0.4862789274389572,0.4443293934227773,-5.484777881789034,-7.33833740009115,1.8535595183021156,127.71737057148329,2.4577913552578545,2.4280736124883795,560.502946668003,22.55579702835155,46857341.7980001
2021-06-15,129.94000244140625,130.60000610351562,129.38999938964844,129.63999938964844,127.63438415527344,62746300,-0.839996337890625,0,10652319731.578932,7126215800,-0.07973232212259118,34899841.628525786,2.2948214626666585,0.7842964949728207,123363906.21161364,126.39396189432247,50.22269406487418,10105.320909697632,126.25699920654297,129.599045388668,122.91495302441794,5.294037088047373,1.006127084837947,1.0,0.0,126.68266652425132,128.5286679585775,124.83666508992512,2.9143709790365104,1.3010104462558516,1.0,0.0,122.86000061035156,130.60000610351562,126.7300033569336,6.130357557842983,0.8759682128500993,2.0809920122617713,1.6341703796139566,0.1722703042563012,-0.4588581834416949,0.6311284876979961,126.39416567484538,126.12922991239108,127.28980529914136,127.11753499488506,1.0879122919171247,0.8779437766396234,0.20996851527750127,-0.06785859177995651,23.621845948243802,-1.646998596191409,-19.186672977165962,-30.942990200163845,11.756317222997883,126.8650016784668,126.42500305175781,126.6450023651123,129.66000366210938,99.60937502328305,14.82046325016589,26.665408030631845,17.406766201295767,198.96146559654923,130.8325023651123,126.6400032043457,100.0,8.0,92.0,124.41227482356312,,0.0,0.0,57.47330442602361,0.8569216168563316,0.9523072056187769,0.9190400090426479,1.4907172682677172,53.1223103975801,87.14851972558725,88.50440068844871,-12.851480274412756,0.5448822245878233,3.480204863373668,0.13552048839149766,-0.36191904427286625,0.4974395326643639,-6.227569246133508,-7.116183769299623,0.8886145231661144,127.92777929046969,-0.6437740384699686,-0.6458552003278939,556.2508001740251,19.842139598977752,-9302042.3425048
2021-06-16,130.3699951171875,130.88999938964844,128.4600067138672,130.14999389648438,128.136474609375,91815000,0.5099945068359375,1,10688213901.008514,7218030800,-0.013101718057065819,36603456.48804233,-0.8469170774656503,0.7746260643888686,123725099.8699413,126.67546366296627,48.38452693531083,10105.320909697632,126.52199897766113,130.19943347574008,122.84456447958216,5.8131147591625565,0.9932779796239021,0.0,0.0,127.18766657511394,129.15766779581708,125.2176653544108,3.0977865602081858,1.2518592603493703,1.0,0.0,122.86000061035156,130.88999938964844,126.875,6.34672139563228,0.9078448809890282,2.115892078613719,1.4830568439610199,0.3876727339285111,-0.28955199996765374,0.6772247338961648,126.85583178202312,126.2561528132512,127.72983431411721,127.3421615801887,1.0449151661574267,0.8392726415919893,0.2056425245654374,-0.049054931817719374,23.626039455500077,-2.242000198364252,-14.247616316764189,-28.67291028431874,14.42529396755455,127.36999893188477,126.56999969482422,126.96999931335449,129.66000366210938,99.80468751164153,14.667231847498979,24.57274149244382,19.044197004842616,168.16825096711938,130.97750282287598,126.6400032043457,100.0,4.0,96.0,124.90729332595933,,0.0,0.0,58.72708350267756,0.9209812624544259,0.9259676264369189,0.9268937476034265,3.8709870218056324,53.88681065660794,90.46384936275894,92.26756166770235,-9.53615063724107,1.1815596412209857,4.445865708207529,0.3044339196993994,-0.22864845147841312,0.5330823711778125,-3.580352337212377,-6.409017482882174,2.8286651456697967,128.15985294474459,0.3933928642679829,0.3926210979267708,558.8324439936114,20.351393816938412,34005973.48139384
2021-06-17,129.8000030517578,132.5500030517578,129.64999389648438,131.7899932861328,129.75108337402344,96721700,1.6399993896484375,1,10734239597.918882,7314752500,-0.030720557941686672,54034895.41343047,4.272567346393058,1.1851263087252375,124943874.64062566,127.17710183942414,57.84081049214902,10105.320909697632,126.87699851989746,131.1076647006257,122.64633233916922,6.6689253845562275,1.0806407970233274,1.0,0.0,127.93666636149086,130.02466837565103,125.84866434733074,3.264118213398498,1.4227306531578812,1.0,0.0,123.12999725341797,132.5500030517578,127.84000015258789,7.424518161865685,0.9193196074508848,2.194303786279691,1.4115206450702267,0.6828435605219454,-0.09507288786973392,0.7779164483916793,127.48166465759277,126.48230626032903,128.35447415596576,127.67163059544382,1.1370966636788606,0.7895895705530052,0.3475070931258555,-0.02729888560783375,23.725460884079055,-1.8170009613037053,-8.243629660737335,-25.677006451385946,17.43337679064861,128.69000244140625,127.4000015258789,128.04500198364258,129.66000366210938,99.90234375582077,15.254078895532794,27.565888190249645,17.29933789351216,212.86665082410326,129.92000198364258,126.6400032043457,100.0,0.0,100.0,125.50556393232824,,0.0,0.0,62.55063312576362,1.0,0.9259676264369189,0.934747486164205,7.123937098423538,60.19322604853621,91.93196074508847,89.84810994447825,-8.06803925491152,2.0962060142965697,6.0428022051823405,0.5348436119576857,-0.07595003879119336,0.610793650748879,-1.013686214759678,-5.329951229257675,4.316265014497997,128.99460897438604,1.2600841079968284,1.252211116755575,567.134286918702,21.565405291841046,25181178.226989985
2021-06-18,130.7100067138672,131.50999450683594,130.24000549316406,130.4600067138672,128.44168090820312,108953300,-1.329986572265625,0,10663034433.913115,7205799200,-0.11276687823710689,25614706.63950779,-0.26226428224452564,1.3147618476992853,123844349.38540071,127.68912630572954,55.567918822486035,10105.320909697632,127.03449897766113,131.54331286449246,122.5256850908298,7.098566016502657,0.8798679455600026,0.0,0.0,128.4803332010905,130.464333597819,126.49633280436197,3.0884110389459654,0.9989095556737403,0.0,0.0,123.12999725341797,132.5500030517578,127.84000015258789,7.415313063891676,0.7781321601459141,2.129872186948597,1.307846507683411,0.8002252672104362,0.08398674314630011,0.716238524064136,127.93166542053223,126.77807587843675,128.67840224179673,127.8781769745863,1.1660627419629235,0.7527198741896532,0.41334286777327023,-0.006488206362527663,23.780350359818843,-3.494498062133786,-3.480839341781948,-22.089112050994594,18.608272709212645,129.24500274658203,127.70500183105469,128.47500228881836,129.66000366210938,99.95117187791038,15.79900829727848,26.184983825236635,16.432733086726518,152.68231576720643,128.91000366210938,126.6400032043457,96.0,16.0,80.0,126.35089662665979,,0.0,0.0,57.868616765405285,0.7857107383642652,0.9022306669395634,0.9180553066044673,8.501217899646104,58.18582098409602,77.8132160145914,86.73634204081297,-22.18678398540859,2.959558935726392,4.317934799849486,0.6257715633289548,0.06439428163283628,0.5613772816961184,2.135554359464186,-3.836850111513303,5.972404470977489,129.14077643553725,-1.0091711359132227,-1.0142977881138826,560.4017602573379,19.17798382790022,32005419.405548617
2021-06-21,130.3000030517578,132.41000366210938,129.2100067138672,132.3000030517578,130.25318908691406,79663300,1.839996337890625,1,10737220846.42581,7285462500,-0.018741408817112698,42895488.58590414,-0.2610778113498621,1.3750326684808427,124967913.48720066,128.1565956871186,62.34157668895682,10247.845457529627,127.37799911499023,132.36675213769715,122.38924609228333,7.832990088348494,0.9933100430472787,0.0,0.0,129.04266688028972,131.1976671854655,126.88766657511391,3.3399810423554563,1.2557623457511298,1.0,0.0,123.12999725341797,132.5500030517578,127.84000015258789,7.395316195723842,0.9734607382042101,2.236884663077956,1.126310969592614,1.0298519502059662,0.2731597845582333,0.7566921656477329,128.66166559855142,127.059999025785,129.23557159717535,128.20571964696938,1.1416415384103842,0.7218250075852352,0.419816530825149,0.015626535688962672,23.950202777185293,-1.487999725341794,3.4299306359746455,-17.828931199241435,21.25886183521608,129.24500274658203,127.70500183105469,128.47500228881836,129.66000366210938,99.97558593895519,15.623960015677955,23.56083609943527,18.011608082047648,143.56388579400388,128.91000366210938,126.6400032043457,92.0,12.0,80.0,127.09478939767155,,0.0,0.0,62.09572875629508,0.9791796709055451,0.9216301364232699,0.9166094765999175,11.028133817499869,68.29106879762871,97.34607382042101,89.03041686003365,-2.6539261795789906,3.423501833747423,7.0908224634224135,0.8032808154283548,0.21217158839194,0.5911092270364149,1.675042921800399,-2.7344715048505632,4.409514426650962,129.5641208062515,1.410391110837672,1.4005376356880817,569.716007979823,21.446539582102076,-5907080.807326555
2021-06-22,132.1300048828125,134.0800018310547,131.6199951171875,133.97999572753906,131.9072265625,74783600,1.67999267578125,1,10805924124.448872,7360246100,0.020179372453576146,54715547.39771135,6.7105584381210654,1.8543582712037758,125917542.34109724,128.68788192907547,63.03049178776259,10377.976258089417,127.72199897766113,133.47666039973052,121.96733755559174,9.01122980869708,1.0437328359474138,1.0,0.0,129.65166651407876,131.8276667277018,127.47566630045574,3.356686839635396,1.494560842954526,1.0,0.0,123.12999725341797,134.0800018310547,128.60499954223633,8.573311305244994,0.9908670263280193,2.259196868156879,1.008659885069693,1.3320392007610167,0.48493566779879005,0.8471035329622266,129.33583196004233,127.31115282498874,129.96548300184668,128.63344380108566,1.2108354309598468,0.6752612705976797,0.5355741603621671,0.04020296266588315,24.145204463868723,-1.8219974517822237,10.753265837376889,-12.895357029422069,23.64862286679896,130.01000213623047,128.47000122070312,129.2400016784668,129.66000366210938,99.9877929694776,16.199914621615697,26.956631874643534,16.631717996896754,167.8600962642722,128.2650032043457,126.6400032043457,100.0,8.0,92.0,127.7494150361619,,0.0,0.0,65.49934429943896,1.0,0.9216301364232699,0.9151636465953678,14.281954335060012,70.28218156492308,99.08670263280192,91.4153308226048,-0.9132973671980764,3.8840598835664792,6.4262422568220625,1.0355310107539655,0.37684347286434516,0.6586875378896203,0.8166353194903088,-2.024250139982389,2.8408854594726978,130.21731447333147,1.2698357044814257,1.2618409003462894,578.2203009677785,22.115001010066464,2760962.2413232476
2021-06-23,133.77000427246094,134.32000732421875,133.22999572753906,133.6999969482422,131.6315460205078,60214200,-0.279998779296875,0,10797637349.055857,7300031900,0.03497938122093613,44490483.12713289,1.6744622587032907,2.0795283077837854,125791703.38726845,129.31576671720111,69.45842031134377,10356.287791329452,128.0619987487793,134.3600845445048,121.7639129530538,9.835994841967942,0.9475961730538348,0.0,0.0,130.31333338419594,132.4753344217936,128.1513323465983,3.3181578299797363,1.2832243151486624,1.0,0.0,123.12999725341797,134.32000732421875,128.72500228881836,8.737963002398825,0.9445925095640068,2.1422783410091597,0.5901207784825182,1.5312795747760788,0.6942044491942478,0.837075125581831,129.9858315785726,127.5969220674955,130.54002360898446,129.00874403420838,1.3087247961314386,0.6520135444711501,0.6567112516602884,0.0648439353860204,24.217587087098067,-1.3220008850097713,16.84787183757919,-7.4554830259228435,24.303354863502037,130.21000289916992,128.59000396728516,129.40000343322754,129.66000366210938,99.9938964847388,16.833565104541684,26.782479031279948,16.045153997085702,150.15632056878923,128.20750045776367,126.6400032043457,100.0,4.0,96.0,128.6356971874469,,0.0,0.0,64.4604317552394,0.9410684258773824,0.9734160322609755,0.9388921017025051,16.5830622478948,66.43969301031862,94.07822491028,96.837000454501,-5.9217750897200006,4.569794800702269,6.195389458164527,1.1869579742362577,0.5388663731387278,0.64809160109753,-1.3419711393072065,-1.8877943398473527,0.5458232005401462,130.6620415202536,-0.2089855114387973,-0.2092041908841047,576.8029188031193,20.655287373723425,-7070468.936105847
2021-06-24,134.4499969482422,134.63999938964844,132.92999267578125,133.41000366210938,131.34603881835938,68711000,-0.2899932861328125,0,10767501676.993608,7231320900,0.019008966923418365,35288167.154189385,0.0248732718069081,1.8585066935686592,125642670.25983177,129.87813057778976,62.78303762297555,10356.287791329452,128.3899990081787,135.0729617035034,121.70703631285402,10.410410073917017,0.8755822741194249,0.0,0.0,131.00466639200846,133.11266810099283,128.89666468302408,3.2182085830081046,1.0705254554228505,1.0,0.0,123.12999725341797,134.63999938964844,128.8849983215332,8.96487438674819,0.8931367941568527,2.0990511782949626,0.5218305928267415,1.646795735868153,0.8847227065290288,0.7620730293391242,130.54166539510092,127.92615303626427,130.9815590017729,129.33476326590474,1.2938730120081665,0.6860510532596821,0.6078219587484844,0.08787183988491487,24.265862033700177,-1.2600017547607365,23.89105697251026,-1.5272337970102363,25.418290769520496,130.85499954223633,128.75,129.80249977111816,129.66000366210938,99.9969482423694,17.55775705693819,26.328699951829265,15.142880564813495,126.04376711862609,128.20750045776367,126.6400032043457,100.0,0.0,100.0,129.5451868093304,,0.0,0.0,63.339870258013995,0.8773044424849554,0.9394576227874456,0.9448345971572305,18.14324336781057,64.4383720364142,87.46181413203756,93.54224722503984,-12.538185867962445,4.949588506362005,5.262747286384926,1.273281594432919,0.685749417397566,0.587532177035353,-2.192826127065204,-1.948800697290923,-0.24402542977428077,131.1205304166078,-0.21689849869261923,-0.21713406417331882,575.3349434331275,20.162391848887182,10838286.633111566
2021-06-25,133.4600067138672,133.88999938964844,132.80999755859375,133.11000061035156,131.05067443847656,70783700,-0.3000030517578125,0,10736042588.126854,7160537200,0.05182858495437007,27213382.415775266,-0.663709526042816,1.7257256431235908,125483496.84380749,130.38236243250574,56.138467881772236,10356.287791329452,128.78149909973143,135.60573267138858,121.95726552807429,10.598158305910538,0.8171419519253814,0.0,0.0,131.63533299763998,133.7173344930013,129.55333150227864,3.1632867072226762,0.8541466266948273,0.0,0.0,123.12999725341797,134.63999938964844,128.8849983215332,8.937620866889311,0.8670722419346178,1.9971462435709353,0.46347521679253273,1.6946010803343086,1.046698381290085,0.6479026990442236,131.0399990081787,128.24999911968524,131.30901155693883,129.61441047660452,1.2594800765296146,0.7134835494010877,0.5459965271285269,0.10817098009309348,24.208173300668033,-2.6714984893798714,29.58226608836269,4.371737008372694,25.210529079989996,131.5500030517578,128.8849983215332,130.2175006866455,129.66000366210938,99.9984741211847,18.138229580595322,25.35878408175148,14.994337949106223,103.44826895584889,128.20750045776367,126.6400032043457,96.0,36.0,60.0,130.46225307378765,,0.0,0.0,62.13646626139842,0.8037152208972542,0.8740293630865303,0.9289676727116506,19.10458369441976,61.9621950542442,82.41380096568876,87.98461333600214,-17.586199034311242,5.3569410436293765,4.703849198559483,1.307417187720948,0.8100829714622424,0.49733421625870555,-2.6313388091230356,-2.085308319657346,-0.5460304894656898,131.37473366274105,-0.22487298067814798,-0.22512619965056047,573.8162976162683,19.86346442685523,10559508.498511255
2021-06-28,133.41000366210938,135.25,133.35000610351562,134.77999877929688,132.69483947753906,62111300,1.6699981689453125,1,10767424961.182959,7222648500,0.11696686594820241,38143721.68078066,2.906078119669017,1.553135986386883,126262745.26087004,130.8513302748058,55.78643687644902,10486.217785839915,129.2899990081787,136.30797556590096,122.27202245045646,10.856178531300479,0.8911383663056859,0.0,0.0,132.1450002034505,134.07000172932942,130.2199986775716,2.913468573029897,1.1844146719944253,1.0,0.0,123.12999725341797,135.25,129.18999862670898,9.374277082185866,0.9612210301820542,2.0114315581786855,0.44776201326618514,1.8459629439734329,1.2065512938267546,0.6394116501466782,131.76249885559082,128.53730685894305,131.84300959114776,129.99704664717433,1.235922948065504,0.7394870908074019,0.49643585725810213,0.12809056900013419,24.137818874040736,-1.9400005340576172,34.986685879721556,10.390999103582418,24.59568677613914,131.8550033569336,129.18999862670898,130.5225009918213,129.66000366210938,99.99923706059235,19.26201533936911,28.14230157719937,13.901536422100131,117.28184630492832,127.77750015258789,127.93000411987305,100.0,32.0,68.0,131.2142474106426,,0.0,0.0,66.008023653837,1.0,0.8936732211274029,0.9023867356671263,21.088920552458497,63.57713091320671,94.95165044088242,88.27575517953626,-5.04834955911758,5.874793333165783,6.874948954867937,1.4200037551495848,0.9320671281997109,0.48793662694987383,-3.8811434684706247,-2.444475349420002,-1.4366681190506227,131.71040023298457,1.2546000760933262,1.2467951816820921,582.2699973988913,21.646216895334078,1175988.8187804222
2021-06-29,134.8000030517578,136.49000549316406,134.35000610351562,136.3300018310547,134.22085571289062,64556100,1.5500030517578125,1,10822327588.886225,7287204600,0.17814567706090742,46989211.72775236,3.7127478179290887,1.849226294752841,127005156.24852285,131.3462980481545,61.45196286454116,10486.217785839915,129.8924991607666,137.15144376172663,122.63355455980654,11.176849545370164,0.9434186389462665,0.0,0.0,132.72966715494792,134.74766794840497,130.71166636149087,3.0407682573350305,1.3920548217275515,1.0,0.0,123.12999725341797,136.49000549316406,129.81000137329102,10.285434744935158,0.9880236853721869,2.0242883413256605,0.4461646947923487,2.0671616510221043,1.3786733652658247,0.6884882857562795,132.5108324686686,128.95653768686148,132.53331608959496,130.46615443857286,1.2523300320924229,0.6803588367932016,0.5719711952992212,0.14898533271975575,24.134884274719994,0.5874965667724723,41.99730730274129,16.640435061305247,25.356872241436044,132.85000610351562,129.81000137329102,131.33000373840332,129.66000366210938,99.99961853029617,20.76659590277262,30.311142031569847,12.889848652728764,131.93161451499063,127.39250183105469,127.96500396728516,100.0,28.000000000000004,72.0,132.0213979285141,,0.0,0.0,69.15998169150105,1.0,0.9345717402990844,0.9007581081710061,23.77990533248343,70.0688191054469,98.48337804904506,91.94960981853878,-1.5166219509549397,6.068206293442671,7.0514357789791635,1.5844428464359943,1.0625422718469677,0.5219005745890266,-4.583191757293938,-2.8722186309947895,-1.7109731262991486,132.55569797455854,1.1500245331623304,1.143462016801955,590.1162697513846,22.26063042568657,8312663.694978461
2021-06-30,136.1699981689453,137.41000366210938,135.8699951171875,136.9600067138672,134.8411407470703,63261400,0.6300048828125,1,10848618496.695908,7350466000,0.16749181941567268,45970037.32286698,2.9699003742648125,2.077164686106014,127297498.28885336,131.98063432789323,67.83046806053156,10534.676439977551,130.48749961853028,138.01049721234074,122.96450202471983,11.530602725630166,0.930181388111978,0.0,0.0,133.4210006713867,135.35000305175782,131.49199829101562,2.8916023274659692,1.4173151050750985,1.0,0.0,123.12999725341797,137.41000366210938,130.27000045776367,10.94358191431199,0.9684876228088874,1.9758603616852821,0.3912575472597979,2.2671648833669735,1.5563716688860545,0.710793214480919,133.05083338419595,129.33576877300555,133.21434541640608,130.9471805330391,1.3329787710800307,0.6553433521467305,0.6776354189333003,0.17025972201329354,24.126197295617203,-0.8475002288818416,48.75604430756309,22.973732168894184,25.782312138668903,133.31000518798828,130.27000045776367,131.79000282287598,129.8300018310547,99.99980926514809,22.472088178474728,31.882301010587284,12.201676088906485,137.8039376673918,127.39250183105469,127.96500396728516,100.0,24.0,76.0,132.9151194414441,,0.0,0.0,70.36289900808094,1.0,1.0,0.9427483204754958,26.37769222414078,67.74634461873654,96.0212489670641,96.48542581899721,-3.978751032935899,6.253117639878212,4.966286939385956,1.7313583035069229,1.1963054781789588,0.535052825327964,-5.245487876314743,-3.3468724800587806,-1.8986153962559627,133.37126724255995,0.46211756352296796,0.4610530784987965,593.3054182426354,21.808438251333826,7006840.611846492
2021-07-01,136.60000610351562,137.3300018310547,135.75999450683594,137.27000427246094,135.14633178710938,52485800,0.30999755859375,1,10897092825.141268,7402951800,0.23091395436609125,41727241.97114882,-0.2841770770639453,2.1096217823796666,127416295.52208388,132.47487361847539,67.9189576417958,10558.520801958279,131.17399978637695,138.53995451778394,123.80804505496997,11.23081516672937,0.9137959509913777,0.0,0.0,133.9666676839193,135.7626698811849,132.17066548665363,2.6812672559761217,1.4196360097918885,1.0,0.0,123.8499984741211,137.41000366210938,130.63000106811523,10.337418398517533,0.9896755651854432,1.9352750579386289,0.3912575472597979,2.4227550856518576,1.7296483522392152,0.6931067334126424,133.68666712443033,129.73461503248947,133.8382929327222,131.41553784707034,1.3208137120087193,0.6346088700661044,0.6862048419426149,0.19096174347262831,24.188935599286626,-1.0240058898925781,55.30262774263562,29.50522851160725,25.797399231028372,133.31000518798828,130.27000045776367,131.79000282287598,129.8300018310547,99.99990463257404,23.96039894002669,30.11697808913728,11.914012315718887,126.5314894293229,127.62500381469727,127.96500396728516,96.0,20.0,76.0,133.81409628557714,,0.0,0.0,70.96306443235477,1.0,1.0,0.9781905800996951,28.698134137341967,67.15084500248783,98.64604123855868,97.71688941822264,-1.3539587614413204,6.471588763068695,5.885532951816525,1.8435834341531545,1.325761069373798,0.5178223647793565,-6.964670713790347,-4.070432126805094,-2.894238586985253,133.990407871156,0.2263416642797056,0.22608589740000795,594.874657264827,21.470584039979343,-2561298.976714283
2021-07-02,137.89999389648438,140.0,137.75,139.9600067138672,137.7947235107422,78852600,2.69000244140625,1,10973142247.724276,7481804400,0.24297322563244556,66068162.61973191,6.648486061173692,2.064024955468628,128961525.21472828,133.28084714892367,67.55709377827549,10558.520801958279,131.87750015258788,139.7599039453124,123.99509635986337,11.954129830493057,1.012693004178464,1.0,0.0,134.81666768391926,136.7106709798177,132.92266438802085,2.809746492679915,1.8577956915613878,1.0,0.0,124.83000183105469,140.0,132.41500091552734,11.503098065547936,0.9973636591324919,2.014747124898672,0.3912575472597979,2.7316335860653,1.9300453990044324,0.8015881870608674,134.50416819254556,130.23884611863357,134.78009505289836,132.04846146683306,1.3488284562081483,0.6533333406648756,0.6954951155432727,0.2140560535835845,24.242681457973813,-0.08750686645507244,63.306224486624885,36.15815005056838,27.148074436056504,135.80999755859375,131.56499862670898,133.68749809265137,131.125,99.99995231628702,26.12949078341882,36.47567898013648,10.794749575584413,157.97082467475053,127.62500381469727,127.96500396728516,100.0,16.0,84.0,134.53327776088358,,0.0,0.0,75.58363264798447,1.0,1.0,1.0,32.32391669379397,72.19309596869712,99.65343752685826,98.10690924416038,-0.3465624731417389,7.223500801535209,7.5374669822768245,2.068659911460923,1.474340837791223,0.5943190736696999,-5.230040913792885,-4.3023538842026525,-0.9276870295902322,135.95349120887593,1.959643299833358,1.9406895081312214,608.4917219281573,23.7376459845525,30407521.253811836
2021-07-06,140.07000732421875,143.14999389648438,140.07000732421875,142.02000427246094,139.82284545898438,108181800,2.05999755859375,1,11001944278.598688,7589986200,0.235479225954594,88466174.22895269,7.786674981393452,2.4563002068062567,130553796.10065271,134.32557275454036,69.16230380065508,10558.520801958279,132.683500289917,141.2252638469307,124.1417367329033,12.875396772544761,1.0465208630644947,1.0,0.0,135.86066741943358,137.74266967773437,133.97866516113282,2.7704887574129056,2.1363787093933935,1.0,0.0,125.94000244140625,143.14999389648438,134.5449981689453,12.970709558817664,0.9343410700131398,2.1322711306705235,0.3513961483873604,3.106832973273441,2.1654029138582342,0.941430059415207,135.3566691080729,130.88269248375525,135.89392724052337,132.78709426724993,1.3218972010679608,0.5734957036234093,0.7484014974445515,0.24038705592107742,24.45130989866574,-2.2234935760498047,69.99104108841365,42.74012507846136,27.25091600995229,137.97999572753906,133.13999557495117,135.55999565124512,132.6999969482422,99.99997615814351,28.789734917137576,43.058955029741945,9.653523904625438,181.77374817332927,127.62500381469727,127.96500396728516,100.0,12.0,88.0,135.62662220870686,,0.0,0.0,78.41614801334121,1.0,1.0,1.0,36.436013514926266,74.61130723520596,92.30775622894643,96.86907833145449,-7.692243771053564,8.227853214039527,7.762357923577302,2.3397100376491164,1.6474146777628018,0.6922953598863146,-0.6373150293380713,-3.569346113229736,2.932031083891665,137.96091457093368,1.471847284778427,1.4611207368076862,618.9196381002367,24.1398850853453,46831672.38905065
2021-07-07,143.5399932861328,144.88999938964844,142.66000366210938,144.57000732421875,142.33340454101562,104911600,2.5500030517578125,1,11076747408.742039,7694897800,0.305520808462585,114045992.2197873,4.601915128302433,2.8455025072182623,132437508.9024884,135.63394661921916,77.8575847448414,10748.101561408113,133.57500076293945,143.1131031930724,124.03689833280652,14.281268763846859,1.0763728499362557,1.0,0.0,136.94200134277344,138.8010025024414,135.08300018310547,2.715019703874176,2.5516409959657396,1.0,0.0,125.94000244140625,144.88999938964844,135.41500091552734,14.186784083852228,0.983113872455828,2.2060435293222214,0.3448337265885603,3.5688061500209187,2.446083561090771,1.1227225889301478,136.5325024922689,131.65038504967322,137.22870879186112,133.6599026418402,1.4126612995404664,0.5104414173016485,0.9022198822388179,0.27103864376727277,24.670114038398967,-1.2749977111816406,77.79788604861535,49.5123488796876,28.285537168927753,138.8499984741211,134.0099983215332,136.42999839782715,133.56999969482422,99.99998807907176,31.53570002127231,44.691327048519625,8.75657044465999,196.33787780625258,127.62500381469727,127.96500396728516,100.0,8.0,92.0,137.13129654626238,,0.0,0.0,81.30701759317034,1.0,1.0,1.0,41.05098951459122,78.33931370050418,97.95923332334246,96.64014235971575,-2.040766676657545,9.372675794713643,10.815575566616728,2.670064903147519,1.8519447228397454,0.8181201803077736,2.4188409481772832,-2.3717087009483326,4.790549649125616,140.19720517795747,1.7955238523058359,1.7795947144979785,631.8280116812373,25.122408594502872,24971940.132166415
2021-07-08,141.5800018310547,144.05999755859375,140.6699981689453,143.24000549316406,141.02398681640625,105575500,-1.3300018310546875,0,11131248520.606087,7589322300,0.33095668304486003,77694335.0006014,-4.527481805866743,2.2169275677711338,131466245.14651713,136.68350702879937,68.21442957367881,10748.101561408113,134.38050117492676,144.31805235981963,124.4429499900339,14.790168362234171,0.9457589275970512,0.0,0.0,137.83266805013022,139.92166798909506,135.74366811116536,3.0312116401970393,1.7942406895697012,1.0,0.0,125.94000244140625,144.88999938964844,135.41500091552734,14.101745999275936,0.9129290679575846,2.3754400919173433,0.42351340262986065,3.7839837788982607,2.713663604652269,1.0703201742459916,137.44416936238608,132.37961607712967,138.15352366898466,134.3695398900864,1.2810391637188545,0.5896699462197675,0.691369217499087,0.30058398240780404,24.9958038148049,-0.400505447387701,83.77242720575867,56.16583446115964,27.606592744599034,138.8499984741211,134.0099983215332,136.42999839782715,133.56999969482422,99.99999403953588,32.71306371411696,39.341886489135256,13.81607545837841,147.43750443482975,127.62500381469727,127.96500396728516,96.0,4.0,92.0,138.6830371149396,,0.0,0.0,75.6181988592983,0.7572863961293348,0.9190954653764446,0.9730318217921484,42.929727121935905,76.58972100446908,89.47707482648958,93.24802145959285,-10.52292517351042,9.974293181475474,8.269087066556114,2.8161023562286065,2.044776249517518,0.7713261067110886,4.717431039996028,-0.9538807527594606,5.671311792755489,140.93931430539914,-0.9199707848613237,-0.9242286502838759,625.0954077783384,21.89972207374882,22628977.468863726
2021-07-09,142.75,145.64999389648438,142.64999389648438,145.11000061035156,142.86505126953125,99890800,1.8699951171875,1,11195179079.708464,7689213100,0.40253631490856345,93280188.32222307,5.360842137758964,2.6185780263428113,132770317.34065613,137.98675091387054,77.68985567963996,10888.417790590524,135.33050117492675,145.55249311689164,125.10850923296186,15.106708174755152,0.9783558572021814,0.0,0.0,138.91366780598958,141.1316670735677,136.69566853841144,3.193349225615224,1.896829317064619,1.0,0.0,126.0999984741211,145.64999389648438,135.87499618530273,14.446111743200571,0.97237885357686,2.437896082725609,0.3265254364779185,4.058621317664404,2.9826551472546963,1.0759661704097074,138.3716697692871,133.1507700406588,139.2237508907334,135.165129573069,1.3197415456925998,0.5358679493644359,0.7838735963281639,0.3302256600225939,25.300474908783634,-1.6305042266845646,90.53302966760803,62.93814152552025,27.594888142087783,139.5,134.38999557495117,136.9449977874756,133.9499969482422,99.99999701976793,34.14037649708635,40.57400462033615,12.569696212322935,151.93015036185324,127.89500427246094,127.96500396728516,100.0,0.0,100.0,139.92442956988137,,0.0,0.0,77.95380994933444,0.8254563932535562,0.8609142631276301,0.9266699095013583,45.291001280591644,77.26145552616033,96.71536674490979,94.71722496491397,-3.2846332550902115,10.973527796128224,8.307213940688888,3.0027132963094236,2.2363636588758995,0.7663496374335241,5.841138792903334,0.40512315637309837,5.436015636530236,142.1350737182619,1.305497797734123,1.297049622952784,634.5615123583559,23.904889640467772,14606460.67745474
2021-07-12,146.2100067138672,146.32000732421875,144.0,144.5,142.2644500732422,76299700,-0.6100006103515625,0,11151767077.606441,7612913400,0.3417573489987085,73305466.62338534,3.0710868506461533,2.856589787913955,132449575.39748284,138.96114078510965,77.7779688191932,10842.646021104712,136.1880012512207,146.46545963388078,125.91054286856061,15.093045331800795,0.9043800733264526,0.0,0.0,140.0806681315104,142.42266794840492,137.7386683146159,3.343787330734031,1.4434953488488347,1.0,0.0,127.06999969482422,146.32000732421875,136.69500350952148,14.134877854536388,0.9054542024471918,2.426107206874923,0.34531310550240035,4.178880066382902,3.2219001310803375,0.9569799353025648,139.27167002360025,133.95692385160007,140.03548152292828,135.85660145654538,1.4035906668621687,0.5302461642745714,0.8733445025875973,0.3569514843677536,25.47915087845182,-2.7779975891113224,98.0499267361506,69.94516828734568,28.104758448804915,140.3350067138672,135.08500289916992,137.71000480651855,134.28500366210938,99.99999850988397,35.59828128662837,39.75680578658909,11.691317594801735,138.36287939755408,127.69250297546387,127.96500396728516,100.0,0.0,100.0,140.6699981689453,,0.0,0.0,75.41592298591961,0.6927008250677043,0.7584812048168649,0.8461636444403133,46.352330026400544,71.90660364515773,87.61900807573336,91.27048321571094,-12.380991924266645,11.68479311325973,8.077788555177529,3.0759492152610224,2.404280770152924,0.6716684451080983,4.438582020750573,1.2118149292485934,3.22676709150198,142.75906187643886,-0.42037117206658037,-0.42125721566446117,631.4736275193051,22.085472571236423,-7208967.280046254
2021-07-13,144.02999877929688,147.4600067138672,143.6300048828125,145.63999938964844,143.38682556152344,100827100,1.1399993896484375,1,11156768604.369469,7713740500,0.286653296968172,79253661.74290487,1.4624628564370705,2.48172581779367,133245027.52523386,139.94251999501006,78.4484474486034,10842.646021104712,136.94600143432618,147.65486141319656,126.23714145545581,15.63953655705079,0.905925466038232,0.0,0.0,141.1923350016276,143.72733561197919,138.65733439127604,3.5908473506332355,1.3772511473683606,1.0,0.0,128.4600067138672,147.4600067138672,137.9600067138672,13.874081609539829,0.9042101408305921,2.5664966692928997,0.34531310550240035,4.316417441147024,3.440803593093675,0.8756138480533493,140.29083633422852,134.71653923621545,140.89771504088523,136.5812975997382,1.3029293068479224,0.5656903846676735,0.7372389221802489,0.38145993687000246,25.74123014676556,-3.836000823974615,104.24168629736252,76.86121039785915,27.380475899503367,141.61000061035156,136.14500427246094,138.87750244140625,134.8550033569336,99.99999925494198,37.169740020820974,38.652630303958794,10.399334502258347,128.5926984006777,127.69250297546387,127.96500396728516,100.0,0.0,100.0,141.8,,0.0,0.0,76.92769057098485,0.7715596726251944,0.7632389636488179,0.7942114771977712,47.70331625570946,67.56220755214026,87.57674957790987,90.63704146618437,-12.42325042209013,11.924588169771084,9.167225389270103,3.1603283297224274,2.555490282066825,0.6048380476556026,5.5745545638766565,2.0843628561742062,3.4901917077024502,143.5030048987855,0.7889269132515198,0.7858311563921916,637.2444198301421,23.186146975210193,29990105.36975977
2021-07-14,148.10000610351562,149.57000732421875,147.67999267578125,149.14999389648438,146.84251403808594,127050800,3.5099945068359375,1,11227351014.509623,7840791300,0.33912138778301737,131638511.50664864,4.581816217009463,2.689393957672682,136307013.3255497,141.2084501279717,79.84784162715779,10842.646021104712,137.92150115966797,149.32260796639514,126.52039435294081,16.53274755692865,0.9924299424241463,0.0,0.0,142.5000010172526,145.01000315348307,139.98999888102213,3.522809990614078,1.8246986493044903,1.0,0.0,128.4600067138672,149.57000732421875,139.01500701904297,15.30580832782054,0.9801035805025786,2.7028477958206407,0.3407660516764954,4.654984263047169,3.683639727084374,0.9713445359627948,141.62750244140625,135.61076971200796,142.1672964032851,137.51231214023792,1.2901247484636174,0.5034768365816773,0.78664791188194,0.4077822639086678,25.849450945479763,-3.1415023803710938,110.86069570008425,83.7617272192504,27.098968480833847,142.66500091552734,137.7550048828125,140.21000289916992,135.91000366210938,99.999999627471,38.98603791057083,40.28903778123378,9.267611087084553,147.5187071192468,126.94250297546387,127.96500396728516,100.0,8.0,92.0,142.93200134277345,,0.0,0.0,80.83536352028102,0.9753969479162743,0.8132191485363908,0.7783131056673581,50.27474642062327,68.85263774263295,97.49395475534968,90.89657080299766,-2.5060452446503225,12.267970320757684,12.05017895919492,3.3851399853563064,2.7214202227247215,0.6637197626315849,8.647333787136754,3.396957042366716,5.250376744770038,145.06994281315485,2.4100484218248397,2.3814650922352243,655.0123673352501,25.92937385818861,45246186.14329234
2021-07-15,149.24000549316406,150.0,147.08999633789062,148.47999572753906,146.18287658691406,106820300,-0.6699981689453125,0,11222578800.383463,7733971000,0.3123743314404993,102608809.090529,-0.21794136633635755,2.6720500549481634,135827164.79497677,142.27265309523608,76.77827669011836,10793.939663223771,138.8380012512207,150.53596873393948,127.14003376850192,16.85124732032388,0.9121226397048172,0.0,0.0,143.67766723632812,146.32466888427734,141.0306655883789,3.6846389544943063,1.4071260864026223,1.0,0.0,129.2100067138672,150.0,139.6050033569336,14.974281607896614,0.9268876977716582,2.7235633824495142,0.34293900367726293,4.813747768004134,3.9096613352683263,0.904086432735808,142.76916885375977,136.44692347599909,143.1384809147088,138.32473314670466,1.2729473142905963,0.5165542349991621,0.7563930792914342,0.4322051083937861,26.011135262577557,-2.5079994201660156,116.55755124470613,90.56782983059158,25.989721414114555,143.875,137.97000122070312,140.92250061035156,136.125,99.9999998137355,40.27439343665595,37.07193592583303,10.146538207691416,125.35028405325414,126.97750282287598,127.96500396728516,100.0,4.0,96.0,143.6300048828125,,0.0,0.0,78.11568695119101,0.8335295325236554,0.8601620510217076,0.8122067210689723,51.40958002773638,67.44569982051964,91.15762619789022,92.07611017704994,-8.842373802109778,12.867499811509077,10.164710693220899,3.4800340174152096,2.873142981662819,0.6068910357523905,9.08391293341269,4.534348220575911,4.549564712836778,145.85201931017306,-0.4492109932034749,-0.45022297755270557,651.6207687811343,23.076847871343247,8587779.924907446
2021-07-16,148.4600067138672,149.75999450683594,145.8800048828125,146.38999938964844,144.12522888183594,93251400,-2.089996337890625,0,11153841745.195265,7640719600,0.2457859420862981,60108252.86285718,-3.0165622789820508,2.5039891440239326,134514563.1643786,143.16495305782036,74.9217890314591,10642.004756053202,139.5680015563965,151.23772706156132,127.89827605123166,16.722637531568203,0.7922947000866749,0.0,0.0,144.73333384195962,147.6113337198893,141.85533396402997,3.976968955986706,0.7878154304996966,0.0,0.0,129.2100067138672,150.0,139.6050033569336,14.895959714470807,0.8263587409256414,2.8392060066069065,0.5762647019903158,4.716554250426384,4.071039918299938,0.6455143321264458,143.60750198364258,137.18769278893103,143.63871452623798,138.9221602758116,1.2265331736285427,0.5376718188776562,0.6888613547508865,0.450213784870494,26.172623445733944,-2.6079948425293082,119.59262165323385,96.82187396021477,22.770747693019075,145.03500366210938,137.97000122070312,141.50250244140625,136.125,99.99999990686774,40.681184864820366,33.2586116048631,12.31065822002821,98.7806816468845,126.3325023651123,127.96500396728516,96.0,0.0,96.0,144.90400390625,,0.0,0.0,70.18326143555755,0.27290930359715476,0.6939452613456946,0.7891088203012645,49.71508870105721,59.22359268102707,78.31830670452192,88.9899625525873,-21.68169329547808,12.970324527516084,7.379151634620001,3.3951057491924175,2.9775355351687387,0.4175702140236788,8.166067790771473,5.260692134615024,2.9053756561564494,145.92214476379283,-1.4075945568625792,-1.4175951249266738,641.0409957515225,20.76514443728999,1874654.806031391
2021-07-19,143.75,144.07000732421875,141.6699981689453,142.4499969482422,140.2461700439453,121434600,-3.94000244140625,0,11111339210.563667,7519285000,0.26069284397949555,-16829014.75629262,-9.783075000335016,1.5976210640236441,131246220.91104144,143.5392493484021,66.86139055528142,10642.004756053202,140.16750106811523,151.1135030864371,129.22149904979335,15.618459250411554,0.6042616233902762,0.0,0.0,145.0826670328776,147.97566782633461,142.18966623942057,3.9880722523544856,0.044993196927286,0.0,0.0,129.2100067138672,150.0,139.6050033569336,14.832249364301495,0.636844372778429,3.0272855280165283,1.3317088283556209,4.272353388047577,4.1113026122494665,0.16105077579811056,144.06500116984049,137.8161541865422,143.45583489885402,139.18348151080644,1.137314705155302,0.682576750463809,0.45473795469149314,0.4563884552452478,26.31237850140887,-2.897496795654291,119.6404254615264,102.33847222389397,17.301953237632432,145.33499908447266,138.04999923706055,141.6924991607666,136.125,49.99999995343387,38.88276531902227,29.30898943489903,21.44105248926463,36.11057382589533,126.27499961853027,127.96500396728516,92.0,0.0,92.0,,150.0,0.0,1.0,58.1873792278667,0.0,0.3688129453736031,0.6409734192470019,43.80618511645377,51.98638674628992,51.75715018359304,73.74436102866842,-48.24284981640696,11.991883176915792,4.008462299395564,3.0695836471915414,2.995945157573299,0.07363848961824226,9.671081221885984,6.142769952069216,3.5283112698167685,145.85374434262505,-2.6914423511397723,-2.7283249493411432,621.0963045525581,17.75554334529056,38003199.45360407
2021-07-20,143.4600067138672,147.10000610351562,142.9600067138672,146.14999389648438,143.88893127441406,96350000,3.6999969482421875,1,11163470036.82353,7615635000,0.2454852882749827,36502945.34648272,9.281176795818581,1.9953659910157509,133748816.30311199,144.05166161353776,67.76556574049746,10918.420241936872,140.86000061035156,151.47486174001017,130.24513948069296,15.071505159256033,0.7491786383974554,0.0,0.0,145.44833374023438,148.44733581542968,142.44933166503907,4.123803962651672,0.6169822725454942,0.0,0.0,131.6199951171875,150.0,140.80999755859375,13.04842027770216,0.7905329118211584,3.1895578907422193,1.436115782718887,4.170801433188359,4.123202376437245,0.04759905675111398,144.80500030517578,138.53923093355618,143.87032089848947,139.6995194653011,1.1247778007773712,0.6492004893379946,0.47557731143937665,0.4589225283278586,26.35458198050667,-0.899993896484375,121.16975925803364,107.15756924716268,14.012190010870953,145.33499908447266,138.5349998474121,141.93499946594238,136.125,50.00004997383728,38.053214417213375,33.32067725683423,19.04189880009315,64.569809101983,126.27499961853027,127.96500396728516,88.0,0.0,88.0,,149.8333999633789,0.0,0.0,64.34978580414452,0.2665442460175299,0.17981784987156124,0.41419201886361984,41.035226855117266,53.37584304693396,72.96345071380888,67.67963586730798,-27.03654928619112,11.2893243004294,6.46899493526492,2.985551739298797,2.993866473918399,-0.008314734619601971,8.661289339352493,6.646473829525871,2.0148155098266214,145.8634145287565,2.5974005107115117,2.56424102747026,639.8260636497282,23.73879782365536,-724382.5893681347
2021-07-21,145.52999877929688,146.1300048828125,144.6300048828125,145.39999389648438,143.1505584716797,74993500,-0.75,0,11165468764.952599,7540641500,0.2070437980625898,23253221.011270903,0.7000576199025791,1.8332343657041628,133363971.09374551,144.46908699043763,62.535545698630145,10862.390029665685,141.43100051879884,151.72791887286343,131.13408216473425,14.561048590893527,0.692727243297934,0.0,0.0,145.58300018310547,148.50900268554688,142.65699768066406,4.019703535112283,0.46872759225797034,0.0,0.0,132.80999755859375,150.0,141.40499877929688,12.154338425344998,0.7324022425712166,3.022601003035185,1.585547226282184,3.983878375299355,4.095337576209667,-0.11145920091031236,145.2583325703939,139.11307701697717,144.1056552058733,140.12177683057394,1.1277213396957937,0.6905818166905107,0.437139523005283,0.45686427086955195,26.368810391041627,0.589003753662098,119.60228589329978,111.13866465688946,8.463621236410319,145.83499908447266,139.2300033569336,142.53250122070312,136.125,62.50009998259891,37.282917151247965,32.057923463850926,18.32026791155861,59.17026262559018,126.79499626159668,129.11000442504883,84.0,4.0,80.0,,149.67013192749022,0.0,0.0,62.344010516807025,0.17978790252957894,0.148777382849036,0.2324693926980669,38.21662448419885,54.84305844651317,67.69659881294382,64.13906657011528,-32.30340118705618,10.030472205666939,3.8868154627476135,2.8431543371851467,2.9637240465717487,-0.12056970938660205,6.01134924287613,6.519448912195924,-0.5080996693197939,145.8596606577609,-0.5131714206784155,-0.5144926673251504,636.0294877283477,21.480682268489915,-10937231.13990581
2021-07-22,145.94000244140625,148.1999969482422,145.80999755859375,146.8000030517578,144.5288848876953,77338200,1.4000091552734375,1,11152201914.228285,7617979700,0.20218233056181603,35399073.44571337,5.021749632045274,2.212229130640536,134108635.41697413,144.90214257001014,63.324224526771076,10862.390029665685,142.08600082397462,151.9916547846853,132.18034686326394,13.943180754284793,0.7379450284898198,0.0,0.0,146.01100006103516,148.83700256347657,143.18499755859375,3.8709446565807966,0.6395970085024736,0.0,0.0,132.80999755859375,150.0,141.40499877929688,12.098308307447082,0.8138454628409926,3.0003412079074474,1.6405121299802057,3.903710004720949,4.057012061911924,-0.15330205719097467,145.65666580200195,139.77307715782752,144.52017025908629,140.61646025436534,1.1433514569256757,0.6434593406883446,0.4998921162373311,0.4529326660782048,26.315462849621046,2.484006500244135,119.23985435032608,114.32831184385815,4.9115425064679386,145.83499908447266,139.2300033569336,142.53250122070312,136.125,75.00013748625994,37.08383894197526,34.98565978912867,17.039242116789694,76.42580852129801,126.6450023651123,129.66000366210938,80.0,0.0,80.0,,149.51012925231933,0.0,0.0,64.5644004584409,0.2758270319722818,0.2407197268397966,0.1897716531867981,36.71090701124184,53.940259513303126,73.87757593271684,71.5125418198232,-26.122424067283163,9.045560275807105,3.3657221768044714,2.7761401457975907,2.9262072664169176,-0.15006712061932692,4.027242025238391,6.021007534804418,-1.9937655095660265,145.8879480596495,0.9628674099327439,0.9582613846949251,643.1164757931788,23.0709979676909,5063896.984134808
2021-07-23,147.5500030517578,148.72000122070312,146.9199981689453,148.55999755859375,146.2616729736328,71447400,1.7599945068359375,1,11210947285.043358,7689427100,0.2524707639146652,48305924.60028431,2.0532683928614865,1.8839992971896637,134965222.80739382,145.3952880829706,63.250235436481674,10992.619909678566,142.84350051879883,152.28567710220065,133.40132393539702,13.22030970832892,0.8027107674433781,0.0,0.0,146.37066701253258,149.07666982014976,143.66466420491537,3.697465978460701,0.9045322015000101,0.0,0.0,132.80999755859375,150.0,141.40499877929688,12.03415092669475,0.9162302363647338,2.892306904011234,1.643915149700517,3.9368117262692692,4.032971994783393,-0.09616026851412407,145.98916498819986,140.48115422175482,145.1416821513182,141.20487042504894,1.1344630343765993,0.6738554901415602,0.46060754423503913,0.4495237486435101,26.148928338061356,0.3965049743652287,119.16784064014622,116.67474672207987,2.49309391806635,145.83499908447266,139.6050033569336,142.72000122070312,136.125,84.37516248773079,37.02146158585585,34.597662314868494,16.20260359986346,89.23671413063195,126.96999931335449,129.66000366210938,76.0,8.0,68.0,,149.35332663065185,0.0,0.0,67.18406169486471,0.38913595121364913,0.28158362857183633,0.22369357942022314,36.349018981335014,51.591215965318455,85.49845414369395,75.69087629645156,-14.501545856306048,8.3745309044333,2.7599017999818463,2.7880141204895024,2.8985686372314348,-0.1105545167419324,1.8761722833649834,5.192040484516531,-3.315868201151548,145.96577958153026,1.1989063148829748,1.1917763641688062,652.0257461483991,24.083521107835324,1274923.135949865
2021-07-26,148.27000427246094,149.8300018310547,147.6999969482422,148.99000549316406,146.68502807617188,72434100,0.4300079345703125,1,11226250643.955044,7761861200,0.2788324358520665,45854683.619309336,2.778876198133073,1.5262993840996368,135174883.80796817,145.88017203809272,62.38689143675515,10992.619909678566,143.63750076293945,152.311637819027,134.9633637068519,12.07781674007739,0.8085324047576697,0.0,0.0,146.7606669108073,149.44766947428386,144.07366434733072,3.6617475513511724,0.9148374498519929,0.0,0.0,133.35000610351562,150.0,141.6750030517578,11.591676134746779,0.9393396470223814,2.816076701891361,1.6441651036963192,3.952184799456404,4.016814555717996,-0.06462975626159206,146.46833165486655,141.14269315279446,145.73373189621756,141.78154709676116,1.105452693821431,0.711355965245184,0.3940967285762471,0.44627349912000563,26.066970404319893,1.4724998474121094,119.18146194410025,118.33472179393964,0.8467401501606133,145.83499908447266,139.6050033569336,142.72000122070312,136.125,90.62517811328615,37.22216516373659,35.568179481185766,15.304803193184958,96.91574915533812,128.04500198364258,129.66000366210938,72.0,4.0,68.0,141.6699981689453,,1.0,0.0,67.81020451723361,0.4162186768374451,0.3603938866744583,0.2942324140286972,36.26109154833513,52.25934567641094,89.17476625273325,82.85026544304804,-10.825233747266747,8.871471449908086,4.0142416779468855,2.787517050268305,2.876358319838809,-0.08884126957050409,0.21584112394408903,4.1968006124020425,-3.9809594884579536,146.0915764056428,0.2894506876931713,0.2890325857950238,654.2024898422553,23.37773656443983,6697480.821468927
2021-07-27,149.1199951171875,149.2100067138672,145.5500030517578,146.77000427246094,144.49935913085938,104818600,-2.220001220703125,0,11191311110.62171,7657042600,0.23539013284886312,6061525.966209065,-4.836054829029293,0.8521586728616563,133613051.39389347,146.12777787091943,54.5015577479298,10992.619909678566,144.23700103759765,151.98777510990274,136.48622696529256,10.747275687304022,0.6634032427750773,0.0,0.0,146.92066701253253,149.59066975911458,144.25066426595055,3.6346183295700114,0.4717860327551172,0.0,0.0,134.35000610351562,150.0,142.1750030517578,10.850193628474678,0.7936104161507277,2.900469397913162,1.698574396178498,3.742095972530336,3.9618708390804644,-0.21977486655012823,146.60666529337564,141.77000075120193,145.89315841563962,142.15106244310928,1.0128404131659923,0.7828199724146132,0.23002044075137906,0.4391465798269654,25.983418733066916,0.26299896240234943,116.09096705832643,118.91586305596654,-2.8248959976401125,145.83499908447266,139.6050033569336,142.72000122070312,136.43000030517578,58.94568595973537,36.35115880403189,32.26030470700188,19.344591898794214,63.44648062904235,128.47500228881836,129.66000366210938,68.0,0.0,68.0,141.8331982421875,,0.0,0.0,61.306557832742854,0.1377243362854542,0.3143596547788492,0.31877905667504813,34.0912968273278,53.07074457494234,65.38054562017234,80.01792200553321,-34.61945437982766,8.751912262860486,1.1439622735353756,2.632478370696647,2.827582330010377,-0.1951039593137298,1.8544435565261257,3.7283292012268596,-1.873885644700734,146.09805970538736,-1.4900336524955593,-1.5012461735580906,642.9646189356464,20.6317062273329,40196833.90345712
2021-07-28,144.80999755859375,146.97000122070312,142.5399932861328,144.97999572753906,142.737060546875,118931200,-1.790008544921875,0,11203392054.457756,7538111400,0.20540826938986267,-25216958.351508297,-9.777757751141316,0.47713896248490123,132162565.20420438,146.28585189702315,53.90080083859571,10992.619909678566,144.66950073242188,151.52023468632981,137.81876677851395,9.470875228330163,0.5226614401614635,0.0,0.0,146.52366689046224,149.44766896565756,143.59966481526692,3.9911669387597786,0.23603453020462362,0.0,0.0,135.75999450683594,150.0,142.87999725341797,9.843128939459135,0.6474717460698454,3.0534232515788773,1.8393041374802086,3.39205879146877,3.847908429558126,-0.45584963808935575,146.64666493733725,142.2576927771935,145.75267184823952,142.36061305677075,1.001531888011908,0.8273520808201144,0.1741798071917936,0.42631128485341346,26.005803887948048,0.9704986572265568,109.54192546096282,118.13634907999504,-8.594423619032227,145.75,140.80999755859375,143.27999877929688,136.43000030517578,29.472842979867686,34.31313446884267,28.772352946219993,24.59931899419501,7.662511762029507,128.47500228881836,129.66000366210938,64.0,0.0,64.0,141.99313431396484,,0.0,0.0,56.59337733377744,0.0,0.18464767104096613,0.2864670708314247,30.751297806042576,57.588736346161,39.73585631462773,64.76372272917781,-60.26414368537227,8.108675474279067,0.3321769740754758,2.382722804176237,2.738610424843549,-0.3558876206673123,4.289690687095191,3.840601498400526,0.44908918869466463,146.05403465280259,-1.2196010716187922,-1.22709923295945,633.9034144813588,19.891150893910407,37597828.18211408
2021-07-29,144.69000244140625,146.5500030517578,144.5800018310547,145.63999938964844,143.38682556152344,56699500,0.660003662109375,1,11207709096.926735,7594810900,0.19425060511151823,-16268553.20989704,2.814330301171577,0.29524525987151634,132420682.72898412,146.39514065067073,52.403219210579906,11042.662464585235,145.10350036621094,150.97548869241024,139.23151204001164,8.093517125885493,0.5456829095728767,0.0,0.0,146.23033396402997,149.06033579508465,143.40033213297528,3.87060844947645,0.39570067271625703,0.0,0.0,135.75999450683594,150.0,142.87999725341797,9.813688475622753,0.6938202999679608,2.945081048491302,1.9438681495094148,3.1318070609310382,3.7046881558327085,-0.5728810949016703,146.64666493733725,142.7061544565054,145.73533762384088,142.60353056290984,1.002910679608334,0.8683676658713337,0.13454301373700028,0.4103424566090115,26.05296708130874,4.0464935302734375,104.04997211841318,116.40938802057053,-12.359415902157352,145.75,141.40499877929688,143.57749938964844,136.43000030517578,14.736421489933843,32.42068330045268,27.355907644482713,23.388309596375084,18.31588506371718,129.2400016784668,129.66000366210938,60.0,8.0,52.0,142.14987166430663,,0.0,0.0,57.87919597208725,0.053040977270487684,0.06358843785198033,0.18753192122393203,28.44650267737728,53.909930281914946,47.659067803595796,50.925156579465316,-52.340932196404204,7.2765588648179005,0.0,2.1961637615622953,2.6301210921872986,-0.4339573306250033,0.6933089781179739,3.211142994344016,-2.5178340162260424,146.04398833939206,0.45523774421245555,0.45420467129897446,637.2444198301421,21.71157891576823,-35738806.7527249
2021-07-30,144.3800048828125,146.3300018310547,144.11000061035156,145.86000061035156,143.60340881347656,70440600,0.220001220703125,1,11248323435.86137,7665251500,0.1881710870000053,-11730614.467474528,-1.0873035310673187,-0.0017826245365888235,132527089.06001958,146.42861461987292,46.786948089642976,11042.662464585235,145.53300018310546,150.17886854605862,140.8871318201523,6.384625283760889,0.5351926057412274,0.0,0.0,146.03933410644532,148.70333709716797,143.37533111572264,3.648336260943128,0.4663413485798867,0.0,0.0,137.75,150.0,143.875,8.41733488939787,0.662040866151148,2.8725730657124844,2.028188766867415,2.909765978418477,3.5457037203498625,-0.6359377419313854,146.37249883015951,143.17384690504807,145.75451654484252,142.84475056642404,0.962082424807622,0.8880412168544315,0.07404120795319047,0.39248773145996096,26.08220297508161,2.946995544433605,99.06902382366265,114.12367672747456,-15.054652903811913,146.18499755859375,141.40499877929688,143.7949981689453,136.43000030517578,7.368210744966921,30.47611099806674,25.813689151681906,23.26331849474626,1.699156707531234,129.40000343322754,129.66000366210938,56.00000000000001,4.0,52.00000000000001,142.3034742676416,,0.0,0.0,58.32238601765787,0.07132289700103177,0.041454624757172855,0.09656357788337326,26.71579194588673,56.40509601770376,50.30013829991849,45.8983541393807,-49.69986170008151,6.213912088730751,-2.2058286428199185,2.037012887684249,2.5114994512866886,-0.47448656360243957,-0.9901099134978648,2.37089241277564,-3.3610023262735047,146.04270756883017,0.1510582406104799,0.15094426241804015,638.3580882797364,21.842171470832767,8947488.90375574
2021-08-02,146.36000061035156,146.9499969482422,145.25,145.52000427246094,143.26870727539062,62880000,-0.339996337890625,0,11205417434.83813,7602371500,0.12551502843078746,-13108950.933058525,2.3791231636005943,0.06369311168937716,132380517.21278866,146.47091235279103,45.193649958746015,11016.92226999583,145.81100006103514,149.6921519073918,141.9298482146785,5.323537791705761,0.46251167178019936,0.0,0.0,146.35700073242188,148.9510025024414,143.76299896240235,3.5447593993293585,0.33866694509721923,0.0,0.0,140.07000732421875,150.0,145.03500366210938,6.810180762510816,0.5488419907433018,2.7553154539654545,2.129939688144256,2.675520226094932,3.3716670214988764,-0.6961467954039446,146.12583287556967,143.63961615929236,145.7184377337069,143.04291750761197,0.9957588925373982,0.894674850225556,0.1010840423118422,0.37290327319853334,26.118528627294218,0.5789993286132926,95.26629686703293,111.24551423958559,-15.979217372552654,146.18499755859375,141.40499877929688,143.7949981689453,136.43000030517578,3.6841053724834607,28.896578544315123,26.287124263148424,22.229818892156487,7.866000655527263,129.80249977111816,129.66000366210938,52.0,0.0,52.0,142.45400481890988,,0.0,0.0,57.31864177465002,0.02991769879302878,0.05142719102151578,0.05215675121022314,25.006848946974863,54.093352751882556,46.218550506947054,48.05925220348714,-53.781449493052946,5.17223537669463,-1.9935287851905064,1.8704318065608212,2.3832859223415155,-0.5128541157806943,-3.066083770817036,1.2834971760571048,-4.34958094687414,146.0209924529232,-0.2330977214232255,-0.23336981707657856,636.6369924000123,21.396374104357463,46913.80713686347
2021-08-03,145.80999755859375,148.0399932861328,145.17999267578125,147.36000061035156,145.08021545410156,64786600,1.839996337890625,1,11239396759.252722,7667158100,0.13139381996442084,5793343.020861944,2.251367722378895,-0.10276749506994912,133199697.41650271,146.24393020199366,42.2428344820055,11016.92226999583,146.0779998779297,149.59705298525134,142.55894677060806,4.818046674054055,0.6821513761407252,0.0,0.0,146.5026667277018,148.96866861979166,144.036664835612,3.3664942040588066,0.6738307430744073,0.0,0.0,140.6699981689453,150.0,145.33499908447266,6.386999985522336,0.717041921593063,2.7657839696040654,2.1499155910707852,2.6082844274270656,3.2189905026845143,-0.6107060752574487,146.20666631062826,144.1876930823693,145.97098586857533,143.36270144114826,0.9453711883004915,0.9552822063827237,-0.00991101808223216,0.35487084999722385,26.162609724482746,-3.6280029296875114,90.12979696473725,107.97079324752309,-17.840996282785838,146.18499755859375,141.6750030517578,143.93000030517578,136.56499862670898,1.8420526862417304,27.81911659562188,27.16798668541444,20.57383337928343,39.99709323400039,130.2175006866455,129.66000366210938,48.0,0.0,48.0,142.60152475915277,,0.0,0.0,61.209460578119035,0.2144789907030587,0.10523986216570613,0.06604055931479841,24.602902793923555,53.40765628097278,68.30733722282773,54.942008676564456,-31.69266277717227,4.529556812959584,0.6626144031336856,1.8193605458096025,2.270500847035133,-0.4511403012255304,-4.540628943675721,0.11867195211053971,-4.65930089578626,146.04305875045125,1.2644284523559701,1.256501307908131,645.9512401224973,23.435440121047947,7045918.987519011
2021-08-04,147.27000427246094,147.7899932861328,146.27999877929688,146.9499969482422,144.67657470703125,56368300,-0.410003662109375,0,11233050704.519953,7610789800,0.08887745971736148,1664121.242613112,1.1384985418095037,-0.0058789302023875955,133042862.3911827,146.068394519732,49.12866531516656,10986.269593169258,146.19699935913087,149.66461507252282,142.72938364573892,4.743757708561174,0.6085756974458323,0.0,0.0,146.66466623942057,149.131667582194,144.19766489664713,3.364138624563088,0.5578294595699014,0.0,0.0,140.6699981689453,150.0,145.33499908447266,6.381801180567098,0.6730972718991383,2.6402050233272525,2.177529818195041,2.493175923488508,3.0738275868453133,-0.5806516633568055,146.58166631062826,144.65576993502103,146.12160295775485,143.62842703426634,0.9857395034270239,0.9707284744952612,0.015011028931762649,0.3373687311823944,26.106292697289543,-0.047005462646495744,83.73531293724564,104.02584420162526,-20.290531264379624,146.18499755859375,142.1750030517578,144.18000030517578,136.56499862670898,0.9210263431208652,26.818616214692444,26.064020082980342,19.737819095348048,40.76184703104195,130.5225009918213,129.66000366210938,44.0,0.0,44.0,142.7460943005908,,0.0,0.0,59.89913627725991,0.2432514448779926,0.16254937812469306,0.10640547710397182,23.9032626251941,52.55497740895366,64.70583835414587,59.74390869464025,-35.29416164585414,4.47496853996725,3.1590032266796264,1.7358513039300325,2.1635709384141126,-0.4277196344840801,-6.566210388885281,-1.2183045160886246,-5.347905872796657,146.06314724704507,-0.278232668574363,-0.27862045512998534,643.875760080841,22.064415935327617,-959213.8600728586
2021-08-05,146.97999572753906,147.83999633789062,146.1699981689453,147.05999755859375,144.78488159179688,46397700,0.1100006103515625,1,11236106860.756418,7657187500,0.06170096116998707,2155500.3963696235,-0.10797497827775042,0.20187730556220532,133077593.76528887,146.00030215491233,55.51977415107133,10994.493454250121,146.38799896240235,149.5940285904229,143.1819693343818,4.3801809584732165,0.6048023059921471,0.0,0.0,146.6733327229818,149.0683339436849,144.27833150227863,3.2657623253526453,0.5807233065832138,0.0,0.0,141.6699981689453,150.0,145.83499908447266,5.690358424254524,0.6470586080250589,2.543184337889058,2.1486983822143806,2.383353914408133,2.9357328523578774,-0.5523789379497446,146.65749994913736,145.0684620783879,146.2659713578839,143.88261744347577,1.0140359809911745,0.9613349820579963,0.052700998933178256,0.3204616751311734,26.044454648441118,-0.9880050659179744,77.40774252673093,99.38583330013468,-21.97809077340375,146.18499755859375,142.87999725341797,144.53249740600586,136.56499862670898,0.4605131715604326,25.83338897040306,24.860816336462644,19.13072659656464,34.519941959983946,131.33000373840332,129.66000366210938,40.0,4.0,36.0,142.88777245120008,,0.0,0.0,60.14564261894286,0.31669073857219576,0.25814039138441536,0.17530987722493832,23.38887648486118,56.19445826905436,66.0538844446439,66.35568667387253,-33.946115555356094,4.295173420625588,0.6226504961429663,1.6564571570602908,2.0621481821433485,-0.40569102508305765,-9.2656079814161,-2.8277652091541197,-6.43784277226198,146.0696109161798,0.07485580989179397,0.07482780690413193,644.4325943056382,22.211569300027094,-5705285.942499012
2021-08-06,146.35000610351562,147.11000061035156,145.6300048828125,146.13999938964844,144.0946502685547,54126800,-0.9199981689453125,0,11219283372.055172,7603060700,0.014576008236280802,-5266222.073235914,-1.7362732641278653,0.7766488581484303,132738979.88172051,146.40203721486768,58.99253604273902,10994.493454250121,146.4394989013672,149.5944413415617,143.28455646117268,4.308868118047142,0.45253486911471424,0.0,0.0,146.49599965413412,148.85900014241537,144.13299916585285,3.226027323421967,0.42467198668574735,0.0,0.0,141.6699981689453,150.0,145.83499908447266,5.688357235273847,0.5366146744456555,2.4368654768540585,1.8538887371594959,2.196760134108416,2.787938308707985,-0.5911781745995688,146.71916707356772,145.42153871976413,146.24659105507845,144.04983092097004,1.0840095248072428,0.8812285533812226,0.20278097142602014,0.3027704041249749,25.96428600785012,0.360504150390625,69.74642009942258,93.89305087294827,-24.146630773525686,145.875,142.87999725341797,144.37749862670898,136.56499862670898,0.2302565857802163,24.633927096164864,23.811714630670547,19.863107691584105,-7.623114892462272,131.79000282287598,129.8300018310547,36.0,0.0,36.0,143.02661703879718,,0.0,0.0,56.99026323251313,0.03538308045978109,0.19844175463665617,0.20637717471525505,22.097498887417323,56.15357208171033,49.38274189024569,60.047488229678514,-50.61725810975431,4.0694383509018905,0.5089446521510171,1.5250001475625634,1.9547185752271914,-0.429718427664628,-10.565102613640583,-4.375232690051413,-6.18986992358917,146.07325440565853,-0.6255937605185613,-0.6275587980059782,639.7754704443956,21.21434018687775,8934996.298330277
2021-08-09,146.1999969482422,146.6999969482422,145.52000427246094,146.08999633789062,144.0453643798828,48908700,-0.0500030517578125,0,11217625085.557991,7554152000,0.04049547394453097,-4863273.813846116,-0.6272925194074509,0.06890104991799945,132722245.35135427,146.48526997249505,52.05819805115739,10990.731594201265,146.5189987182617,149.55222804162153,143.4857693949019,4.140390461161084,0.4292828970979526,0.0,0.0,146.2223327636719,148.49033203125,143.95433349609374,3.1021243126297673,0.470825293536677,0.0,0.0,141.6699981689453,150.0,145.83499908447266,5.685270786672705,0.5306119084472858,2.311178196746778,1.848929732584367,2.0215452749401095,2.6346597019544102,-0.6131144270143007,146.6599998474121,145.76076918381912,146.2224995601265,144.20095428518638,1.0647346394796382,0.9951697682235716,0.06956487125606658,0.28466308742162644,25.792440006155992,2.040998840332037,64.30537461082466,88.13909615655919,-23.833721545734534,145.2899932861328,143.875,144.5824966430664,136.56499862670898,0.11512829289010815,23.460367932345008,22.979109771509385,19.494530369262772,-22.190518767287323,131.79000282287598,129.8300018310547,32.0,0.0,32.0,143.16268473464234,,0.0,0.0,56.81579725384828,0.01982912961330909,0.12396764954842833,0.1935165985231668,20.971615136480622,54.693366956346495,48.696829775744206,54.71115203687796,-51.303170224255794,3.621438912784356,-0.4836557895825505,1.4018945193262018,1.8441537640469936,-0.4422592447207918,-12.160729393591478,-5.932332030759426,-6.228397362832052,146.0744615136635,-0.03421585600564825,-0.034221710965276486,639.5223499346633,21.651366998335803,1493733.2916266024
2021-08-10,146.44000244140625,147.7100067138672,145.3000030517578,145.60000610351562,143.5622100830078,69023100,-0.489990234375,0,11165786308.525915,7485128900,0.00565550093367633,-9000041.118480822,1.3791929704399088,0.117410717813523,132490739.80139132,146.54983819339608,59.419476579410954,10990.731594201265,146.5169990539551,149.55259547882972,143.48140262908046,4.143678132196475,0.34896000289673923,0.0,0.0,146.1249994913737,148.26799875895182,143.98200022379555,2.9331042258852396,0.3775096669885074,0.0,0.0,141.6699981689453,150.0,145.83499908447266,5.685348379260179,0.4717895643094621,2.3210607432830375,1.8266913251076562,1.8221435828217523,2.4721564781278786,-0.6500128953061264,146.41333389282227,145.97769223726712,146.12673133603252,144.30458775321077,1.0043831990903966,0.9339386208807483,0.07044457820964833,0.26583157263517687,25.586283100270315,2.473006439208973,58.57851040042015,82.47649448316555,-23.897984082745403,146.0749969482422,145.03500366210938,145.55500030517578,136.56499862670898,0.057564146445054074,22.83311006872125,24.33100214411779,18.10231785699757,-18.768978262984227,133.68749809265137,131.125,28.000000000000004,0.0,28.000000000000004,143.29603107657059,,0.0,0.0,55.037737873492695,0.0,0.01840407002436308,0.11360449140314936,19.544000622057908,46.674896376419234,41.975435262203874,46.68500230939795,-58.024564737796126,3.198823457605698,-1.9924552394467232,1.2627066202066815,1.7278643352789314,-0.4651577150722499,-10.9571143108169,-6.937288486770921,-4.019825824045979,146.06112364813015,-0.335403002709167,-0.33596673945988087,637.041969767277,21.2774909710772,24914257.84836276
2021-08-11,146.0500030517578,146.72000122070312,145.52999877929688,145.86000061035156,143.818603515625,48493500,0.2599945068359375,1,11144188457.202635,7533622400,-0.05485859096452567,-5913171.870519486,-0.9325100029760091,-0.3078935418308544,132577333.50392374,146.49189299118282,53.05371525716549,11010.357485140918,146.35249938964844,149.1464933265255,143.55850545277139,3.818170442635677,0.41186473728583617,0.0,0.0,146.24566650390625,148.06466522216797,144.42666778564453,2.487593323954168,0.3939895092605567,0.0,0.0,141.6699981689453,150.0,145.83499908447266,5.691738689666595,0.5030013829991848,2.207954913095359,1.8640616415035243,1.665892319367515,2.310903646375806,-0.6450113270082909,146.1525001525879,146.12538440410907,146.0856958397739,144.4198035204064,0.9868119395866695,1.044840109734483,-0.058028170147813585,0.24717633303306244,25.34982495650578,0.4175048828124943,54.298089294353915,76.94850750271453,-22.65041820836062,146.0749969482422,145.33499908447266,145.70499801635742,136.56499862670898,0.028782073222527037,22.250656338213478,23.440817018483976,17.440018211452948,-22.492254326905638,135.55999565124512,132.6999969482422,24.0,4.0,20.0,143.42671049166026,,0.0,0.0,55.827668423366944,0.06184635841357633,0.02722516267562816,0.05653229408280669,18.51206187007165,47.53683702827806,45.54188522222548,45.40471675339122,-54.45811477777452,2.653589001823889,-2.1008153348622502,1.1535068451551562,1.6129928372541764,-0.4594859920990202,-12.35802718504627,-8.02143622642599,-4.336590958620279,146.0556814317026,0.178567648308392,0.1784084058254365,638.3580882797364,21.83597745168325,-5397596.273208529
2021-08-12,146.19000244140625,149.0500030517578,145.83999633789062,148.88999938964844,146.80616760253906,72282600,3.029998779296875,1,11209265165.291677,7605905000,-0.008987159156179671,26219594.077326767,5.862002588020327,-0.03584109931950863,134078884.22960542,146.48259196574762,53.09215881934853,11010.357485140918,146.3729995727539,149.23433740770608,143.51166173780175,3.9096525223970073,0.939829192161191,0.0,0.0,146.47933298746744,148.42233225504557,144.5363337198893,2.6529329809883433,1.1203467089274282,1.0,0.0,141.6699981689453,149.8300018310547,145.75,5.574801149069497,0.8848036740754038,2.3081600931725417,1.861147670336445,1.766198014788955,2.201962520058436,-0.43576450526948074,146.32916641235352,146.29153794508713,146.5171271551392,144.75092914035025,0.9658443555769601,0.9895635128790025,-0.023719157302042326,0.23312632257135793,25.166297496914332,-1.3930038452148494,51.04056616258957,71.61201220703975,-20.571446044450184,147.11499786376953,145.33499908447266,146.2249984741211,136.56499862670898,0.886758579938565,22.677297781889273,28.162253342488526,15.764520379263319,104.93059887910393,136.42999839782715,133.56999969482422,20.0,0.0,20.0,143.55477631844815,,0.0,0.0,63.80793026937264,0.6866482912427673,0.24949821655211424,0.09837581641736866,19.75483954883425,51.363956787013095,87.10560576693639,58.207642083788606,-12.8943942330636,2.339824676513672,1.4444335051268262,1.2201635079498885,1.534426971393319,-0.3142634634434305,-10.466672092932102,-8.510483399727214,-1.9561886932048882,146.34530864847324,2.0773335846824503,2.0560512427524102,653.6962488227907,24.800216988106,27559728.43316643
2021-08-13,148.97000122070312,149.44000244140625,148.27000427246094,149.10000610351562,147.01329040527344,59375000,0.2100067138671875,1,11234131935.966064,7665280000,0.055467030576777675,24255244.72854641,2.778444973261733,-0.03587190109603292,134162631.61819418,146.45576279648418,52.42725591195857,11025.887399866124,146.50849990844728,149.60705892302894,143.4099408938656,4.229869279281336,0.9181792541101923,0.0,0.0,146.82966664632164,148.66766560872398,144.99166768391927,2.5035798342165583,1.1176117352717534,1.0,0.0,141.6699981689453,149.8300018310547,145.75,5.569645220044254,0.9105397794208394,2.1943439007498187,1.8609268610025815,1.8414101577234874,2.129852047591446,-0.2884418898679586,146.67250061035156,146.5169225839468,146.9144931471971,145.07308298947362,1.0185912347076196,1.0127201351293513,0.005871099578268257,0.22256911505775,24.907220948222843,-0.8685005187988395,47.497246860356626,66.3043399840757,-18.80709312371907,147.30999755859375,145.83499908447266,146.5724983215332,136.56499862670898,4.67964406725816,23.21609467867901,28.35017029360664,15.191638000581223,153.5616522540712,136.42999839782715,133.56999969482422,16.0,24.0,-8.0,143.6802808287003,,0.0,0.0,64.28947699910191,1.0,0.5828315498854476,0.28651830970439685,20.918689218641912,52.91213106086625,95.07252338019323,75.90667145645173,-4.927476619806766,2.38079524320716,2.8417785193753895,1.2692982873033025,1.4814012345753156,-0.21210294727201306,-10.426342498677457,-8.893655219517264,-1.5326872791601929,146.6260029631594,0.14104823341263284,0.14094885382966993,654.7593240670526,23.351525835216776,3262380.7852444947
2021-08-16,148.5399932861328,151.19000244140625,146.47000122070312,151.1199951171875,149.0049285888672,103296000,2.019989013671875,1,11334363751.774424,7768576000,0.1560276221129916,50598321.93250407,-0.1142418222079057,0.30140045653406616,135562073.44659615,146.7224272377644,63.71747471966399,11025.887399866124,146.94199981689454,150.07381520749445,143.81018442629463,4.262655189806167,1.167024517606169,1.0,0.0,147.19833323160805,149.33833262125648,145.05833384195964,2.907640790037015,1.416276402822648,1.0,0.0,142.5399932861328,151.19000244140625,146.86499786376953,5.886682613583778,0.9919066762864557,2.4469096327451494,1.8114007537981485,2.0404910439312403,2.111979846859405,-0.07148880292816484,147.12916692097983,146.74807621882513,147.56149345027256,145.52100240634132,1.0290037242604153,0.937578951723156,0.09142477253725934,0.21710793771779058,24.924624631846804,-1.0819992065429744,46.04041396685255,61.4055196509774,-15.365105684124856,148.24500274658203,146.43000030517578,147.3375015258789,137.1599998474121,42.249582732621036,22.58646950576686,24.48455578128692,18.320109440364774,177.25323224839858,136.9449977874756,133.9499969482422,100.0,20.0,80.0,143.80327524874738,,0.0,0.0,68.61507910259927,1.0,0.8955494304142554,0.5759597322839393,23.26825231652431,63.7174918095962,99.19066762864557,93.78959892525843,-0.8093323713544321,2.497442582074342,3.762699636435566,1.402196940778029,1.4655603758158582,-0.06336343503782915,-5.089679355753067,-8.132860046764424,3.043180691011357,147.43982767201837,1.3547880154139325,1.345692817601396,664.9847129347322,24.88725560442043,52042726.699720874
2021-08-17,150.22999572753906,151.67999267578125,149.08999633789062,150.19000244140625,148.08798217773438,92229700,-0.92999267578125,0,11320476427.353256,7676346300,0.11015896591864481,31116712.30078893,4.366733639727963,1.3117212701675862,134994491.7349703,147.33754580716248,75.71680291822922,10958.034072330527,147.1440002441406,150.55420558759752,143.7337949006837,4.6351945547201545,0.9466009947333434,0.0,0.0,147.5443333943685,149.65733235677084,145.43133443196615,2.864222452724834,1.1260459882170981,1.0,0.0,142.5399932861328,151.67999267578125,147.10999298095703,6.211601814877532,0.8369813639087879,2.461218303259697,1.6582779910797987,2.0990251881179347,2.1093889151111114,-0.01036372699317667,147.49000040690103,146.9669224665715,147.9658794489085,145.86685426079057,1.2192103522851168,0.8423697091483826,0.37684064313673415,0.213562368281925,24.853486748492085,-1.6239959716796761,44.285590245946594,57.02221712972195,-12.736626883775358,148.48999786376953,146.67499542236328,147.5824966430664,137.76499557495117,71.12479136631052,22.21207115071258,24.069514247543385,16.954025384337655,187.9067792702308,137.71000480651855,134.28500366210938,100.0,16.0,84.0,144.09874433645373,,0.0,0.0,64.72770978773424,0.7136869988557527,0.9045623329519173,0.7943144377505403,24.149987943783692,62.85922503282897,80.31714932464166,91.52678011116018,-19.68285067535834,2.833293780158556,2.9686012703522437,1.4390007920271979,1.4602484590581262,-0.021247667030928286,-2.2670108040654395,-6.959690198224628,4.692679394159189,147.6353891582376,-0.6154001494375949,-0.6173015409483007,660.2769958681572,22.658975995158727,17422313.603320777
2021-08-18,149.8000030517578,150.72000122070312,146.14999389648438,146.36000061035156,144.31158447265625,86326000,-3.8300018310546875,0,11242084348.809015,7590020300,0.05333105378297814,-20561209.18041333,-10.323078024779333,0.3733349611710925,132793088.6276189,147.4809941123029,67.25936985979095,10678.59276545553,147.19200057983397,150.5289009098796,143.85510024978834,4.534078369613258,0.37533341017245314,0.0,0.0,147.6180002848307,150.03700052897133,145.19900004069012,3.2773784219717306,0.2399752898896268,0.0,0.0,142.5399932861328,151.67999267578125,147.10999298095703,6.2095761682993675,0.4179439364673397,2.6720972053556027,1.7501334972894498,1.8154375460362644,2.050598641296142,-0.2351610952598775,147.56000010172525,146.99461482121393,147.7188211660536,145.90338362001734,1.048337200491025,0.871613339979301,0.17672386051172395,0.2057984187874238,24.991005122298457,0.1680000305175895,41.503183254437495,53.03282165502268,-11.529638400585185,148.48999786376953,146.67499542236328,147.5824966430664,138.25499725341797,60.26192197128779,20.910424197307915,21.08227948373405,22.834110335420153,34.98160224163195,138.87750244140625,134.8550033569336,96.0,12.0,84.0,144.55361923681338,,0.0,0.0,51.72961698428244,0.0,0.571228999618584,0.7904469209949191,20.69162492336967,52.69406065223477,29.722620321825737,69.74347909170434,-70.27737967817427,2.948381581025984,0.5772377083757348,1.244273779670723,1.4170535231806456,-0.17277974350992253,-0.7212076181780152,-5.711993682215306,4.990786064037291,147.6240004643687,-2.5501043803157875,-2.583183115172716,640.8891388939901,18.980030490079713,12294557.9389669
2021-08-19,145.02999877929688,148.0,144.5,146.6999969482422,144.6468505859375,86960300,0.339996337890625,1,11264445417.162287,7676980600,0.07761133198919458,-13400153.077229984,-8.794233063913216,-0.17716000546075733,132995098.6263793,147.53379194131742,66.06792161723833,10678.59276545553,147.1870002746582,150.52653391017495,143.84746663914146,4.537810580125975,0.4270851293071856,0.0,0.0,147.5556671142578,150.1576675415039,144.95366668701172,3.5268051415894064,0.33557455312925305,0.0,0.0,142.5399932861328,151.67999267578125,147.10999298095703,6.209787122906743,0.4551426630094541,2.7548874848200424,1.8238592055805187,1.5996869639973283,1.9604163058363793,-0.3607293418390509,147.50499979654947,146.90038416935846,147.562078978698,145.96239201470067,1.011552116501958,0.9505332215440034,0.06101889495795465,0.19562131245772418,25.108035044102568,-0.23700332641601562,38.44770025051352,49.55518611625501,-11.107485865741488,148.08999633789062,146.67499542236328,147.38249588012695,138.80999755859375,42.1802504178427,20.380708153123265,19.124646486784165,25.09132656848224,-40.75641063692613,140.21000289916992,135.91000366210938,92.0,8.0,84.0,,151.67999267578125,0.0,1.0,52.638842554499305,0.05384665008549388,0.25584454964708186,0.5772119607391946,18.237747360378332,56.31203529334433,30.640657276197114,46.8934756408882,-69.35934272380288,2.423940411735998,-0.44788521944605086,1.095958309477564,1.3528344804400292,-0.2568761709624652,0.5395400212287902,-4.461686941526487,5.001226962755277,147.61771739694336,0.23230140507841668,0.23203200250101474,642.6102347737142,21.348335839272323,14867248.352083474
2021-08-20,147.44000244140625,148.5,146.77999877929688,148.19000244140625,146.11598205566406,60549600,1.4900054931640625,1,11303169185.938568,7737530200,0.06425145145942926,1402616.877929544,3.948499489628191,-0.06506169645878614,133610090.02709976,147.66006128485813,66.013695375722,10787.053312222988,147.16850051879882,150.48139869107058,143.85560234652706,4.502183769751163,0.6541704377087678,0.0,0.0,147.7086669921875,150.33466796875,145.082666015625,3.555649143731561,0.5916479950911567,0.0,0.0,142.5399932861328,151.67999267578125,147.10999298095703,6.210567721644296,0.6181629685525352,2.6593990415138196,1.780977102067376,1.5312823938887732,1.8745895234468581,-0.34330712955808496,147.60833358764648,146.8892305814303,147.6586825883454,146.12740019445664,1.0428232995305646,0.9518604591426327,0.0909628403879319,0.185915753103661,25.04007900477299,-0.10850296020507244,36.53590862114668,46.46968989517968,-9.933781274032995,148.08999633789062,146.67499542236328,147.38249588012695,138.80999755859375,26.814296213153284,19.635107088175026,19.547894363850368,23.864035759531333,41.64741544106543,140.92250061035156,136.125,88.0,4.0,84.0,,151.5363928222656,0.0,0.0,56.50540068660178,0.28283405386570504,0.11222690131706602,0.3131001501942441,17.36715917636028,59.520243638857856,51.39284408816954,37.25204056206416,-48.60715591183046,1.9231455185833966,0.8438281857200783,1.0479091476691191,1.2918494138858472,-0.24394026621672804,-1.2486579098064934,-3.819081135182489,2.5704232253759955,147.63275464957127,1.0156820205591055,1.0105586330700689,650.1527934111426,23.047272049933213,-12114821.00890693
2021-08-23,148.30999755859375,150.19000244140625,147.88999938964844,149.7100067138672,147.61471557617188,60131800,1.5200042724609375,1,11338202752.206074,7797662000,0.07867188633221721,14259470.596906265,5.3549166696940365,0.1566203712065811,134226869.77880335,147.81701861237158,65.88246016385371,10897.697531480126,147.204500579834,150.610140748121,143.79886041154697,4.627087018226087,0.867846573658048,0.0,0.0,148.02466735839843,150.7626693725586,145.2866653442383,3.699386140190929,0.807768100014655,0.0,0.0,142.5399932861328,151.67999267578125,147.10999298095703,6.209048876662236,0.7844654164698105,2.623459442538219,1.7744200958817553,1.5814924601950509,1.8159701107964967,-0.23447765060144588,147.82916768391928,147.0169231708233,147.97427091534877,146.39277845515372,1.0789791183719928,0.9330327092504452,0.14594640912154755,0.1786340358489155,24.988920171088292,-1.0645011901855526,34.741169511321466,43.8210964630576,-9.079926951736134,148.08999633789062,146.67499542236328,147.38249588012695,138.80999755859375,15.968759896825144,18.32558238333603,22.948901767603978,22.35909977378675,120.94245845145272,141.50250244140625,136.125,84.0,0.0,84.0,,151.3956649658203,0.0,0.0,60.08534475590958,0.4948474440958952,0.2771760493490311,0.21508250010439314,17.767810177238033,57.500872076966,72.56284162295876,51.5321143291085,-27.437158377041236,1.7466159147374754,1.8019918395671013,1.0803077015711733,1.2495410714229125,-0.1692333698517392,-2.7275384088357786,-3.6007725899131473,0.8732341810773687,147.7322839489061,1.0257131030562805,1.0204883630636097,657.8472089061034,23.871337803334995,1503458.2118509114
2021-08-24,149.4499969482422,150.86000061035156,149.14999389648438,149.6199951171875,147.52598571777344,48606400,-0.0900115966796875,0,11316315624.29866,7749055600,0.09145689797667772,11597383.415512292,3.394923748004826,0.3177936002205327,134197645.68237261,147.97265985979794,65.6359327152541,10891.145403292625,147.3470001220703,150.90316741867952,143.7908328254611,4.826928669960134,0.8195849359062047,0.0,0.0,148.39199981689453,151.06000213623048,145.7239974975586,3.5958843099736795,0.7301338517199275,0.0,0.0,142.5399932861328,151.67999267578125,147.10999298095703,6.20304409460414,0.7746173198953588,2.532114169671116,1.7564247055012434,1.5956277128628926,1.771901631209776,-0.17627391834688333,148.11916732788086,147.29269233116736,148.2274592540932,146.6318315412303,1.0832833437411893,0.9059699187913951,0.17731342494979419,0.17280346104092764,24.809478545847618,-1.2570037841796875,33.76297094820267,41.53941664681858,-7.776445698615909,148.08999633789062,147.10999298095703,147.59999465942383,138.88999557495117,8.964712131669357,17.404545935455126,23.72911003841742,21.284394164563718,130.10799644206773,141.6924991607666,136.125,80.0,24.0,56.0,,151.25775166650388,0.0,0.0,59.77160168639971,0.47626678178938187,0.4179827599169938,0.2691285701943638,17.99291867270644,55.34012909900723,71.30919693633805,65.08829421582215,-28.690803063661942,1.4873812955968617,2.3812753127639343,1.0881864436196653,1.2172701458622632,-0.1290837022425979,-5.209271900416399,-3.922472452013798,-1.2867994484026015,147.841876332693,-0.06012396810035625,-0.06014204980608895,657.3915610919713,22.825293124489377,-6780740.777962685
2021-08-25,149.80999755859375,150.32000732421875,147.8000030517578,148.36000061035156,146.28358459472656,58991300,-1.2599945068359375,0,11283542521.100374,7690064300,0.061329934873287244,-677773.3511481546,-4.036839402292369,0.03716042707663141,133700862.38885029,148.07212872980296,59.868740714583026,10891.145403292625,147.51600036621093,150.92433919157733,144.10766154084453,4.620975103588956,0.6238140172360798,0.0,0.0,148.6710001627604,151.4720026652018,145.86999766031903,3.7680549661668263,0.44448424231363814,0.0,0.0,144.11000061035156,151.67999267578125,147.8949966430664,5.131641345099553,0.5614272727455972,2.530903179950098,1.7898110743542912,1.4880061671101998,1.7151225383898607,-0.2271163712796609,148.30833435058594,147.37769258939304,148.2478502319791,146.7598440648689,1.0451237871269206,0.9254727445324927,0.11965104259442783,0.16614782427992847,24.761778312268977,-1.9159942626953068,32.64073032108937,39.494990442207445,-6.854260121118074,148.08999633789062,147.10999298095703,147.59999465942383,139.37499618530273,4.482356065834678,16.40020560503065,22.047293459222043,23.572727182847277,69.18653626393643,141.93499946594238,136.125,76.0,20.0,56.0,,151.1225966331738,0.0,0.0,55.40997578046795,0.21796020567261679,0.39635814385263096,0.3638389843728855,16.878376877691597,46.24995238786081,53.760509023521514,65.87751586093947,-46.239490976478486,1.4154708413516914,1.5538396395127967,1.0139055247649968,1.17659722164281,-0.16269169687781315,-5.978070383139779,-4.3335920382389945,-1.6444783449007847,147.8562888649626,-0.8421297606974743,-0.8456957074120197,651.0133413510047,21.37790482656112,11187045.999278039
2021-08-26,148.35000610351562,149.1199951171875,147.50999450683594,147.5399932861328,145.4750518798828,48597200,-0.82000732421875,0,11236756322.497358,7641467100,0.02236515990701845,-6273814.291916052,-2.4681816237160015,-0.01511874146537833,133432258.58881941,148.17334894584098,60.178377321657756,10830.948456925073,147.61100006103516,150.90901658307715,144.31298353899317,4.468524054004519,0.4892349273528837,0.0,0.0,148.68399963378906,151.32500152587892,146.04299774169922,3.5525031591760703,0.28341432638069847,0.0,0.0,144.11000061035156,151.67999267578125,147.8949966430664,5.128338716152317,0.45310386670617425,2.438812922990244,1.8283652005211306,1.3213162673137333,1.6363612841746353,-0.315045016860902,148.46999994913736,147.46000025822565,148.13894916338737,146.81763289607363,1.0522037825659616,0.9393853031597795,0.11281847940618206,0.1577982591404156,24.688319665462444,-1.7509994506835938,29.58248416447326,37.50446125377595,-7.92197708930269,148.08999633789062,147.10999298095703,147.59999465942383,140.06999969482422,2.241178032917339,15.598027102466359,21.02215199959275,23.314211917529885,25.232118999908508,142.53250122070312,136.125,72.0,16.0,56.0,,150.9901447005103,0.0,0.0,52.71401612858179,0.058298620280667755,0.2508418692475552,0.3550609243390601,15.14497732147715,43.87230197631357,42.33978255140815,55.80316283708927,-57.66021744859185,1.7059697768267483,1.3324087234158055,0.8999711010523107,1.12127199752471,-0.22130089647239937,-7.799704861251443,-5.026814602841484,-2.7728902584099586,147.85098478379496,-0.5527145597501004,-0.5542476784627937,646.862381267692,21.167498667028212,-2634895.780659035
2021-08-27,147.47999572753906,148.75,146.8300018310547,148.60000610351562,146.52024841308594,55802400,1.0600128173828125,1,11283839943.964588,7697269500,0.027657966973222314,3072624.784175192,-1.8063511962880898,-0.09933721838542398,133833175.37025106,148.27319150525744,65.56315723386547,10830.948456925073,147.74800033569335,150.97046266344677,144.52553800793993,4.362106181378792,0.6321979407616944,0.0,0.0,148.596332804362,151.31233469645184,145.88033091227214,3.6555436339948786,0.5006762328046108,0.0,0.0,144.5,151.67999267578125,148.08999633789062,4.859620881140744,0.5710320732422622,2.3869314475857513,1.808569204933424,1.260220459260836,1.5611331191918756,-0.30091265993103966,148.69833374023438,147.52923114483173,148.20988100033017,146.94966054106933,1.0349231862333093,0.9395229141574747,0.09540027207583457,0.1497966860439158,24.655478617122316,1.1419990539550895,27.45701466678243,35.43963910932372,-7.98262444254129,148.08999633789062,147.10999298095703,147.59999465942383,140.06999969482422,1.1205890164586696,15.161545982070523,19.837540874270914,23.996173053455397,19.97081184422115,142.53250122070312,136.125,68.0,12.0,56.0,,150.86034180650012,0.0,0.0,55.713683220451294,0.23594653248175332,0.17073511947834566,0.2726450441928441,14.547657077897119,53.95807393724207,57.10320732422622,51.06783296638532,-42.89679267577378,1.6586172216078978,1.8785174014112862,0.8575865058964398,1.0685348991990562,-0.2109483933026164,-8.324637601245003,-5.686379202522188,-2.638258398722815,147.85666086311838,0.7184579541948732,0.7158893406362665,652.2282734527989,22.78727082201459,10150862.458531223
2021-08-30,149.0,153.49000549316406,148.61000061035156,153.1199951171875,150.97695922851562,90956700,4.519989013671875,1,11361003656.632498,7788226200,0.11856810827901379,61365576.20355711,17.490549176458543,1.0514739391873356,136599819.1645552,148.74429768082553,66.4463707245911,10830.948456925073,148.12799987792968,151.94710149222527,144.3088982636341,5.156488465979236,1.1535562212552652,1.0,0.0,148.81099955240887,151.54300181070965,146.07899729410806,3.671774622196026,1.2886149346484577,1.0,0.0,144.5,153.49000549316406,148.99500274658203,6.069079107645149,0.9588420300457084,2.63723824179202,1.703270695587641,1.5585608106318318,1.5606186574798668,-0.0020578468480350054,149.05083338419595,147.7046156663161,148.9652831721544,147.40672236152255,1.085411110737849,0.8442973251807477,0.24111378555710128,0.148144109014606,24.822871538600378,0.9720062255859432,27.018990595134646,33.52112803701129,-6.502137441876641,148.99500274658203,148.01499938964844,148.50500106811523,141.35000610351562,25.223948974835196,15.392990279809114,30.15807913044717,20.783862212110304,197.1464011582886,142.72000122070312,136.125,100.0,8.0,92.0,144.5,,1.0,0.0,65.70428121905803,0.8276151482769494,0.3739534336797899,0.2651768074685637,17.42039525032655,61.89037264240175,95.88420300457085,65.10906429340177,-4.115796995429156,1.898705964929917,2.8410207165553607,1.0573200364698305,1.0662919266532112,-0.008971890183380626,-4.367079561609883,-5.422519274339727,1.0554397127298438,147.96048540488547,3.041715227469921,2.9963722458733244,675.1089153917468,26.887202597642244,43103395.31470344
2021-08-31,152.66000366210938,152.8000030517578,151.2899932861328,151.8300018310547,149.7050323486328,86453100,-1.2899932861328125,0,11336385140.48456,7701773100,0.07271168136281526,36667076.95085344,1.7378813989345858,1.2422161821809496,135871475.89051044,149.15047183758318,72.49319169709257,10739.70073463256,148.35149993896485,152.4756637509845,144.2273361269452,5.559989368110763,0.9217220812073393,0.0,0.0,148.97633310953776,151.600336710612,146.35232950846355,3.522712025869064,1.0437623485632161,1.0,0.0,144.5,153.49000549316406,148.99500274658203,6.059935691154288,0.8153500947945327,2.5565146007182866,1.6237559874495577,1.6716364270784823,1.58282221139959,0.08881421567889225,149.27833302815756,147.8138462946965,149.4060091196775,147.734372692599,1.1395410108522788,0.8307254645689096,0.30881554628336916,0.14876509497370127,24.801204559105095,2.7684951782226506,26.30220765559005,31.832130748250457,-5.5299230926604075,148.99500274658203,148.01499938964844,148.50500106811523,141.35000610351562,62.6119744874176,15.607902841994948,28.614296825103423,19.719943035395733,171.3348858036804,142.72000122070312,136.125,96.0,4.0,92.0,144.6798001098633,,0.0,0.0,61.44401936556816,0.5753116090762975,0.5462910966116664,0.36365988325660087,18.317346722782364,58.39046293324087,81.53500947945327,78.17413993608348,-18.464990520546735,2.2061179665958264,1.8309829750400606,1.1315148916337636,1.0793365196493216,0.052178371984441974,-1.8478315451852703,-4.707581728508837,2.859750183323566,148.02133351906534,-0.8424721311841354,-0.8460409861850593,668.5788387932478,23.06058435898416,19349262.905518204
2021-09-01,152.8300018310547,154.97999572753906,152.33999633789062,152.50999450683594,150.37550354003906,80313700,0.67999267578125,1,11266414762.528313,7782086800,0.024571753762323695,39230741.35285903,5.3086750761515065,1.2026927884760337,136231172.43998203,149.56265906991072,72.78527971706318,10787.800041433327,148.62949981689454,153.07532535412142,144.18367427966766,5.98242683007607,0.9364200368917187,0.0,0.0,149.5296661376953,151.9606689453125,147.09866333007812,3.2515324489236628,1.1129833251944836,1.0,0.0,144.5,154.97999572753906,149.73999786376953,7.051087260907147,0.7643127645355313,2.6158625302948955,1.6271440992077508,1.795422876469928,1.6253423444136579,0.17008053205627016,149.39416631062826,148.03461514986478,149.8835453330865,148.08812245661656,1.145768418065156,0.8210560847986562,0.32471233326649973,0.1514828607995305,24.688260092778016,1.560502624511713,27.860903115938733,30.655819955519924,-2.794916839581191,150.87999725341797,148.75999450683594,149.81999588012695,142.09500122070312,81.3059872437088,16.504637765925047,32.13228443235056,18.010872432906687,188.39008708846768,142.72000122070312,136.43000030517578,100.0,0.0,100.0,144.85600421752932,,0.0,0.0,62.81281130980592,0.6563749483350401,0.6864339018960953,0.5355594773958506,19.476208285818917,50.99782278241649,76.43127645355312,84.61682964585911,-23.56872354644687,2.975675021900855,0.9197984611967124,1.2124016745474706,1.1059495506289514,0.10645212391851921,-0.5883898535543451,-3.8837433535179384,3.295353499963593,148.56447088136068,0.44786449817599827,0.4468645695708595,672.021030552696,23.847867342770286,11550628.974074602
2021-09-02,153.8699951171875,154.72000122070312,152.39999389648438,153.64999389648438,151.49952697753906,71115500,1.1399993896484375,1,11271932102.495691,7853202300,0.025912637093218782,45208010.67309966,-0.32622591751676727,0.9809305819918552,136762754.8248395,149.876708202675,73.15176410024802,10868.437939970083,148.95899963378906,153.84566402609207,144.07233524148606,6.561086479254979,0.979979172509177,0.0,0.0,150.24866587320963,152.5616694132487,147.93566233317057,3.0789006033383846,1.2352621741377234,1.0,0.0,144.5,154.97999572753906,149.73999786376953,7.035490137087249,0.8730913765966771,2.5862770096872807,1.6271440992077508,1.9628860245808255,1.6928510804470915,0.27003494413373397,149.68249893188477,148.36807661790115,150.46299895822463,148.5001129336438,1.0814102162234538,0.8427598771867499,0.23865033903670385,0.15669427252833018,24.646828173116713,-2.5989990234375,29.139261749244145,29.833970303086307,-0.6947085538421618,150.90499877929688,149.5449981689453,150.2249984741211,143.29999542236328,90.65299362185439,17.337320195288708,30.06553596077645,16.852413153399333,169.38408045666583,143.27999877929688,136.43000030517578,96.0,4.0,92.0,145.2609638779297,,0.0,0.0,65.05278698188252,0.7890320030476108,0.6735728534863158,0.6354326173313594,21.14903141020109,52.33361663200304,87.30913765966771,81.7584745308914,-12.690862340332286,3.855852104635801,2.3037428582691275,1.3218077655320888,1.1491211936095789,0.1726865719225099,-0.6241394377574692,-3.231822570365845,2.6076831326083756,149.2466092934131,0.7474915944589711,0.7447117203287945,677.7918228635328,24.47758292551393,4418274.032540321
2021-09-03,153.75999450683594,154.6300048828125,153.08999633789062,154.3000030517578,152.14047241210938,57808700,0.6500091552734375,1,11304965645.352835,7911011000,0.06180995292574553,44117749.75615051,0.7992002297399367,1.0461764428452724,137007311.84239313,150.1488524002853,71.96262406474578,10914.416361350699,149.36699981689452,154.5947663870661,144.13923324672294,6.999894992307776,0.9718079096157296,0.0,0.0,150.86699930826825,153.16200358072916,148.5719950358073,3.042420520039006,1.2479297064245494,1.0,0.0,144.5,154.97999572753906,149.73999786376953,7.016272496860915,0.9351151762405415,2.48165016321074,1.6271440992077508,2.1235728564321903,1.7789954356441116,0.34457742078807874,150.34416580200195,148.70115368182843,151.05330728030665,148.92973442387446,1.1572415836799705,0.8797246432813819,0.27751694039858865,0.16388562672438686,24.586687237668517,-2.6670028686523324,30.271339273457265,29.337322498879175,0.9340167745780903,150.90499877929688,149.5449981689453,150.2249984741211,143.8949966430664,95.3264968109272,18.110525308269253,28.743904868060287,16.111609023385206,156.7147487815113,143.57749938964844,136.43000030517578,92.0,0.0,92.0,145.64972515191408,,0.0,0.0,66.29927673833495,1.0,0.8151356504608832,0.7250474686144316,22.896926383324452,55.026156011818976,93.51151762405415,85.75064391242502,-6.488482375945849,4.746616812313306,5.4249811480560215,1.425889104447209,1.204474775777105,0.22141432867010402,-2.1470237666189833,-3.014862809616473,0.8678390429974896,149.85464510641302,0.42304535053308,0.4221530294201692,681.0822350069836,24.321232321955222,-4087420.250611104
2021-09-07,154.97000122070312,157.25999450683594,154.38999938964844,156.69000244140625,154.4970245361328,82278300,2.3899993896484375,1,11354562371.871273,7993289300,0.09646249938153656,65907369.331173435,6.85421295169858,1.2238535365574594,138281745.30248418,150.63604801706433,71.76803249522752,10914.416361350699,149.89700012207032,155.79475097690462,143.99924926723602,7.869071228952413,1.0758977012201016,1.0,0.0,151.5519989013672,153.90400238037108,149.1999954223633,3.1038897488044674,1.5922610416832956,1.0,0.0,144.5,157.25999450683594,150.87999725341797,8.512508253297057,0.9553297562060608,2.5294842923974787,1.6188102670586868,2.4159220594052613,1.9063807603963416,0.5095412990089196,151.17666625976562,149.11769221379205,151.92049115124505,149.50456909183978,1.1171496668652836,0.8200443346264266,0.29710533223885705,0.1749268649418162,24.63481514029713,-1.7069976806640739,31.93469157402187,29.134180346192423,2.800511227829446,152.0449981689453,150.87999725341797,151.46249771118164,145.03499603271484,97.6632484054636,19.612106674855642,33.75693328167158,14.767880668273115,186.6608402391202,143.7949981689453,136.43000030517578,100.0,52.0,48.0,146.0229359749391,,0.0,0.0,70.46992627844661,1.0,0.9296773343492033,0.8061286127654675,25.80341833789626,60.89813074621868,95.53297562060607,92.11787696810934,-4.467024379393929,5.384115869858704,6.809819837071078,1.6159519900165558,1.2867702186249952,0.3291817713915606,-0.5566692184683644,-2.5232240913868513,1.966554872918487,150.7747438515668,1.548930228372547,1.5370567550244907,693.1806538534547,26.112782795165003,28489458.811343014
2021-09-08,156.97999572753906,157.0399932861328,153.97999572753906,155.11000061035156,152.93911743164062,74420200,-1.5800018310546875,0,11335106391.789494,7918869100,0.11882211166941815,39694309.102797806,-1.2952218640291155,1.868700405182475,137531320.5757284,151.26172133100758,72.35480274312214,10804.359576826262,150.37249984741212,156.34085879184263,144.4041409029816,7.938098988161809,0.8968847054147381,0.0,0.0,152.10199890136718,154.58900146484376,149.61499633789063,3.2701773565636034,1.104744392538844,1.0,0.0,144.5,157.25999450683594,150.87999725341797,8.485590463538161,0.8315051079894623,2.5825356190171056,1.4087262781425645,2.491398672825312,2.023384342882136,0.46801432994317604,151.7533327738444,149.48653822678787,152.4111849141845,149.9197862413592,1.1942472087858598,0.7912284819011113,0.4030187268847485,0.18558245620803143,24.693362774634025,-0.6624931335449276,33.73213623534104,29.255447669998162,4.476688565342876,152.0449981689453,150.87999725341797,151.46249771118164,145.03499603271484,98.8316242027318,20.758005998373765,30.888862961957418,14.651562247913905,140.03619355654902,143.7949981689453,136.43000030517578,96.0,48.0,48.0,146.6971594868529,,0.0,0.0,64.76380115769442,0.6799899989764047,0.8933299996588012,0.8793809948229626,26.42618661519226,58.132263716209486,83.15051079894623,90.7316680145355,-16.849489201053764,5.779174266141979,4.669679502624648,1.6618211213390834,1.3617803991678128,0.30004072217127065,-0.1946310738254709,-2.0575054878745753,1.8628744140491045,151.11297570804692,-1.0083616098260806,-1.0134800125821464,685.182524643429,22.999064878816398,8965633.860368893
2021-09-09,155.49000549316406,156.11000061035156,153.9499969482422,154.07000732421875,151.91366577148438,57305700,-1.0399932861328125,0,11284168531.551287,7861563400,0.09762871727082689,25509758.765663683,-1.8092310700004168,2.367629119033389,137147092.9758146,151.92641929560244,74.32710331125051,10731.917687994794,150.78300018310546,156.58033136412834,144.98566900208257,7.6896350039232715,0.7834931314492656,0.0,0.0,152.69033203125002,155.14133453369143,150.23932952880858,3.2104226506492854,0.7814512207952576,0.0,0.0,144.5,157.25999450683594,150.87999725341797,8.462488802677132,0.7500008968727839,2.5402824233263326,1.2542614011784126,2.439178336607398,2.1065431416271885,0.33263519498020955,152.11666615804037,149.74461540809045,152.6663883618821,150.2272100252747,1.2499263493876607,0.7299385672561125,0.5199877821315482,0.1937477344798249,24.781199454323215,-1.1630050659179574,37.138261726920454,30.09497851027007,7.043283216650384,152.0449981689453,150.87999725341797,151.46249771118164,145.30500030517578,99.4158121013659,21.80300738114128,29.01487983206852,13.84693125578017,106.00169396733513,143.93000030517578,136.56499862670898,92.0,44.0,48.0,147.3309295880519,,0.0,0.0,61.248285487903885,0.4806438694097058,0.7202112894620365,0.8477395411566805,25.832827083986782,47.34902831220563,69.56117859633643,82.74822167196294,-30.438821403663567,5.817145358814912,2.9122973848265206,1.6236594796621884,1.414156215266688,0.20950326439550038,-1.830858577994868,-2.012176105898634,0.18131752790376598,151.3636664911801,-0.6704875778740793,-0.6727454439682923,679.9179733520566,22.388199865127802,-5979181.09863396
2021-09-10,155.0,155.47999572753906,148.6999969482422,148.97000122070312,146.88504028320312,140893200,-5.100006103515625,0,11154497093.442116,7720670200,-0.03645345989895556,-80785375.33569507,-14.14774663636301,1.0750401100340177,132483263.89951849,152.0496920230687,62.57322181016137,10731.917687994794,150.7870002746582,156.57920947894797,144.99479107036842,7.682637354333304,0.3431514651948878,0.0,0.0,152.98966573079426,155.9576680501302,150.02166341145835,3.8800036658142902,-0.17716667266461705,0.0,1.0,144.5,157.25999450683594,150.87999725341797,8.462264308987933,0.3503137260998351,2.9642540589233866,1.7431470244472236,1.9636299699270694,2.0779605072871647,-0.11433053736009535,152.0625,149.82230788010818,152.09771341708534,150.13408344715828,1.0255489125705202,0.7958717411669366,0.22967717140358357,0.19274253390715462,25.15803759380422,-2.426999664306635,37.16038242157133,31.173130483024394,5.987251938546933,152.93499755859375,150.87999725341797,151.90749740600586,145.80500030517578,90.22023706406424,20.33224548742162,24.07713753528336,24.668095922210178,5.846914225097888,144.18000030517578,136.56499862670898,88.0,40.0,48.0,147.92667348317894,,0.0,0.0,47.602188083510214,0.0,0.3868779561287032,0.6668064150831805,20.28427025729754,37.7260580709942,20.517745852473887,57.74314508258555,-79.48225414752612,5.397556978113499,-0.43442983404409113,1.3079175126933755,1.3929084747520255,-0.08499096205864998,5.871408330682867,-0.43545921858233405,6.306867549265201,151.3353380785641,-3.3101874869022163,-3.3662140546145913,654.1012261900555,17.80269391599836,86947088.75409962
2021-09-13,150.6300048828125,151.4199981689453,148.75,149.5500030517578,147.45693969726562,102404300,0.5800018310546875,1,11113458942.277704,7823074500,-0.07808325517653983,-60759652.92947099,-5.227650592178607,0.31914244847168594,132881966.1954249,152.000535775267,54.49562697181829,10773.701482441727,150.80950012207032,156.5787726111216,145.04022763301904,7.6510730217677665,0.3908443765914389,0.0,0.0,153.1743321736654,156.21733449300132,150.1313298543294,3.9732535812669596,-0.09551862627210436,0.0,1.0,144.5,157.25999450683594,150.87999725341797,8.461001791337791,0.39576843462215944,2.9348284699255793,2.111760545243888,1.6149397435815445,1.9853563545460409,-0.3704166109644964,152.1616668701172,149.91807732215295,151.70575797626572,150.09081823268417,0.9982112272985593,0.9447859772077749,0.05342525009078436,0.1860604013665459,25.465094220218887,-3.2695068359375057,36.740330231892614,32.25327933155305,4.487050900339561,152.97999572753906,150.87999725341797,151.92999649047852,146.50999450683594,65.55776801187504,18.966538014681934,22.456396100295954,23.007574395314336,-27.334737202136424,144.53249740600586,136.56499862670898,84.0,36.0,48.0,148.48667274459837,,0.0,0.0,48.993995629365756,0.060863367159054244,0.1805024121895864,0.42919721926010895,16.481933685845174,37.33912079058191,26.078649384088713,38.71919127763304,-73.92135061591128,4.603733152501746,0.8021046350165758,1.0759750413765623,1.329521788076933,-0.2535467467003707,7.520421581311062,1.1557169413963453,6.3647046399147165,151.31933677216387,0.3893413615506436,0.38858538964374745,657.0372541715739,21.246763333918068,4485519.873497754
2021-09-14,150.35000610351562,151.07000732421875,146.91000366210938,148.1199951171875,146.04693603515625,109296300,-1.4300079345703125,0,11067743157.975903,7713778200,-0.17185358444869567,-74407499.11371475,-4.167732439094504,-0.2210472791782662,131836867.07787366,151.76993046792063,47.31342974623657,10773.701482441727,150.6595001220703,156.54353879111244,144.77546145302819,7.811042336227911,0.28420391607519613,0.0,0.0,152.87033233642578,155.8413345336914,149.89933013916016,3.886957203347025,-0.2994503039429386,0.0,1.0,144.5,157.25999450683594,150.87999725341797,8.469425755758703,0.28369879902755074,3.057345989143959,2.5545839843813125,1.2092708165521628,1.8301392469472653,-0.6208684303951024,152.21000035603842,149.99423100398138,151.15410215179213,149.94483133523997,0.9237438755628903,0.9725767637718163,-0.04883288820892606,0.17363695049681743,25.825318339721505,-2.0594940185546875,32.45923804948981,32.93739381976414,-0.4781557702743271,152.08499908447266,150.87999725341797,151.4824981689453,146.50999450683594,35.690639390847004,18.39698253896091,20.17740973194068,25.161396502288362,-58.79976913982514,144.37749862670898,136.56499862670898,80.0,32.0,48.0,,157.25999450683594,0.0,1.0,45.76620953902222,0.0,0.020287789053017785,0.195889385790436,12.29959826627352,35.43204558149677,12.368113058489628,19.65483609835077,-87.63188694151037,3.189381902358093,0.3931149908146306,0.8064771594884316,1.2249128623592327,-0.4184357028708011,9.2707477270259,2.7787230985222564,6.4920246285036445,151.11274911627274,-0.9562072252685905,-0.96080824020639,649.7984092492104,20.164290992643856,23395321.403088287
2021-09-15,148.55999755859375,149.44000244140625,146.3699951171875,149.02999877929688,146.94424438476562,83281300,0.910003662109375,1,11128779795.746037,7797059500,-0.12427722905999959,-52951243.81386559,-3.9996716650662067,-0.2183924408049689,132348521.75302586,151.66736531947595,46.337454956154616,10839.891788455026,150.60149993896485,156.52563905655927,144.67736082137043,7.867304269871592,0.36736459690820833,0.0,0.0,152.5009989420573,155.6280008951823,149.37399698893228,4.100959304946088,-0.05500447629903487,0.0,1.0,144.5,157.25999450683594,150.87999725341797,8.472687531005505,0.35501573114863094,3.058612122651438,2.8274895731847707,0.9502510568364357,1.6541616089250994,-0.7039105520886637,152.24583307902017,150.10730802095853,150.82731701756208,149.87706596072564,0.9439699722175631,0.9988135678568544,-0.05484359563929131,0.15879285148291578,26.05965122958186,2.5184951782226506,29.662738410085737,33.13759774133602,-3.4748593312502862,151.81499481201172,150.87999725341797,151.34749603271484,147.50499725341797,17.845319695423502,18.0610126672798,18.671460473251898,24.59628825320097,-65.07338896259054,144.5824966430664,136.56499862670898,76.0,28.000000000000004,48.0,,157.0529946899414,0.0,0.0,48.10905087121827,0.09483760508219953,0.051900324080417636,0.08423017510767412,9.674229186985055,39.17585904456018,24.42611396872859,20.957625470435673,-75.57388603127141,1.575735653147973,0.28936248864062264,0.6340203224190705,1.1067343543712003,-0.4727140319521298,8.104580967914542,3.8438946724007135,4.260686295513828,151.05020408045806,0.6143692223250508,0.6124896689549075,654.4049399051204,22.097771621957975,-5917686.572278842
2021-09-16,148.44000244140625,148.97000122070312,147.22000122070312,148.7899932861328,146.7075653076172,68034100,-0.2400054931640625,0,11182817692.521637,7729025400,-0.03888377666907159,-47719431.51509524,0.48873178664954414,-0.007184340064572775,132238956.1765901,151.6227143099464,51.31040223963972,10822.434675150032,150.7229995727539,156.3882112722665,145.05778787324132,7.517381840291717,0.32939681788172154,0.0,0.0,152.00599924723306,155.04400126139322,148.96799723307294,3.9972133063234243,-0.029296219375504997,0.0,1.0,144.5,157.25999450683594,150.87999725341797,8.465857595062456,0.33620651512306887,2.933750666245669,3.0674969571221418,0.7173405384382363,1.4667973948277269,-0.7494568563894906,151.88499959309897,150.2299998356746,150.5138825973422,149.79654205890395,0.969755008501942,0.9801516792597326,-0.010396670757790605,0.14235678378076236,26.22520858118344,1.1070022583007812,27.982906549324593,33.009113830233865,-5.026207280909272,151.81499481201172,150.87999725341797,151.34749603271484,148.66500091552734,8.922659847711751,17.749040643575917,17.826689678137576,23.483454791979025,-65.29063997422145,145.55500030517578,136.56499862670898,72.0,24.0,48.0,,156.62567470703127,0.0,0.0,47.525919811166524,0.0712326121087683,0.055356739063655645,0.04251495073236387,7.406996822569773,39.3040098474393,22.22220665361706,19.672144560278454,-77.77779334638294,0.11432441262635962,-2.8278487259229617,0.4788765672282068,0.9811627969426017,-0.5022862297143948,5.6752316074975075,4.210162059420073,1.4650695480774347,150.9474155969917,-0.16104508832446296,-0.16117490532154832,653.1900078033261,21.688645540441115,-8000662.890444636
2021-09-17,148.82000732421875,148.82000732421875,145.75999450683594,146.05999755859375,144.0157928466797,129868800,-2.7299957275390625,0,11078413515.484522,7599156600,-0.11871028062621997,-91551122.60445663,-1.8967690868283733,-0.013642760817450163,129856126.11315417,151.28480708558521,43.91534234434109,10822.434675150032,150.69099960327148,156.45314635093015,144.9288528556128,7.647632257837356,0.09815306278346377,0.0,0.0,151.33499959309896,154.4470021565755,148.2229970296224,4.112733434888067,-0.34752533568164484,0.0,1.0,145.75999450683594,157.25999450683594,151.50999450683594,7.631510860155139,0.026087221891983696,2.9463768813593836,3.535299844268958,0.30890852965089266,1.2352196217923601,-0.9263110921414675,151.4041659037272,150.23769202599158,149.8286695144578,149.5197609848069,0.9526005232785946,0.9756101757042002,-0.023009652425605598,0.12171155694825396,26.259118066625483,1.8189949035644588,24.687413362268906,32.3886776178796,-7.701264255610695,151.50999450683594,150.87999725341797,151.19499588012695,148.96499633789062,4.4613299238558755,17.994916543749977,16.469989552332073,25.32740142279225,-105.53912308034968,145.70499801635742,136.56499862670898,68.0,20.0,48.0,,156.21544752343752,0.0,0.0,41.3816206920516,0.0,0.055356739063655645,0.054204600735909825,3.4015769365215407,35.76419365096542,2.6087221891983696,16.419014270514705,-97.39127781080163,-0.9065570158116998,-3.8003057385729178,0.20660047047713087,0.8262503316495076,-0.6196498611723766,9.383036475204666,5.244736942576991,4.138299532627674,150.38571733789243,-1.8347979371765355,-1.8518391239624954,639.3704930771308,19.17934453458527,64601451.01224582
2021-09-20,143.8000030517578,144.83999633789062,141.27000427246094,142.94000244140625,140.939453125,123478900,-3.1199951171875,0,11070458422.33005,7475677700,-0.14276402015469536,-133508614.38606049,-12.244131245131728,-2.1375485052167553,127218486.98187092,150.4463036877588,35.7856196063256,10591.2560916436,150.4284996032715,157.03843940492402,143.81855980161896,8.788148281854934,-0.06645728906585993,0.0,1.0,150.23599955240883,153.55100046793618,146.9209986368815,4.413058022582556,-0.6004517490219121,0.0,1.0,141.27000427246094,157.25999450683594,149.26499938964844,10.62962821310175,0.1044402244446141,3.1307385218367267,4.2424935452100705,-0.2634968829313209,0.9354763208476239,-1.198973203778945,150.6066665649414,150.00884598952072,148.76887458014218,149.0323714630735,0.8224174614536244,1.1487551915406655,-0.32633773008704114,0.09482851166769113,26.386904166505317,3.221494293212885,18.355156820775758,30.87984042307447,-12.524683602298712,149.15499877929688,149.26499938964844,149.20999908447266,148.96499633789062,2.2306649619279377,19.480982753968508,14.597237898580124,33.10603193026078,-186.92335413945034,146.2249984741211,136.56499862670898,64.0,100.0,-36.0,,155.5881203424414,0.0,0.0,35.70096570491508,0.0,0.023744204036255805,0.04481922738785588,-2.0842171093618287,35.65121314618207,10.444022444461408,11.758317095758974,-89.55597755553859,-2.222998001996217,-6.274993384122594,-0.1768051332368477,0.6256392386722366,-0.8024443719090844,11.364098567084447,6.468609267478483,4.8954892996059645,149.05800055916626,-2.136105141269684,-2.1592500605102316,623.5767619614793,17.67995242069989,26902586.66228792
2021-09-21,143.92999267578125,144.60000610351562,142.77999877929688,143.42999267578125,141.42257690429688,75834000,0.489990234375,1,11048790838.574726,7551511700,-0.17585517520740193,-109127680.98325276,1.5239978622174826,-2.1528259006965484,127478441.63976191,149.92817173591453,35.01905819804084,10627.562317794655,150.1144989013672,157.3938870524885,142.8351107502459,9.698447790715054,0.04086070925093658,0.0,0.0,148.98499959309896,152.19500172932942,145.7749974568685,4.309161519612672,-0.3652652991441652,0.0,1.0,141.27000427246094,157.25999450683594,149.26499938964844,10.651862645780293,0.13508378502175739,2.999665402074929,4.802439451723812,-0.6698723084751634,0.6144065949830665,-1.28427890345823,149.75499979654947,149.7907685499925,147.94750813331743,148.6173804417926,0.8027685448754254,1.1457901778501627,-0.3430216329747373,0.06540568055301638,26.212037207698806,4.185504150390614,9.121677784052597,28.145345039597977,-19.02366725554538,148.69000244140625,149.26499938964844,148.97750091552734,149.26499938964844,1.1153324809639689,20.86090137774286,13.948260132364371,31.63417274706162,-151.0339939670431,146.5724983215332,136.56499862670898,60.0,96.0,-36.0,,154.44267105684298,0.0,0.0,37.15993363706333,0.04196179316499094,0.013987264388330018,0.031029402496080674,-5.946174450343697,41.01279528276549,13.508378502175738,8.8537077119452,-86.49162149782426,-3.1971165376550914,-6.651481696503319,-0.4507361834018635,0.41036415425741657,-0.8611003376592801,8.719134807521801,6.918714375487147,1.8004204320346542,147.48785279001706,0.3427943374884501,0.3422081369588881,626.0571421288655,20.33214281685713,-23409637.579539195
2021-09-22,144.4499969482422,146.42999267578125,143.6999969482422,145.85000610351562,143.80874633789062,76404300,2.420013427734375,1,11092731008.60094,7627916000,-0.1335999634891594,-67123807.70898159,4.912973873396834,-2.181090272321882,128767568.33137797,149.43272870815875,34.6001059789979,10627.562317794655,149.9259994506836,157.4383650334495,142.41363386791772,10.02143138653811,0.22871439080928668,0.0,0.0,147.9799997965495,151.1570017496745,144.8029978434245,4.293826135278964,0.16477929122159682,0.0,0.0,141.27000427246094,157.25999450683594,149.26499938964844,10.665255054467533,0.2864293075807314,2.999698861867436,5.144966813865076,-0.7875742367204452,0.3340104286423642,-1.1215846653628094,149.05083338419595,149.58807666485126,147.62481551334793,148.41238975006837,0.8046296973286893,1.1599536867789388,-0.35532398945024957,0.03859381138791211,26.059677496376196,6.764002990722645,3.008878411707931,24.353191337907695,-21.344312926199763,148.375,149.26499938964844,148.81999969482422,149.26499938964844,0.5576662404819844,21.19519212167332,17.389967103686818,29.320196921790124,-99.87680533332139,147.3375015258789,137.1599998474121,56.00000000000001,92.0,-35.99999999999999,,153.3888577140924,0.0,0.0,43.92713469031123,0.23659519438318966,0.09285232918272657,0.04352793253577098,-7.073894315029065,46.01127358739655,28.642930758073135,17.531777234903455,-71.35706924192687,-3.707176118738488,-5.476342696770882,-0.5306660973836131,0.22215810392921062,-0.7528242013128238,6.571630927286607,6.84929768584704,-0.2776667585604322,147.2596635451798,1.6872436389261614,1.673167792026664,638.3074950744038,23.106333161962567,1289435.271965921
2021-09-23,146.64999389648438,147.0800018310547,145.63999938964844,146.8300018310547,144.77500915527344,64838200,0.9799957275390625,1,11135055982.881447,7692754200,-0.08841721645760224,-48457383.8960809,2.8761000633031526,-1.9523527022633167,129203229.3277596,149.04375486614356,34.09912233151714,10698.971061227974,149.84949951171876,157.45468178862993,142.2443172348076,10.150427331012091,0.3014842004621591,0.0,0.0,147.160666402181,150.26566823323566,144.05566457112633,4.219880090198677,0.4467529184976374,0.0,0.0,141.27000427246094,157.25999450683594,149.26499938964844,10.670699793111105,0.34771738300633637,2.8437292198213173,5.412864254495078,-0.7926393448386193,0.10868047394616748,-0.9013198187847868,148.22916666666666,149.45884587214545,147.5025364853028,148.29517583014143,0.8449906886101781,1.1417768619624769,-0.29678617335229873,0.015881471700533365,25.725348411403996,5.260501098632801,-2.7689881510842547,19.916594607612634,-22.68558275869689,146.34500122070312,149.26499938964844,147.80500030517578,149.26499938964844,0.2788331202409922,21.189489999835907,18.400999784418755,28.25193632069489,-69.90934414041375,147.5824966430664,137.76499557495117,52.0,88.0,-36.0,,152.41934943876188,0.0,0.0,46.44240465090656,0.3089375917141621,0.1958315264207806,0.10089037333061258,-7.189566072140111,50.14495213638423,34.771738300633636,25.641015853627533,-65.22826169936637,-4.035205751306847,-6.292680105125839,-0.5345010991770327,0.07082626330796196,-0.6053273624849946,3.7385637058190744,6.227150889841447,-2.4885871840223723,147.219243658847,0.6719202513049805,0.6696729283796721,643.2683326507113,23.03405054264401,-6166179.231723219
2021-09-24,145.66000366210938,147.47000122070312,145.55999755859375,146.9199981689453,144.86376953125,53477900,0.089996337890625,1,11157734980.46561,7746232100,-0.04691738763277602,-40847355.45977206,0.5535898681128355,-1.969896299522395,129236007.47322077,148.70963711718002,33.72071358902488,10705.52876879932,149.81849975585936,157.46602127252402,142.1709782391947,10.209048320637134,0.31049405479945696,0.0,0.0,146.72066650390624,149.3386688232422,144.1026641845703,3.5686892401981316,0.5380694210174781,0.0,0.0,141.27000427246094,157.25999450683594,149.26499938964844,10.672907725302219,0.3533456752423849,2.750356664050123,5.6635782620594926,-0.7803956123377986,-0.06913474331062575,-0.7112608690271729,147.54666646321616,149.48038423978366,147.4129152058632,148.19331081820098,0.8282970533642774,1.1293043331869053,-0.30100727982262787,-0.003032649698978901,25.389850715662284,4.251507568359386,-5.928356706553124,15.175629392229773,-21.103986098782897,146.17000579833984,149.26499938964844,147.71750259399414,149.26499938964844,0.1394165601204961,20.991528532344393,18.500817020109334,26.85434392171702,-64.37695654514721,147.5824966430664,138.25499725341797,48.0,84.0,-36.0,,151.52740182545782,0.0,0.0,46.67895079891142,0.3157409630000135,0.2870912496991214,0.1919250351008764,-7.210760772938375,47.670285941801595,35.334567524238494,32.91641219431512,-64.6654324757615,-4.194470663631677,-5.2801253363283625,-0.5266065033766363,-0.048660290028957685,-0.4779462133476786,0.30662318802718963,5.043045349478596,-4.736422161451406,147.21162659361187,0.06129288072487249,0.06127410431071567,643.7239032233085,22.441971584058493,-8755487.837934248
2021-09-27,145.47000122070312,145.9600067138672,143.82000732421875,145.3699951171875,143.33543395996094,74150700,-1.5500030517578125,0,11190998030.577913,7672081400,-0.05452904700629871,-51431134.864087194,-4.68975030752113,-2.794465103752374,128453719.06645252,147.99590079404751,27.071462270262984,10705.52876879932,149.65699920654296,157.5336196103727,141.78037880271322,10.526230574701225,0.22786526012659894,0.0,0.0,146.23500010172523,148.80000254313148,143.669997660319,3.508055444485857,0.33138320444180197,0.0,0.0,141.27000427246094,157.25999450683594,149.26499938964844,10.684425265207324,0.25640984044583554,2.785320082117767,5.906997994053382,-0.8855565142242483,-0.23241909749335027,-0.6531374167308981,146.82166544596353,149.42923032320462,147.0986198076054,147.98417632182964,0.7375674585700707,1.2052297403406167,-0.46766228177054603,-0.020621150443202105,25.186364240996745,-0.6869979858398381,-10.052910241240811,10.452057359926371,-20.50496760116718,145.3550033569336,149.26499938964844,147.31000137329102,149.26499938964844,0.06970828006024805,21.370981007373995,17.028442999477335,29.184136750004306,-89.43537192883653,147.38249588012695,138.80999755859375,44.0,80.0,-36.0,,150.70681002121808,0.0,0.0,43.14456988402514,0.25612105849769085,0.29359987107062185,0.2588408823968415,-8.280462506180978,45.070257061709135,25.99869182643091,32.034999217101046,-74.00130817356909,-3.791587156407985,-5.646791583986423,-0.598412976464712,-0.15861082731610857,-0.4398021491486035,-0.43834593526512555,3.9467670925298513,-4.385113027794977,147.10124821604057,-1.0549980064493591,-1.0606025639155803,635.8776308708153,20.6952729084406,20771973.35084237
2021-09-28,143.25,144.75,141.69000244140625,141.91000366210938,139.9239044189453,108972300,-3.459991455078125,0,11097695049.630472,7563109100,-0.15303039207570746,-97947148.0035333,-4.689461143572567,-3.036910766576906,125860039.21844631,147.1149137108504,26.49162254423807,10705.52876879932,149.09649963378905,157.48632858076195,140.70667068681615,11.254226581549537,0.0717137967233165,0.0,0.0,145.6433334350586,148.09833526611328,143.18833160400393,3.371251911299246,-0.2603517288101956,0.0,1.0,141.27000427246094,157.25999450683594,149.26499938964844,10.724591304054506,0.040025001908542635,2.874787341484115,6.2665313236879845,-1.2338664364580438,-0.432708565286289,-0.8011578711717549,146.23333231608072,149.18769190861627,146.30037116983675,147.5342376062948,0.6874572437963997,1.2108170561256382,-0.5233598123292384,-0.04106369384399371,25.093047434349394,0.45350341796876137,-16.42386501512385,5.331323646014194,-21.755188661138046,145.12000274658203,149.26499938964844,147.19250106811523,149.26499938964844,0.03485414003012403,22.318305082771,15.455932095532185,31.834151866497518,-117.61925087725969,147.38249588012695,138.80999755859375,40.0,76.0,-36.0,,149.9518655613175,0.0,0.0,36.50070648727865,0.0313042929417627,0.20105543814648874,0.26058218630541086,-11.418920052787133,43.29671615349746,4.312665414979528,21.881974921883003,-95.68733458502047,-3.788969645780668,-4.73920755906699,-0.8363254905960885,-0.2941537599721046,-0.5421717306239839,2.362127544575845,3.62983918293905,-1.2677116383632052,146.6390939137105,-2.38012765446467,-2.4089103197068695,618.3628038754395,18.009288595331512,47154741.11613757
2021-09-29,142.47000122070312,144.4499969482422,142.02999877929688,142.8300018310547,140.83099365234375,74602000,0.9199981689453125,1,11072416911.46897,7637711100,-0.15447774212009796,-74149883.5173631,0.06486667864903904,-2.903046641673374,126343681.67936173,146.54354609589788,31.904037376970237,10774.93238102343,148.64649963378906,157.3607765314615,139.93222273611661,11.724832968339328,0.1662661818625513,0.0,0.0,145.12566680908202,147.5156677246094,142.73566589355468,3.293698445046917,0.019735544218231087,0.0,0.0,141.27000427246094,157.25999450683594,149.26499938964844,10.757058036192257,0.09756088251011527,2.841307935948985,6.364899850566991,-1.4193075023782171,-0.6300283527046746,-0.7892791496735425,145.67333221435547,148.9230763362004,145.76646819463951,147.18577569701773,0.6958707274609105,1.1918781330038577,-0.4960074055429472,-0.061271139331292676,25.072336737755148,-0.5265045166015625,-22.528679771080114,-0.2810748340307738,-22.24760493704934,145.04500579833984,149.26499938964844,147.15500259399414,149.26499938964844,0.017427070015062014,23.19796315278251,14.463154326340444,29.789355209861828,-101.44801514610516,147.38249588012695,138.80999755859375,36.0,72.0,-36.0,,149.257316658209,0.0,0.0,39.1824668724543,0.26190426015181717,0.18310987053042327,0.22592172658251145,-13.125695886575114,44.496054211237485,10.978173797819313,13.763177013076612,-89.02182620218069,-4.06911603142234,-4.493481165879614,-0.9642966486787861,-0.42818233771344094,-0.5361143109653451,1.2180950822240395,3.147490362796048,-1.9293952805720087,146.3011727231444,0.6482969101571312,0.6462045042050946,623.0199277366821,20.99245751155364,-7429552.264058083
2021-09-30,143.66000366210938,144.3800048828125,141.27999877929688,141.5,139.51963806152344,89056700,-1.3300018310546875,0,10996000562.524776,7548654400,-0.15744444290681872,-80477839.31026666,-1.4271696613878657,-1.994434000603721,125514405.10896869,145.72882092523082,33.43041292469353,10774.93238102343,148.09599990844725,157.14893285502535,139.04306696186916,12.225762953995526,0.13569817939828738,0.0,0.0,144.53166707356772,147.05666859944662,142.00666554768878,3.4940460827780746,-0.10032975079340188,0.0,1.0,141.27000427246094,157.25999450683594,149.26499938964844,10.797043974354466,0.014383731582563555,2.8671777527056492,6.391218396541925,-1.654518654480995,-0.8349264130599388,-0.8195922414210564,145.12166595458984,148.6107688316932,145.11008847238728,146.76460712686827,0.7800751043887155,1.1955169193899071,-0.4154418150011916,-0.08209501843429826,25.090575156313808,0.9339988708496207,-29.685694840635886,-6.322531301020195,-23.36316353961569,144.37000274658203,149.26499938964844,146.81750106811523,149.26499938964844,0.008713535007531007,24.220786387310437,13.33716319114917,29.35370456478322,-104.9309402964543,147.59999465942383,138.88999557495117,32.0,68.0,-36.0,,148.61833166734914,0.0,0.0,36.7651301754696,0.080054319940794,0.12442095767812432,0.16952875545167898,-15.299159292613274,41.96768444180291,2.265969121604354,5.852269444801093,-97.73403087839564,-4.639380555994364,-4.469346027151827,-1.1273280982865124,-0.5680114898280553,-0.5593166084584571,1.6867317357250844,2.8553386373818554,-1.168606901656771,145.80530572610024,-0.9311781936598096,-0.9355407611063349,616.2873238337831,19.660060730071024,21249291.554721892
2021-10-01,141.89999389648438,142.9199981689453,139.11000061035156,142.64999389648438,140.65350341796875,94639600,1.149993896484375,1,11077226455.061182,7643294000,-0.11183260140789679,-53433153.3565539,-7.306830196450015,-2.1429468294802496,126283556.78646497,145.05801446392852,33.79772579539791,10774.93238102343,147.54599990844727,156.51862613424512,138.57337368264942,12.162479811537276,0.22716984477264685,0.0,0.0,143.99966684977215,146.59966684977215,141.39966684977213,3.611119465592184,0.24044750898312295,0.0,0.0,139.11000061035156,157.25999450683594,148.18499755859375,12.301244295166592,0.19504101799276657,2.9614597332944594,6.377585871083871,-1.7282085778678322,-1.0135828460215175,-0.7146257318463147,144.58999888102213,148.39115318885217,144.73161238378682,146.45982096165466,0.7323810727491905,1.1271497740931018,-0.3947687013439113,-0.10079439218326545,25.23348470502784,1.2439933776855412,-33.43583121937606,-12.077085527703732,-21.358745691672333,143.29000091552734,148.18499755859375,145.73749923706055,148.18499755859375,0.004356767503765503,25.709946777863568,12.091244278795761,31.932171608907982,-108.67919654117244,147.59999465942383,139.37499618530273,28.000000000000004,100.0,-72.0,,148.0304654757581,0.0,0.0,40.20048059529238,0.3626276601160588,0.23486208006955636,0.1807976360927015,-16.06227022117054,46.002611953081164,29.598589455876482,14.280910791766743,-70.40141054412352,-5.508792204015407,-4.281020556311516,-1.1799881814141386,-0.690406828145272,-0.48958135326886665,2.5517852966800025,2.794627969241485,-0.2428426725614825,145.68297035389656,0.812716534617941,0.8094317789566041,622.1087093499526,21.660096852158475,21413960.574932784
2021-10-04,141.75999450683594,142.2100067138672,138.27000427246094,139.13999938964844,137.19264221191406,98322000,-3.5099945068359375,0,11022325575.318954,7544972000,-0.1586476236618643,-95101228.57720664,-3.105589638354976,-2.0670794865702837,123864280.97386622,144.31081040255455,34.27958494670308,10774.93238102343,146.7879997253418,155.91042382916217,137.6655756215214,12.429386763072655,0.08081315620425668,0.0,0.0,143.68533376057945,146.3223347981771,141.04833272298177,3.6705222009528997,-0.36183780478748667,0.0,1.0,138.27000427246094,157.25999450683594,147.76499938964844,12.937018196247365,0.04581335253204428,3.1033127223673573,6.456203187080245,-2.046247725478395,-1.2201158219128931,-0.8261319035655017,143.78583272298178,148.06807650052585,143.87136423084246,145.91761195632085,0.7472903790951254,1.1245490091710812,-0.37725863007595584,-0.12170020222611168,25.436537321382247,-0.7280021667480412,-37.7836902150059,-17.288793083154676,-20.49489713185122,142.87000274658203,147.76499938964844,145.31750106811523,147.76499938964844,0.0021783837518827517,27.280939463430393,10.837811691327778,30.610021565128292,-128.47047815138694,147.59999465942383,140.06999969482422,24.0,100.0,-76.0,,147.13841898921743,0.0,0.0,34.10952217253154,0.0,0.14756066001895063,0.16894789925554396,-18.753232989669993,41.323836490569974,7.788677348276112,13.217745308585677,-92.21132265172389,-6.18614555807676,-6.48564710795222,-1.402330875652571,-0.8327916376467318,-0.5695392380058392,3.5199110256567767,2.9396845805245433,0.5802264451322334,145.39873283506924,-2.460564077824645,-2.491341876396369,604.3407618448446,17.74385929931833,21333747.04904893
2021-10-05,139.49000549316406,142.24000549316406,139.36000061035156,141.11000061035156,139.1350860595703,80861100,1.970001220703125,1,11039733006.62909,7625833100,-0.17685636088847448,-58758700.82226321,1.9945260491300256,-1.6389225069848385,125009145.61671636,143.81095800087957,41.00129406889307,10927.488296193203,146.00899963378907,154.23270075868305,137.7852985088951,11.264649638748525,0.20214147200657961,0.0,0.0,143.41533406575522,146.15833485921226,140.67233327229818,3.8252545466294285,0.07977893026815151,0.0,0.0,138.27000427246094,157.0399932861328,147.65499877929688,12.85536443695226,0.15130516783051923,3.102982060482184,6.471362871944293,-2.11495353890092,-1.3990833653104986,-0.7158701735904216,143.37333297729492,147.77999936617337,143.44653905845925,145.56149259736017,0.7814161583769994,1.0792013561737681,-0.2977851977967687,-0.14039988106742352,25.416180106219418,-3.068997192382824,-40.512864904371924,-22.124542340496884,-18.38832256387504,142.87000274658203,147.76499938964844,145.31750106811523,147.76499938964844,0.0010891918759413758,28.720291344385213,10.115043403425162,28.368511536247865,-102.6667086640192,147.59999465942383,140.06999969482422,20.0,96.0,-76.0,,146.07420922320665,0.0,0.0,39.63750067317512,0.4120315042485583,0.25821972145487204,0.2135474871811265,-19.18533963700022,41.40276616911644,26.542029419524127,21.309765407892268,-73.45797058047587,-6.388233678481157,-3.389016178955115,-1.4529622506352864,-0.9568257602444428,-0.4961364903908436,2.627857589772462,2.8773191823741273,-0.24946159260166523,145.30869274703673,1.4158410445197056,1.4059116286134987,614.3131074443266,21.62799226851928,579812.4711493999
2021-10-06,139.47000122070312,142.14999389648438,138.3699951171875,142.0,140.0126190185547,83221100,0.8899993896484375,1,11116349524.041876,7709054200,-0.1222827831233371,-39783639.532529674,-2.4527813746929192,-1.8490305899378716,125534032.07327865,143.3593360159215,34.888201112164495,10927.488296193203,145.35349960327147,152.6032796612604,138.10371954528256,9.97537737691421,0.26871714890329157,0.0,0.0,142.96666717529297,145.81466827392578,140.11866607666016,3.9841470111922552,0.3302902383434787,0.0,0.0,138.27000427246094,156.11000061035156,147.19000244140625,12.273523779326398,0.209080520920112,3.170683732363653,6.392483807415981,-2.0736837429619754,-1.534003440840794,-0.5396803021211813,143.29499944051108,147.35230724628155,143.22399458792705,145.29767833088903,0.7504025115457952,1.0682609081417977,-0.31785839659600257,-0.1554021310684636,25.519609216810295,-1.923506927490223,-43.77557230840537,-26.680829469088117,-17.094742839317256,142.87000274658203,147.76499938964844,145.31750106811523,147.76499938964844,0.0005445959379706879,30.287467799720535,9.227713818187468,28.177459588212162,-97.25729359984729,148.50500106811523,141.35000610351562,16.0,92.0,-76.0,,145.13770462911717,0.0,0.0,42.00475004396495,0.6281294167074091,0.3467203069853222,0.25083356281971514,-18.780944296573633,46.869262232323294,35.355399512586686,23.228702093462335,-64.64460048741331,-6.7437930836397015,-0.6576202779845162,-1.4271967499986737,-1.0508999581952891,-0.3762967918033846,2.115030556787934,2.7248614572568886,-0.6098309004689546,145.1616930635512,0.630713192402288,0.6287325206231209,618.8183744480368,21.902424624576255,11384732.03569141
2021-10-07,143.05999755859375,144.22000122070312,142.72000122070312,143.2899932861328,141.2845458984375,61732700,1.2899932861328125,1,11101533022.945278,7770786900,-0.10183930785374266,-22723866.951475285,7.799772358572979,-1.1564204866949177,126094840.30239733,142.96773531534674,42.37949129680253,11026.758623914218,144.8144989013672,150.9016438936364,138.72735390909799,8.406817050018095,0.3747766303274747,0.0,0.0,142.65600026448567,145.51000111897787,139.80199940999347,4.001234927659338,0.6110709235859614,0.0,0.0,138.27000427246094,155.47999572753906,146.875,11.884163247217263,0.2916903838549342,3.0756154811976004,6.165424472863835,-1.914812686361472,-1.61016528994493,-0.30464739641654215,143.28333282470703,147.02384537916916,143.23414823380486,145.14896092016633,0.864776750273564,1.027420773703521,-0.16264402342995699,-0.16529884121520355,25.50096072093605,1.0355072021484375,-46.57604430662698,-31.197239202429657,-15.378805104197326,142.11500549316406,147.76499938964844,144.94000244140625,147.76499938964844,0.00027229796898534396,30.435140757075594,13.644160886487144,26.696259066021817,-36.18729143004355,148.50500106811523,141.35000610351562,12.0,88.0,-76.0,,144.3135805863184,0.0,0.0,45.350151075518035,0.8942832038836999,0.6448147082798888,0.41658491224002786,-17.39765795116389,52.05672130037998,54.56511607464204,38.820848335584316,-45.43488392535796,-6.534028535730698,-0.09760816900053915,-1.319205231799518,-1.104561012916135,-0.21464421888338303,-0.35327131975105175,2.1092349018553005,-2.4625062216063522,145.08947885392124,0.9084459761498742,0.904344427214987,625.348451046536,22.7111829336896,-10027579.549180895
2021-10-08,144.02999877929688,144.17999267578125,142.55999755859375,142.89999389648438,140.90000915527344,58773200,-0.3899993896484375,0,11067429863.680716,7712013700,-0.050879331015964806,-22752101.97664818,-0.2756518266561293,-0.30152909966094654,125934874.40664972,142.9754001836751,44.88163363345995,10996.746555140235,144.51099853515626,150.33888925524445,138.68310781506807,8.06567081974788,0.3617849307710159,0.0,0.0,142.3123331705729,145.13733317057293,139.4873331705729,3.9701407981471633,0.6040107479489307,0.0,0.0,138.27000427246094,151.4199981689453,144.84500122070312,9.099649182262953,0.35209062912654704,2.9300534447965907,5.74863615756904,-1.7996308960468639,-1.648058411165317,-0.15157248488154695,143.0374984741211,146.65422997107873,143.1827398742171,144.98237077026397,0.9478485292260005,0.9607605601484314,-0.012912030922430873,-0.17154814136890714,25.430281326864048,2.319003295898426,-48.022373478087886,-35.416068450968226,-12.60630502711966,141.51000213623047,147.76499938964844,144.63750076293945,147.76499938964844,0.00013614898449267198,30.620646205330015,13.1028784817542,26.02900822902444,-34.767700806764424,149.81999588012695,142.09500122070312,8.0,84.0,-76.0,138.27000427246094,,1.0,0.0,44.51413456014029,0.827771309013382,0.7833946432014968,0.5916432194889029,-16.524595055607243,51.58218394581417,50.32599086794343,46.74883548505741,-49.67400913205657,-5.937441029268172,-2.0226342705378477,-1.241275671301114,-1.1319039445931307,-0.10937172670798323,-2.6592097074326797,1.1555459799977044,-3.814755687430384,144.99146528959898,-0.272174895611621,-0.2725459649385975,623.3742346570795,21.55056343215155,-1072655.9397193864
2021-10-11,142.27000427246094,144.80999755859375,141.80999755859375,142.80999755859375,140.81126403808594,64452200,-0.089996337890625,0,11045945797.01405,7647561500,-0.04034736757713171,-20330439.118411895,-0.2792653715175743,-0.4303336163563078,125894283.34844999,142.94144081004762,38.33250533342501,10996.746555140235,144.17399826049805,149.56012869575474,138.78786782524136,7.471708491464406,0.3733784190431235,0.0,0.0,142.12166595458982,145.03266601562498,139.21066589355468,4.0964902029297425,0.6182294039113055,0.0,0.0,138.27000427246094,151.07000732421875,144.67000579833984,8.878163334716133,0.3546868909151814,2.9370481003169315,5.337642207467096,-1.696059333483447,-1.6576585956289431,-0.03840073785450393,142.70249811808267,146.237307035006,143.12539490258274,144.8214542360662,0.8938058209236824,0.9405124450347581,-0.04670662411107562,-0.17487526630136555,25.457933766395204,2.74599990844726,-47.934760625654256,-38.917279074360486,-9.01748155129377,141.54000091552734,147.76499938964844,144.6525001525879,147.76499938964844,6.807449224633599e-05,31.023046369027742,12.1422233073743,25.95356510551014,-30.937138997764922,150.2249984741211,143.29999542236328,4.0,80.0,-76.0,138.38820404052734,,0.0,0.0,44.31113523737467,0.8116210663253748,0.8445585264074853,0.7575892926296238,-15.872032893655803,53.57150790314679,49.34776947942633,51.4129588073373,-50.65223052057367,-5.154913105684187,-2.737862985990035,-1.1711381731596107,-1.1397507903064268,-0.031387382853183876,-3.9283498528202316,0.13876681343411712,-4.067116666254349,144.93041977109252,-0.06297854565047167,-0.06299838546679482,622.9186640844822,21.49948510167269,9048305.646002412
2021-10-12,143.22999572753906,143.25,141.0399932861328,141.50999450683594,139.52947998046875,73035900,-1.3000030517578125,0,11003974926.762384,7574525600,-0.03895344528775068,-30989932.51404997,-3.5251976698813183,-1.03306015516189,125229435.68714446,142.70455412920143,31.312317783214866,10996.746555140235,143.84349822998047,149.02796396390278,138.65903249605816,7.208481158645433,0.27495234389570183,0.0,0.0,142.0366653442383,144.86266632080077,139.21066436767578,3.9792555953259487,0.40681693994972196,0.0,0.0,138.27000427246094,149.44000244140625,143.8550033569336,7.765382729420588,0.2900618411364453,2.864343961671957,5.102973822039694,-1.6992891580142953,-1.6659847081060137,-0.03330444990828152,142.25166447957358,145.7453836294321,142.87687176477556,144.57616092278985,0.8561048568794636,1.0310864002019715,-0.17498154332250793,-0.17748710335501722,25.415669730216266,1.5264968872070312,-46.60375502525036,-41.592287435934956,-5.0114675893154015,141.54000091552734,147.76499938964844,144.6525001525879,147.76499938964844,3.4037246123167995e-05,31.626685928952053,11.474797689795759,26.44212306896349,-63.08254215240888,150.2249984741211,143.8949966430664,0.0,76.0,-76.0,138.64507578125,,0.0,0.0,41.37586583582213,0.5780965769629712,0.7391629841005759,0.7890387179031862,-16.128866068022994,46.453670382283455,35.217296838278344,44.96368572854939,-64.78270316172166,-4.654737898882701,-3.6822786070881497,-1.1753591651405044,-1.1468724652732425,-0.028486699867261933,-4.01111070988671,-0.6912086912300482,-3.3199020186566615,144.9066999636609,-0.9103025516294383,-0.9144711223282087,616.3379170391157,20.193390513188618,16529177.455240652
2021-10-13,141.24000549316406,141.39999389648438,139.1999969482422,140.91000366210938,138.93788146972656,78762700,-0.5999908447265625,0,11047653074.609852,7495762900,-0.04969421547480917,-33313784.855749235,-5.153450878461487,-1.6065995081450788,124895488.2577022,142.32016499145564,24.896157681684045,10996.746555140235,143.4374984741211,148.18728396670042,138.68771298154178,6.622794657055837,0.23393589921476693,0.0,0.0,141.77666524251302,144.5806660970052,138.97266438802083,3.9555181379049427,0.345459822343635,0.0,0.0,138.27000427246094,148.97000122070312,143.62000274658203,7.459692940875342,0.24672898529023793,2.808909321364136,4.940361790683093,-1.7303170462373032,-1.6788511757322717,-0.051465870505031486,141.87999852498373,145.13846059945914,142.5742766720577,144.304593718295,0.7637394683978938,1.0890591881092195,-0.3253197197113258,-0.17997085734247506,25.316534000850694,-1.5274948120117244,-47.23615967421533,-43.54233908411045,-3.6938205901048775,141.54000091552734,147.65499877929688,144.5974998474121,147.76499938964844,1.7018623061583998e-05,32.684512965461984,10.806177677003232,29.5426798626915,-108.00794821208689,151.46249771118164,145.03499603271484,0.0,72.0,-72.0,138.89167265234374,,0.0,0.0,40.05700638612446,0.47317061024641466,0.6209627511782533,0.7348947538954383,-16.708278065832125,52.301418613288774,28.69565505837318,37.75357379202598,-71.30434494162682,-4.389090369729445,-3.068027519353482,-1.19907274027267,-1.157312520273128,-0.04176021999954194,-3.435364154116174,-1.2400397838072734,-2.1953243703089003,144.80836250627655,-0.42399185076470447,-0.42489324500660786,613.3007026469322,20.286831902955043,17803845.160717472
2021-10-14,142.11000061035156,143.8800048828125,141.50999450683594,143.75999450683594,141.74795532226562,69907100,2.8499908447265625,1,11110480393.492037,7565670000,-0.04425947115825786,-92587.73615873605,8.119611564834788,-1.0661693869506534,126309402.03105737,142.1575970833241,25.922669708289973,11219.162467349564,143.18599853515624,147.26011364693457,139.11188342337792,5.69066131249979,0.5704442505834288,0.0,0.0,141.8429982503255,144.5739995320638,139.11199696858725,3.850738232307502,0.8509694904445915,0.0,0.0,138.27000427246094,148.82000732421875,143.54500579833984,7.36804098144239,0.5203780707400149,2.825018511298035,4.660232776244446,-1.5075582354795927,-1.644592587681736,0.13703435220214333,142.03416442871094,144.70192190317007,142.75669480048512,144.2642530359647,0.8125306033391299,1.0277391219952172,-0.21520851865608737,-0.17813699328398772,25.252819789711303,-0.3559967041015568,-45.92865168797833,-44.930430247288484,-0.9982214406898464,141.54000091552734,147.19000244140625,144.3650016784668,147.76499938964844,50.00000850931153,32.17022827127446,16.233388718687273,27.33712923927097,-6.042799449581895,151.46249771118164,145.03499603271484,0.0,68.0,-68.0,139.12840564859374,,0.0,0.0,48.46075408213785,1.0,0.683755729069795,0.6812938214495415,-14.723582386318904,56.161471432085,71.3912677688443,45.101406555165305,-28.6087322311557,-4.378796700870282,1.3036366690056809,-1.0449977757856357,-1.1348495713756297,0.08985179558999401,-3.870113219564178,-1.7660544709586543,-2.1040587486055236,144.7810378333784,2.022561046524851,2.0023789568637262,627.7276448032571,23.59941833880562,5161110.16513405
2021-10-15,143.77000427246094,144.89999389648438,143.50999450683594,144.83999633789062,142.81288146972656,67940300,1.0800018310546875,1,11172555579.938055,7633610300,0.059869180031864554,10402874.569350338,3.0893173019171924,-0.5105217005622018,126819805.83744396,142.1023642906006,32.33124778770585,11303.446805626034,143.1249984741211,147.05929607130176,139.19070087694044,5.497708491353497,0.71795477101154,0.0,0.0,142.1286646525065,144.61766611735024,139.63966318766276,3.5024623230354734,1.0446625330841948,1.0,0.0,138.27000427246094,147.47000122070312,142.87000274658203,6.4279455345501155,0.7141298092153165,2.681516599133075,4.347558275343202,-1.2296979586424754,-1.561613661873884,0.3319157032314086,142.20166397094727,144.346921480619,143.07720272931675,144.30690068795923,0.9217156500223689,0.9897795368569698,-0.06806388683460096,-0.17169202727214214,24.87176668640359,-1.6249984741210994,-44.25534267833703,-45.649502743214164,1.3941600648771342,141.63499450683594,146.875,144.25499725341797,147.76499938964844,75.00000425465578,31.158513899155018,18.305736950309576,26.345792780034095,65.37746600869089,151.46249771118164,145.30500030517578,0.0,64.0,-64.0,139.1999969482422,,0.0,0.0,51.24992771629312,1.0,0.8243902034154713,0.7097028945545066,-12.215508511027629,53.599675675046555,99.09505803182026,66.39399361967928,-0.9049419681797364,-4.106355510038469,1.407263516815916,-0.8521407866013989,-1.0783078144207836,0.2261670278193847,-4.386706254785054,-2.2901848277239343,-2.0965214270611194,144.78252671871567,0.7512533892058082,0.7484455348968133,633.1947233990292,23.25091958741004,7247580.201022431
2021-10-18,143.4499969482422,146.83999633789062,143.16000366210938,146.5500030517578,144.49891662597656,85589200,1.7100067138671875,1,11244655463.218039,7719199500,0.11351497659934615,29825050.578660503,3.4182064034881154,0.0685974099421326,127830287.12945594,142.30406783267318,41.08097379667368,11303.446805626034,143.30549850463868,147.51116885596872,139.09982815330864,5.8695170739647615,0.8857297738626925,0.0,0.0,142.69299774169923,145.15599822998047,140.22999725341796,3.452167278368824,1.282989148481679,1.0,0.0,138.27000427246094,147.47000122070312,142.87000274658203,6.419849234148117,0.9000001658564579,2.7813642067978925,3.8015582788296283,-0.8615767166109833,-1.421606272821304,0.5600295562103206,142.62249755859375,144.25384462796725,143.611479702,144.47305641861098,0.9815513526345102,0.926702624314857,0.05484872831965326,-0.15979859106059013,24.70142240221536,-0.6555046081543026,-38.86951701862821,-45.46690853368708,6.597391515058874,142.60499572753906,144.84500122070312,143.7249984741211,147.76499938964844,87.50000212732789,29.302081093167192,21.530243372794956,23.877101378278564,103.43879567133338,151.90749740600586,145.80500030517578,0.0,60.0,-60.0,139.54199676513673,,0.0,0.0,55.36841568686932,1.0,1.0,0.8360486441617555,-8.78064150137431,60.404271119904436,96.61617789236223,89.03416789767562,-3.3838221076377697,-3.5904137555290845,3.568906750358878,-0.5963580600901549,-0.9819178635546579,0.385559803464503,-2.8766685239957983,-2.407481566978307,-0.46918695701749114,145.1110846846881,1.180617755525204,1.1737028367291735,641.8509504860519,24.05884341106588,26785016.597866647
2021-10-19,147.00999450683594,149.1699981689453,146.5500030517578,148.75999450683594,146.677978515625,76378900,2.209991455078125,1,11297129258.584482,7795578400,0.16177154058033197,49678145.688604236,9.810546674898909,0.7647174096742662,128982090.01470496,142.6621102996817,41.32530044229835,11473.904126220843,143.5719985961914,148.40426302156527,138.73973417081754,6.731485906196825,1.0368079490231068,1.0,0.0,143.41866404215494,145.85566355387368,140.9816645304362,3.3984412391436485,1.595882547164304,1.0,0.0,138.27000427246094,149.1699981689453,143.72000122070312,7.592005407086061,0.9623849640648316,2.7652272978368533,3.606882922914965,-0.3870484853651419,-1.2146947153300716,0.8276462299649296,143.13166427612305,144.2234596839318,144.40355890274398,144.79060738810912,1.0604633980677256,0.8643949199112644,0.19606847815646122,-0.14147118911616655,24.522022031315675,-4.431999206542969,-31.88030818401384,-44.1452125198658,12.264904335851963,144.18499755859375,144.67000579833984,144.4275016784668,147.76499938964844,93.75000106366394,27.766528817637234,26.048076170292894,22.27664607877086,178.46589219465636,151.92999649047852,146.50999450683594,0.0,56.00000000000001,-56.00000000000001,140.12583673095705,,0.0,0.0,60.06414435255364,1.0,1.0,0.9414634011384907,-4.273518856214443,65.45508160285266,96.23849640648316,97.31657744355523,-3.761503593516831,-2.324324798583973,4.283211266581165,-0.26731601748700734,-0.8389974943411278,0.5716814768541205,-2.630120068194275,-2.452009267221501,-0.1781108009727741,145.80379054756816,1.508011879261173,1.49675441496111,653.0381509457936,25.062586836059097,8380731.647324488
2021-10-20,148.6999969482422,149.75,148.1199951171875,149.25999450683594,147.17100524902344,58418800,0.5,1,11320424810.542843,7853997200,0.15008167509016657,46754039.161660776,2.999462971925651,1.080905454910946,129178442.53607224,143.03977193443762,48.2025080024436,11512.469279991717,143.74249801635742,149.09668283973087,138.38831319298396,7.4496894060713625,1.015250843264892,1.0,0.0,144.23899739583334,146.46099751790365,142.01699727376302,3.080997735962493,1.629837271638934,1.0,0.0,138.27000427246094,149.75,144.01000213623047,7.986500781580043,0.9573165787868195,2.6517050563344178,3.3075643019179224,0.0290297412276459,-0.9659498240185281,0.994979565246174,143.97499720255533,144.2673058143029,145.15070284183506,145.1216731006074,1.1226760583916868,0.8424596451778544,0.2802164132138324,-0.11863901581760589,24.341070010023326,-2.6324974060058537,-25.723193154443756,-41.82822905851211,16.10503590406835,144.4749984741211,144.01000213623047,144.24250030517578,147.76499938964844,96.87500053183197,26.551453549513855,26.457870454608873,21.31921765655083,180.14742267120516,151.4824981689453,146.50999450683594,100.0,52.0,48.0,141.0302528747559,,0.0,0.0,61.06229285192759,1.0,1.0,1.0,-0.3087860586954031,71.21917848055277,95.73165787868194,96.19544405917581,-4.268342121318051,-0.4583538279813979,7.273246486689574,0.02000372556862728,-0.6671972503591768,0.687200975927804,-4.317683711382512,-2.825144156053703,-1.4925395553288086,146.43753788573554,0.3361118704377386,0.33554827700701395,655.5692015600473,23.999346540064153,-6400110.7434844
2021-10-21,148.80999755859375,149.63999938964844,147.8699951171875,149.47999572753906,147.38790893554688,61421000,0.220001220703125,1,11370741221.606731,7915418200,0.15569983546793617,42005275.70668162,-0.5187172289695794,1.5657706668738343,129268973.79343596,143.5363516771137,49.601956256237315,11512.469279991717,143.87499771118163,149.64338660950824,138.10660881285503,8.018611975801686,0.9858373902272282,0.0,0.0,144.79766387939452,147.04666442871093,142.5486633300781,3.106404466842301,1.5409805923719668,1.0,0.0,138.27000427246094,149.75,144.01000213623047,7.979145723834728,0.9764804553181817,2.5635349779470697,3.1033692008495657,0.3722360874606636,-0.6983126417226899,1.0705487291833535,144.6724967956543,144.2846133892353,145.81674790117412,145.44451181371346,1.181843368582197,0.7968929138968159,0.384950454685381,-0.09321736019062198,24.241008807284345,-1.874997711181635,-20.451362909114728,-38.764783439737315,18.313420530622587,144.4749984741211,144.01000213623047,144.24250030517578,147.76499938964844,98.43750026591599,25.307343833004143,25.191722473998148,20.974901151064934,161.5608337334956,151.34749603271484,147.50499725341797,96.0,48.0,48.0,142.07662252978517,,0.0,0.0,61.51804534956459,1.0,1.0,1.0,3.0546698401360715,76.18574170384679,97.64804553181817,96.53939993899445,-2.351954468181824,0.8949692221248711,5.931539282109175,0.2559299645059325,-0.4825718073861549,0.7385017718920874,-5.317293214188095,-3.3235739676805816,-1.9937192465075135,146.93635675760902,0.14739463272126496,0.14728611345375953,656.6828700096416,23.492055509438018,6589539.329030633
2021-10-22,149.69000244140625,150.17999267578125,148.63999938964844,148.69000244140625,146.60899353027344,58883400,-0.7899932861328125,0,11315681669.053846,7856534800,0.10397242812486653,29359166.225059554,1.713035800484305,1.909958198219497,128957778.36933747,144.24280362105443,57.5643674824807,11451.626533818639,143.9634979248047,149.96561670769736,137.96137914191203,8.338389757697753,0.8937363360812777,0.0,0.0,145.39333089192706,147.63433125813802,143.15233052571617,3.082672846771347,1.2355357007489374,1.0,0.0,138.27000427246094,150.17999267578125,144.2249984741211,8.272922355318958,0.8748957443183055,2.4611808087656444,2.5505200101423227,0.5738685343339398,-0.443876406511364,1.0177449408453039,145.22999699910483,144.28076758751502,146.25878706120983,145.6849185268759,1.2576832790888735,0.7559112032169715,0.501772075871902,-0.068016651077591,24.108668482341397,-0.6735046386718864,-16.223144269702527,-35.24127051129823,19.018126241595706,144.68999481201172,144.2249984741211,144.4574966430664,147.76499938964844,99.218750132958,24.36586069557882,25.615419402057142,20.07476293086488,151.5931194591849,151.34749603271484,148.66500091552734,100.0,44.0,56.0,142.99742782621095,,0.0,0.0,58.85414056249543,0.8782523549359499,0.9594174516453163,0.9864724838817723,5.1690297253642985,73.47871293993735,87.3836533243753,93.58778557829184,-12.616346675624694,2.066852075913374,4.711269324933979,0.39391073567307705,-0.30727529877430854,0.7011860344473856,-6.361178954273228,-3.9310949649991116,-2.4300839892741166,147.17863365833185,-0.5284943194491021,-0.5298957906554769,652.6838440253963,22.268556558628376,4503421.199509427
2021-10-25,148.67999267578125,149.3699951171875,147.6199951171875,148.63999938964844,146.55966186523438,50720600,-0.0500030517578125,0,11324087044.713026,7805814200,0.08898163586692542,24802687.50905286,-3.1570044561240436,1.541991733558492,128940721.50777756,144.7570674775959,50.88941974743926,11447.775459335622,144.12699813842772,150.44338847818943,137.810607798666,8.765034200872055,0.8572452784315234,0.0,0.0,145.93333079020184,148.04933115641276,143.81733042399088,2.899954869464285,1.1395718646054318,1.0,0.0,138.27000427246094,150.17999267578125,144.2249984741211,8.26353740600445,0.8706973311826662,2.39006272788908,2.150506006637442,0.7213140138313747,-0.21083832244281625,0.932152336274191,145.67583084106445,144.37999842717096,146.62512741943115,145.90381340559978,1.2102186483216737,0.7783943184123716,0.4318243299093021,-0.04397982125567622,23.945940384684313,-1.227004241943348,-10.761922830217618,-31.258844711850152,20.496921881632534,144.68999481201172,144.2249984741211,144.4574966430664,147.76499938964844,99.609375066479,22.988737919999018,24.337260427898677,21.98142632252271,117.35150434727967,151.19499588012695,148.96499633789062,96.0,40.0,56.0,144.0029869051508,,0.0,0.0,58.680931359923,0.8678016476986625,0.9153513342115372,0.9582562619522847,6.8679347526215535,69.91331096483773,86.9602573709915,90.66398540906168,-13.0397426290085,2.981439388499524,3.73369136310329,0.49437639565059566,-0.1469449598893277,0.6413213555399233,-8.104344207825175,-4.765744813564325,-3.33859939426085,147.38403857154282,-0.03362906109138919,-0.033634716928165886,652.4307235156639,22.429606061680616,-1654575.880722329
2021-10-26,149.3300018310547,150.83999633789062,149.00999450683594,149.32000732421875,147.2301788330078,60893400,0.6800079345703125,1,11283825027.888351,7866707600,0.12857726456785695,27174874.316754434,4.297515292101346,2.024155781186654,129219300.59370998,145.43501479921972,58.63554379362617,11447.775459335622,144.49749832153321,151.1124935113007,137.88250313176573,9.155861197053968,0.864513417193811,0.0,0.0,146.7123311360677,148.7903310139974,144.63433125813805,2.8327542229595397,1.1274485903120175,1.0,0.0,138.27000427246094,150.83999633789062,144.55500030517578,8.69910705129245,0.8790779655420636,2.371056149924391,1.9556279022327068,0.882859520881027,0.007901246221952402,0.8749582746590746,146.21083196004233,144.62538323035608,147.03972432786,146.15686480697897,1.2859920709556172,0.7046270530385044,0.5813650179171128,-0.020760472201451847,23.86796196631214,-1.6875007629394645,-4.097310780924585,-26.46563927926229,22.368328498337707,146.17499542236328,144.55500030517578,145.36499786376953,147.76499938964844,99.8046875332395,22.311996298988447,27.025436060249852,20.590455350980665,124.7949239845002,149.20999908447266,148.96499633789062,100.0,36.0,64.0,144.86776771303906,,0.0,0.0,60.38827088135626,0.947356953680903,0.8978036521051714,0.9241908126540085,8.790311432767638,63.24232239495523,86.94167445555352,87.0951950503068,-13.058325544446468,3.5587030298569573,4.492661792823436,0.6040493014453814,0.003253892377614115,0.6007954090677673,-8.237233937220973,-5.460042638295655,-2.7771912989253176,147.87666880536173,0.4574865025313457,0.4564432137581065,655.8729925166471,23.072017106867833,13779269.580500916
2021-10-27,149.36000061035156,149.72999572753906,148.49000549316406,148.85000610351562,146.76673889160156,56094900,-0.470001220703125,0,11260301671.885693,7810612700,0.1314702465604508,19526367.77504384,-1.8015641492556724,1.3383460306274644,129042735.698304,145.78919507059933,52.259587148344515,11411.742321267657,144.79849853515626,151.62700589295667,137.96999117735584,9.43173779684255,0.7966612874577345,0.0,0.0,147.56433156331383,149.54633076985678,145.58233235677082,2.6862849382983653,0.8243378039601512,0.0,0.0,138.27000427246094,150.83999633789062,144.55500030517578,8.681023762396103,0.841687232257853,2.257949558369452,1.8442151921734047,0.961872461551792,0.19869548928792033,0.7631769722638716,146.71416600545248,144.83384528526892,147.3182292164224,146.3563567548706,1.1566996738705404,0.787170575852757,0.36952909801778344,0.00031634833870952255,23.754218580746578,-3.288504028320318,2.467703004025429,-21.088266535706317,23.55596953973175,147.0,144.55500030517578,145.7775001525879,147.76499938964844,99.90234376661977,21.41829057641376,26.025788382564684,21.379969074380014,94.1785209853812,148.97750091552734,149.26499938964844,96.0,32.0,64.0,145.8233242930153,,0.0,0.0,58.58635087530008,0.8633945691418394,0.8928510568404681,0.9020020143857258,9.9684536832353,56.82606601706605,82.90386306940259,85.60193163198255,-17.096136930597414,3.7678212334128034,4.229401756304709,0.657212630103121,0.13404563992271548,0.5231669901804056,-8.847514101454445,-6.137536930927414,-2.709977170527031,148.1371026764828,-0.31476104851951847,-0.315257463061247,653.4937987599258,22.153884474989297,4916145.487105474
2021-10-28,149.82000732421875,153.1699981689453,149.72000122070312,152.57000732421875,150.4346923828125,100077900,3.720001220703125,1,11325570367.900713,7910690600,0.22884789620903728,69921159.54509547,8.049469179088456,1.932997531037792,131543843.49071148,146.57348870484321,60.518494082027374,11411.742321267657,145.35199890136718,152.78882035736314,137.91517744537123,10.232843734116688,0.985288537956766,0.0,0.0,148.4413319905599,150.5313298543294,146.35133412679036,2.8159244271702426,1.4877223812593694,1.0,0.0,138.27000427246094,153.1699981689453,145.72000122070312,10.25097281709569,0.9597321415770426,2.4641538090754755,1.6930340933543988,1.3095679117453756,0.4208699737794114,0.8886979379659642,147.63583374023438,145.0923068706806,148.12619507916028,146.8166271674149,1.1596698150706264,0.6714681463759997,0.48820166869462667,0.024038894704422924,23.859712736847797,-4.441995239257807,9.5842073960192,-15.106094305222292,24.690301701241495,148.16500091552734,145.72000122070312,146.94250106811523,147.76499938964844,99.95117188330988,21.806409088520233,32.558323314171005,18.774467990003963,132.03632202091956,148.81999969482422,149.26499938964844,100.0,28.000000000000004,72.0,146.62599182019537,,0.0,0.0,66.98366739685994,1.0,0.9369171742742471,0.9091906277399624,13.714912302150214,61.05164171538878,95.70514822978402,88.51689525158008,-4.294851770215982,4.324792211195984,7.81571143149789,0.8919752054050909,0.2856315530191906,0.6063436523859003,-4.019871263780135,-5.714003797497958,1.6941325337178235,149.3759292314282,2.499160946030532,2.468442666448123,672.3248215092957,26.0023284125659,51067363.13939972
2021-10-29,147.22000122070312,149.94000244140625,146.41000366210938,149.8000030517578,147.70343017578125,124953200,-2.7700042724609375,0,11440612305.700161,7785737400,0.24712735609064093,10486579.916129552,-9.23792600616014,1.2930931999918944,129275239.69414653,147.05133973644743,56.754626232985984,11411.742321267657,145.70949935913086,153.27863861232558,138.14036010593614,10.389355925983972,0.7702093035810159,0.0,0.0,148.871332804362,151.17533060709636,146.56733500162758,3.09528739930362,0.7015345340810865,0.0,0.0,138.27000427246094,153.1699981689453,145.72000122070312,10.225821900437866,0.7738257384130444,2.8337387943788657,1.5946269814653389,1.3460860243589252,0.6059131838953142,0.740172840463611,148.37666702270508,145.20653768686148,148.38370399802145,147.03761797366252,1.0005593613730275,0.7348422447444759,0.2657171166285516,0.044733436763836405,24.08221333386179,-1.9495048522949219,14.29772358792834,-9.198623126716008,23.496346714644346,149.79000091552734,145.72000122070312,147.75500106811523,147.76499938964844,99.97558594165494,20.682594233470535,27.425847147136867,24.285421239947986,63.60827133602954,147.80500030517578,149.26499938964844,96.0,24.0,72.0,,153.1699981689453,0.0,1.0,57.61543030246962,0.6520832237366798,0.8384925976261727,0.8894202762469628,14.061330215830134,60.013268358549986,75.87691608649777,84.82864246189482,-24.123083913502224,4.133969968907991,6.308990957778929,0.9154705053777714,0.41159934349090677,0.5038711618868646,2.2107878073236553,-4.129045476533635,6.33983328385729,149.4121267345837,-1.81556278395828,-1.8322463675404244,658.3027794787007,21.171524778061723,52242891.745493695
2021-11-01,148.99000549316406,149.6999969482422,147.8000030517578,148.9600067138672,146.87518310546875,74588300,-0.839996337890625,0,11457100825.800066,7711149100,0.3005277371725049,37940.09247000329,1.464694452289834,1.6495140658612626,128856989.37656917,147.5449034407811,63.82151934874278,11347.751523113238,146.20049972534179,153.25805151322186,139.1429479374617,9.654620608190365,0.6955003003494995,0.0,0.0,149.20166625976563,151.32766418457032,147.07566833496094,2.8498313431744817,0.4431656204648827,0.0,0.0,138.3699951171875,153.1699981689453,145.7699966430664,10.123086500772365,0.715541176555494,2.7503649149409792,1.4050692826771878,1.2923488147017963,0.7432003100566107,0.5491485046451856,148.81000137329102,145.28499955397385,148.47236595430542,147.18001713960362,1.0584603363369185,0.6933671388546636,0.3650931974822549,0.06128069050283625,24.241538663980073,-1.3605033874511605,18.15030350921974,-3.6396662719122777,21.789969781132015,149.79000091552734,145.72000122070312,147.75500106811523,147.76499938964844,99.98779297082747,19.63905186806724,25.993140196811314,23.01676792851547,58.848088089486694,147.71750259399414,149.26499938964844,92.0,20.0,72.0,,153.1699981689453,0.0,0.0,55.09883708608137,0.5586222032490337,0.7369018089952375,0.8374371936318861,13.545781293940925,58.82267074828902,69.8640580729582,80.48204079641336,-30.135941927041806,4.192029930563535,3.6171483067105874,0.878073559045705,0.5048941866018665,0.3731793724438386,1.6654859610011297,-2.9701391890266824,4.635625150027812,149.3969889616801,-0.5607452074619768,-0.5623232854966354,654.050632984723,21.383330399455957,-16820807.62256506
2021-11-02,148.66000366210938,151.57000732421875,148.64999389648438,150.02000427246094,147.92037963867188,69122000,1.05999755859375,1,11452840073.566128,7780271100,0.28788614965659043,10499541.685705315,5.745233129761158,2.427991495020023,129348860.67049208,148.26396964647708,71.00878666714549,11428.501982081287,146.64599990844727,153.48341479531575,139.80858502157878,9.325061564771167,0.7467309955472773,0.0,0.0,149.39366658528647,151.54966634114584,147.23766682942707,2.8863335443053173,0.6452545821195664,0.0,0.0,138.3699951171875,153.1699981689453,145.7699966430664,10.092333279460483,0.7871626184489031,2.767329766220319,0.9891936665385755,1.320077600246293,0.8585757680945472,0.4615018321517459,149.24166870117188,145.46384605994592,148.71046415709858,147.3903865568523,1.1348440622039366,0.5987839343741133,0.5360601278298234,0.07563017514278775,24.369820617750452,-0.09599685668945312,21.956822374986206,1.658113231357718,20.29870914362849,149.79000091552734,145.72000122070312,147.75500106811523,147.76499938964844,99.99389648541373,19.320325175848218,28.88107097033325,21.269743025422983,77.43641189469005,147.31000137329102,149.26499938964844,88.0,16.0,72.0,,153.03479827880858,0.0,0.0,57.61478014410529,0.49420012426942456,0.5683018504183791,0.7145654190132632,13.890745702818668,59.69107244400701,72.98462343780672,72.90853253242092,-27.015376562193286,4.164177973130165,3.576365690099928,0.8956334473938738,0.5830420387602679,0.3125914086336059,0.6500766337647634,-2.246096024468393,2.896172658233157,149.40798775485194,0.7115987586049588,0.709078842039812,659.4164479282952,23.030649310728506,-47112.456758096814
2021-11-03,150.38999938964844,151.97000122070312,149.82000732421875,151.49000549316406,149.3697967529297,54511500,1.470001220703125,1,11483011702.513906,7834782600,0.26073621416625015,20447031.665227182,3.0961413321098097,2.0691721926825246,129883002.57997254,148.78290739996237,70.66494342890476,11540.486460057678,147.12050018310546,153.9194306345561,140.32156973165482,9.242669027074715,0.821337697249595,0.0,0.0,149.59866739908855,151.80666605631512,147.39066874186196,2.9518961573852023,0.9282924013303498,0.0,0.0,139.1999969482422,153.1699981689453,146.18499755859375,9.495618355916497,0.8797428397292084,2.7055961792467245,0.9626430463900815,1.4440238674925183,0.9756653879741415,0.46835847951837684,149.65333557128906,145.83230766883264,149.13808590110864,147.69406203361612,1.122703253268864,0.6590329537400016,0.4636702995288625,0.08970152936014059,24.457341346641705,1.6394943237304744,26.44891560773783,6.86925528878578,19.57966031895205,149.79000091552734,145.72000122070312,147.75500106811523,147.76499938964844,99.99694824270686,19.15668494159201,28.29767749949675,20.06228454931069,92.26238171627892,147.19250106811523,149.26499938964844,84.0,12.0,72.0,,152.9023023864746,0.0,0.0,60.88783016449224,0.6125627246841489,0.5551283507342021,0.6201106700492731,15.19827831702753,60.365387209522005,83.21684717575056,75.35517622883852,-16.783152824249445,4.438825674617988,3.3708647823511573,0.9777128799963869,0.6619762070074917,0.3157366729888952,-1.7340051156315015,-2.143677842701015,0.4096727270695135,149.47230990201876,0.9798701365408391,0.9751005410367775,666.8577429135237,24.058015248385217,-8467324.329282254
2021-11-04,151.5800018310547,152.42999267578125,150.63999938964844,150.9600067138672,148.8472137451172,60394600,-0.529998779296875,0,11444211277.746838,7774388000,0.24391315827477997,12953303.673605721,1.89682679251922,1.983994299154098,129671707.6884586,149.2378048069676,70.53191293441354,11540.486460057678,147.50400085449218,154.26055098649357,140.74745072249078,9.161175416070927,0.7557522546163133,0.0,0.0,149.83333435058594,152.0433319091797,147.6233367919922,2.949941103790317,0.7549035312052919,0.0,0.0,139.1999969482422,153.1699981689453,146.18499755859375,9.4709303746168,0.8418044909113549,2.6140358899353333,1.0031060051811869,1.4823975489809413,1.0770118201755015,0.4053857288054399,149.836669921875,146.1450001643254,149.4183814107638,147.93598386178286,1.08834235338733,0.6785013017117414,0.4098410516755886,0.1020798845472337,24.448836330964788,1.7559936523437614,29.33411659579137,11.931173162729547,17.402943433061825,149.79000091552734,145.72000122070312,147.75500106811523,147.76499938964844,99.99847412135344,19.160806105900143,28.171762678348244,19.09059339794266,91.23527152581973,147.15500259399414,149.26499938964844,80.0,8.0,72.0,,152.7724564119873,0.0,0.0,59.115354196247765,0.3379532568103848,0.4815720352546524,0.535000745469078,15.734436880448136,58.92822114873782,77.92215117032384,78.04120726129374,-22.07784882967615,4.331972144631777,1.4789004357822515,1.0020533951806823,0.72999164464213,0.2720617505385523,-3.003126365265341,-2.31556754721388,-0.6875588180514609,149.50002998370374,-0.3498572579567205,-0.3504706896361398,664.1748354417376,22.653197905467835,7179590.321826935
2021-11-05,151.88999938964844,152.1999969482422,150.05999755859375,151.27999877929688,149.3804168701172,65463900,0.3199920654296875,1,11453388555.962414,7839851900,0.2734174077579371,14095392.944816694,-1.3239314194596943,1.64527016894354,129810472.44495326,149.69631124209434,63.21158876834812,11540.486460057678,147.92300109863282,154.52307541030822,141.32292678695742,8.923661989895093,0.7543151426890444,0.0,0.0,150.03433430989585,152.30433247884116,147.76433614095052,3.0259715942840666,0.7743756551089623,0.0,0.0,139.1999969482422,153.1699981689453,146.18499755859375,9.444103430127232,0.8647101485683828,2.5666322399066437,1.0282441950988712,1.5210954123581928,1.1658285386120397,0.35526687374615307,150.00500361124674,146.52115396352914,149.7047840828458,148.1836886704876,1.0855972640257907,0.7274318681083548,0.3581653959174359,0.11300696724772907,24.3612452476054,1.5569946289062386,32.86378108633408,16.778473597901957,16.08530748843212,149.79000091552734,145.72000122070312,147.75500106811523,147.76499938964844,99.99923706067672,18.87064009740904,26.51813486676331,19.560900076117623,83.36232769486814,146.81750106811523,149.26499938964844,76.0,4.0,72.0,,152.64520735698974,0.0,0.0,59.87483313213713,0.40185647764144505,0.45079081971199253,0.4958304019002826,16.390838984150268,59.161413272004495,72.0414064281087,77.72680159139439,-27.958593571891303,4.6854710747213915,1.35334607182263,1.0264931491485643,0.7892919455434169,0.2372012036051474,-3.4193253277178557,-2.5363191033146757,-0.88300622440318,149.56803450196185,0.21197141706292832,0.21174707462661146,665.7946676692618,23.049771939229515,11569757.315722257
2021-11-08,151.41000366210938,151.57000732421875,150.16000366210938,150.44000244140625,148.55099487304688,55020900,-0.839996337890625,0,11420219776.279276,7784831000,0.2669232050450276,5479286.165921982,-0.679086224301706,0.8960106761434962,129504963.75325322,149.87920237240874,56.61006406927892,11476.406829953587,148.30450134277345,154.55088503946823,142.05811764607867,8.423727722542457,0.6709389946508396,0.0,0.0,150.25233510335286,152.48833363850912,148.0163365681966,2.976324505863017,0.5419649957508297,0.0,0.0,139.1999969482422,153.1699981689453,146.18499755859375,9.419809307348345,0.8045815684329869,2.4509693821269165,1.0938482273733308,1.4670715756583945,1.2260771460213107,0.24099442963708384,150.0850041707357,146.82076967679538,149.8178945995474,148.350823023889,0.9890974945448193,0.8070862357543769,0.18201125879044244,0.12113491991528759,24.169881774815014,0.38550109863280113,34.93941343593186,21.115887399774895,13.823526036156967,149.79000091552734,145.72000122070312,147.75500106811523,147.76499938964844,99.99961853033835,18.601200232381586,25.457816760964114,18.7787645066047,70.02306071766536,145.73749923706055,148.18499755859375,72.0,0.0,72.0,,152.52050328309213,0.0,0.0,56.887424496386174,0.15049330647007247,0.2967676803073005,0.4097101784246487,16.09858655289443,52.876145068566025,59.61541500102703,69.85965753315323,-40.38458499897297,4.897442671831897,0.6422308946389159,0.9889204156434989,0.8292176395634333,0.15970277608006556,-4.922196291161462,-3.0134945408840332,-1.9087017502774284,149.58761729654248,-0.5552593499925207,-0.5568066450464038,661.542521175284,21.990382553275595,-1193103.9674441963
2021-11-09,150.1999969482422,151.42999267578125,150.05999755859375,150.80999755859375,148.91632080078125,56787900,0.3699951171875,1,11425608630.729958,7841618900,0.3042242767350719,7698137.530123418,-0.2895222910157387,0.6610831573619683,129644629.03758155,149.98376994305093,56.56579438262625,11476.406829953587,148.76950149536134,154.26266509637352,143.27633789434915,7.384798020827492,0.6857305017145696,0.0,0.0,150.3566680908203,152.54666595458986,148.1666702270508,2.9130704897593294,0.6034999794459013,0.0,0.0,139.1999969482422,153.1699981689453,146.18499755859375,9.390366358886208,0.8310665422953498,2.342871955632975,1.1364666723530035,1.4375417234822976,1.268370061513508,0.16917166196878952,150.2616704305013,147.26961576021634,149.97052582401608,148.53298410053378,0.9380341860436953,0.8275336545940815,0.1105005314496138,0.1272882193309274,23.975980436649344,-0.129502105712902,37.0263872351727,24.955741203235704,12.070646031936995,149.79000091552734,145.7699966430664,147.77999877929688,147.76499938964844,99.99980926516918,18.29463502812709,24.435471952565326,18.31778548463533,70.77522716825904,145.31750106811523,147.76499938964844,68.0,4.0,64.0,,152.39829329067248,0.0,0.0,57.88420290954414,0.23436311252476827,0.26223763221209495,0.3365987107437962,16.126772109189698,52.08543781989608,65.08871999873595,65.58184714262393,-34.91128000126404,4.857382740693936,1.4257818833669862,0.9678265956801251,0.8569394307867717,0.11088716489335337,-5.886183493879832,-3.588032331483193,-2.298151162396639,149.61053648839376,0.24594197765426262,0.24564003533962264,663.4154739125406,22.750809260760292,6122048.323874883
2021-11-10,150.02000427246094,150.1300048828125,147.85000610351562,147.9199981689453,146.06260681152344,65187100,-2.8899993896484375,0,11364423795.827467,7776431800,0.2308227421475438,-20314550.576030165,-6.138291472472497,0.2596849971117599,128395436.7939456,149.9550077003575,56.352991896496725,11476.406829953587,149.12000122070313,153.3001251494601,144.93987729194617,5.606389343533088,0.35646322068318875,0.0,0.0,150.31766815185546,152.61166687011718,148.02366943359374,3.052201043917541,-0.022596190621889972,0.0,1.0,141.50999450683594,153.1699981689453,147.33999633789062,7.819208400388984,0.5497428515343846,2.40458390557749,1.3982335228952774,1.1674822956973117,1.248192508350269,-0.0807102126529573,150.20167032877603,147.5315387432392,149.65506003092827,148.48757773523096,0.8624451390933259,0.8486007519286993,0.013844387164626548,0.12774541742018836,23.805130295248144,0.20000610351561932,37.440137495004834,28.05084454756744,9.389292947437394,149.4199981689453,145.7699966430664,147.59499740600586,147.76499938964844,49.99990463258459,17.111218177925206,22.34733886251847,23.13268756098609,-13.088162799866044,145.31750106811523,147.76499938964844,64.0,0.0,64.0,,152.27852749810123,0.0,0.0,48.45963884534524,0.0,0.12828547299827994,0.22909692850589203,13.255444644186513,43.599691971640894,22.337214997866926,49.01378333254333,-77.66278500213308,4.399029900045946,-0.48439264239748586,0.786249135115569,0.8428013716525312,-0.056552236536962175,-5.592297522458644,-3.9888853696782833,-1.6034121527803604,149.59283455666355,-1.916318172822462,-1.934917548378312,648.7860044518159,19.713128007990093,14808735.75034
2021-11-11,148.9600067138672,149.42999267578125,147.67999267578125,147.8699951171875,146.01324462890625,41000000,-0.0500030517578125,0,11332326767.367645,7735431800,0.16513211296755326,-17705346.939750187,-1.8567620254144437,0.004699438118992094,128381577.10527977,149.9330373717876,51.17259075406878,11472.527331766625,149.32550125122071,152.77094515104272,145.8800573513987,4.614675820207694,0.2887781405890246,0.0,0.0,149.9683339436849,152.09233296712242,147.84433492024738,2.8325966790230654,0.006040538780143639,0.0,0.0,143.16000366210938,153.1699981689453,148.16500091552734,6.7034728984404515,0.47052887510194125,2.3391255150197408,1.6164632440246345,0.9386037849483841,1.186274763669892,-0.2476709787215079,150.0808359781901,147.75730778620795,149.38043465958353,148.44183087463514,0.8357726867461054,0.8858314706518224,-0.05005878390571705,0.12406283608502269,23.741522894046977,-0.4754951477050895,35.51416056734944,30.40822643416978,5.105934133179662,150.05499267578125,146.18499755859375,148.1199951171875,147.76499938964844,24.999952316292294,16.09297710300144,21.194187060783886,22.440320136445695,-44.720284084576676,145.31750106811523,147.76499938964844,60.0,16.0,44.0,,152.1611570213814,0.0,0.0,48.31306743429798,0.0,0.07812103750825579,0.15621471423954378,10.903580867287221,40.73231196198794,21.597524282035018,36.34115309287933,-78.40247571796498,3.743029426125929,-0.9710769728820308,0.6323041014908198,0.8007019176201889,-0.1683978161293691,-8.286235222307477,-4.848355340204122,-3.4378798821033545,149.41799307868436,-0.03380411869712274,-0.03380983357725853,648.5328839420835,21.252592701819765,-13222295.590837851
2021-11-12,148.42999267578125,150.39999389648438,147.47999572753906,149.99000549316406,148.1066436767578,63804000,2.1200103759765625,1,11378213701.27928,7799235800,0.15355510748711396,4147580.055758208,1.7619671695081853,0.3560545542355799,129296334.30075821,149.9641148590667,57.15665705807719,11472.527331766625,149.58300170898437,152.35251791869268,146.81348549927606,3.702982528852367,0.5734792204416379,0.0,0.0,150.02566680908203,152.0886657714844,147.9626678466797,2.7501946917225233,0.4913569234478795,0.0,0.0,143.16000366210938,153.1699981689453,148.16500091552734,6.691933169191583,0.6823182396743976,2.397212780412298,1.671721552504217,0.9177043118190511,1.132560673299724,-0.21485636148067289,150.17583592732748,148.01500056340143,149.4742147878267,148.55651047600765,0.8644212517572671,0.8392301928189049,0.025191058938362265,0.12035321527933904,23.833562927980665,2.9870056152343807,35.37880699216506,32.32250459894149,3.056302393223568,149.95499420166016,146.18499755859375,148.06999588012695,147.76499938964844,12.499976158146147,15.223915270217713,22.214578051839535,20.536137323099688,-9.483714976271743,144.94000244140625,147.76499938964844,56.00000000000001,12.0,44.00000000000001,,152.04613395419597,0.0,0.0,54.58491362553195,0.335920977569558,0.11197365918985237,0.10612672323212959,10.66840038754001,43.95398526664743,52.95865000237008,32.29779642742404,-47.04134999762992,3.185911649816177,0.765871241453387,0.6177476226915436,0.7641110586344599,-0.14636343594291634,-7.513157874215082,-5.381315847006315,-2.1318420272087675,149.42124702121808,1.4336988205730705,1.4235185466388245,659.2645910707627,23.742484074882015,22651899.755700894
2021-11-15,150.3699951171875,151.8800048828125,149.42999267578125,150.0,148.1165008544922,59222800,0.0099945068359375,1,11346547849.496813,7858458600,0.07760597627332497,3639626.144856087,7.094869973989165,0.5558656029418526,129300280.58156203,150.009186227542,57.09391098149096,11473.291797721979,149.7555015563965,152.15261577778912,147.35838733500387,3.2013704958811102,0.5509984967386036,0.0,0.0,150.1873331705729,152.30533396402993,148.0693323771159,2.82047859662243,0.45577594419425443,0.0,0.0,146.41000366210938,153.1699981689453,149.79000091552734,4.5140208116428955,0.5310649785677042,2.402492723074193,1.7310432455768077,0.8916691945357229,1.0843823775469237,-0.19271318301120077,149.96166865030924,148.28807772122897,149.55510482046873,148.663435625933,0.8915120273440348,0.8504775342336508,0.041034493110383985,0.11656081532411887,23.907549511342527,0.044501495361316756,35.438453418974774,33.820463603829104,1.6179898151456698,149.95499420166016,146.18499755859375,148.06999588012695,147.76499938964844,6.2499880790730735,15.087749536087264,24.93450784009483,19.07367613481044,49.89599913664258,144.63750076293945,147.76499938964844,52.0,8.0,44.0,,151.93341134835424,0.0,0.0,54.6128747982416,0.3374185819725081,0.22444651984735509,0.13818040551515465,10.48752450639162,43.29113872043806,53.10649785677042,42.55422404705853,-46.89350214322958,2.925233908260566,-1.6844774207537123,0.5997905206357138,0.7312469510347108,-0.13145643039899702,-7.40210446198429,-5.78547357000191,-1.6166308919823802,149.4309294220519,0.006663448543164918,0.006663226545278178,659.3151842760952,22.747308579239913,8262805.811419696
2021-11-16,149.94000244140625,151.49000549316406,149.33999633789062,151.0,149.10394287109375,59256200,1.0,1,11378794058.927414,7917714800,0.06302159952084088,11584850.981305216,-0.870790911922397,0.6223494056085153,129695321.91489536,150.10493521486106,63.13000219592842,11473.291797721979,149.86750183105468,152.27738331411356,147.4576203479958,3.2160160856961992,0.7349696814774122,0.0,0.0,150.24033304850258,152.28133341471352,148.19933268229167,2.7169806200469755,0.6861016205763144,0.0,0.0,146.41000366210938,153.1699981689453,149.79000091552734,4.5106473546589605,0.6789940928574815,2.3772443662941174,1.749131438091515,0.9408819180939645,1.055682285656332,-0.11480036756236744,150.0616683959961,148.6030778151292,149.77739638655046,148.8365144684565,0.9060014409914824,0.8344749894309171,0.07152645156056525,0.11397300251865998,23.99013765428561,-0.9074951171874943,34.65176825001165,34.73189167519287,-0.0801234251812204,149.95499420166016,146.18499755859375,148.06999588012695,147.76499938964844,3.1249940395365368,14.90982601784187,23.36220511680916,18.13489055352682,54.49985520390504,144.6525001525879,147.76499938964844,48.0,4.0,44.0,,151.8800048828125,0.0,0.0,57.43655386832784,0.48865523616403095,0.3873315985686987,0.24125059253530226,11.142996131150944,45.70573337316652,67.89940928574815,57.9881857149629,-32.10059071425186,2.6482055664062614,0.8010660372467237,0.6321579898952614,0.7114291588068209,-0.0792711689115595,-7.233927081637035,-6.075164272328935,-1.1587628093081,149.45583423519543,0.6666666666666599,0.6644542718668767,664.3772855046026,23.58196825268999,9283076.22916495
2021-11-17,151.0,155.0,150.99000549316406,153.49000549316406,151.56268310546875,88807000,2.4900054931640625,1,11400719130.815054,8006521800,0.060544170188515926,41519860.53132174,11.649749648288939,0.8795122962656926,131159758.4568253,150.21118092043352,62.71342472776428,11473.291797721979,150.0790023803711,152.93894859656973,147.21905616417246,3.811254300518579,1.096340430018083,1.0,0.0,150.446999613444,152.6740000406901,148.21999918619792,2.9605115860975624,1.183207295896896,1.0,0.0,146.41000366210938,155.0,150.7050018310547,5.723649678933444,0.8242147671035289,2.5405193803482993,1.749131438091515,1.167349511013441,1.0780157307277538,0.08933378028568728,150.43916829427084,149.06384746844952,150.34856701833718,149.18121750732374,0.940851328901903,0.8551684813712495,0.08568284753065358,0.11537331914139277,24.209439407676342,-0.05899810791015625,34.791384330895255,35.33825475687107,-0.5468704259758184,151.23999786376953,147.0999984741211,149.1699981689453,147.76499938964844,26.563228586556725,16.06085664412564,30.57589335733144,16.096218470076167,190.39100607997338,144.6525001525879,147.76499938964844,100.0,0.0,100.0,146.41000366210938,,1.0,0.0,63.52207498699065,1.0,0.6086912727121794,0.4068231303760779,13.646590966821707,48.855081542644776,82.42147671035289,67.80912795095718,-17.578523289647112,3.150234401927264,3.0410838984442408,0.7825043464041528,0.7256441963262874,0.05686015007786538,-3.3319801723129294,-5.526527452325734,2.1945472800128045,149.58353163200547,1.6490102603735624,1.6355617298808411,676.9819453705383,25.475541579614827,38694581.69001341
2021-11-18,153.7100067138672,158.6699981689453,153.0500030517578,157.8699951171875,155.8876953125,137827700,4.3799896240234375,1,11499307444.190126,8144349500,0.09166165466759796,121829008.44156365,11.682175647665444,2.3738052715389486,135092808.65096253,151.32333536152186,76.40142526810996,11473.291797721979,150.4985023498535,154.91930807200006,146.07769662770696,5.874883341855205,1.3337272921094019,1.0,0.0,150.96566619873047,153.57566680908204,148.3556655883789,3.4577406586154105,1.822668065875859,1.0,0.0,146.41000366210938,158.6699981689453,152.54000091552734,8.146256816786105,0.9347468670306707,2.8484669540322196,1.6804800080756463,1.6808791391657394,1.198588412415351,0.4822907267503884,151.09333419799805,149.71615483210638,151.5057098027757,149.82483066360996,1.1644220176965994,0.7331651327244945,0.4312568849721049,0.12493754431443203,24.58757522248706,0.9915031433105526,36.95711181386641,35.793069282152445,1.1640425317139673,153.0749969482422,150.08999633789062,151.5824966430664,148.47000122070312,50.782711643461056,18.074905799945125,35.61330980725236,13.761313683404468,299.01215139557127,144.5974998474121,147.76499938964844,100.0,0.0,100.0,146.5818035888672,,0.0,0.0,71.29628910368639,1.0,0.82955174538801,0.6085248722229629,18.85448134264596,56.112650140441865,92.85073389441303,81.0572066301714,-7.149266105586979,4.174618305879505,5.232629396856763,1.1218962382408337,0.8048946047091967,0.317001633531637,4.996134313404123,-3.421995099179763,8.418129412583886,150.61064695073162,2.853599235957094,2.813642450057774,699.1538962271566,28.34082686424722,71398455.54948106
2021-11-19,157.64999389648438,161.02000427246094,156.52999877929688,160.5500030517578,158.53404235839844,117305600,2.6800079345703125,1,11592054599.760937,8261655100,0.18916184723759694,149336284.20270187,11.157498127366507,3.0661483911872827,137084193.641734,152.46073564988345,77.58435631092922,11668.062900557008,151.09150238037108,157.23066567649656,144.9523390842456,8.126417699746215,1.2703411861805454,1.0,0.0,151.78433329264323,154.62933451334635,148.9393320719401,3.748741598011839,2.040538839724681,1.0,0.0,146.41000366210938,161.02000427246094,153.71500396728516,9.669637524399656,0.9678301710425585,3.012620807945404,1.5569572972832002,2.277851655841488,1.4144410611005784,0.8634105947409094,151.84833399454752,150.36192439152643,152.89713953338833,150.61928787754684,1.2111199061342486,0.6852872157535672,0.5258326903806814,0.14281504541062653,25.02058499702373,-0.13149566650389488,41.18616468795891,36.4871527545999,4.69901193335901,154.25,152.09000396728516,153.17000198364258,149.64500427246094,69.14263606361033,20.410311621650997,37.469132224959054,12.234371482236352,311.022813571823,144.3650016784668,147.76499938964844,100.0,4.0,96.0,147.06533137207032,,0.0,0.0,74.83090090896505,1.0,1.0,0.8127476727000634,24.54776598706292,65.22162797183002,96.52879672015128,90.60033577497244,-3.4712032798487193,5.596472706514248,5.980590949943942,1.5123240110478922,0.9463804859769358,0.5659435250709564,8.65476746621602,-1.0066425861006065,9.661410052316626,152.1707304383225,1.6976043690765552,1.6833560929358171,712.7203676851542,28.23688412226622,20259247.35159807
2021-11-22,161.67999267578125,165.6999969482422,161.0,161.02000427246094,158.9981231689453,117467900,0.470001220703125,1,11475586640.783405,8379123000,0.09916278637201519,135889680.22994912,18.304976674440933,3.9632729300929808,137428074.3975359,153.7586172575637,78.80475560726029,11668.062900557008,151.71050262451172,159.10440128144853,144.3166039675749,9.747378762875693,1.1295394405504344,1.0,0.0,152.96933288574218,156.1433334350586,149.7953323364258,4.149852116681673,1.7682214860442684,1.0,0.0,146.41000366210938,165.6999969482422,156.05500030517578,12.715001896655867,0.7573875425272645,3.226358116799301,1.4915035663818237,2.75709971750004,1.6829727923804707,1.0741269251195693,152.68666712443033,150.98423238900992,154.1468110317072,151.38971131420715,1.2779985270499563,0.6219032510759794,0.6560952759739769,0.16577187188856693,25.331849278843162,-0.43050384521484375,46.029752712877645,37.487526696567116,8.54222601631053,156.58999633789062,154.43000030517578,155.5099983215332,151.98500061035156,81.44768971953351,23.283500672908904,43.906422530899526,10.759663836389183,287.7768163810252,144.25499725341797,147.76499938964844,100.0,0.0,100.0,147.90261174609375,,0.0,0.0,75.4029512743705,1.0,1.0,0.943183915129337,29.108117154002738,58.662130567530596,74.31398264417545,87.89783775291328,-25.686017355824553,7.472237485997823,6.664015044502272,1.8211935894228106,1.1213431066661108,0.6998504827566998,11.162985359338629,1.4272830029872403,9.73570235635139,153.9751587125611,0.2927444483147079,0.29231678618941714,715.0995614418754,26.49642663040123,23798925.522566214
2021-11-23,161.1199951171875,161.8000030517578,159.05999755859375,161.41000366210938,159.38323974609375,96041900,0.3899993896484375,1,11544288243.49267,8475164900,0.16665003062143638,121827766.25148158,-8.330542214324332,3.147081248204828,137660693.21126598,154.51295824791214,70.49512655319026,11696.323596674596,152.31500244140625,160.7341014284759,143.8959034543366,11.054851921508352,1.0401410076465163,1.0,0.0,153.96833343505858,157.27933502197266,150.65733184814454,4.300886439497104,1.6237793205026232,1.0,0.0,146.41000366210938,165.6999969482422,156.05500030517578,12.66453926201619,0.7776052473166591,3.1777228544357774,1.4794563747751164,3.1322700907087437,1.9728322520461254,1.1594378386626183,153.53083419799805,151.55577087402344,155.2642252825383,152.13195519182955,1.1980464277104101,0.7323567210778854,0.46568970663252474,0.19126311736376658,25.51440539370509,-1.875,50.85791791425308,38.978391187594696,11.879526726658383,156.58999633789062,156.05500030517578,156.3224983215332,151.98500061035156,90.72384485976676,25.00937550250433,41.06995450087953,14.638609466484967,181.45987805454112,143.7249984741211,147.76499938964844,96.0,32.0,64.0,149.32640256226563,,0.0,0.0,75.89258007367336,1.0,1.0,1.0,32.84625959026289,58.74896818809735,76.45448409049416,82.43242115160699,-23.54551590950584,8.882001899270449,6.696195772443926,2.0589166074669407,1.3088578068262768,0.7500588006406639,10.940443635413457,3.329915129472484,7.610528505940973,155.4929288579141,0.24220555167078217,0.24191270678688426,717.0737778313319,25.915405902274983,763627.7019546628
2021-11-24,160.75,162.13999938964844,159.63999938964844,161.94000244140625,159.90658569335938,69463600,0.529998779296875,1,11602637837.081537,8544628500,0.21717648702017445,109683174.38777941,1.6555400399369464,3.129846480163237,137888780.82894942,155.11581268492486,70.85373401228748,11734.729129713773,152.9695022583008,162.20501159934412,143.73399291725747,12.074968153388452,0.9856527047858559,0.0,0.0,155.22899983723957,158.56200154622394,151.89599812825523,4.294302884743273,1.5067505495236706,1.0,0.0,146.41000366210938,165.6999969482422,156.05500030517578,12.61035239139379,0.8050805694401707,3.1099505689921996,1.4523261142027803,3.4327907120473924,2.264823944046379,1.1679667680010133,154.4891675313314,152.06269425612228,156.2912679223641,152.85847721031672,1.1889104580932741,0.739798478516462,0.44911197957681215,0.21760114376890347,25.663569285650098,-2.1595046997070426,57.521821375183244,41.42368683290957,16.098134542273677,156.58999633789062,156.05500030517578,156.3224983215332,151.98500061035156,95.36192242988338,26.66925800618165,39.43029053319535,13.764844914542476,152.60753034660917,144.4275016784668,147.76499938964844,92.0,28.000000000000004,64.0,150.63629011314376,,0.0,0.0,76.57501141852454,1.0,1.0,1.0,36.07526392342595,63.549239070384225,79.36336852401793,76.71061175289587,-20.636631475982064,9.948648340561817,7.6442434281926115,2.2457313291982124,1.496232511300664,0.7494988178975484,8.231903947315766,4.310312893041141,3.921591054274625,158.3217516946942,0.3283555958565998,0.3278176860528781,719.756685303118,25.745683463669025,-15332353.952889472
2021-11-26,159.57000732421875,160.4499969482422,156.36000061035156,156.80999755859375,154.8409881591797,76959800,-5.1300048828125,0,11542612856.71279,8467668700,0.13974018745089106,37613556.649486154,-13.206431664315472,2.281096462673538,135450815.2625161,155.54136255183388,69.92420686225006,11734.729129713773,153.18150177001954,162.5640823961834,143.79892114385567,12.250278940665428,0.6933634217038296,0.0,0.0,156.1836669921875,159.75066833496095,152.61666564941407,4.56770085050169,0.5877951122271305,0.0,0.0,146.41000366210938,165.6999969482422,156.05500030517578,12.592899967186652,0.5391393217311652,3.3569556951984483,1.6658297404633828,3.2198900604838627,2.455837167333876,0.7640528931499868,154.9891675313314,152.3530789888822,156.37107248178407,153.1511824213002,1.0815966172182723,0.7589801852301709,0.3226164319881014,0.23613189668117146,25.861806115960437,-5.261503601074224,61.07157604585339,44.27843894998604,16.79313709586735,157.5199966430664,156.05500030517578,156.7874984741211,151.98500061035156,97.68096121494169,26.761506286018335,34.482888023769526,19.413157999658655,80.0195326336865,144.24250030517578,147.76499938964844,88.0,24.0,64.0,151.84138665995164,,0.0,0.0,59.12775277365358,0.3826589333483731,0.7942196444494574,0.9314065481498194,33.01508831487241,54.36420976427717,51.20747094381718,69.00844118610978,-48.79252905618282,10.015441984288856,3.978516077933652,2.102425857625009,1.617471180565533,0.4849546770594759,6.693519691505788,4.786954252734071,1.9065654387717172,158.1419274096114,-3.1678429081589354,-3.219104551022056,693.7880812835843,19.9568541748325,8213599.188602179
2021-11-29,159.3699951171875,161.19000244140625,158.7899932861328,160.24000549316406,158.22793579101562,88748200,3.4300079345703125,1,11561102558.759367,8556416900,0.07942766653107482,75726910.01082142,4.286297991209277,2.6357667637814655,137392062.85462254,156.12780094508577,75.59329642687052,11734.729129713773,153.70350189208983,163.4308073227992,143.97619646138045,12.65723332385569,0.8359873732574646,0.0,0.0,157.26200052897136,160.77700297037762,153.7469980875651,4.47025019341366,0.9236134986866864,0.0,0.0,147.47999572753906,165.6999969482422,156.58999633789062,11.853992261994648,0.7003297975153803,3.459260613959853,1.6475698319733616,3.290012518449828,2.6226722375570666,0.6673402808927613,156.0158348083496,152.76692551832932,156.9662929450733,153.67628042662346,1.0838360342264077,0.7041817392286996,0.3796542949977081,0.25264280898405456,26.01561492189987,-5.833506774902332,65.82001539281896,47.65416805819095,18.165847334628012,157.5199966430664,156.05500030517578,156.7874984741211,151.98500061035156,98.84048060747085,27.012746971871564,32.796322694784436,17.551552156374754,99.89939595708843,144.24250030517578,147.76499938964844,84.0,20.0,64.0,152.95007548301487,,0.0,0.0,64.88818918008073,0.5864820111112523,0.6563803148198747,0.8168666530897776,32.509158448584444,56.740588448756746,70.03297975153802,66.86793973979107,-29.967020248461978,9.767853007597068,8.328831447217556,2.140872039143819,1.7221513522811904,0.41872068686262875,6.5200392285571045,5.1335712478986775,1.386467980658427,158.4221250106479,2.187365594013646,2.1637859814676474,711.1511286629625,25.904158100641865,19656363.463719904
2021-11-30,159.99000549316406,165.52000427246094,159.9199981689453,165.3000030517578,163.22439575195312,174048100,5.05999755859375,1,11721475389.928135,8730465000,0.16355351862154424,190720631.5918299,8.783799111536563,3.2838611496780588,142888087.13624582,157.40374571696432,78.05283037840653,11734.729129713773,154.52050170898437,165.21377691666316,143.82722650130557,13.84059084640812,1.0040317925714999,1.0,0.0,158.57633412679039,162.40633595784507,154.74633229573567,4.830483504546659,1.3777631475852172,1.0,0.0,147.47999572753906,165.6999969482422,156.58999633789062,11.791316374973787,0.9780464396440398,3.67333516291543,1.6184664959112993,3.7111052748813904,2.8403588450219313,0.8707464298594592,157.4683354695638,153.40577169565054,158.24840219225553,154.53729691737414,1.1005737652784773,0.6426387017605077,0.45793506351796953,0.27315111409452014,26.28120237071474,-4.530496215820307,73.62907986137579,51.984980459453624,21.644099401922162,158.34500122070312,156.05500030517578,157.20000076293945,151.98500061035156,99.42024030373543,28.085620776191938,37.98951748321973,15.504420926114973,130.64094931129586,144.4574966430664,147.76499938964844,80.0,16.0,64.0,153.97006920023307,,0.0,0.0,71.31168899819892,0.8137664407210217,0.5943024617268821,0.6816341403320716,34.6105845132438,59.438646269446494,97.80464396440398,73.01503155325308,-2.1953560355960224,9.03670636345359,11.787386562606544,2.4014301718151527,1.858007116187983,0.5434230556271697,13.64594501589644,6.8360460014982305,6.80989901439821,159.66419762659334,3.1577617231232535,3.108929765049684,736.765348520564,29.501396500170387,99236658.38253787
2021-12-01,167.47999572753906,170.3000030517578,164.52999877929688,164.77000427246094,162.7010498046875,152052500,-0.529998779296875,0,11582072251.532078,8578412500,0.0760470566795263,151962307.16599163,17.816325478593605,4.994905217611351,142400563.61597216,158.86416802717972,84.2067481501795,11697.104253734911,155.25800170898438,166.62154318123984,143.89446023672892,14.63826836256116,0.9185316077166827,0.0,0.0,160.16866760253907,164.3606689453125,155.97666625976564,5.234483629689611,1.0488233773891886,1.0,0.0,147.47999572753906,170.3000030517578,158.88999938964844,14.698119950682203,0.7576688429267979,3.8830020738699806,1.4011696373600384,3.9564503492370307,3.0635771458649512,0.8928732033720794,158.70000203450522,154.02615649883563,159.2517255892102,155.29527523997317,1.2315366956918519,0.5628745648506476,0.6686621308412043,0.2941190778622517,26.601421237234312,-5.258001708984381,79.79739412768878,56.98564821465291,22.811745913035864,161.6750030517578,158.3550033569336,160.0150032043457,154.28500366210938,99.71012015186771,29.773162790721187,43.12918881075477,13.727768695336659,146.12335906575473,144.4574966430664,147.76499938964844,100.0,12.0,88.0,154.9084634200738,,0.0,0.0,69.86984747379785,0.7627493724964939,0.7209992747762556,0.6572273504410043,35.63063877529455,49.88341791633686,75.76688429267979,81.20150266954062,-24.233115707320206,9.636206323960266,9.853989091273476,2.547695249017232,1.9959447427538328,0.5517505062633994,16.5584783028862,8.780532461775824,7.777945841110377,160.4607943454036,-0.3206284147078464,-0.3211435289726339,734.0824410487778,25.917764739321,29365975.306505874
2021-12-02,158.74000549316406,164.1999969482422,157.8000030517578,163.75999450683594,161.70375061035156,136739200,-1.010009765625,0,11700009689.27759,8441673300,0.12179957383431653,110523702.23602855,-30.025016019778295,2.98288707515679,141562377.51557383,159.45529502619033,78.30805184862845,11625.403159971085,155.87150115966796,167.67157597714987,144.07142634218604,15.14077266169963,0.8342560733378194,0.0,0.0,161.04466705322267,165.47566833496094,156.61366577148436,5.502822742058159,0.8064011135365838,0.0,0.0,147.47999572753906,170.3000030517578,158.88999938964844,14.640269166871583,0.7134090076307295,4.191701988553295,1.1607871177331042,4.023013940728077,3.2554645048375765,0.7675494358905008,159.8466682434082,154.581540621244,159.94530542269106,155.922291481963,1.1042599895947913,0.6807558521711705,0.4235041374236208,0.3125075923383309,27.00590856924247,-4.871501159667957,85.07263119661629,62.33181703495845,22.740814161657838,163.3300018310547,158.3550033569336,160.84250259399414,154.28500366210938,99.85506007593386,29.15103675434466,37.534018151174315,24.473192424419697,77.67954436762282,145.36499786376953,147.76499938964844,96.0,8.0,88.0,156.44761738324218,,0.0,0.0,67.08613137261749,0.5684930492246015,0.715002954147372,0.6767682302168367,35.459107486389335,59.61530977982932,71.34090076307294,81.63747634005226,-28.65909923692706,9.119824084113617,9.173329671223957,2.5801403394545783,2.1127838620939823,0.46735647736059605,17.261629252588605,10.47675181993838,6.784877432650225,160.81237205894251,-0.6129815739731703,-0.6148680190144695,728.9696693734031,24.454082413851268,15449821.78231749
2021-12-03,164.02000427246094,164.9600067138672,159.72000122070312,161.83999633789062,159.8078155517578,118023100,-1.9199981689453125,0,11677485876.841982,8323650200,0.12683292946546273,62362582.503274545,5.949367665682273,3.281987110597797,140178619.92217827,160.10502807779395,79.18118436081633,11489.10153851821,156.41550064086914,168.2627811455356,144.56822013620268,15.148473720475925,0.7289342138427828,0.0,0.0,161.60900065104167,166.00200297037762,157.21599833170572,5.436581256784887,0.5262913231154263,0.0,0.0,147.47999572753906,170.3000030517578,158.88999938964844,14.589351586460483,0.6292723927003903,4.296532339014372,1.2067000474391352,3.8761563429122816,3.379602872452518,0.4965534704597636,160.75000127156576,155.08115563025842,160.23679633272175,156.36063998980947,1.1342378026578286,0.6959296688394292,0.4383081338183994,0.32520540671259257,27.22804287062124,-2.925495147705078,87.54393396494928,67.48268028795738,20.061253676991896,163.3300018310547,158.3550033569336,160.84250259399414,154.28500366210938,99.92753003796693,28.708549456451944,35.34502252796876,22.147024779434616,73.40159948462612,145.7775001525879,147.76499938964844,92.0,4.0,88.0,157.8000030517578,,0.0,0.0,62.027001176961164,0.33758675245979086,0.5562763913936285,0.6640928734390856,33.593803033603756,55.92889302498528,59.637385477219205,68.91505684432401,-40.362614522780795,9.373442481545851,7.178805521781871,2.4789847004750705,2.1860240297702,0.29296067070487064,16.215252501430133,11.624451956236731,4.590800545193401,160.84476463324916,-1.1724464053185835,-1.1793737577514563,719.2504442836533,22.80927616446465,3163682.5172214657
2021-12-06,164.2899932861328,167.8800048828125,164.27999877929688,165.32000732421875,163.24412536621094,107497000,3.480010986328125,1,11632098659.625011,8431147200,0.09499487373630526,106895176.57385167,12.525014778743325,3.6698545966516654,142490105.0276048,160.87610827036443,79.93034584114224,11736.149242928732,157.11750106811525,169.3228363333817,144.9121658028488,15.536569996712293,0.8360213413983771,0.0,0.0,162.2550008138021,166.5590031941732,157.95099843343098,5.305232330324559,0.8560646857904842,0.0,0.0,147.47999572753906,170.3000030517578,158.88999938964844,14.524166416270571,0.7817706341288585,4.4708799596051225,1.1195753621614593,3.9945319635567103,3.502588690673357,0.49194327288335327,161.73583475748697,155.57154024564304,161.01882879295206,157.02429682939535,1.12952894273281,0.6538346094671244,0.47569433326568555,0.3373644223776309,27.25785809912358,0.7524940490722543,89.83886812727529,72.350359778446,17.488508348829285,163.3300018310547,158.3550033569336,160.84250259399414,154.28500366210938,99.96376501898347,28.7943807817938,36.71692014146218,19.809701370756645,107.33636385324189,146.94250106811523,147.76499938964844,88.0,0.0,88.0,157.8000030517578,,0.0,0.0,66.89940614210516,0.49444174113603356,0.466840514273475,0.5793732866048255,33.68666899175838,55.268186155204596,76.24048600974785,69.07292408334669,-23.75951399025214,9.97144322114832,7.707343414996201,2.5438941897614176,2.2575980617684435,0.2862961279929741,14.463924042346632,12.192346373458712,2.27157766888792,161.01558328791282,2.1502787105003085,2.1274863715285974,736.8666121727639,27.30916991074841,3217093.4776850343
2021-12-07,169.0800018310547,171.5800018310547,168.33999633789062,171.17999267578125,169.03054809570312,120405400,5.8599853515625,1,11722773701.175941,8551552600,0.15542326664423495,192420705.67030478,10.440738052060533,4.477820951221875,146758032.97939396,161.96956328230425,80.82702490109139,11736.149242928732,158.15450057983398,171.39465441011606,144.9143467495519,16.743315911643823,0.9918935332215004,0.0,0.0,163.03433380126953,167.1923370361328,158.87633056640624,5.100770049984293,1.479515697127584,1.0,0.0,147.47999572753906,171.5800018310547,159.52999877929688,15.238267652933663,0.9834021139432373,4.649791414328204,1.0852702533093164,4.509217882835202,3.703914529105726,0.8053033537294758,162.84500122070312,156.3938475388747,162.5820847749258,158.0728668920906,1.1380242184129605,0.5860696299435696,0.5519545884693909,0.35543612085926657,27.270065976394687,2.395502471923834,94.57097426784769,77.20736603995653,17.363608227891163,163.97000122070312,159.52999877929688,161.75,154.9250030517578,99.98188250949173,29.423092129579995,39.076245630933755,17.722133933673234,146.18271470505056,147.75500106811523,147.76499938964844,100.0,36.0,64.0,159.0500030517578,,0.0,0.0,73.14757306680934,0.8035543335787726,0.5451942757248653,0.5227703937973233,36.160260066991974,63.51295573933242,98.05726456329026,77.97837868341914,-1.9427354367097331,10.769442838781032,8.430986235676823,2.852619789526211,2.376602407319997,0.4760173822062139,13.84338917994481,12.522554934755933,1.3208342451888768,161.86032925062403,3.5446316791349686,3.4832557719998825,766.5304512199432,31.445207406935964,23987558.900367826
2021-12-08,172.1300048828125,175.9600067138672,170.6999969482422,175.0800018310547,172.881591796875,116998900,3.9000091552734375,1,11800624535.726881,8668551500,0.18686737115015975,230117287.8826786,15.150781210083649,4.727894634207211,149423629.43155152,163.30718414450698,81.31304521236378,12003.53498573437,159.36800079345704,174.0621328185511,144.67386876836298,18.44050493441007,1.0346352207386358,1.0,0.0,164.35000050862632,168.7600041707357,159.93999684651692,5.366600119819189,1.7165524276793926,1.0,0.0,147.47999572753906,175.9600067138672,161.72000122070312,17.870595630573657,0.969100964067923,4.710813249457884,1.0852702533093164,5.1721865797522355,3.997568939235028,1.1746176405172073,164.0558344523112,157.3984627356896,164.50484124509944,159.3326546653472,1.145530626249366,0.5811451757956517,0.5643854504537144,0.38082912482621717,27.278000601247697,1.6520034790038949,101.51629230397967,82.09564058760057,19.420651716379098,166.16000366210938,161.72000122070312,163.94000244140625,157.11500549316406,99.99094125474586,30.553615262291004,42.92361126497874,16.17929866219503,168.38811282075417,147.75500106811523,147.76499938964844,100.0,32.0,68.0,160.55360290527344,,0.0,0.0,76.34754936954212,0.9869628774575836,0.7616529840574628,0.5912292580186014,39.406216209264464,64.48633910989743,96.15886188500296,90.15220415268038,-3.8411381149970363,11.234942896225874,9.050139210905353,3.2461560316154827,2.5505131321790944,0.6956428994363884,12.948133447668035,12.607670637338355,0.3404628103296794,163.31163120879097,2.278308985945654,2.252743111427069,786.2726923560425,31.767090408929874,15419938.48020339
2021-12-09,174.91000366210938,176.75,173.9199981689453,174.55999755859375,172.3681182861328,108923700,-0.5200042724609375,0,11740966599.977125,8559627800,0.1836263352114213,189151848.27483118,5.209284938385742,4.26554529783009,149100115.6733845,164.6916372271632,81.13553312522068,11967.883344130896,160.70000076293945,175.82509979138587,145.57490173449304,18.824018614360273,0.9581787124033772,0.0,0.0,165.7336669921875,170.17667083740236,161.29066314697263,5.361618946649264,1.4932841467054165,1.0,0.0,147.47999572753906,176.75,162.11499786376953,18.214066044491997,0.9251792920485925,4.522732107617564,1.0881693661775733,5.591182379479534,4.316291627283929,1.2748907521956045,165.1841672261556,158.3423086313101,166.0517883702524,160.46060599077288,1.1682894134317618,0.6060165848585275,0.5622728285732344,0.4084040139542669,27.242924172775727,0.7100028991699219,107.92653389938116,87.30174701577033,20.624786883610824,167.2750015258789,162.11499786376953,164.69499969482422,157.51000213623047,99.99547062737292,31.694387217932665,42.20290420481961,15.402378851837941,165.8597965882251,147.75500106811523,147.76499938964844,100.0,28.000000000000004,72.0,162.71049943847657,,0.0,0.0,75.06310379847582,0.9133441160687339,0.9012871090350297,0.7360447896057862,41.36708574250236,59.063176200425275,89.25942860734921,94.49185168521417,-10.740571392650786,13.320177953383507,8.408888912474424,3.484457973317793,2.7373021004068345,0.7471558729109584,11.530669609344287,12.392270431739542,-0.8616008223952552,164.3990327072513,-0.29700951966102895,-0.29745146823803026,783.6403780895889,28.210316704279137,8278771.423765793
2021-12-10,175.2100067138672,179.6300048828125,174.69000244140625,179.4499969482422,177.19671630859375,115402700,4.8899993896484375,1,11847959020.056322,8675030500,0.24265100854043242,242747174.60182413,7.812232356004645,4.026597742732814,152332924.6814985,166.03743403152635,81.26616584370025,11967.883344130896,162.27900085449218,178.28482222921662,146.27317947976775,19.72630012564113,1.036398466899848,1.0,0.0,167.7386672973633,172.26667175292968,163.21066284179688,5.398879731814323,1.7932109239073122,1.0,0.0,147.47999572753906,179.6300048828125,163.55500030517578,19.81156464236603,0.9944009989639214,4.577459629277683,1.0881693661775733,6.245823685226668,4.702198038872478,1.5436256463541902,166.6875,159.41769291804388,168.1130512284047,161.86722754317802,1.1259547457024075,0.5997982208426259,0.5261565248597816,0.44147277785572625,27.287936879524644,-0.3389984130859318,118.28264719340234,93.13092832694626,25.15171886645608,168.71500396728516,163.55500030517578,166.13500213623047,158.95000457763672,99.99773531368646,33.07342188233632,43.44099239499108,14.096413409544342,176.4277305177976,147.75500106811523,147.76499938964844,100.0,24.0,76.0,164.95681952832032,,0.0,0.0,78.69325195950779,1.0,0.9667689978421055,0.8765696969781996,44.395421420825464,67.22080092301617,99.22643789634648,94.88157612956626,-0.7735621036535186,15.468001197366164,11.176502618695906,3.8586091700128713,2.9615635143280423,0.897045655684829,10.748710765657435,12.063558498523122,-1.3148477328656867,168.3142259175002,2.8013287454401015,2.762809248874021,808.3940500073282,32.40794399514698,19196796.527625322
2021-12-13,181.1199951171875,182.1300048828125,175.52999877929688,175.74000549316406,173.53330993652344,153237000,-3.709991455078125,0,11704473768.254168,8521793500,0.14733376870901177,126853583.85844833,7.19277857690961,3.232869307194862,149164866.89230958,167.38911700576335,71.86608535373249,11967.883344130896,163.56650085449218,179.55373140446258,147.57927030452177,19.548294383570088,0.8807258737097033,0.0,0.0,169.51133422851564,174.45933837890624,164.563330078125,5.837962603397703,1.1294124939402812,1.0,0.0,149.33999633789062,182.1300048828125,165.73500061035156,20.046897362004266,0.8051235826640842,4.779714276701477,1.2204160886014193,6.391588082939961,5.040076047685975,1.351512035253986,167.83750025431314,160.37076979417068,169.28642880759844,162.89484072465848,1.07848663263095,0.6451156190509834,0.43337101357996655,0.470956488445147,27.41899994573719,-6.756503295898426,123.65784112564108,98.6896795785313,24.968161547109787,169.96500396728516,164.80500030517578,167.38500213623047,160.20000457763672,99.99886765684323,34.607962842911164,42.850063508073724,12.598819173006554,150.31113616988844,147.75500106811523,147.76499938964844,100.0,20.0,80.0,167.59799289212893,,0.0,0.0,70.32834459262307,0.5724664478311637,0.8286035212999655,0.8988865427257006,43.77397886810944,57.93477355787328,75.20373174141419,87.89653274836998,-24.796268258585805,17.125795117546545,8.521676450357583,3.9237510865943737,3.1540010287813085,0.7697500578130652,12.589002683314446,12.168647335481388,0.4203553478330573,169.31309629873806,-2.0674235264256824,-2.089093926241148,789.6136977048258,25.54456701961388,54466182.745926574
2021-12-14,175.25,177.74000549316406,172.2100067138672,174.3300018310547,172.14102172851562,139380400,-1.410003662109375,0,11671959853.84468,8382413100,0.14181731193757857,80656375.53206006,-15.29492071158189,2.7354137002478938,148046584.95146877,168.38105365470128,69.59740324099445,11871.862183237175,164.78300094604492,180.14635514798994,149.4196467440999,18.64677073938647,0.8107069185386974,0.0,0.0,170.62933451334635,175.5703379313151,165.6883310953776,5.791505232158386,0.8744854035366857,0.0,0.0,149.33999633789062,182.1300048828125,165.73500061035156,19.898902409028434,0.7621225672731402,4.854742726961017,1.439055659452416,6.320473423396749,5.29615552282813,1.0243179005686187,169.29750061035156,161.25730837308444,170.06236311889938,163.74188969550264,1.0567704068807289,0.6652178805612529,0.391552526319476,0.49388732995217866,27.60938951847118,-4.542995452880859,125.57836414457269,103.77645402485172,21.801910119720972,169.96500396728516,164.80500030517578,167.38500213623047,160.20000457763672,99.99943382842162,34.99478480703349,39.10166178660484,16.74849203615843,103.57483418506689,147.75500106811523,147.76499938964844,96.0,16.0,80.0,170.50439529026565,,0.0,0.0,67.39616321457078,0.4226015580985139,0.6650226686432256,0.8201317292617657,42.26740147984403,56.77167483650631,69.73223997446803,81.38746987074292,-30.26776002553197,17.39203150132124,11.172759738048207,3.8600222796685775,3.2952052789587625,0.564817000709815,12.847540892682288,12.304426046921568,0.5431148457607193,169.66328692941843,-0.8023236702153325,-0.8055596066524728,782.476116434662,25.289848058212215,20145463.917881787
2021-12-15,175.11000061035156,179.5,172.30999755859375,179.3000030517578,177.04859924316406,131063300,4.970001220703125,1,11795731846.16011,8513476400,0.17619126968035256,162189002.0259629,5.101847435061622,2.981578514185371,151783089.019315,169.3183896137552,70.83638866231786,12210.318954435335,166.1980010986328,181.43539581094655,150.96060638631906,18.33643559078773,0.9299292037941674,0.0,0.0,171.6796676635742,176.7626708984375,166.59666442871094,5.921497057909042,1.2495898621426464,1.0,0.0,150.99000549316406,182.1300048828125,166.56000518798828,18.736687074333656,0.9091200421797234,5.08826869840554,1.4392290392450693,6.589195956478562,5.554763609558217,1.0344323469203456,170.88583374023438,162.3673083965595,171.48353849318528,164.89434253670672,1.047242012763836,0.6671347687989148,0.38010724396492124,0.516579164442784,27.890977899036884,-0.8979980468749886,130.04117478174493,108.7729588676438,21.268215914101134,170.9250030517578,164.80500030517578,167.8650016784668,160.20000457763672,99.99971691421081,35.57224175260789,37.505972733893515,14.920903346622222,112.21912714797018,147.75500106811523,147.76499938964844,92.0,12.0,80.0,,182.1300048828125,0.0,1.0,71.85111113012263,0.6502956165651013,0.5484545408315927,0.6806935769249282,42.57596142312418,62.16234083143763,89.01823297686076,77.98473489758102,-10.981767023139236,17.118942709530103,11.894656081628044,3.99601093349322,3.4353664098656544,0.5606445236275657,12.327864376550973,12.309113712847449,0.01875066370352485,170.78240145443937,2.850915601733095,2.811033237298055,807.6347657196661,30.994219698054962,15043000.272732735
2021-12-16,179.27999877929688,181.13999938964844,170.75,172.25999450683594,170.0970001220703,150185800,-7.040008544921875,0,11689199510.323101,8363290600,0.11882516285428872,-12025043.31002146,0.2767302154494501,3.9446615055971503,145886216.19538808,170.25155487776664,67.60230667642224,12210.318954435335,167.1365005493164,181.4090614652001,152.8639396334327,17.07892754601781,0.6794875491411527,0.0,0.0,172.95933430989584,178.44133809407555,167.47733052571613,6.339066701491182,0.43621494707116987,0.0,0.0,153.0500030517578,182.1300048828125,167.59000396728516,17.398953391676493,0.6605911363651866,5.61844176752983,1.5815373952072853,6.163046878170235,5.676420263280621,0.4866266148896141,171.46583302815756,163.1923082791842,171.60299326451616,165.43994638634592,1.0831228130780206,0.664260773335443,0.41886203974257763,0.5281254343312967,28.245133135340257,-2.3664962768554574,129.93903565869346,113.48352572250425,16.455509936189202,173.2050018310547,164.80500030517578,169.00500106811523,160.25,49.999858457105404,36.306210708314985,34.352796490903344,12.754934734280965,78.42815649261804,147.77999877929688,147.76499938964844,88.0,8.0,80.0,,181.93360473632814,0.0,0.0,59.457876087640884,0.0,0.35763239155453813,0.5237032003431191,38.04056440412189,51.6860972836559,59.43275941977722,72.72774412370204,-40.56724058022278,16.520354596306305,4.210521068713382,3.7252471442283315,3.49334255673819,0.23190458749014153,12.967320668271451,12.44075510393225,0.5265655643392009,170.8416704684554,-3.9263850669816525,-4.00554661592567,771.9975298157152,21.270196681416735,38340113.753958866
2021-12-17,169.92999267578125,173.47000122070312,169.69000244140625,171.13999938964844,168.9910430908203,195432700,-1.1199951171875,0,11643701683.391733,8167857900,0.05809752436797857,-41576275.65698547,-8.442643731925259,3.0354513825161127,144615557.44281226,170.84250162466276,59.29165163748616,12210.318954435335,167.80000076293945,181.51047270856822,154.08952881731068,16.341444437772473,0.6218046555929777,0.0,0.0,173.8853342692057,179.2213373819987,168.54933115641276,6.137381436127184,0.2427536283688251,0.0,0.0,156.36000061035156,182.1300048828125,169.24500274658203,15.357571010305108,0.5735349758979859,5.434597468706534,1.9885400190804354,5.669590902874745,5.6750543911994455,-0.0054634883247004495,171.99666595458984,164.08538524921124,171.53176343761345,165.8621725347387,1.0654308280620313,0.7877134366572011,0.2777173914048302,0.5292649881540346,28.459944918893793,-4.04000625610351,131.70397061299207,118.13520377647279,13.568766836519274,175.23500061035156,164.80500030517578,170.02000045776367,160.25,24.999929228552702,36.646599214626725,32.50413870101317,13.577605927138583,38.820861577431906,147.59499740600586,147.76499938964844,84.0,4.0,80.0,,181.486260546875,0.0,0.0,57.75124300410565,0.0,0.21676520552170012,0.3742840459692773,34.02463235759004,48.048118951303806,54.82940951062126,67.76013396908644,-45.17059048937874,14.715971913057217,3.8659919597102044,3.418254335048751,3.4783249124003026,-0.060070577351551524,15.904425888347124,13.133489260815224,2.770936627531899,170.85562510973818,-0.6501771466984829,-0.6523000048709093,766.3280011570782,23.353766572594395,73529581.539928
2021-12-20,168.27999877929688,170.5800018310547,167.4600067138672,169.75,167.61849975585938,107499100,-1.3899993896484375,0,11694005533.729187,8060358800,0.04118280703571721,-56983048.189952746,-7.4299969793462655,1.8773230903101958,143742449.55499727,171.43308956208938,52.246374554345806,12111.14672144125,168.26000061035157,181.57835815082467,154.94164306987847,15.830687616975725,0.5559378055860296,0.0,0.0,174.2290008544922,179.51700286865236,168.94099884033204,6.070174297304781,0.07649402907767647,0.0,0.0,156.36000061035156,182.1300048828125,169.24500274658203,15.315585509914431,0.519596320127802,5.259136989414006,2.457909534402652,5.107486231285236,5.561540759216603,-0.45405452793136725,172.49583307902017,164.92692389855017,171.25764598567292,166.1501597543877,1.0183601341622026,0.8652771160464438,0.15308301811575886,0.5206553791019326,28.47318923771298,-6.420004272460943,130.17296980326722,122.09098105818606,8.081988745081162,174.79500579833984,164.80500030517578,169.8000030517578,160.66500091552734,12.499964614276351,36.266701904444155,30.768192012122686,16.08881239447574,11.372811580900816,148.1199951171875,147.76499938964844,80.0,0.0,80.0,,181.13999938964844,0.0,0.0,55.61757908434697,0.0,0.0,0.1914658656920797,30.17136340155453,49.09313506423434,49.116301064101336,54.45948999816664,-50.883698935898664,12.15779580508962,3.6577953676677843,3.0740182488150496,3.397463579683252,-0.3234453308682026,12.759112151887884,13.058613839029757,-0.2995016871418734,170.83359830216455,-0.8122001838294479,-0.8155164984716023,759.2916835391144,23.112063413036765,-41696761.13714683
2021-12-21,171.55999755859375,173.1999969482422,169.1199951171875,172.99000549316406,170.8178253173828,91185900,3.2400054931640625,1,11775805036.067371,8151544700,0.12257372694099229,-6636496.034372516,9.575132010845845,1.288666414042499,145482907.97561058,171.86598713500885,50.748731927409615,12342.311268751917,168.8585006713867,181.89448617795247,155.82251516482094,15.440129403890568,0.6584653810675251,0.0,0.0,174.36933441162108,179.7413360595703,168.99733276367186,6.161635778534227,0.3716187178587721,0.0,0.0,156.36000061035156,182.1300048828125,169.24500274658203,15.26130113082764,0.6453241026655211,5.141223473578074,2.638111216217844,4.867347838682207,5.422702175109724,-0.5553543364275173,173.4250005086263,165.81153928316556,171.52416283297924,166.65681499429704,0.9813735341310875,0.8897616694795134,0.09161186465157412,0.5089053091077474,28.423167897708687,-3.5384933471679574,126.43381258772371,124.85959442304653,1.574218164677177,174.79500579833984,165.73500061035156,170.2650032043457,160.66500091552734,6.2499823071381755,36.30815001978396,32.773176260998895,15.12437666138979,35.06083745424388,148.06999588012695,147.76499938964844,76.0,4.0,72.0,,180.04559997558593,0.0,0.0,59.384387281360084,0.16323719864601613,0.05441239954867175,0.09039253502345758,28.239404664738494,50.285585973215134,62.43321536465242,55.459641979791705,-37.56678463534758,10.775676278507007,6.889526326974436,2.920581338872201,3.3020871315210423,-0.38150579264884144,9.114185043084913,12.269728079840789,-3.1555430367558763,170.85446700581207,1.908692484927288,1.8907054674309087,775.6929193264307,27.496118135152642,-16410252.562406361
2021-12-22,173.0399932861328,175.86000061035156,172.14999389648438,175.63999938964844,173.4345245361328,92135300,2.649993896484375,1,11857013197.63709,8243680000,0.12788390219180162,29191286.634931676,11.455949706322048,4.251592537335381,146894307.33336368,172.78582577338932,57.093732030023006,12342.311268751917,169.57000045776368,182.45463137126097,156.6853695442664,15.19682830537773,0.735551913463277,0.0,0.0,174.43300069173176,179.6500020345052,169.21599934895832,5.981667829005859,0.615679354730146,0.0,0.0,156.36000061035156,182.1300048828125,169.24500274658203,15.19726614548173,0.7481566000320926,4.998101797606985,2.686934618631668,4.835132396462825,5.305188219380345,-0.47005582291752024,174.2849998474121,166.79769310584436,172.15736845708219,167.32223606061936,1.108379503619675,0.7767643798795432,0.3316151237401319,0.49778331943512566,28.34484268053621,1.6099922180175668,123.08634791652047,126.54401820272867,-3.4576702862081987,174.79500579833984,165.73500061035156,170.2650032043457,160.66500091552734,3.1249911535690877,36.71099823469323,34.93142958120386,14.2857815412292,61.36667105844167,148.06999588012695,147.76499938964844,72.0,0.0,72.0,,179.03875251464842,0.0,0.0,62.20945876495002,0.28566359543511727,0.14963359802704415,0.06801533252523893,27.589618159987783,57.1062502476798,71.0396946336189,60.86307035412424,-28.9603053663811,9.71597029742074,6.242433830280776,2.8897129935026085,3.219612303917356,-0.3298993104147474,6.141113493581326,11.044005162588897,-4.9028916690075715,170.88168415627388,1.531876878626437,1.5202621105387948,789.1074566853611,28.763495792151787,906492.9459210932
2021-12-23,175.85000610351562,176.85000610351562,175.27000427246094,176.27999877929688,174.0665283203125,68356600,0.6399993896484375,1,11876048636.239851,8312036600,0.1118576398791488,31270843.155433204,4.749967522452851,4.165921098533279,147143386.0308726,173.65838288983025,56.06039685075838,12387.28434838242,170.2870002746582,182.98813409713307,157.58586645218332,14.917326398361642,0.7359237603667306,0.0,0.0,174.53866780598958,179.63066914876302,169.44666646321616,5.834811743187475,0.6709868925877821,0.0,0.0,156.36000061035156,182.1300048828125,169.24500274658203,15.133277485008339,0.7729916517799253,4.656291800951755,2.6701236548079352,4.805845236103778,5.205319622725032,-0.3994743866212538,174.71000035603842,167.77000075120193,172.79161927588444,167.98577403978067,1.1305556273754427,0.7622221788948148,0.3683334484806279,0.4872987597951696,28.045916688196247,4.79300155639649,120.96492771528831,126.84204937182709,-5.877121656538776,174.79500579833984,166.56000518798828,170.67750549316406,160.66500091552734,1.5624955767845439,37.21510561783237,35.6190369683986,13.931506540549293,74.25087976536167,148.06999588012695,147.76499938964844,68.0,0.0,68.0,,178.11245285058592,0.0,0.0,62.88096868932649,0.3147639353476012,0.2545549098095779,0.15286696912843156,27.286111249643092,59.292210559253824,67.22686776917435,66.89992592248191,-32.77313223082565,9.017647597369006,2.9793237070497787,2.8608644175819955,3.1478627266502843,-0.2869983090682888,2.0360572152863856,9.242415573128394,-7.206358357842008,170.93338287633165,0.36438134358485197,0.36371908304868583,792.3471983819443,27.770605228670036,-18407283.96037969
2021-12-27,177.08999633789062,180.4199981689453,177.07000732421875,180.3300018310547,178.06564331054688,74919600,4.0500030517578125,1,11946942858.291822,8386956200,0.165557403099102,70149952.5098677,12.00582656528096,4.12883622614311,148864651.12468717,174.4166169970619,55.39549353551168,12387.28434838242,171.46300048828124,183.2796561055549,159.64634487100759,13.783330028779325,0.8751908166728501,0.0,0.0,174.67366790771484,179.6066680908203,169.74066772460938,5.648247090925817,1.0733158031000742,1.0,0.0,157.8000030517578,182.1300048828125,169.96500396728516,14.189651272734807,0.9260171427747161,4.604662559821423,2.6701236548079352,5.051209154639594,5.174497529107945,-0.12328837446835106,175.14750035603842,168.80230830265924,173.95137043821833,168.90016128357874,1.1182597149589417,0.7763194984844609,0.3419402164744808,0.4815730337528217,27.58167173591986,3.0969970703125114,120.86280820999606,126.53149015897765,-5.668681948981586,174.3000030517578,167.59000396728516,170.94500350952148,160.66500091552734,25.78132608316219,38.11924464856958,38.929190243757574,13.020362676870064,107.75044605770428,149.1699981689453,147.76499938964844,64.0,0.0,64.0,167.4600067138672,,1.0,0.0,66.89040785730501,0.4885157123670429,0.36298108104992016,0.2557231962955144,28.311281428813288,58.21135110255118,87.73003901549075,75.33220047276136,-12.26996098450926,9.638441736557922,2.998629166720048,2.9906479166463034,3.1164197646494882,-0.12577184800318486,-0.9028250851257679,7.213367441477562,-8.11619252660333,170.99664393088145,2.2974830268908786,2.27148828241015,812.8487238057058,31.138289843800464,3727336.6254493296
2021-12-28,180.16000366210938,181.3300018310547,178.52999877929688,179.2899932861328,177.0386962890625,79144300,-1.040008544921875,0,11910762249.498955,8307811900,0.14373727385472704,48369852.39676369,4.192338273745623,3.682521956263474,148408206.01047388,174.9752254093521,54.40814736309639,12387.28434838242,172.41549987792968,183.50899209397966,161.3220076618797,12.868323583325378,0.8098435224147528,0.0,0.0,174.8653340657552,179.4183339436849,170.3123341878255,5.207435655848875,0.9859059234578275,0.0,0.0,157.8000030517578,182.1300048828125,169.96500396728516,14.111261370515034,0.8832712131959353,4.424196609015062,2.6745688116004183,5.102918561252068,5.16018173553677,-0.05726317428470207,175.54166666666666,169.62615438608023,174.7726970302052,169.66977846895313,1.1307020940297268,0.8380851785339342,0.2926169154957926,0.4769527189299023,27.101828158850523,7.034497070312511,120.53824073486115,125.97147644678749,-5.4332357119263435,174.39500427246094,169.24500274658203,171.82000350952148,161.81999969482422,50.39078048373595,39.06241774489292,38.63686160590712,12.428331456487458,107.1762886047396,151.5824966430664,148.47000122070312,60.0,16.0,44.0,167.71920654296875,,0.0,0.0,64.95026303383807,0.40443821508394723,0.4025726209328635,0.34003620393078743,28.542431489688163,65.27304639434318,80.64068199618686,78.53252959361735,-19.359318003813136,10.965588154512318,2.7096676178351613,3.0075589225725436,3.0946475962340996,-0.08708867366155593,-2.9839462453451633,5.173904704113018,-8.157850949458181,171.16412289603127,-0.576725189575622,-0.5783946712725196,807.5840952727989,27.62852019333019,9154111.936134964
2021-12-29,179.3300018310547,180.6300048828125,178.13999938964844,179.3800048828125,177.1275634765625,62348900,0.0900115966796875,1,11910511990.409578,8370160800,0.08144859450884431,42261605.48868633,-2.176539496989015,2.4448561914725695,148439507.94728228,175.2295441513353,48.82138594378881,12393.50331923677,173.11949996948243,184.1039395094814,162.13506042948347,12.690008395282218,0.7849715222398438,0.0,0.0,175.32766723632812,179.57666778564453,171.07866668701172,4.846925321363093,0.9768577456569556,0.0,0.0,157.8000030517578,182.1300048828125,169.96500396728516,14.053877139977638,0.8869708264267405,4.230777497429962,2.6782721727680916,5.0924591233046215,5.14663721309034,-0.0541780897857187,175.53583399454752,170.35038522573618,175.481513622914,170.3890544996094,1.0933143739312043,0.910599586314255,0.18271478761694937,0.4723565127609979,26.612060189240868,2.6205055236816293,118.45518119057698,124.6841438255466,-6.228962634969619,174.39500427246094,169.24500274658203,171.82000350952148,162.64500427246094,68.94552725771533,39.795757935376336,37.024589771195274,12.563293412959833,95.86354643641766,153.17000198364258,149.64500427246094,56.00000000000001,12.0,44.00000000000001,168.26363835449217,,0.0,0.0,65.04476238038399,0.40853340862639154,0.4338291120257936,0.3997942713361928,28.754708618311287,66.33096040414866,81.2542580555911,83.20832635575626,-18.745741944408906,11.768236227596503,-0.03900365930341862,2.988724327545521,3.073462942496384,-0.08473861495086332,-6.009893035696426,2.9371451561511295,-8.947038191847556,171.43164033932098,0.05020447322792165,0.050191874998617436,808.0397430869309,27.648926302402657,-8133086.555889711
2021-12-30,179.47000122070312,180.57000732421875,178.08999633789062,178.1999969482422,175.96238708496094,59773000,-1.1800079345703125,0,11856041439.889675,8310387800,0.12293045331915532,26148145.522720963,-0.22819895452350916,2.0564644848361944,148046305.73770964,175.38692838312207,43.20172785018237,12311.975658094287,173.79099960327147,184.28260287476905,163.2993963317739,12.0738165905573,0.7101202852832125,0.0,0.0,175.5193339029948,179.2973353068034,171.74133249918617,4.304940452767015,0.8547726375306549,0.0,0.0,157.8000030517578,182.1300048828125,169.96500396728516,13.9995752867496,0.8384707094615147,4.055700846319779,2.695643772357769,4.932098997672938,5.10372957000686,-0.17163057233392198,175.7408332824707,171.0111541748047,175.89974182681067,170.96764282913773,1.0423486415193057,0.9234884570639003,0.11886018445540547,0.4655683928600391,26.234991529936064,0.5390022277832145,112.67751888108842,122.76619751692381,-10.088678635835393,174.39500427246094,169.24500274658203,171.82000350952148,162.64500427246094,81.98900153871605,40.457340477528525,35.43842318199441,12.111448332784517,84.09414114536031,155.5099983215332,151.98500061035156,52.0,8.0,44.0,168.78629289355467,,0.0,0.0,62.65968012570013,0.3051742447317077,0.37271528948068183,0.40303900747978,28.260836914900832,62.41013287069726,73.2105765160238,78.36850552260061,-26.78942348397619,11.940884309656468,1.3997902459231537,2.8848142935455905,3.0357332127062255,-0.15091891916063505,-8.708632602201288,0.6079896044806461,-9.316622206681934,171.49148808732653,-0.6578257901939555,-0.6599989999108047,802.0664234716941,26.256747059547905,-669134.2108851299
2021-12-31,178.08999633789062,179.22999572753906,177.25999450683594,177.57000732421875,175.34033203125,64062300,-0.6299896240234375,0,11812141700.097567,8246325500,0.05200988453946648,16647184.120749876,-3.336540447017116,1.26012357033464,147819826.58517185,175.30248259528045,36.75860231846018,12311.975658094287,174.48150024414062,184.01557292523492,164.94742756304632,10.92846252210566,0.6619720754910187,0.0,0.0,175.84966735839845,178.7856689453125,172.91366577148438,3.3392176749816733,0.7929732690690592,0.0,0.0,159.72000122070312,182.1300048828125,170.9250030517578,12.843770617946609,0.7965195531715262,3.8471308837581133,2.7265027247352425,4.699998883678461,5.02298343274118,-0.3229845490627188,176.01083374023438,171.6326927771935,176.15670574948885,171.4567068658104,1.0201917474790305,0.9915591813191296,0.028632566159900952,0.45590932827339165,25.925884787997166,4.818502807617193,109.97590334153516,120.35196782009527,-10.37606447856011,174.39500427246094,169.24500274658203,171.82000350952148,164.27000427246094,73.7995488293136,40.736803695105735,34.18557344624576,13.172762441824194,66.79627101116697,156.3224983215332,151.98500061035156,48.0,4.0,44.0,169.28804125105466,,0.0,0.0,61.3659267980577,0.3541033274521783,0.35593699360342557,0.38749379836996733,27.495894771779877,54.46055069708226,68.91616818162434,74.46033425107977,-31.08383181837566,11.504646929572601,1.8585472719170801,2.741216117813862,2.9768297937277532,-0.23561367591389137,-10.50916058133449,-1.615440432682381,-8.893720148652108,171.91507606525437,-0.3535295369317071,-0.3541559293563701,798.8773522219782,26.092571317623964,8037687.362716511
2022-01-03,177.8300018310547,182.8800048828125,177.7100067138672,182.00999450683594,179.7245635986328,104487900,4.4399871826171875,1,11881463027.811316,8350813400,0.09520787980569333,80544005.92329796,10.143329005440773,1.4708771723725802,150432457.75937417,175.44239883692762,45.576176012375804,12311.975658094287,175.4900001525879,183.62660722171552,167.35339308346028,9.273015057328477,0.9006580567830648,0.0,0.0,176.79300079345703,179.86800231933594,173.71799926757814,3.4786462270317515,1.348291239772274,1.0,0.0,164.27999877929688,182.8800048828125,173.5800018310547,10.59889799267365,0.9532252639523532,3.993417551241677,2.6699277608502476,4.818779835900926,4.98214271337313,-0.16336287747220357,176.23666636149088,172.4046155489408,177.05721171215765,172.23843187625673,1.011669240763894,0.9695585584539417,0.04211068230995241,0.4490824857352257,25.72581172731325,-3.230005645751959,109.09066892563808,118.00948994480314,-8.918821019165051,176.0,169.62000274658203,172.81000137329102,164.64500427246094,79.96896511130126,41.511440882033824,37.40141594323918,11.946770472996047,116.1910868336902,156.3224983215332,151.98500061035156,100.0,0.0,100.0,169.76971967425467,,0.0,0.0,66.60003109106961,0.6765288032052473,0.4452687917963775,0.39130702496016195,28.322653589363632,57.32918191553203,94.35790869464111,78.82821779742979,-5.642091305358884,10.892441334443959,1.5114285604868856,2.7977378703511064,2.941011409052424,-0.14327353870131754,-8.251705397931364,-2.9426934257321777,-5.309011972199186,173.55277760623383,2.5004150472947684,2.4696661824073374,821.3530167936615,30.880149726369638,48587399.12969164
2022-01-04,182.6300048828125,182.94000244140625,179.1199951171875,179.6999969482422,177.44357299804688,99310400,-2.30999755859375,0,11812309750.012411,8251503000,0.08443754020722605,36265321.999545574,2.8271747677033137,2.7653125637500944,149172050.1528328,175.88155330100992,46.78252487528006,12155.71702082151,176.20899963378906,183.0643331311162,169.35366613646192,7.780911884834955,0.7546190725669473,0.0,0.0,177.92533365885419,181.0703364054362,174.78033091227215,3.5351938725174525,0.7821401811678406,0.0,0.0,167.4600067138672,182.94000244140625,175.20000457763672,8.785019925038316,0.7906972617957471,3.9760765285393846,2.5811050407044935,4.672653656063147,4.920244901911134,-0.2475912458479863,176.8566665649414,173.28500014085037,177.46379405617066,172.7911404001075,1.094391853054374,0.8911529627733035,0.20323889028107045,0.44075860168240505,25.63462393977593,-5.069000244140625,108.12596769584633,115.97528495681678,-7.849317260970452,177.5449981689453,170.37000274658203,173.95750045776367,164.6750030517578,83.02586978748161,42.238665457132626,34.99159631508368,11.14328408192804,104.22545968461368,156.7874984741211,151.98500061035156,100.0,12.0,88.0,170.55633678676816,,0.0,0.0,61.90124428679009,0.3870793604696935,0.47257049704237275,0.42459209414739224,27.64389252101499,52.52543476894347,79.0697261795747,80.78126768528008,-20.930273820425295,10.219058676326966,4.31905414992394,2.70422062453165,2.8936532521482694,-0.1894326276166196,-6.848702741241023,-3.7238952888339467,-3.124807452407076,174.34988016827913,-1.2691597320536152,-1.2772823634754182,809.6595753144552,26.15167012287185,21679391.565500557
2022-01-05,179.61000061035156,180.1699981689453,174.63999938964844,174.9199981689453,172.72357177734375,94537600,-4.779998779296875,0,11727345538.236927,8156965400,0.0021684067158626347,-33471097.22862611,-21.20452134912582,0.8862862220224201,146657361.1140355,175.8177747574645,38.248070589829794,11832.376378040417,176.39599990844727,182.88675053585717,169.90524928103736,7.359294576723652,0.386299611229176,0.0,0.0,178.4060002644857,181.69600270589194,175.11599782307943,3.688219495452902,-0.029787159375227665,0.0,1.0,167.4600067138672,182.94000244140625,175.20000457763672,8.775706782224916,0.4819117257123481,4.131468753615134,2.783067552802635,4.123607274581815,4.760917376445271,-0.6373101018634557,177.17166646321616,173.84961524376502,177.07244084275138,172.94883356816956,1.015064489973289,0.9691535070160023,0.04591098295728668,0.42529752229839785,25.531909065850318,-6.645999908447266,103.45462804205737,113.7939827485431,-10.339354706485736,178.79000091552734,170.37000274658203,174.5800018310547,164.6750030517578,41.512934893740805,41.22918574820142,31.6708669649721,17.773935685723334,4.87001333049636,156.7874984741211,151.98500061035156,96.0,8.0,88.0,171.5470300391392,,0.0,0.0,53.49126166871451,0.0,0.3545360545583134,0.4241251144656882,24.362731749161316,38.711753496575966,48.19117257123481,73.87293581515023,-51.80882742876519,9.029234538358793,2.208717303247526,2.384293197881819,2.7917812412949794,-0.4074880434131605,-6.083336152958581,-4.195783461658874,-1.8875526912997067,174.35779175871693,-2.659988236212174,-2.6960060730234936,785.462737621513,22.098391252826104,15109511.55202213
2022-01-06,172.6999969482422,175.3000030517578,171.63999938964844,172.0,169.84024047851562,96904000,-2.9199981689453125,0,11649504633.450008,8060061400,-0.07236536405106105,-69112297.9907476,-14.862240438830774,-0.19506882471188153,145039710.1563092,175.73280402255267,39.84699630864717,11832.376378040417,176.24199981689452,182.9913384841643,169.49266114962475,7.65917167789965,0.18574700233478675,0.0,0.0,178.2490005493164,181.53400268554688,174.96399841308593,3.6858575656603563,-0.45114101759567,0.0,1.0,167.4600067138672,182.94000244140625,175.20000457763672,8.783374986451529,0.29328130097969735,4.084322244464557,2.9596042425383158,3.4135157283249384,4.491437046821204,-1.0779213184962657,177.35916646321616,174.10730743408203,176.29206532848193,172.878549600157,0.987762477156956,1.0976950932892489,-0.10993261613229288,0.40154449579780066,25.348191172651376,-3.2519943237304574,94.4540747741758,110.8483324217528,-16.394257647577007,177.29000091552734,170.37000274658203,173.8300018310547,164.6750030517578,20.756467446870403,39.36920872611334,29.664337477611223,21.84093958649724,-84.91983963026547,157.20000076293945,151.98500061035156,92.0,4.0,88.0,,182.94000244140625,0.0,1.0,49.10252965472295,0.0,0.12902645348989758,0.31871100169686156,20.177394816533106,38.407989254932936,29.328130097969733,52.19634294959311,-70.67186990203027,7.2550285788143185,1.3254786450662739,1.9745166396987397,2.6283283209757315,-0.6538116812769919,-5.21029515168798,-4.398685799664696,-0.8116093520232841,174.29454377766336,-1.6693335236175,-1.6834239263311623,770.6814113032559,21.840191816222557,18639309.705028564
2022-01-07,172.88999938964844,174.13999938964844,171.02999877929688,172.1699981689453,170.0081024169922,86709100,0.1699981689453125,1,11626363573.114021,8146770500,-0.05546893357746632,-57133342.816227086,-3.174242592575859,0.18124554238450413,145125410.08788416,176.2028658726605,43.398090318936205,11844.071042683083,176.12249984741212,183.06849615028125,169.17650354454298,7.887687613890288,0.21548345938262517,0.0,0.0,177.88033345540367,181.3183354695638,174.44233144124348,3.865522340076007,-0.33047294081548945,0.0,1.0,167.4600067138672,182.94000244140625,175.20000457763672,8.789334548936406,0.3042630978701761,3.986890081053258,3.0520856290756235,2.831836841135555,4.159517005684075,-1.3276801645485197,177.29083251953125,174.3919225839468,175.65790115009167,172.82606430895612,0.9968980757089132,0.9644334136974995,0.032464662011413736,0.3727705175678605,25.079790173649176,-0.48250045776367756,87.54403630263063,107.14624665426777,-19.60221035163714,176.98500061035156,170.37000274658203,173.6775016784668,164.6750030517578,10.378233723435201,37.46435424251409,28.038758719836775,21.718914289123912,-90.13156886819384,160.0150032043457,154.28500366210938,88.0,0.0,88.0,,182.71400238037108,0.0,0.0,49.363007310216354,0.014643548405654865,0.004881182801884696,0.16281456361669885,16.93325325106796,37.62802644199994,30.426309787017605,35.981870818740745,-69.5736902129824,5.6311176524442885,-0.4740200579108911,1.638547317766354,2.4303721203338564,-0.7918248025675023,-5.341758887745159,-4.5873004172807885,-0.7544584704643702,174.22644155392584,0.09883614473564784,0.09878733397732375,771.5419592431178,24.192740166019462,6633575.077125922
2022-01-10,169.0800018310547,172.5,168.1699981689453,172.19000244140625,170.02786254882812,106765600,0.0200042724609375,1,11717841846.857286,8253536100,-0.06324230553007774,-48666326.963643864,-9.125134050549098,0.060164323012873284,145137815.08396113,176.3600040757364,43.38636030219766,11844.071042683083,175.7595001220703,182.73074457449923,168.7882556696414,7.932708556393457,0.24398418352548423,0.0,0.0,177.04833323160807,180.58433634440104,173.5123301188151,3.9943929979474024,-0.18698055901376012,0.0,1.0,167.4600067138672,182.94000244140625,175.20000457763672,8.807487343095387,0.3055553638896911,4.021201256053401,3.050808862396602,2.345429656768829,3.7966995359010256,-1.4512698791321967,177.0033327738444,174.71615365835336,175.12437827183237,172.77894861506354,0.9955107876218663,0.9508263276630006,0.04468445995886572,0.3412397525283131,24.874386245401027,0.5204986572265682,78.21865503767577,102.44407046569161,-24.225415428015836,175.55500030517578,171.3300018310547,173.44250106811523,164.6750030517578,5.189116861717601,34.903888357449986,25.909879401453743,25.084870101345345,-109.51313240044726,160.84250259399414,154.28500366210938,84.0,0.0,84.0,,182.2466422363281,0.0,0.0,49.39582619473651,0.01648856241724113,0.010377370274298406,0.04809500218869386,14.32285175061328,45.36688298737276,27.217353484158036,28.990597789715153,-72.78264651584196,3.2991163814768925,-1.9642433160048836,1.357474203639381,2.2157925369949614,-0.8583183333555804,-3.668645053377702,-4.403569344500172,0.7349242911224696,173.98639874630175,0.011618907285648739,0.011618232342858192,771.6432228953178,24.7769983721642,31571376.564422995
2022-01-11,172.32000732421875,175.17999267578125,170.82000732421875,175.0800018310547,172.881591796875,76138300,2.8899993896484375,1,11790487872.310852,8329674400,0.04343400613696747,-10279760.178999081,15.260867334311207,0.4662882746889706,146415703.68033156,176.54489538413557,42.715543694449025,12042.85934397226,175.72649993896485,182.70404683917042,168.74895303875928,7.941371281655392,0.45367296578894256,0.0,0.0,176.4460001627604,180.13800150553385,172.75399881998698,4.184851273894333,0.31500571033384495,0.0,0.0,167.4600067138672,182.94000244140625,175.20000457763672,8.8091413263883,0.49224788244814915,4.055079665604311,3.0687575442978487,2.1681541256640458,3.47099045385363,-1.302836328189584,176.90333302815756,175.22538463885968,175.11755112709733,172.94939700143328,1.0156219091215566,0.949888414934846,0.0657334941867106,0.31193927542054,24.78149592858289,4.603501892089838,72.2544319392759,97.31065388221371,-25.05622194293781,175.55500030517578,173.61000061035156,174.58250045776367,164.6750030517578,2.5945584308588003,33.16075487280231,28.61477757686212,23.176665877350427,-43.621943846797734,160.84250259399414,154.28500366210938,80.0,0.0,80.0,,181.40204359228514,0.0,0.0,54.03114171446192,0.27707700736468605,0.10273637272919374,0.039331641935125915,13.345201104012078,51.71197364029812,46.784032926742334,34.80923206597269,-53.215967073257666,1.4092930513269835,-0.6807334675243488,1.253634972572976,2.0233610241105646,-0.7697260515375886,-4.933250995575226,-4.509505674715182,-0.4237453208600437,174.0279774713065,1.6783781570778755,1.6644490304428494,786.2726923560425,27.982084091462013,-9287768.197224498
2022-01-12,176.1199951171875,177.17999267578125,174.82000732421875,175.52999877929688,173.32591247558594,74805200,0.4499969482421875,1,11760692318.459923,8404479600,0.04631699046957264,-4002349.908764001,9.464523929736837,0.3240435763614555,146607970.70889333,176.65925940618237,41.888624815931706,12073.812336297031,175.78649978637696,182.7355602959625,168.83743927679143,7.906250500499551,0.48154419531055515,0.0,0.0,176.09199981689454,179.7709991455078,172.41300048828126,4.178496845329487,0.4236203941073443,0.0,0.0,167.4600067138672,182.94000244140625,175.20000457763672,8.806134570260511,0.5213174607711999,3.88557023420013,3.162383408009173,2.0404519233686926,3.184882747756643,-1.1444308243879502,176.5033327738444,175.61807661790115,175.1810046120511,173.14055268868242,1.0362954819472683,0.9622445251060222,0.07405095684124607,0.28530357640736326,24.69108343339712,3.503493499755848,66.39004111847557,92.16760079747895,-25.77755967900339,175.55500030517578,175.20000457763672,175.37750244140625,164.6750030517578,1.2972792154294002,31.9746037184801,30.99811571932311,22.192587047711694,3.0085894882857493,160.84250259399414,154.28500366210938,76.0,36.0,40.0,,180.60812086688475,0.0,0.0,54.726539265681986,0.3161709084640946,0.20324549274867368,0.10545307858405557,12.73332878224955,45.43355217625846,49.8307277004278,41.27737137044275,-50.1692722995722,0.6703521279727909,-2.6617883896295744,1.1784945188650018,1.8543877230614523,-0.6758932041964505,-6.029591592583351,-4.813522858288817,-1.2160687342945344,174.07754494608525,0.25702361408266317,0.2566938732786461,788.5506224605639,27.05515072731413,3867494.933540046
2022-01-13,175.77999877929688,176.6199951171875,171.7899932861328,172.19000244140625,170.02786254882812,84505800,-3.339996337890625,0,11690183653.391163,8319973800,-0.056466817309276524,-43751880.28330023,-10.259510344538748,-0.7480619855665159,144999988.79985565,176.46327307846101,35.49404419667165,12073.812336297031,175.43099975585938,182.35212238664673,168.50987712507202,7.890421465327352,0.2658618776644601,0.0,0.0,175.54999949137368,179.46399790445963,171.63600107828776,4.459126658417636,0.07077179199488912,0.0,0.0,167.4600067138672,182.94000244140625,175.20000457763672,8.823979655295803,0.3055553638896911,3.980013393885586,3.4434006893379965,1.6507088726973222,2.878047972744779,-1.2273391000474567,175.9116668701172,175.65692314734827,174.72085043195187,173.07014155925455,0.9138499958864763,0.9949209905365108,-0.08107099465003453,0.25720876098342826,24.630557962232814,3.949005126953125,58.54037334132502,86.45254190856673,-27.912168567241707,175.55500030517578,175.20000457763672,175.37750244140625,165.20999908447266,0.6486396077147001,30.04562465198604,28.345436418628818,25.661869147313244,-44.46425574328221,161.75,154.9250030517578,72.0,32.0,40.0,,179.86183350500838,0.0,0.0,48.82296906812042,0.0,0.19774930527625997,0.1679103902513761,10.459488462837223,42.818206170148,27.217353484158036,41.27737137044275,-72.78264651584196,0.4257332296932361,-3.960059741535899,0.9537802753412344,1.6742662335174088,-0.7204859581761743,-5.982033850987202,-5.047225056828494,-0.934808794158708,173.97822504015141,-1.9028065636177538,-1.9211429037214955,771.6432228953178,23.253625491830093,16852989.88924302
2022-01-14,171.33999633789062,173.77999877929688,171.08999633789062,173.07000732421875,170.89683532714844,80440800,0.8800048828125,1,11728161829.744032,8400414600,0.021652199801968544,-27388997.846065376,-5.919005394189888,-2.0284071255287195,145411094.5305814,176.02090629994146,28.893244366246435,12135.51750883583,175.47150039672852,182.32709515264426,168.61590564081277,7.813912504783667,0.3248515877898487,0.0,0.0,175.01266632080078,178.99866485595703,171.02666778564452,4.555097204050205,0.25631463741796495,0.0,0.0,167.4600067138672,182.94000244140625,175.20000457763672,8.82194298934009,0.36240324022643733,3.8510122986376523,3.685143968489242,1.3967429533051359,2.5817869688568504,-1.1850440155517146,175.38583374023438,175.5796156663161,174.4668745692237,173.07013161591857,0.8769599979875825,1.130679519142661,-0.25371952115507856,0.22988063318182062,24.59482171322638,2.728496551513672,51.28414784657379,80.02959512200401,-28.745447275430223,175.55500030517578,175.20000457763672,175.37750244140625,165.20999908447266,0.32431980385735004,28.073481936712803,26.96159872429694,25.67945909738252,-59.80132361894017,163.94000244140625,157.11500549316406,68.0,28.000000000000004,40.0,,179.1603233848446,0.0,0.0,50.34289327728299,0.08549917906572138,0.13389002917660509,0.17829494240051322,8.996183397658593,48.40143861907005,33.17540783931683,36.741163007967586,-66.82459216068317,-0.016914098403020716,-3.5176705244913,0.8070387075251215,1.5008207283189514,-0.6937820207938299,-6.251311793878317,-5.288042404238459,-0.9632693896398585,173.9466101884707,0.5110661887074208,0.5097646779653076,776.0978966936954,25.8455014957853,8664879.354898274
2022-01-18,171.50999450683594,172.5399932861328,169.41000366210938,169.8000030517578,167.66787719726562,90956700,-3.2700042724609375,0,11659871695.28928,8309457900,0.009539906572433341,-65966112.09790571,-5.0241290476491915,-2.686726219914063,143692548.36416355,175.35487301898434,21.84925665514092,12135.51750883583,175.40450057983398,182.45162905797446,168.3573721016935,8.035288096764694,0.10235594217837922,0.0,0.0,173.98433278401694,177.766330464681,170.20233510335285,4.347515227545258,-0.05319041490321509,0.0,1.0,167.4600067138672,182.94000244140625,175.20000457763672,8.825312735059192,0.15116259584799166,3.831911434984825,4.0952434666172355,0.9209944653422326,2.249628468153927,-1.3286340028116945,174.6858342488607,175.3965389545147,173.7488943357674,172.82789987042517,0.8065215935963755,1.160474192445272,-0.3539525988488964,0.2000752728917704,24.51269442533091,2.1655067443847713,40.00899933751028,72.46104308218891,-32.452043744678626,174.1699981689453,175.20000457763672,174.68500137329102,165.20999908447266,0.16215990192867502,26.323857234247214,25.161671192004558,27.029453825134404,-101.80790231703523,164.69499969482422,157.51000213623047,64.0,24.0,40.0,,178.50090387189064,0.0,0.0,44.99526092302047,0.0,0.02849972635524022,0.12004635360270206,6.097687096219143,47.56010604553183,11.03591341440359,23.80955824595951,-88.9640865855964,-0.21200247371896808,-4.713801369437809,0.5328968679436207,1.3072359562438853,-0.7743390883002647,-5.443695177730574,-5.319172958936882,-0.1245222187936923,173.23547253693758,-1.8894112983626976,-1.9074887406399732,759.5448040488467,22.48971482816998,21174058.58567494
2022-01-19,170.0,171.0800018310547,165.94000244140625,166.22999572753906,164.14271545410156,94815000,-3.57000732421875,0,11575755417.736624,8214642900,-0.07029064633185461,-104898131.00474787,-13.362948554810364,-3.485755438329874,141699084.06285477,174.5541672649037,21.36258798708053,12135.51750883583,175.22850036621094,182.97303056384882,167.48397016857305,8.839349970412979,-0.08095871596035979,0.0,1.0,172.70066630045574,176.61466318766276,168.7866694132487,4.532694599333698,-0.326606504730006,0.0,1.0,165.94000244140625,182.94000244140625,174.44000244140625,9.701618152567427,0.017058428596047795,3.962720230451186,4.703213847222867,0.25297447352087943,1.8502976692273176,-1.5973231957064382,173.7408332824707,174.88807736910306,172.59214070373227,172.3391662302114,0.7583096643009096,1.1667603685262617,-0.4084507042253521,0.16547118384017034,24.429888231024417,6.781494140625,28.471714170691065,64.12960820759264,-35.657894036901574,171.55999755859375,174.44000244140625,173.0,165.20999908447266,0.08107995096433751,25.494780574391942,22.85417419965502,30.741774148860273,-156.47044438053538,166.13500213623047,158.95000457763672,60.0,100.0,-40.0,,177.88104952971392,0.0,0.0,39.999686548228894,0.0,0.02849972635524022,0.06362982729569547,1.969456016928316,42.05832187683053,1.7058428596047794,15.305721371108426,-98.29415714039521,-1.2802961910472277,-6.386220154834124,0.14678873006902857,1.075146511008914,-0.9283577809398854,-4.4015787049303405,-5.135654108135574,0.7340754032052335,171.94978312394224,-2.1024777738847034,-2.124894600464522,741.473065587139,20.797616351718034,19785921.357406437
2022-01-20,166.97999572753906,169.67999267578125,164.17999267578125,164.50999450683594,162.44430541992188,91420500,-1.720001220703125,0,11495305438.607872,8123222400,-0.16671230060957384,-112376022.5179682,-9.505583575314839,-4.148425768386398,140753145.44985604,173.7244563049531,20.91936871298921,12009.949888878275,174.80449981689452,183.81747623043307,165.79152340335597,10.312064532640212,-0.07109354544604278,0.0,1.0,171.65533243815105,175.5663294474284,167.7443354288737,4.556802231222854,-0.41349314693485345,0.0,1.0,164.17999267578125,182.94000244140625,173.55999755859375,10.731994762878456,0.017590706784138675,4.1164482074060675,5.350122767480426,-0.41049398751800936,1.3981393378782523,-1.8086333253962616,172.28249994913736,174.4561538696289,171.34873359651743,171.75922758403544,0.7408917729431002,1.181624368510539,-0.4407325955674388,0.12690531305347483,24.405872293142178,4.895497131347668,17.6511643241941,55.59595149092801,-37.94478716673391,170.67999267578125,173.55999755859375,172.1199951171875,165.20999908447266,0.040539975482168755,25.086474347687993,20.669821823933447,30.86204961581766,-169.43766110900378,167.38500213623047,160.20000457763672,56.00000000000001,100.0,-43.99999999999999,,176.92576576264932,0.0,0.0,37.82099411073053,0.0,0.0,0.018999817570160442,-2.1448583371214287,33.01242289551319,1.7590706784138677,4.8336089841407714,-98.24092932158614,-3.080032707663122,-9.614856616757237,-0.2389938481279964,0.812318439181532,-1.0513122873095284,-3.838751460920633,-4.876273578692587,1.0375221177719536,170.8153737443283,-1.0347117036099251,-1.0401020604999367,732.7662452947836,21.476104533177306,13267836.958512858
2022-01-21,164.4199981689453,166.3300018310547,162.3000030517578,162.41000366210938,160.37066650390625,122848900,-2.0999908447265625,0,11379162969.413975,8000373500,-0.2789143958943052,-133176814.34179118,-8.578349055143757,-4.5228406689668725,139184963.7350727,172.56771903958088,20.110659835348685,12009.949888878275,174.14300003051758,184.63435413951976,163.6516459215154,12.049125267353409,-0.05917454727510512,0.0,1.0,170.72533264160157,174.67332916259767,166.77733612060547,4.624968608828552,-0.5531074350331739,0.0,1.0,162.3000030517578,182.94000244140625,172.62000274658203,11.852327906393823,0.005329487093237562,4.107803264595148,6.061319826552922,-1.093148102868298,0.8998818497289421,-1.9930299525972401,170.84166717529297,173.99769240159256,169.97354437583928,171.06669247870758,0.7320416855668512,1.2096688373757494,-0.47762715180889814,0.08473931779019407,24.30339765251824,0.7769981384277287,7.87766943606982,46.74413295019903,-38.86646351412921,169.73999786376953,172.62000274658203,171.18000030517578,165.20999908447266,0.020269987741084378,25.073549937939497,19.220239547151294,31.96925607212311,-177.97624301466075,167.38500213623047,160.20000457763672,52.0,100.0,-48.0,,175.6511884539625,0.0,0.0,35.29340634925646,0.0,0.0,0.009499908785080368,-6.406784363628735,23.83524324516397,0.5329487093237562,1.3326207491141604,-99.46705129067624,-5.155531131520007,-9.621587968703603,-0.6390186698701505,0.5220510173711955,-1.161069687241346,-0.6280984813730237,-4.026638559228674,3.3985400778556505,169.61321313689012,-1.276512622240289,-1.2847300505206327,722.1358790598392,20.95916757971972,45695802.72891639
2022-01-24,160.02000427246094,162.3000030517578,154.6999969482422,161.6199951171875,159.59060668945312,162294600,-0.790008544921875,0,11512415062.280497,7838078900,-0.20121507743069114,-132467858.12077498,-27.2307606332224,-7.192418500299955,138395516.54645354,170.37940896129348,11.363577808335236,12009.949888878275,173.4099998474121,185.17312577754421,161.64687391728,13.56683690730959,-0.0011425024373688034,0.0,1.0,169.4346659342448,173.8316630045573,165.0376688639323,5.190197703720095,-0.3886372553918846,0.0,1.0,154.6999969482422,182.94000244140625,168.81999969482422,16.285107847305902,0.24504238041385676,4.468023609522352,6.631000819776689,-1.6785541671636963,0.3841946463504145,-2.0627488135141108,169.73333358764648,173.31769209641678,168.6883829514313,170.366937118595,0.6105709521178512,1.32833835971398,-0.7177674075961288,0.040922357497276324,24.20092852897179,-1.4099998474121094,-2.5324524688783656,37.771787671693026,-40.304240140571395,165.93999481201172,168.81999969482422,167.37999725341797,165.20999908447266,0.010134993870542189,26.22912863386622,16.793701564432688,40.37795362226029,-203.1075759425108,167.8650016784668,160.20000457763672,48.0,100.0,-52.0,,174.04904620569795,0.0,0.0,34.363019228606916,0.0,0.0,0.0,-10.178061952675492,34.588416885346405,24.504238041385676,8.932085809707793,-75.49576195861432,-7.829589350083296,-7.603477698937598,-0.9852581701314672,0.220589179870663,-1.2058473500021303,4.883820645398369,-2.244546718303266,7.128367363701635,168.34488551271048,-0.486428500159064,-0.4876154141440381,718.1367758340589,21.869931196049663,67765327.66137417
2022-01-25,158.97999572753906,162.75999450683594,157.02000427246094,159.77999877929688,157.773681640625,115798400,-1.839996337890625,0,11507976763.901014,7722280500,-0.23752711516015007,-143982254.3797491,6.890063180811861,-6.902212185077916,137077185.6568931,168.76034746152993,19.289836624399655,11873.220124731439,172.38249969482422,185.09966155297928,159.66533783666915,14.754585738887391,0.004508118395701408,0.0,0.0,168.32466583251954,172.86266174316407,163.786669921875,5.391955942048061,-0.4414582143165747,0.0,1.0,154.6999969482422,182.94000244140625,168.81999969482422,16.382176580081214,0.17988671540040535,4.595220272007618,7.043148809904146,-2.2648571542677303,-0.14561571377321447,-2.1192414404945157,168.7150001525879,172.8376922607422,167.31786230956445,169.58271946383218,0.637030913854425,1.311891459678423,-0.674860545823998,-0.00429794274256436,24.234905248778087,-0.21250152587890625,-14.57285000335663,28.12431190028941,-42.69716190364604,165.93999481201172,168.81999969482422,167.37999725341797,165.20999908447266,0.005067496935271094,27.161018175911842,15.986681089194722,36.66654038020732,-169.07380074481972,169.00500106811523,160.25,44.0,96.0,-52.0,,171.34017930965413,0.0,0.0,32.23181656874483,0.0,0.0,0.0,-14.030502404639664,38.77721082097372,19.94503960575173,14.994075452153746,-80.05496039424827,-9.864530271642366,-7.104651872501817,-1.335547136776969,-0.09063808345886337,-1.2449090533181055,5.3438704470809535,-0.7268632852264221,6.070733732307375,166.81296981046046,-1.1384707297859231,-1.145000917962058,708.8225281115738,21.03944377234589,-4270744.423955426
2022-01-26,163.5,164.38999938964844,157.82000732421875,159.69000244140625,157.684814453125,108275300,-0.089996337890625,0,11461337545.130823,7614005200,-0.23941248208467442,-124805415.2517862,7.372472230073773,-4.860998357992231,137016199.42233023,167.59791777299444,26.68356224517808,11866.53251465284,171.4025001525879,184.83982924278249,157.9651710623933,15.679268480018976,0.06418058854685593,0.0,0.0,167.01866607666017,171.7776626586914,162.2596694946289,5.698760137201574,-0.26997992212529043,0.0,1.0,154.6999969482422,182.94000244140625,168.81999969482422,16.47584222401886,0.17669987685986718,4.792697451349825,7.371487042820411,-2.705580203548294,-0.6576086117282304,-2.0479715918200636,167.6750005086263,172.39730776273288,166.14434540677087,168.84992561031916,0.7258594063324602,1.2377137824611775,-0.5118543761287173,-0.04864386453066169,24.396075304078217,0.7875022888183594,-26.855171671651124,17.76373270138644,-44.618904373037566,165.65999603271484,168.81999969482422,167.23999786376953,165.20999908447266,0.002533748467635547,27.52215718184555,16.884616696965537,32.934977578740465,-135.16734819541915,170.02000045776367,160.25,40.0,92.0,-52.0,,169.01055377905647,0.0,0.0,32.12686369673834,0.0,0.0,0.0,-17.201834463584074,36.42702303295604,22.197537551357577,22.215605066165022,-77.80246244864242,-11.085088976691736,-7.2486471860752495,-1.6023579482009225,-0.39298205640727524,-1.2093758917936472,5.067199324288678,0.4319492366765979,4.63525008761208,164.43388838105372,-0.05632515870458432,-0.056341027281003875,708.3669575389766,22.42145502603094,6805683.436130732
2022-01-27,162.4499969482422,163.83999633789062,158.27999877929688,159.22000122070312,157.22073364257812,121954600,-0.470001220703125,0,11380619517.820871,7492050600,-0.2735911700867539,-115164471.76872551,-0.20518465797279797,-3.814065802216661,136657261.41748303,166.6148852691555,26.36672825738745,11866.53251465284,170.3944999694824,184.30320570734852,156.4857942316163,16.325298927321196,0.0982912084207453,0.0,0.0,165.47899932861327,170.55799713134766,160.4000015258789,6.138540628528153,-0.11616467962838112,0.0,1.0,154.6999969482422,182.94000244140625,168.81999969482422,16.573308116295912,0.16005677738111898,4.869427462074217,7.6384154598847225,-3.0575361919176487,-1.1375941277661141,-1.9199420641515346,166.59416707356772,171.99230780968298,165.07906168583736,168.136597877755,0.7865524843061679,1.1649641363599987,-0.37841165205383087,-0.09099031389779844,24.56508339905417,4.685501861572277,-37.84992671195134,7.053699362133511,-44.903626074084855,164.23999786376953,168.81999969482422,166.52999877929688,165.20999908447266,0.0012668742338177736,27.857500544498276,15.451486863971416,30.13952774625667,-119.5088940960113,169.8000030517578,160.66500091552734,36.0,88.0,-52.0,,167.00707582274248,0.0,0.0,31.54909333577571,0.0,0.0,0.0,-20.016711649015313,36.423084946745256,20.106784392862306,20.7497871833239,-79.89321560713769,-11.898205521527473,-7.532377627508674,-1.8184834417433935,-0.678082333474499,-1.1404011082688945,5.802951416506484,1.5061496726425752,4.296801743863909,162.50639102904086,-0.29432100539642514,-0.29475498139834855,705.9877637822555,22.533158797890678,26679175.335276306
2022-01-28,165.7100067138672,170.35000610351562,162.8000030517578,170.3300018310547,168.1912078857422,179935700,11.110000610351562,1,11559601712.837212,7671986300,-0.1441149859414162,186871272.31595463,23.140666262581675,-1.9344294554196946,149212755.20907646,166.42452556854718,36.777256818200534,11866.53251465284,170.00100021362306,183.44155088894848,156.56044953829763,15.812319525692256,0.5122391420329087,0.0,0.0,164.90833333333333,170.25933125813802,159.55733540852864,6.489663459260826,1.0066034947041442,1.0,0.0,154.6999969482422,182.94000244140625,168.81999969482422,16.61167020057394,0.5534703202021681,5.495485204148045,7.542184169762722,-2.412173613410687,-1.3925100248950288,-1.019663588515658,166.19833374023438,171.88999997652493,165.8868986312554,168.2990722446661,0.8308651370005988,0.9941580849330953,-0.1632929479324965,-0.1174506767415341,24.808336074841755,5.528998565673817,-40.640969834569205,-3.1602026024379333,-37.48076723213127,163.6199951171875,168.81999969482422,166.21999740600586,166.13999938964844,50.00063343711691,26.37338555893833,22.108609529360052,25.47766583560383,-28.611362819655348,170.2650032043457,160.66500091552734,32.0,84.0,-52.0,154.6999969482422,,1.0,0.0,53.04543411878467,0.9274680587334191,0.3091560195778061,0.10305200652593566,-15.578124335251575,50.74637817984268,69.52850468590171,37.27760887670723,-30.471495314098295,-11.188558197021479,-2.713045436556234,-1.4332661382137453,-0.8291190944223483,-0.6041470437913969,10.290378262795617,3.2629953906731837,7.027382872122433,162.59740881651996,6.977766942076213,6.745084129532586,762.2277115206329,34.21914554943419,78532308.23751676
2022-01-31,170.16000366210938,175.0,169.50999450683594,174.77999877929688,172.5853271484375,115541600,4.4499969482421875,1,11665883106.058313,7787527900,-0.06936795822100747,233626771.6129639,26.98871314848566,0.6451310587970739,152231364.74273336,166.61363049808406,44.42197078390952,12176.554430397304,169.86149978637695,183.04028397571992,156.682715597034,15.51709387461786,0.6866067052261646,0.0,0.0,164.95333302815757,170.58433125813804,159.32233479817708,6.8273833897242495,1.3725509536497746,1.0,0.0,154.6999969482422,182.94000244140625,168.81999969482422,16.6253126980979,0.711048085168233,5.494937233049646,7.403941286740689,-1.5240729920607237,-1.4188226183281678,-0.10525037373255586,166.13583374023438,171.85692302997296,167.25506788480024,168.77914087686096,0.961481594857274,0.9101241294864927,0.05135746537078134,-0.12685371415878186,25.094475823378822,2.328502655029297,-41.528262112254346,-12.219898319078446,-29.3083637931759,164.8499984741211,168.81999969482422,166.83499908447266,166.13999938964844,75.00031671855845,24.959720488319252,26.86088022102076,23.54324322904581,38.43271523457859,170.2650032043457,160.66500091552734,28.000000000000004,80.0,-52.0,155.01299713134765,,0.0,0.0,58.64715017722244,1.0,0.6424893529111394,0.31721512416298214,-9.778778788629424,57.3603814074023,89.32386853817651,59.653052538980205,-10.676131461823493,-8.29329385196462,-0.4272773914520529,-0.9029984298667968,-0.8438949615112381,-0.059103468355558686,9.161823141558038,4.442760940850155,4.719062200707883,162.7180851691546,2.6125737688043937,2.579029059264304,784.7540465391834,32.84791289758766,-18975480.407220006
2022-02-01,174.00999450683594,174.83999633789062,172.30999755859375,174.61000061035156,172.41748046875,86213900,-0.1699981689453125,0,11736422035.13205,7701314000,-0.06939189343234053,198157774.93430704,3.8736185424595346,-0.16824385490661703,152147509.58058667,166.67303267553956,44.80769577996221,12164.711015980964,169.49150009155272,181.6621706085394,157.32082957456603,14.36139335649583,0.7102801366471515,0.0,0.0,165.28699951171876,170.85799865722657,159.71600036621095,6.741001000641714,1.336744079035663,1.0,0.0,154.6999969482422,182.94000244140625,168.81999969482422,16.661605731207707,0.7050283211498987,5.198443387674369,7.33501710098694,-0.8244604162515543,-1.2999501779128453,0.475489761661291,166.33750025431314,171.79269233116736,168.38659599642352,169.21105641267508,0.9625716105723721,0.9468053081516549,0.015766302420717193,-0.12433889680344735,25.253464769493466,3.578507232666027,-42.18481226420809,-20.070623478511685,-22.114188785696406,164.8499984741211,168.81999969482422,166.83499908447266,166.96500396728516,87.50015835927923,23.647031494172968,25.885485820562977,22.688321594859907,55.75073261637703,170.67750549316406,160.66500091552734,24.0,76.0,-52.0,155.81247724609375,,0.0,0.0,58.36071058505738,0.9894295154135574,0.9722991913823252,0.6413148546237571,-5.470686843242877,60.85829956058789,88.56764878170628,82.47334066859486,-11.432351218293716,-5.401735373104316,1.4054231573455043,-0.4872379108849985,-0.7725635513859902,0.2853256405009917,6.165531361577787,4.7873150249956815,1.3782163365821054,163.08061783399938,-0.09726408635577499,-0.09731141856219594,783.8934985993212,29.03395889967061,-20624745.20791194
2022-02-02,174.75,175.8800048828125,173.3300018310547,175.83999633789062,173.6320037841797,84914300,1.2299957275390625,1,11818671791.194569,7786228300,0.003064897892957004,184770125.11611608,3.093141538578532,-0.6233425971322103,152745666.76426393,166.68764891460867,45.17482500101314,12250.402227962537,169.29850006103516,180.92580516966956,157.67119495240075,13.73586311094611,0.781298900120793,0.0,0.0,166.01366628011067,171.3256657918294,160.70166676839193,6.3994725624045135,1.424918200397252,1.0,0.0,154.6999969482422,180.1699981689453,167.43499755859375,15.044434068536184,0.8299960100694823,4.933599354082713,7.273038966047584,-0.1688160276942483,-1.073723347869126,0.9049073201748776,166.56833267211914,171.61999981219952,169.53327297203384,169.7020889997281,0.9219195734800469,0.9600707166476653,-0.03815114316761836,-0.112267336268789,25.345911853387268,0.5015029907226562,-40.84868375301126,-26.57060659820117,-14.278077154810088,165.29000091552734,168.81999969482422,167.05500030517578,167.99500274658203,93.75007917963961,22.64186340895251,26.450470177715967,21.827965292632438,76.99373721056259,170.94500350952148,160.66500091552734,20.0,72.0,-52.0,156.57997815625,,0.0,0.0,59.887265544357724,1.0,0.9964765051378522,0.8704216831437726,-1.517206187781055,60.30281394559012,96.44161111107243,91.44437614365177,-3.5583888889275617,-2.6908529393813296,1.600502049140581,-0.09947787248188725,-0.6379464156051696,0.5384685431232824,3.5934383871866933,4.548539697433885,-0.9551013102471915,164.27480191558598,0.7044245594408194,0.7019550799388874,790.1198614827555,29.249240708716684,-1645170.4833149165
2022-02-03,174.47999572753906,176.24000549316406,172.1199951171875,172.89999389648438,170.72894287109375,89418100,-2.94000244140625,0,11763110891.77529,7696810200,0.01727247144353144,120818759.77011263,-1.9582355060819805,-0.030394394385298167,151250617.6413059,166.7221512138491,45.02185752185276,12250.402227962537,169.1974998474121,180.6616754955159,157.7333241993083,13.55123528236833,0.6614810415821163,0.0,0.0,166.77666676839195,171.95066731770834,161.6026662190755,6.204705549729827,1.0917400925770544,1.0,0.0,154.6999969482422,177.17999267578125,165.93999481201172,13.286245806121405,0.8096085590419542,4.852240456272098,7.142656279567556,0.11225919340165547,-0.8365268396149698,0.9487860330166252,166.82666524251303,171.37423060490534,170.0512300373339,169.93897084393225,0.9462853641649871,0.9469756124900393,-0.0006902483250521563,-0.09741117170802087,25.456314897517185,-2.967504119873041,-38.925330564768615,-31.770939931627666,-7.154390633140949,165.47000122070312,168.81999969482422,167.14500045776367,168.81999969482422,96.8750395898198,21.40646602144857,24.813268281359964,22.29473320545598,63.18348079261356,171.82000350952148,161.81999969482422,16.0,68.0,-52.0,157.73797975984377,,0.0,0.0,54.72300826781289,0.8177632192177561,0.935730911543771,0.9681688693546496,0.20608743262994114,59.090233682365444,84.49391703019029,89.83439230765636,-15.506082969809711,-0.01611714082605431,1.8256718427629444,0.06605853433392364,-0.497145425617351,0.5632039599512746,1.821073412019489,4.003046440351006,-2.181973028331517,164.88084297813117,-1.6719759455390393,-1.6861112440536452,775.2372715122984,25.05077666783174,8633694.804188475
2022-02-04,171.67999267578125,174.10000610351562,170.67999267578125,172.38999938964844,170.44223022460938,82465400,-0.5099945068359375,0,11763110891.77529,7614344800,0.05525010936355319,97550808.23094966,-7.423509940848333,-0.13785900486090133,151007373.55519444,166.71622210413838,44.964529686841814,12214.26782620812,169.21699981689454,180.7014855058456,157.7325141279435,13.573678414554244,0.6381428676343147,0.0,0.0,167.64766642252604,172.76066843668622,162.5346644083659,6.099699594116329,0.9637523077429626,0.0,0.0,154.6999969482422,177.17999267578125,165.93999481201172,13.284714746074036,0.7869219663478475,4.709017753418326,7.040541444950088,0.29051219293543795,-0.6111190331048882,0.9016312260403262,167.33999888102213,171.10538423978366,170.41104070692074,170.1205285139853,0.936705145641599,0.9379354437667398,-0.0012302981251407497,-0.0817067052430044,25.553953777102176,-4.707005310058605,-35.32442436861704,-35.41449236493196,0.09006799631492157,166.6300048828125,168.81999969482422,167.72500228881836,168.81999969482422,98.4375197949099,19.90470164977379,23.512267545055472,23.33342716390819,44.83053058571187,171.82000350952148,162.64500427246094,12.0,64.0,-52.0,159.2181418185094,,0.0,0.0,53.85543646773007,0.7871482665773004,0.8683038285983519,0.9335037484266587,1.3214266804041113,61.72031586137594,82.12625544931237,87.6872611968584,-17.873744550687636,1.251440654081449,3.7057112557507312,0.17076845191646314,-0.3635626501105882,0.5343311020270514,-0.15341912123363646,3.1717533280340775,-3.325172449267714,165.64572191126467,-0.2949650230417378,-0.29540090220425697,772.6556276927123,25.61134723213766,2028595.7155743241
2022-02-07,172.86000061035156,173.9499969482422,170.9499969482422,171.66000366210938,169.72048950195312,77251200,-0.7299957275390625,0,11722425605.54482,7537093600,0.046933708458331475,75558829.0626332,0.2329966081837564,0.2376499705557378,150680248.74431837,166.76243988043265,45.35391478200622,12162.545781079527,169.19150009155274,180.65188508944246,157.73111509366302,13.547234928100155,0.6076972357827062,0.0,0.0,168.91233317057294,173.56533457438152,164.25933176676432,5.509368459329559,0.7952578618703418,0.0,0.0,154.6999969482422,177.17999267578125,165.93999481201172,13.286716954087355,0.7544488406236828,4.538115978076493,6.838008978973926,0.36862514373021327,-0.41517019773786795,0.7837953414680812,167.93583297729492,170.85384603647086,170.60318885387284,170.23456371014262,0.9703406188469672,0.9296454042830686,0.040695214563898574,-0.06677719006809917,25.648251815780718,-6.781496429443365,-32.26581011901434,-37.38037682222726,5.1145667032129225,167.0300064086914,168.81999969482422,167.9250030517578,168.81999969482422,99.21875989745496,18.51020616179007,22.402655412015633,22.232255027411355,42.25921398906035,171.82000350952148,162.64500427246094,8.0,60.0,-52.0,160.57989091248177,,0.0,0.0,52.570686500981935,0.7418118928234894,0.7822411262061818,0.8620919554494352,1.8626145490246258,64.76474261195546,78.73723298900715,81.78580182283663,-21.262767010992842,1.2648525013643166,4.346246060433934,0.21653954149867538,-0.24754221178873548,0.46408175328741086,-2.165285591818842,2.1043455440634937,-4.269631135882335,166.2667477987434,-0.4234559603942367,-0.42435507427809327,768.9603154235318,25.16339806734777,2115750.25645864
2022-02-08,171.72999572753906,175.35000610351562,171.42999267578125,174.8300018310547,172.8546600341797,74829200,3.1699981689453125,1,11777402065.536568,7611922800,0.02956101051992231,98651628.76563454,4.924310553120433,1.5438827639793662,152062099.0409696,167.05204378739538,51.02033618168725,12387.14817554077,169.32350006103516,180.97815859043618,157.66884153163414,13.766144126715933,0.7362360834566007,0.0,0.0,170.31399993896486,174.78500366210938,165.8429962158203,5.250306756633982,1.005032222262797,1.0,0.0,154.6999969482422,177.17999267578125,165.93999481201172,13.276358992954796,0.8954630208471209,4.476305723042281,6.4352861041730165,0.6785012395254171,-0.19643591028521099,0.8749371498106281,168.97083282470703,170.7484612098107,171.2534677734393,170.57496653391388,1.0252558848648172,0.888312013073695,0.13694387179112222,-0.049251170552890286,25.631220014776098,-7.703504943847662,-25.814208590166693,-37.26471425761788,11.45050566745119,167.26000213623047,168.81999969482422,168.04000091552734,168.81999969482422,99.60937994872748,17.57434051074423,23.231625184133257,20.847772962504035,62.29353852393979,171.82000350952148,164.27000427246094,4.0,56.00000000000001,-52.00000000000001,161.83270007893637,,0.0,0.0,57.33089499641931,0.9097905634448705,0.8129169076152198,0.821153954139918,3.7816644436215503,61.286670861492496,93.45402459256782,84.77250434362914,-6.5459754074321745,1.0993237214929934,7.647311057750396,0.39777304566582855,-0.11847916029782267,0.5162522059636512,-3.982351012612721,0.8870062327282509,-4.8693572453409715,167.84204667557094,1.8466725511581794,1.82982860593226,785.0071670489158,28.69390079302852,4214771.058207005
2022-02-09,176.0500030517578,176.64999389648438,174.89999389648438,176.27999877929688,174.28826904296875,71285000,1.4499969482421875,1,11818544091.903755,7683207800,0.01395852515271553,99324686.43560737,5.855005102003073,2.6410676695020743,152653319.2627444,167.5334278676396,56.574042868752194,12489.884129689615,169.38349990844728,181.1677172294224,157.59928258747215,13.914244690119837,0.7926159066404131,0.0,0.0,171.8449991861979,175.83400370279946,167.85599466959636,4.64256107014133,1.0559030548400303,1.0,0.0,154.6999969482422,177.17999267578125,165.93999481201172,13.271656176480958,0.9599646767111331,4.210674357281022,5.899971147841512,1.029218720825554,0.04869501593694203,0.9805237048886121,170.19249979654947,170.5280767587515,172.02678023587893,170.99756151505338,1.102973871111934,0.8412488317176798,0.26172503939425407,-0.028977312189414288,25.51561898824857,-9.603501129150402,-17.56933532707538,-35.01131521485388,17.4419798877785,169.7249984741211,168.81999969482422,169.27249908447266,168.81999969482422,99.80468997436373,17.02985107508894,24.68698556000841,20.218246586736417,87.51776640827897,172.81000137329102,164.64500427246094,0.0,52.0,-52.0,162.98528451207457,,0.0,0.0,59.341043421094255,0.9807248640017069,0.8774424400900219,0.8242001579704747,5.986476471659604,59.163541083864004,98.31437280806944,90.16854346321482,-1.6856271919305672,1.1975865981158336,9.070662111751515,0.6018908759321396,0.025594846948169797,0.5762960289839698,-5.731767148324196,-0.4367484434822385,-5.295018704841958,169.51571913826982,0.8293753549481586,0.8259549366088415,792.3471983819443,28.409916680873152,3605802.6357895285
2022-02-10,174.13999938964844,175.47999572753906,171.5500030517578,172.1199951171875,170.17529296875,90865900,-4.160003662109375,0,11754035921.442186,7592341900,-0.003285437066992602,31135091.6932543,-9.774581948972159,2.5556224628000455,150508989.33661294,168.20052459120816,57.583189354815566,12489.884129689615,169.2129997253418,180.73225699956893,157.69374245111467,13.615097295035985,0.6261798101492936,0.0,0.0,173.10533243815104,176.93133646647135,169.27932840983073,4.42043462720862,0.37123153639279893,0.0,0.0,154.6999969482422,176.64999389648438,165.67499542236328,12.971814803750503,0.793621894801236,4.262606494306826,5.188867204852792,0.9604162420083924,0.2310392611512321,0.7293769808571603,171.22083282470703,170.23653822678787,172.04112098684948,171.08070474484109,1.0686777098641367,0.7992387366200755,0.2694389732440612,-0.012437252834383029,25.348100510016053,-9.522997283935553,-10.36107805146893,-31.64688279450941,21.28580474304048,173.07999420166016,167.43499755859375,170.25749588012695,168.81999969482422,99.90234498718186,16.026344485273814,22.76317200968194,24.161895084801703,51.67110118411058,173.95750045776367,164.6750030517578,0.0,48.0,-48.0,164.35175545051555,,0.0,0.0,51.80114856315918,0.7146563680366894,0.8683905984944221,0.8529166487332215,5.624763358502338,51.641315145823214,79.3621894801236,90.37686229358697,-20.6378105198764,1.0789981168859129,7.723117056056425,0.5613819766763345,0.13275227289380273,0.42862970378253173,-5.38765590225241,-1.426929935236273,-3.9607259670161374,169.78933044033298,-2.359884099680365,-2.3881753447243526,771.2888387333855,23.01561234721325,26533915.429793045
2022-02-11,172.3300018310547,173.0800018310547,168.0399932861328,168.63999938964844,166.734619140625,98670700,-3.4799957275390625,0,11678858444.404203,7493671200,-0.00555104024180253,-22366152.03910896,-15.093877390933084,3.4225426943921393,148514022.89358288,169.32775841431229,59.80413627905546,12489.884129689615,169.0354995727539,180.47492349949994,157.59607564600788,13.534936691594101,0.4827132823454175,0.0,0.0,173.31466522216797,176.8896697998047,169.73966064453126,4.125449595455763,-0.1537985799740929,0.0,1.0,154.6999969482422,176.64999389648438,165.67499542236328,12.985436197557293,0.6350799261738668,4.340346699368331,4.586443079725447,0.6179597547894673,0.30842335987887914,0.30953639491058815,171.9666659037272,169.99499981219952,171.51787151035703,170.89991175556756,1.1354769264969395,0.7679062819586864,0.36757064453825317,-0.0030751789835354627,25.27910457308703,-9.815498352050781,-8.18530379617536,-27.942109648278414,19.756805852103057,172.3449935913086,165.93999481201172,169.14249420166016,168.81999969482422,92.74844133833467,15.906470506108947,20.894701312308772,27.89511760225495,11.458643619703393,174.5800018310547,164.6750030517578,16.0,44.0,-28.0,165.58157929511245,,0.0,0.0,46.480653792407495,0.5269062643394434,0.740762498792613,0.8288651791256859,3.5961455983594894,42.42028880748138,59.1951159412066,78.95722607646658,-40.8048840587934,0.8747626809513065,5.604606933064665,0.36159161724630645,0.17852014176430347,0.18307147548200298,-4.38409624148412,-2.0183631964858426,-2.3657330449982776,169.77538037897355,-2.0218427993619836,-2.0425617868006007,753.6727480858099,21.490026490025258,25426446.546805635
2022-02-14,167.3699951171875,169.5800018310547,166.55999755859375,168.8800048828125,166.97190856933594,86185500,0.2400054931640625,1,11725090632.064306,7579856700,-0.0015011177889690474,-16215988.400508925,-8.725138436282892,2.3071711503139434,148636680.58752236,170.0676241068978,52.87556083969666,12507.659514005063,168.82599945068358,180.1146771292965,157.53732177207067,13.37315071771335,0.5023920176333511,0.0,0.0,172.83899892171223,176.16700337727863,169.51099446614586,3.8509878862163656,-0.0947999907689386,0.0,1.0,154.6999969482422,176.64999389648438,165.67499542236328,13.001550128334403,0.6460141187266035,4.208312456677591,4.067351789083885,0.36175685109779465,0.3190900581226623,0.04266679297513237,172.77166620890299,169.875,171.11204587535016,170.75028902425237,1.0809219893081805,0.8208267541471009,0.2600952351610796,0.001352238858862127,25.22014444854322,1.5040023803711051,-7.609634743811947,-24.100423257123285,16.490788513311337,171.60499572753906,165.93999481201172,168.7724952697754,168.81999969482422,72.00605612782056,16.104213336965,19.843622145906895,28.957092171063124,-8.082819046578429,173.8300018310547,164.6750030517578,12.0,40.0,-28.0,,176.64999389648438,0.0,1.0,46.8858357867979,0.5412043634337703,0.5942556652699674,0.7344695875190012,2.1097636070678094,47.55621676627199,58.736088398936175,65.76446460675548,-41.263911601063825,0.3127339082605829,6.067079253892946,0.21186309737163186,0.18518873288576918,0.02667436448586269,-4.6209588140279605,-2.5388823199942663,-2.082076494033694,169.71437981571654,0.14231824835904128,0.14221707192367816,754.8876801876042,24.01407826504709,7023600.954738557
2022-02-15,170.97000122070312,172.9499969482422,170.25,172.7899932861328,170.83770751953125,62527400,3.9099884033203125,1,11780207199.256742,7642384100,0.05964551967169568,21026496.926673844,15.242895005070112,2.8693442056708243,150084344.02795997,170.93151791006682,51.49129859282415,12797.242663214316,168.97549896240236,180.39030321556902,157.5606947092357,13.510602807222957,0.6670854023919092,0.0,0.0,172.64666544596355,175.99166971842448,169.30166117350262,3.8749711890704015,0.521424163991249,0.0,0.0,154.6999969482422,176.64999389648438,165.67499542236328,12.990047126966106,0.8241457336211301,4.194480417552801,3.317617814773143,0.4688134020190944,0.3490347269019487,0.11977867511714568,172.97666549682617,169.89884596604568,171.3701916308552,170.9013782288361,1.1094370243157738,0.7841062132283004,0.3253308110874734,0.006755951020095273,25.103803876375,5.80449981689452,-3.3295953190852905,-19.93163565335373,16.60204033426844,171.60499572753906,165.93999481201172,168.7724952697754,168.81999969482422,42.19728775989368,15.353518103255848,24.12727059890159,26.98683928688284,43.430816428394664,173.6775016784668,164.6750030517578,8.0,36.0,-28.0,,176.44819396972656,0.0,0.0,53.11351184600709,0.7609671630021626,0.6096925969251252,0.6482369203292354,2.750427706816545,53.971918270317495,78.98747067853037,65.63955833955775,-21.01252932146963,0.19973377900964806,1.44425023697124,0.2743180932054015,0.20301460494969564,0.07130348825570587,-6.86903463331314,-3.404912782658041,-3.464121850655099,169.75487221215528,2.3152465006342826,2.2888513016406264,774.6804372875014,28.38202798402787,-11554699.857605755
2022-02-16,171.85000610351562,173.33999633789062,170.0500030517578,172.5500030517578,170.60043334960938,61177400,-0.239990234375,0,11812004761.026209,7581206700,0.1190848768235986,15925286.142227137,0.5108967989612223,2.920492881166111,149999373.95367944,171.99616498468347,53.63841627246696,12779.4684090015,169.29149932861327,180.7346715071119,157.84832715011464,13.518897551124152,0.642377641108432,0.0,0.0,172.34299875895184,175.76200205485026,168.9239954630534,3.9676729783267097,0.5302726079636016,0.0,0.0,154.6999969482422,176.64999389648438,165.67499542236328,12.96579983950337,0.813212236229723,4.104031704410803,2.271419565457481,0.5282024941352574,0.3848682803486105,0.14333421378664696,172.79083251953125,169.91269214336688,171.55170108022483,171.02349858608957,1.1023569341743642,0.7595047787043818,0.3428521554699824,0.012292755676312196,24.97742470278516,5.318501281738293,0.5883789811421667,-15.541223481585867,16.129602462728034,171.60499572753906,165.93999481201172,168.7724952697754,168.81999969482422,21.09864387994684,14.554239627599623,23.440963173385544,25.47775232360697,39.75407901937183,173.44250106811523,164.6750030517578,4.0,32.0,-28.0,,176.2504300415039,0.0,0.0,52.70503209924862,0.46427676298865583,0.5888160964748627,0.597588119556652,3.140119999174726,59.32843172636682,70.39715844803139,69.37357250849935,-29.602841551968606,-0.3900885189280814,-1.2758872543276452,0.3088479059907499,0.2241812651579065,0.08466664083284339,-8.796587965588106,-4.483247819244054,-4.313340146344052,169.82609066146262,-0.13889128057177347,-0.13898782391477127,773.4655824272419,26.271606682270516,717182.1546762213
2022-02-17,171.02999877929688,171.91000366210938,168.47000122070312,168.8800048828125,166.97190856933594,69589300,-3.6699981689453125,0,11759003744.511242,7511617400,0.134399901808123,-22834412.389260456,-7.439641189187868,0.7361852060397153,148519266.1642778,172.51240971881165,43.39589126899417,12779.4684090015,169.5099998474121,180.74461276747093,158.27538692735328,13.255398419175139,0.4719618749180588,0.0,0.0,171.94299926757813,175.29400177001952,168.5919967651367,3.897806269188738,0.042973426230800485,0.0,0.0,154.6999969482422,176.64999389648438,165.67499542236328,12.949086760663633,0.6460141187266035,4.101628717075191,2.4064908636413005,0.27594962127184886,0.3630845485332582,-0.08713492726140937,172.31333287556967,169.67423072228064,171.14067089600755,170.8647212747357,1.0546203362965676,0.9393111025543519,0.11530923374221569,0.013455029875162648,24.939911887228554,6.329996490478521,3.892839425493751,-11.183749726684669,15.07658915217842,171.60499572753906,165.93999481201172,168.7724952697754,168.81999969482422,10.54932193997342,14.194165335251691,21.812012225543338,26.39836125078423,5.804038504530762,174.58250045776367,164.6750030517578,0.0,28.000000000000004,-28.000000000000004,,176.0566213918457,0.0,0.0,46.78009709674206,0.02233549459586664,0.4158598068622281,0.538122833420739,1.648107634129505,49.097558360214116,22.993143372178483,57.45925749958011,-77.00685662782152,-0.7862643971162697,-3.281596533709288,0.16150181220156368,0.21164537456663796,-0.05014356236507428,-9.494889343354647,-5.4855761240661725,-4.009313219288474,169.79652075750408,-2.1269186346200564,-2.149863477725855,754.8876801876042,22.40813776298336,12996037.272483334
2022-02-18,169.82000732421875,170.5399932861328,166.19000244140625,167.3000030517578,165.40972900390625,82772700,-1.5800018310546875,0,11718473775.95599,7428844700,0.17654358674050447,-38255355.98527187,-9.591028448152342,-1.8766534794344278,147744864.14047343,172.1187451228555,34.37796677844646,12779.4684090015,169.75449981689454,180.56524606885804,158.94375356493103,12.736918624984323,0.38647884669890736,0.0,0.0,171.50499928792317,174.9489995320638,168.06099904378257,4.016209741336825,-0.11048140796730017,0.0,1.0,154.6999969482422,176.64999389648438,165.67499542236328,12.930435995463165,0.5740322485340785,4.126464929840329,2.7625652796246754,-0.050869153064496686,0.28029380821370725,-0.33116296127820394,171.60166676839194,169.3576924250676,170.54979891996913,170.60066807303363,0.8758514318782695,1.058470412350754,-0.18261898047248448,0.009803352899180554,24.89640466454057,3.145494079589838,4.044717027148679,-7.149246710444334,11.193963737593013,171.4199981689453,165.67499542236328,168.5474967956543,168.81999969482422,5.27466096998671,14.375727852337661,20.200246584810305,28.320738302711213,-24.636989078969044,175.37750244140625,164.6750030517578,72.0,24.0,48.0,,175.86668891518067,0.0,0.0,44.46268322542547,0.0,0.16220408586150722,0.3889599963995329,-0.2984375139505009,43.78277857174202,10.611869188599371,34.667390336269776,-89.38813081140063,-0.9346761815688183,-4.856684181067959,-0.029817675182092343,0.1633527646168919,-0.19317043979898424,-8.684911704177141,-6.125443240088367,-2.5594684640887744,169.69670648800292,-0.9355766137921773,-0.9399806218968187,746.8895509775786,22.74827496160816,23159039.48811976
2022-02-22,164.97999572753906,166.69000244140625,162.14999389648438,164.32000732421875,162.46340942382812,91162800,-2.9799957275390625,0,11714458168.809244,7337681900,0.10916325443743086,-71599555.7745899,-19.646536003957912,-3.5566645184642454,146121046.15150154,171.3528654603264,26.58813858082341,12779.4684090015,169.8895004272461,180.35238923740943,159.42661161708278,12.3172871588306,0.23384534596136944,0.0,0.0,170.7249994913737,174.32300059000653,167.12699839274086,4.2149668875115545,-0.39007646073103014,0.0,1.0,157.02000427246094,176.64999389648438,166.83499908447266,11.554563157026783,0.37188012788473274,4.22881935238364,3.3015319558244878,-0.5440644997919435,0.11542214661257712,-0.6594866464045206,170.88666788736978,169.05500030517578,169.59136944369985,170.1354339434918,0.7402970585041866,1.1141551901628475,-0.3738581316586609,-0.00034382427636025505,24.949602472865344,2.5004989624023324,0.9460077680412043,-4.175889337310123,5.121897105351327,169.39999389648438,165.67499542236328,167.53749465942383,168.81999969482422,2.637330484993355,15.33048232360616,18.46098329037925,32.63663219002714,-92.14745323689141,175.37750244140625,165.20999908447266,68.0,20.0,48.0,,175.4796214562297,0.0,0.0,40.39784372122202,0.0,0.007445164865288622,0.19516968586300823,-3.2536684295343266,45.55939682842991,14.965609846443966,16.190207469073968,-85.03439015355603,-1.197764497644755,-4.962398424029143,-0.3197831793068146,0.06672557583215062,-0.3865087551389652,-7.145077618868835,-6.329370115844461,-0.8157075030243739,169.3814081541079,-1.7812287347162448,-1.7972835480862592,731.8045109442564,21.03450655979435,24153529.77806633
2022-02-23,165.5399932861328,166.14999389648438,159.75,160.07000732421875,158.2614288330078,90009200,-4.25,0,11633450103.408104,7247672700,0.06875081203856868,-116019490.6639342,-10.452263591193546,-4.524193456305108,143793033.23189878,170.33013618220667,18.893443778092845,12448.9381125228,169.90400085449218,180.3114638234574,159.49653788552698,12.250992226932055,0.02755087577067751,0.0,0.0,169.53699951171876,173.38299865722655,165.69100036621094,4.537061711112753,-0.7307584881496417,0.0,1.0,157.82000732421875,176.64999389648438,167.23500061035156,11.082721111665787,0.11949026046115124,4.445936806793713,4.115827625189386,-1.2633022842673824,-0.1603227395634148,-1.1029795447039676,169.86000188191733,168.55500030517578,168.12654450224122,169.3898467865086,0.6973943212221526,1.1343735959470767,-0.43697927472492404,-0.019269051608801768,25.12000136957172,1.7560028076171932,-5.921236666906442,-2.881656152846907,-3.0395805140595344,167.61499786376953,165.67499542236328,166.6449966430664,168.81999969482422,1.3186652424966776,16.619474440063843,16.553523654326366,33.139127856337296,-139.1357268658796,175.37750244140625,165.20999908447266,64.0,16.0,48.0,,174.67984380264497,0.0,0.0,35.42388781895859,0.0,0.0,0.056549750242265544,-7.5008756411541535,41.6236159992472,1.893535146692092,9.157004727245171,-98.10646485330791,-2.3960000430836317,-7.146581651516307,-0.7457957535433587,-0.09577869004295125,-0.6500170635004074,-5.968390981581708,-6.25717428899191,0.28878330741020264,167.839898958701,-2.586416632525068,-2.6204525438191517,710.2905807231006,18.829624172741433,16822521.453516945
2022-02-24,152.5800018310547,162.85000610351562,152.0,162.74000549316406,160.90126037597656,141147500,2.6699981689453125,1,11771735612.179441,7388820200,0.1670677431884867,-45607625.34748526,-42.47061938662891,-7.417935162058461,146147400.3794424,168.73890464732733,18.235498161083015,12448.9381125228,170.05650100708007,179.9368690900589,160.17613292410124,11.62010040717876,0.12974580235931055,0.0,0.0,167.86233367919922,172.6183334350586,163.10633392333983,5.6665478807753775,-0.03851224232344149,0.0,1.0,152.0,176.64999389648438,164.3249969482422,14.495178808517355,0.4357001278891116,5.0863437364659045,4.577601806469244,-1.5994197568121251,-0.4481421430131569,-1.1512776137989682,169.11666870117188,168.28346193753757,167.29784619315242,168.89726594996455,0.6260693716493022,1.1780171505462615,-0.5519477788969593,-0.040177113393919175,25.4256846513483,4.773500823974615,-12.896234071057492,-3.1633401550234144,-9.732893916034078,162.6699981689453,164.3249969482422,163.49749755859375,167.47000122070312,0.6593326212483388,18.831515810027977,13.926430617914493,39.21576912726514,-182.73632537471,174.68500137329102,165.20999908447266,60.0,100.0,-40.0,,173.48545629843338,0.0,0.0,40.389504533725486,0.2076173604156965,0.06920578680523191,0.025550317223507105,-9.454691141932505,53.4274016585635,43.57001278891116,20.143052594015767,-56.42998721108884,-4.662352438534015,-5.1963171260925645,-0.9469778849386169,-0.2660185290220844,-0.6809593559165326,-0.39450127539471214,-5.084639686272472,4.6901384108777595,167.16238610438774,1.6680190209133139,1.6542603707790704,723.8063817342309,24.44559066216189,66837630.42695564
2022-02-25,163.83999633789062,165.1199951171875,160.8699951171875,164.85000610351562,162.98744201660156,91974200,2.1100006103515625,1,11852024154.042377,7480794400,0.2578888857884646,-11368590.56404499,25.73815948176355,-5.049244489014755,147339889.0828101,168.08943579977438,25.68621362994915,12610.344442429525,170.3380012512207,179.23970199981255,161.43630050262885,10.451808384745922,0.19174457203735937,0.0,0.0,166.91866709391277,171.70666758219403,162.13066660563152,5.736926338607056,0.283974438237815,0.0,0.0,152.0,176.64999389648438,164.3249969482422,14.471224104672723,0.5212985511265508,5.002709362819314,4.866466112934448,-1.6762135141702856,-0.6937564172445827,-0.9824570969257029,168.2850023905436,168.23038541353665,166.92125541013138,168.59746892430167,0.7920902369990206,1.1067690629906273,-0.3146788259916067,-0.059036929862447636,25.53856350531128,5.941997528076172,-15.950190915842603,-4.026105390541996,-11.924085525300606,162.6699981689453,164.3249969482422,163.49749755859375,167.47000122070312,0.3296663106241694,20.220945046720725,16.40396057100516,36.755137073152575,-115.06950218127861,173.0,165.20999908447266,56.00000000000001,96.0,-39.99999999999999,,171.33691066859004,0.0,0.0,44.05093217179113,0.36070528186312406,0.1894408807596066,0.08621555585494643,-9.905044445670132,54.33467810694763,52.12985511265508,32.53113434941947,-47.87014488734492,-5.793265488568494,-5.70839994452619,-0.9942103667777399,-0.4116568965732155,-0.5825534702045243,-0.4301363286340316,-4.153739014744784,3.7236026861107523,167.0306148312851,1.2965469700934706,1.2882137519657277,734.4874184160426,25.92042880155816,-11074883.215536952
2022-02-28,163.05999755859375,165.4199981689453,162.42999267578125,165.1199951171875,163.2543487548828,95056600,0.269989013671875,1,11928005692.036692,7575851000,0.21135498665849453,-6078186.529609712,2.925316097062004,-4.8569359540948795,147495571.44087374,167.53072188039923,33.11482136975698,12610.344442429525,170.07750091552734,179.26522856292266,160.88977326813202,10.804165863136246,0.23021045090810519,0.0,0.0,166.35900014241537,170.94200032552084,161.7759999593099,5.509771252751084,0.3648259899928358,0.0,0.0,152.0,176.64999389648438,164.3249969482422,14.49338905134038,0.5322514550017271,4.80143897585379,5.11289369223202,-1.6957398299366844,-0.8941530997830031,-0.8015867301536813,167.35500208536783,168.25384697547327,166.64413844198617,168.33987827192286,0.8122264970895938,1.0997499095232153,-0.28752341243362145,-0.07530480179745067,25.549660531252435,2.042494201660162,-18.570941431578383,-5.2440283558493785,-13.326913075729005,162.6699981689453,164.3249969482422,163.49749755859375,167.47000122070312,0.1648331553120847,21.423289263017335,16.114857831933975,35.08711666294218,-94.05181175061378,172.1199951171875,165.20999908447266,52.0,92.0,-40.0,,169.40321960173102,0.0,0.0,44.520510853318655,0.3803388323295345,0.31622049153611814,0.19162238636698584,-10.122500698664076,56.03324206034658,53.22514550017271,49.64167113391301,-46.77485449982729,-6.426559986787709,-6.330839425567353,-1.007331030142199,-0.5307917232870123,-0.47653930685518664,-0.18820526508068272,-3.3606322648119638,3.172426999731281,166.98095908620112,0.1637785888235488,0.16364461794982077,735.8541301338345,25.12677588141284,12414889.933849514
2022-03-01,164.6999969482422,166.60000610351562,161.97000122070312,163.1999969482422,161.35606384277344,83474400,-1.9199981689453125,0,11888882500.278406,7492376600,0.13033349288227938,-28105687.761638124,1.9968276595904222,-5.066041875061309,146524939.7796987,166.8929321821924,26.593508855831985,12463.712665811248,169.4985008239746,178.88523027735147,160.11177137059775,11.075884928475023,0.16449955189309592,0.0,0.0,165.9173334757487,170.66133371988934,161.17333323160807,5.718510712244592,0.2136028259207271,0.0,0.0,152.0,176.64999389648438,164.3249969482422,14.542897887978118,0.4543610434662035,4.784295566549661,5.481854805069622,-1.8448758021488914,-1.0842976402561808,-0.7605781618927105,166.6116689046224,168.2842313326322,166.1142705198717,167.9591463220206,0.7997528675411075,1.1020566922898873,-0.3023038247487798,-0.09120516615861282,25.41624190127681,-0.8585014343261719,-22.537015409975957,-7.378186143726119,-15.158829266249839,162.6699981689453,164.3249969482422,163.49749755859375,167.47000122070312,0.08241657765604235,22.184367684398648,16.774171448277265,32.61856452332939,-88.17600513173049,171.18000030517578,165.20999908447266,48.0,88.0,-40.0,,167.66289764155792,0.0,0.0,41.83169892770163,0.26791693859159654,0.33632035092808477,0.28066057440793674,-11.104441632884729,55.78029217246192,45.43610434662035,50.263701653149404,-54.56389565337965,-6.2756178463206425,-5.18242994538325,-1.0984074654748444,-0.6443148717245788,-0.45409259375026556,-0.9964847354136673,-2.8878027589323048,1.8913180235186373,166.8151052609162,-1.1627896231359958,-1.169602889139032,726.1349050440847,22.916426328849127,1870441.9714886248
2022-03-02,164.38999938964844,167.36000061035156,162.9499969482422,166.55999755859375,164.6781005859375,79724800,3.3600006103515625,1,11939682116.452017,7572101400,0.11924898241220212,14177321.441475354,4.8124067452212484,-5.14051318626001,148166333.04973114,166.28331626958223,26.832263439374174,12720.318566224676,169.09600067138672,178.25919545347358,159.93280588929986,10.837861032437056,0.36162014596968933,0.0,0.0,165.28000030517578,170.19500122070312,160.36499938964843,5.947484155919898,0.6302133280763225,0.0,0.0,152.0,176.64999389648438,164.3249969482422,14.57751442885277,0.590669418407861,4.746866376105632,5.565904488707174,-1.6726617624335631,-1.2019704646916574,-0.47069129774190577,166.43833541870117,168.47423142653244,166.18284391044432,167.85550567287788,0.7714839000061706,1.1071958133845377,-0.33571191337836703,-0.10216164622738816,25.267332114874847,-0.21599578857421875,-26.974747302572943,-10.440755730805575,-16.533991571767366,161.9550018310547,164.3249969482422,163.13999938964844,167.47000122070312,0.041208288828021175,22.659371064569367,16.80508318770271,30.423034699070246,-53.96238042255018,167.37999725341797,165.20999908447266,44.0,84.0,-40.0,152.0,,1.0,0.0,47.77591209655512,0.6982638103958307,0.448839860438987,0.3671269009677302,-10.137826891280003,60.172603955810345,62.01022235075075,53.5571573991813,-37.98977764924925,-5.603882150089049,-1.2333976746814217,-0.9964890670272677,-0.7147497107851166,-0.2817393562421511,-1.9607953191176368,-2.702401270969371,0.7416059518517342,166.8019289136755,2.058823941900667,2.0379166378329927,743.1435682615305,27.306887653333263,4770907.696763933
2022-03-03,168.47000122070312,168.91000366210938,165.5500030517578,166.22999572753906,164.35183715820312,76678400,-0.3300018310546875,0,11894039871.76103,7495423000,0.044431765947082716,8537130.89235834,9.092543202964148,-3.792861389693132,148014411.74345565,165.81409393307547,33.60129455053578,12695.116065744473,168.61550064086913,177.30958592080634,159.92141536093192,10.3123203345991,0.3628087466064461,0.0,0.0,164.77166697184245,169.69366861979168,159.84966532389322,5.974330099834874,0.6481438711326144,0.0,0.0,152.0,176.64999389648438,164.3249969482422,14.619055663800399,0.5772819168757916,4.608179799530225,5.622369671141176,-1.544999492627511,-1.2705762702788281,-0.2744232223486829,166.21750132242838,168.72230823223407,166.1900980361512,167.7350975287787,0.8691760024158393,1.0802852042810747,-0.2111092018652354,-0.10951924806417374,25.05131043719342,4.174492645263683,-32.23722676653941,-14.45520752992037,-17.782019236619035,161.2699966430664,164.3249969482422,162.7974967956543,167.47000122070312,0.020604144414010588,22.629427091846964,18.33993121111074,28.830768052523037,-28.192269492109357,167.37999725341797,165.20999908447266,40.0,80.0,-40.0,152.30720001220703,,0.0,0.0,47.26504288608505,0.6693842135378693,0.5451883208417653,0.44344951073627925,-9.506189475406087,60.10703546506853,66.68227820767116,58.04286830168078,-33.31772179232885,-3.384941011316613,-1.5691669106193507,-0.9210949380241853,-0.7560187562329304,-0.16507618179125494,-2.987360520921656,-2.759393120959828,-0.2279673999618277,166.77194248573528,-0.1981279033932526,-0.1983244363577441,741.473065587139,25.38306734020415,5206566.65400973
2022-03-04,164.49000549316406,165.5500030517578,162.10000610351562,163.1699981689453,161.326416015625,83737200,-3.05999755859375,0,11862243668.18826,7411685800,0.058638156697594715,-29287548.887046643,-14.028693815105584,-3.7167768485625956,146472959.33324528,165.3204799519349,34.122702167179355,12695.116065744473,168.12900085449218,176.89824903373218,159.35975267525217,10.43157115628063,0.21725040823416186,0.0,0.0,164.15700022379556,169.08000132242836,159.23399912516277,5.997917958931094,0.399756059863123,0.0,0.0,152.0,176.64999389648438,164.3249969482422,14.661357511913009,0.4531440541467395,4.560360781979546,5.699419679562195,-1.6714747332926265,-1.3507559628815877,-0.3207187704110388,165.41583506266275,168.85615422175482,165.72546728735028,167.3969420206429,0.8578027764986454,1.0857188010226066,-0.2279160245239612,-0.11745799311621082,24.83997236151632,4.421002197265636,-36.21932901678533,-18.92899042369082,-17.29033859309451,160.4550018310547,164.3249969482422,162.38999938964844,167.47000122070312,0.010302072207005294,23.208599958729344,17.151664768373863,32.37513762508915,-76.09095270674183,167.23999786376953,165.20999908447266,36.0,76.0,-40.0,152.97131215820312,,0.0,0.0,42.70500042829879,0.4116035817497838,0.593083868561161,0.5290373499473047,-10.313524495971249,63.722683142783126,52.34301820901541,60.34517292247913,-47.65698179098459,-2.9136453067555124,-5.567449210590107,-0.9985097177501038,-0.8045169485363651,-0.19399276921373865,-3.1332005119475594,-2.8341545991573747,-0.2990459127901848,166.6021344942675,-1.8408215347663681,-1.857975496404407,725.9830481865523,22.20282340197923,15058677.711791709
2022-03-07,163.36000061035156,165.02000427246094,159.0399932861328,159.3000030517578,157.50010681152344,96418800,-3.8699951171875,0,11774209411.175608,7315267000,0.006511159093014652,-78409368.36105114,-11.132843796640232,-3.8887558028738347,144186140.13000712,164.76861649985258,33.94634583277396,12695.116065744473,167.47450103759766,176.80966318534104,158.1393388898543,11.148159379376388,0.06216625611501015,0.0,0.0,163.46800028483074,168.55400339762372,158.38199717203776,6.222628409145522,0.09024826168617234,0.0,0.0,152.0,176.64999389648438,164.3249969482422,14.71865492583286,0.2961462417562282,4.702325802414404,5.964759993846171,-2.0602344356601066,-1.4926516574372914,-0.5675827782228151,164.3116683959961,168.8592312152569,164.73693432802835,166.79716876368846,0.8407419535381793,1.0382691493977787,-0.19752719585959944,-0.12968769764273239,24.66593431341634,1.405503845214838,-39.415439150852784,-23.413595636901263,-16.00184351395152,160.4550018310547,164.3249969482422,162.38999938964844,167.47000122070312,0.005151036103502647,24.21401202217055,15.577824537403403,34.099821213706754,-105.61984774792577,166.52999877929688,165.20999908447266,32.0,72.0,-40.0,153.60885981835938,,0.0,0.0,37.745196168007304,0.13122428975874745,0.4040706950154665,0.5141142948061312,-12.59182456790172,48.22003463171474,34.208080152273304,51.077792189653316,-65.7919198477267,-2.9866152595071185,-7.678933506611155,-1.235173505000534,-0.8906482598291989,-0.344525245171335,-2.0626815108821703,-2.679859981502334,0.6171784706201637,166.11380487757899,-2.371756548762427,-2.400335480791682,706.39274114952,19.91972460085529,24912895.66253449
2022-03-08,158.82000732421875,162.8800048828125,155.8000030517578,157.44000244140625,155.6611328125,131148300,-1.8600006103515625,0,11703819042.341677,7184118700,-0.010581318063361121,-102056018.31612524,-14.521856703114397,-6.014809496315586,142654841.23877412,163.78989211562555,27.15634709702286,12695.116065744473,166.7635009765625,176.85100383648413,156.6759981166409,12.097974437870963,0.037868852944805464,0.0,0.0,162.9000005086263,168.24000295003253,157.55999806722008,6.556172406056499,-0.011235540351385041,0.0,1.0,152.0,176.64999389648438,164.3249969482422,14.781408253085768,0.2206898088596327,4.940093405278433,6.38558875386559,-2.4897159100140698,-1.692064507952647,-0.7976514020614227,163.35833485921225,168.36346200796274,163.6143294223942,166.10404533240828,0.7691333783533845,1.1147286538287833,-0.3455952754753988,-0.14619390599261378,24.626427337712308,0.5365020751953011,-41.93540150320436,-27.41516950760103,-14.520231995603332,160.4550018310547,164.3249969482422,162.38999938964844,167.47000122070312,0.0025755180517513234,25.583437605305452,13.946179497606787,35.32139443571046,-129.7919369781365,166.21999740600586,166.13999938964844,28.000000000000004,68.0,-40.0,154.2209055721094,,0.0,0.0,35.604857899431465,0.01047211212045026,0.1844333278763269,0.3938626304843184,-15.151937137146742,40.27246993611442,25.49204955460631,37.34771597196504,-74.50795044539369,-3.633409477682676,-6.774041988774562,-1.4988893888957595,-1.0122964856425112,-0.48659290325324833,1.791522980235355,-1.7855833891547965,3.5771063693901515,165.61702971712805,-1.1676086470301161,-1.1744787262458978,696.9772297748351,20.486193942154983,52475738.29371065
2022-03-09,161.47999572753906,163.41000366210938,159.41000366210938,162.9499969482422,161.10890197753906,91454900,5.5099945068359375,1,11774239008.33365,7275573600,-0.0017819428193824255,-15488587.610503078,9.053641499030533,-5.404613446310634,145855527.1433032,163.27488016644367,33.56314000770128,13139.412424364828,166.16950073242188,175.66903988842665,156.6699615764171,11.433553226234476,0.33054421212924806,0.0,0.0,162.89333394368492,167.99333699544272,157.79333089192707,6.261770114572012,0.5055551932010868,0.0,0.0,152.0,176.64999389648438,164.3249969482422,14.83424683099793,0.4442190531253598,5.043084186820902,6.429357414657824,-2.3582876923955496,-1.8253091448412277,-0.5329785475543218,162.99583435058594,167.90846193753757,163.5121244263708,165.87041211876635,0.8025262894377833,1.0818959273364355,-0.2793696378986522,-0.15825740010865147,24.65818221419444,-1.8494934082031307,-40.59786367628703,-30.49312835262653,-10.104735323660496,162.3550033569336,164.3249969482422,163.3400001525879,167.47000122070312,0.0012877590258756617,26.682470348944697,13.505966372886288,32.25362224855803,-71.61379505603718,166.83499908447266,166.13999938964844,24.0,64.0,-40.0,154.80846949570937,,0.0,0.0,45.46953152414035,0.8132791418975784,0.3183251812589251,0.3022764013835731,-14.19636890726129,44.325523731386056,54.99746325552451,38.23253098746807,-45.00253674447549,-4.173585016587197,-2.6001231465428356,-1.421765137176467,-1.0941902159493024,-0.3275749212271646,1.350896321451258,-1.1582874470335858,2.509183768484844,165.5691441554361,3.4997423916368176,3.4398937744541946,724.8693797369577,27.589494531084796,-7851377.343774512
2022-03-10,160.1999969482422,160.38999938964844,155.97999572753906,158.52000427246094,156.72894287109375,105342000,-4.42999267578125,0,11790243655.928577,7170231600,-0.01564322281640948,-79942259.15930955,-13.501061995053247,-5.8375720753010185,142991677.5134049,162.54713975491697,32.813962596933095,13139.412424364828,165.28150100708007,174.13280572416315,156.43019628999699,10.710581236437251,0.1180508438733675,0.0,0.0,162.80333353678387,167.25933634440105,158.34733072916666,5.474092834358831,0.019375385378921674,0.0,0.0,152.0,175.47999572753906,163.73999786376953,14.206063948156705,0.2776833670720731,5.2357758902091245,6.4842278621877485,-2.5818315223305888,-1.9766136203391,-0.6052179019914887,162.51250076293945,167.28961592454178,162.7441059411539,165.32593746348448,0.760716245620976,1.0744904698397708,-0.31377422421879486,-0.171652015431079,24.74943621768315,-5.211493682861317,-42.955083037223446,-33.49367192166885,-9.461411115554597,162.3550033569336,164.3249969482422,163.3400001525879,167.47000122070312,0.0006438795129378309,28.14613021960661,12.176297137908195,33.92308557842661,-124.83941930541907,166.83499908447266,166.96500396728516,20.0,60.0,-40.0,155.37253086236538,,0.0,0.0,40.14482463530824,0.3821994444191827,0.4019835661457369,0.3015806917603299,-15.195762295126816,44.49195820656746,35.16724182061945,38.55225154358345,-64.83275817938055,-5.72538043751436,-3.5296998498264816,-1.5616615045058115,-1.1876844736606043,-0.3739770308452073,2.1552099563616163,-0.49558796635454533,2.6507979227161615,165.3895504710969,-2.7186209013482565,-2.75625912809625,702.4443083706071,20.65239905451415,23311325.18874848
2022-03-11,158.92999267578125,159.27999877929688,154.5,154.72999572753906,152.9817657470703,96970100,-3.790008544921875,0,11702605235.591606,7073261500,-0.02833299738763546,-121024437.50825515,-6.3835034374000665,-5.608463145961571,140673247.67681313,161.75664403887893,32.62864592824357,12825.266045223916,164.41200103759766,173.80536714357788,155.01863493161744,11.426618551807723,-0.015363992035539786,0.0,1.0,162.05900014241536,166.56800282796223,157.5499974568685,5.564643347897256,-0.31270792301462474,0.0,1.0,152.0,173.33999633789062,162.6699981689453,12.979585555321234,0.12792859400316617,5.1901981791179,6.617771517663207,-3.029886982161429,-2.187268292703566,-0.8426186894578631,162.06749979654947,166.47769282414362,161.51116590829005,164.54105289045148,0.7724497952308915,1.0706952631540332,-0.29824546792314166,-0.18945813556902413,24.838817800542103,-1.6719955444335994,-47.81419187741363,-36.7429219712061,-11.071269906207526,161.7050018310547,164.3249969482422,163.01499938964844,167.47000122070312,0.00032193975646891543,29.680934100151784,11.350962166786124,33.72239471752641,-151.48843923086807,167.05500030517578,167.99500274658203,16.0,56.00000000000001,-40.00000000000001,,168.91000366210938,0.0,1.0,36.235259390889226,0.06568733623704578,0.4203886408512687,0.38023246275197714,-17.379491960611553,38.29075851611983,16.144264555401755,35.43632321051527,-83.85573544459825,-6.893999032413262,-3.3360475743988665,-1.8414170378371615,-1.3184309864959158,-0.5229860513412457,2.0570618491631114,0.014941996748985997,2.0421198524141255,164.55929056897781,-2.390870831928371,-2.419916038520409,683.258901459305,18.9245127163845,9711417.459673837
2022-03-14,151.4499969482422,154.1199951171875,150.10000610351562,150.6199951171875,148.91819763183594,108732100,-4.1100006103515625,0,11622002315.667065,6964529400,-0.031149202642885402,-167576517.48776257,-17.672373271681877,-5.467451522227568,137785061.74192998,160.77793219820958,32.40685441642478,12825.266045223916,163.5110008239746,174.44063085933806,152.58137078861114,13.368678535739125,-0.08972745029234716,0.0,1.0,160.78800048828126,165.4000015258789,156.1759994506836,5.7367477965916835,-0.602342051552332,0.0,1.0,150.10000610351562,173.33999633789062,161.72000122070312,14.213105000435828,0.022374751814772404,5.134177323608453,6.859218835222949,-3.674262254567907,-2.484667085076434,-1.189595169491473,161.05749893188477,165.62076979417068,159.83560117119737,163.50986342576527,0.7761354400562037,1.088316296716436,-0.3121808566602322,-0.213923361559782,24.922139761267964,1.339005279541027,-54.27930722583515,-40.26984328407934,-14.009463941755804,159.5050048828125,163.375,161.44000244140625,166.52000427246094,0.00016096987823445772,31.572844304805763,10.601387928939108,37.77107875756667,-201.49551501877497,167.14500045776367,168.81999969482422,12.0,100.0,-88.0,,168.62180358886718,0.0,0.0,32.53496999408928,0.0,0.14929559355207586,0.32388926684969405,-20.497544054549994,36.65434267220834,2.7644289269687166,18.025311767663336,-97.23557107303128,-8.690057507683264,-7.44746833407577,-2.24711964011642,-1.5041687172200167,-0.7429509228964033,2.921769700539571,0.596307537507103,2.3254621630324683,162.99182723554438,-2.656240369571772,-2.6921558634101395,662.4536623204787,17.324977636161805,25209793.18336937
2022-03-15,150.89999389648438,155.57000732421875,150.3800048828125,155.08999633789062,153.3376922607422,92964300,4.470001220703125,1,11697770521.50715,7057493700,-0.014912216176235673,-84272652.92068055,4.829144759172394,-4.375922354344287,140543995.13691846,160.2186231179226,38.93603405177606,13205.885861559653,162.8215003967285,174.04525163004593,151.5977491634111,13.786571436781733,0.15557397441743384,0.0,0.0,159.76366729736327,164.43166809082032,155.09566650390624,5.843632500959848,-0.0006073441572211142,0.0,1.0,150.10000610351562,173.33999633789062,161.72000122070312,14.273293255343292,0.21471567690222815,5.139759835388233,6.663054031740175,-3.7806614474847606,-2.7438659575580995,-1.0367954899266612,160.24416478474936,164.95538506141077,159.10550811991942,162.88616956740418,0.8081630649346329,1.0632809553841789,-0.255117890449546,-0.2362887372056941,25.054708012260328,2.29849472045899,-56.827993270061405,-43.58687061380028,-13.241122656261126,159.5050048828125,163.375,161.44000244140625,166.52000427246094,8.048493911722886e-05,32.838626764355794,11.881424592573941,34.98236838336203,-142.461110432368,167.72500228881836,168.81999969482422,8.0,96.0,-88.0,,167.88093168945312,0.0,0.0,39.74219473810427,0.472885776716449,0.17952437098449794,0.24973620179594777,-20.568364505788338,43.31879251150519,26.528393843917414,15.145695775429322,-73.47160615608259,-9.759674924962667,-5.920539523363024,-2.321045093960712,-1.6675439925681559,-0.653501101392556,2.2702463696196546,0.9310953039296134,1.3391510656900412,162.66012440737254,2.9677342754030223,2.924549370344298,685.081260991229,24.72299171499418,3486155.570068121
2022-03-16,157.0500030517578,160.0,154.4600067138672,159.58999633789062,157.78683471679688,102300200,4.5,1,11784928661.050323,7159793900,0.0025223704488423694,-6469288.217726201,23.0426296492569,0.3035954339332709,143512277.49471182,160.15798249974688,47.63833842252415,13205.885861559653,162.1615005493164,172.4786971720572,151.8443039265756,12.724594417036908,0.37537776464598155,0.0,0.0,159.00300089518228,163.78400065104165,154.2220011393229,6.0137226705690825,0.5613883573188797,0.0,0.0,150.10000610351562,173.33999633789062,161.72000122070312,14.331385782476325,0.4083474278030486,5.179783180462691,6.436849625811995,-3.4619638186021575,-2.8874855297669115,-0.574478288835246,159.78333155314127,164.49115401047928,159.18004476883806,162.64200858744022,0.9628096774461097,0.957517010351356,0.0052926670947537335,-0.25064353704307113,25.194015189766173,1.038496398925787,-57.325415982,-46.3744471932959,-10.950968788704103,157.82500457763672,163.375,160.60000228881836,166.52000427246094,4.024246955861443e-05,32.66502252003797,17.20773562175865,32.24558372620334,-67.5620706493064,167.9250030517578,168.81999969482422,4.0,92.0,-88.0,,167.16969466601563,0.0,0.0,45.99678053197395,0.8832662999032505,0.4520506922065662,0.26029021891438026,-18.399880212820705,49.726058858525434,50.451841925089965,26.581554898658727,-49.548158074910035,-10.481704397762513,-3.349078817118528,-2.128579109831224,-1.7597510160207697,-0.3688280938104542,2.4977141991706024,1.2444190829778112,1.2532951161927912,162.55918092620797,2.901541109199557,2.860243350554992,707.8607165195119,27.653391031519988,20144552.057202637
2022-03-17,158.61000061035156,161.0,157.6300048828125,160.6199951171875,158.80520629882812,75615400,1.029998779296875,1,11843491086.065718,7235409300,0.01669234607134905,5581148.627098245,9.292335600966547,-0.8711062718379435,144000301.62832448,159.89377504851453,46.901636013962474,13291.117057932022,161.56500015258788,170.72536838808554,152.40463191709023,11.339545355548877,0.44841882929234417,0.0,0.0,158.2883341471354,163.07033335367836,153.50633494059247,6.0421372583249084,0.7437956249409033,0.0,0.0,150.10000610351562,171.91000366210938,161.0050048828125,13.499209320085162,0.48234709726167324,4.9988043741351715,6.272038894932777,-3.0906542202048684,-2.928119267854503,-0.1625349523503652,159.56833140055338,163.94461529071515,159.40157559166107,162.49222981186594,0.8797628178914444,0.9753730699941423,-0.09561025210269791,-0.25733169592098176,25.341285400862102,4.994997406005865,-57.28019882811741,-48.71454383899947,-8.565654989117945,157.56000518798828,163.375,160.46750259399414,166.52000427246094,50.000020121234776,32.225915061542445,17.81546968597921,30.673555794925345,-31.88251312677679,168.04000091552734,168.81999969482422,0.0,88.0,-88.0,,166.48690712351564,0.0,0.0,47.344011007261976,0.9716617853155374,0.775937953978412,0.469171005723159,-16.267663281457217,54.68597803420554,55.92764688512994,44.302627551379125,-44.07235311487006,-10.20438003540039,-1.5808835044726859,-1.9020320071816594,-1.7882072142529477,-0.11382479292871173,0.44138036435434685,1.0838113392531183,-0.6424309748987715,162.5115416883907,0.6454030972694147,0.6433292896427467,713.0746746055516,26.15108901116122,-10452350.002751812
2022-03-18,160.50999450683594,164.47999572753906,159.75999450683594,163.97999572753906,162.1272430419922,123511700,3.3600006103515625,1,11940835059.782461,7358921000,0.09371803300204354,64069468.44973551,10.719283155968887,-0.3143943390588805,146584035.90799978,159.84220749876383,48.00566687327243,13291.117057932022,161.31999969482422,169.93027420830296,152.70972518134548,10.67477625807979,0.6544663894601048,0.0,0.0,158.20166676839193,163.110666402181,153.29266713460285,6.20600241965324,1.088544447974123,1.0,0.0,150.10000610351562,170.5399932861328,160.31999969482422,12.67046071242522,0.6790605835520005,4.970924058791967,6.053679261724433,-2.4964867742507124,-2.841792769133745,0.3453059948830326,159.35333124796549,163.4715382502629,160.10594792025768,162.6024346945084,0.8907577576478863,0.9310346240409615,-0.04027686639307515,-0.2541479174380203,25.453274622697123,4.909996032714844,-54.8934441594571,-50.434322173288834,-4.459121986168263,157.29000091552734,162.79000091552734,160.04000091552734,166.52000427246094,75.00001006061738,30.909363188953538,21.645360505518536,28.572508140655323,30.543724171751048,169.27249908447266,168.81999969482422,0.0,84.0,-84.0,,165.83143108271562,0.0,0.0,51.58699700504654,1.0,0.951642695072929,0.7265437804193028,-13.079861937355425,54.36208968004734,73.79049136389743,60.05666005803914,-26.209508636102576,-9.027351199879377,-1.5489924765080971,-1.5353317303895369,-1.7376321174802656,0.20230038709072873,2.7829756466061366,1.423644200723722,1.3593314458824146,162.520412487464,2.0918943546848645,2.0703146752725665,730.0833378229976,28.42894484826877,51475886.40154967
2022-03-21,163.50999450683594,166.35000610351562,163.00999450683594,165.3800048828125,163.51145935058594,95811400,1.4000091552734375,1,11980995650.036972,7454732400,0.1344036780845916,74079092.55399692,8.924248070105461,0.18042140454933658,147402043.23007852,159.94894167057257,54.80000507480274,13404.592396691229,161.22399978637696,169.60520516885538,152.84279440389855,10.39696992207559,0.7479360012537098,0.0,0.0,158.58100026448568,163.2259999593099,153.93600056966147,5.858204560542752,1.2318627626502063,1.0,0.0,150.10000610351562,168.91000366210938,159.5050048828125,11.666995970523706,0.8123339055041972,4.807832812580739,5.72278490055715,-1.8908393352705275,-2.6516020823611015,0.760762747090574,159.28249867757162,163.21230785663312,160.91734129911225,162.80818063438278,0.9421334541091982,0.9198216213105558,0.02231183279864246,-0.24229777129324057,25.444916190307087,1.945998382568348,-50.95017744325423,-51.43596394440549,0.4857865011512601,158.22500610351562,161.72000122070312,159.97250366210938,165.13500213623047,87.5000050303087,29.23983208670012,23.34908700464635,27.15504165493999,79.12339153721014,170.25749588012695,168.81999969482422,12.0,80.0,-68.0,150.10000610351562,,1.0,0.0,53.276411505851925,1.0,0.9905539284385121,0.9060448591632846,-9.98507222346858,58.50000937559348,81.23339055041971,70.31717626648238,-18.766609449580283,-6.290557233025055,-0.5113342155887127,-1.1613908637163464,-1.6223838667274817,0.4609930030111353,2.3035610454326263,1.599627569665503,0.7039334757671234,162.60379278029546,0.8537682593916074,0.8501442705563633,737.1703258878287,27.613462875944833,539854.0688003004
2022-03-22,165.50999450683594,169.4199981689453,164.91000366210938,168.82000732421875,166.91258239746094,81532000,3.44000244140625,1,12040834296.096918,7536264400,0.16792320413483236,103563547.76810227,13.745939143121106,0.8185308615421835,149097957.31141788,160.08176105183594,54.897422702736336,13683.415889309626,161.44899978637696,170.37452034438368,152.52347922837023,11.056767858353568,0.9129175150030637,0.0,0.0,159.48200022379558,163.86999918619793,155.0940012613932,5.502814055811736,1.5640393469134692,1.0,0.0,150.10000610351562,169.4199981689453,159.76000213623047,11.966622333364189,0.9689445605000967,4.7780489820062595,5.641073155393321,-1.1203650577206474,-2.3453546774330105,1.224989619712363,159.7533327738444,163.21923123873196,162.13313607220556,163.2535011299262,0.9554409093072482,0.8867329233470027,0.06870798596024552,-0.22056891124830014,25.47883259041832,-2.1489967346191463,-43.37882670042138,-51.744959835975976,8.366133135554598,159.76000213623047,161.72000122070312,160.7400016784668,163.63999938964844,93.75000251515435,27.293664896512464,26.358242325612675,25.3278838332012,127.32145662194104,169.14249420166016,168.81999969482422,8.0,76.0,-68.0,150.4250061035156,,0.0,0.0,57.226122968467074,1.0,1.0,0.9807322078371472,-6.0871966506844535,65.74695406932794,96.89445605000968,83.9727793214423,-3.105543949990325,-3.264028975542857,3.4626519695265605,-0.6862732192365042,-1.4351617372292862,0.748888517992782,0.7272836580363189,1.425158787339666,-0.6978751293033472,163.00689766620792,2.08005946295855,2.0587216121527696,754.5839664725394,29.659035025189382,-2653963.0366636217
2022-03-23,167.99000549316406,172.63999938964844,167.64999389648438,170.2100067138672,168.286865234375,98062700,1.3899993896484375,1,12043389428.783104,7634327100,0.2100468091344946,108241197.1079845,15.163966574472617,1.2522039595070742,149905368.08759144,160.4188502264096,55.687816871252814,13683.415889309626,161.95599975585938,171.63109385306325,152.2809056586555,11.947805714871436,0.9265595184440243,0.0,0.0,160.30633341471352,164.79333292643227,155.8193339029948,5.598031489012775,1.6035964315672582,1.0,0.0,150.10000610351562,172.63999938964844,161.37000274658203,13.917356146182131,0.8921919521033644,4.79924463312204,5.549069192713182,-0.39306628430961155,-1.9548969988083307,1.5618307144987191,160.66249974568686,163.270385155311,163.37573155553812,163.76879783984774,0.9584270845231939,0.8658709522149141,0.09255613230827986,-0.19100607393490412,25.57026037011863,-4.515997314453131,-37.79285335889823,-51.1713787606065,13.378525401708274,161.37000274658203,161.72000122070312,161.54500198364258,163.63999938964844,96.87500125757717,26.12347036050723,29.191410445194904,23.44795962724215,150.89693778977946,168.7724952697754,168.81999969482422,4.0,72.0,-68.0,151.1848057861328,,0.0,0.0,58.74373118870638,1.0,1.0,0.9968513094795043,-2.44936644327219,69.54499632387818,89.21919521033645,89.11568060358864,-10.780804789663556,-0.5498536502613831,6.848715287572612,-0.2400129264513486,-1.1961319750736987,0.9561190486223501,0.8451206084233976,1.3091511515564125,-0.46403054313301484,163.29927751177405,0.8233617636201895,0.8199906324137807,761.6202840905032,28.695273199988918,23122297.73294002
2022-03-24,171.05999755859375,174.13999938964844,170.2100067138672,174.07000732421875,172.10325622558594,90131400,3.8600006103515625,1,12130310398.959686,7724458500,0.18865993401501863,142479205.95139256,8.851421722003902,2.886497926443466,151949356.36847255,161.0300700016606,62.179753686761,13993.72663251534,162.52249984741212,173.54750140064834,151.4974982941759,13.567354136919246,1.0236964104289414,1.0,0.0,161.75733388264973,166.19633229573566,157.3183354695638,5.488466342189209,1.8868751794629983,1.0,0.0,150.10000610351562,174.13999938964844,162.12000274658203,14.791793941579348,0.9970885155999581,4.712319437387961,5.34585202326305,0.4891543564741596,-1.4660867277518328,1.9552410842259924,162.04833348592123,163.31961646446814,165.02100475071975,164.5318503942456,1.0525353660046215,0.8066197784853654,0.24591558751925613,-0.15246200534667212,25.63458153655709,0.42749710083006676,-29.206371214396693,-49.1038431313824,19.897471916985705,162.12000274658203,162.12000274658203,162.12000274658203,163.63999938964844,98.4375006287886,25.3146515239228,29.723046717149543,22.05926163794002,170.1377580580928,168.7724952697754,168.81999969482422,100.0,68.0,32.0,152.47211740234374,,0.0,0.0,62.70133065844922,1.0,1.0,1.0,1.957594860445335,71.45474740105159,99.70885155999581,95.27416760678068,-0.2911484400041892,2.08111697926239,10.56275700262493,0.29730070822279375,-0.8974454384144003,1.194746146637194,0.26765082187240136,1.1008510856196103,-0.8332002637472089,164.72001452275643,2.267787120671727,2.2424550976409385,781.1599979222027,31.067881933880983,8441132.409539029
2022-03-25,173.8800048828125,175.27999877929688,172.75,174.72000122070312,172.7458953857422,80546200,0.649993896484375,1,12175199921.396751,7805004700,0.17106370984147634,129604253.44190931,5.7795258978995925,4.09452433319631,152250123.5091753,161.7986652395472,68.91194401516681,14045.980533345391,163.0159996032715,175.23274393589037,150.79925527065262,14.988399129349878,0.9790147562547326,0.0,0.0,163.5653340657552,167.77933247884113,159.3513356526693,5.152679126240576,1.8235253150913429,1.0,0.0,150.10000610351562,175.27999877929688,162.69000244140625,15.446332100567584,0.9777602175741549,4.4940873715788525,4.9218328161737706,1.2266298205516648,-0.9275434180911333,2.154173238642798,163.02916717529297,163.40307793250452,166.51315805379411,165.28652823324245,1.1381201891322164,0.7720207745457601,0.36609941458645623,-0.1084268159294816,25.62129579904452,-4.495995330810558,-18.761868942663266,-45.15746109991886,26.395592157255596,162.8300018310547,162.69000244140625,162.76000213623047,163.63999938964844,99.2187503143943,24.773540224746757,30.327912809176482,21.18923744229902,165.38816560921214,168.7724952697754,168.81999969482422,100.0,64.0,36.0,154.2055479613281,,0.0,0.0,63.33908262705549,1.0,1.0,1.0,5.696479591018182,71.58167222716534,97.77602175741548,95.56802284258261,-2.223978242584517,4.412323716107551,7.223077319970399,0.7421232895767029,-0.5695316928161798,1.3116549823928827,-1.006006044163852,0.6794796596629178,-1.6854857038267699,167.13286848839033,0.3734094727035453,0.37271403022636207,784.4503328241185,28.98332095608572,2265626.1280938685
2022-03-28,172.1699981689453,175.72999572753906,172.0,175.60000610351562,173.61599731445312,90371900,0.8800048828125,1,12259272935.198812,7895376600,0.17578258747315112,122450461.9886427,-0.6191139620309636,5.087577386130841,152705295.8575808,162.95982842611167,77.76881219226007,14045.980533345391,163.54000015258788,176.91671949183404,150.16328081334171,16.358957229748405,0.9507833963274054,0.0,0.0,165.84833424886068,170.03333333333336,161.663335164388,5.0467785563561405,1.6650745505340632,1.0,0.0,150.10000610351562,175.72999572753906,162.91500091552734,15.67200048924414,0.9949282217460753,4.417678207174873,4.32979007107618,1.8606451198618004,-0.3699057105005466,2.230550830362347,164.4525006612142,163.66153951791617,167.9111346768282,166.0504895569664,1.1841123161279743,0.7197820036554555,0.46433031247251877,-0.06132363302999088,25.56114058677716,-8.810004425048817,-5.463833457894247,-39.45033223190028,33.98649877400604,165.09500122070312,162.91500091552734,164.00500106811523,163.63999938964844,99.60937515719715,24.070438596939933,28.540694511810145,21.125476808060984,144.9580151809835,168.7724952697754,168.81999969482422,100.0,60.0,40.0,156.31299304312498,,0.0,0.0,64.23080191384,1.0,1.0,1.0,9.033309519005115,74.03602878392424,99.49282217460753,98.9925651640063,-0.5071778253924689,6.207705553840185,10.774666522023258,1.120529740578377,-0.2315194061372684,1.3520491467156455,-1.1645557919420082,0.3106725693419326,-1.4752283612839407,170.89604076177935,0.5036657947940837,0.5024016415912769,788.9050066224961,28.60906762551656,18114569.292639673
2022-03-29,176.69000244140625,179.00999450683594,176.33999633789062,178.9600067138672,176.93798828125,100589400,3.3600006103515625,1,12356095859.131124,7995966000,0.2456892853784127,153240459.61810768,10.113080011543387,5.1632515655960445,154630013.58905777,164.16511077761294,78.08218589469257,14045.980533345391,164.32800064086913,179.29413044242517,149.3618708393131,18.214947839916565,0.9888373369405348,0.0,0.0,168.2906672159831,172.22366587320965,164.3576685587565,4.674054387316669,1.85638738120086,1.0,0.0,150.10000610351562,179.00999450683594,164.55500030517578,17.592855928735897,0.9982709161874652,4.316909226789417,4.2268647969301965,2.60421105695778,0.22491764299111877,2.3792934139666615,166.4716682434082,164.11000119722806,169.61096114406496,167.00675008710718,1.2235564730197293,0.7032772994207153,0.520279173599014,-0.010088764126898084,25.423702638728738,-13.708005523681635,8.057445158557092,-32.1855698829495,40.243015041506595,168.31999969482422,164.55500030517578,166.4375,164.55500030517578,99.80468757859859,24.03135667032631,32.250247054975254,19.967025705295026,159.932334456763,168.5474967956543,168.81999969482422,100.0,56.00000000000001,43.99999999999999,158.64303336525467,,0.0,0.0,67.48298141981356,1.0,1.0,1.0,12.943013728904026,74.3745100985396,99.82709161874652,99.03197851692319,-0.1729083812534802,8.183675160127535,15.659543498594974,1.5593447903150495,0.12665343315319516,1.4326913571618543,-0.40169520094215483,0.16819901528511513,-0.56989421622727,174.48002562937393,1.9134399166084615,1.895363873881717,805.913669839942,30.904620504834952,24387140.246201545
2022-03-30,178.5500030517578,179.61000061035156,176.6999969482422,177.77000427246094,175.76145935058594,92633200,-1.19000244140625,0,12331585049.323563,7903332800,0.20469698119995602,115601289.07905325,1.50789514612639,6.235319932823161,154014045.04849148,165.59560713073805,78.14746851791477,13952.581167567818,164.8885009765625,180.9468174826591,148.83018447046592,19.477788215661125,0.9010851103541248,0.0,0.0,170.29166717529296,173.9616668701172,166.62166748046874,4.310251647306316,1.5188471006843145,1.0,0.0,150.10000610351562,179.61000061035156,164.8550033569336,17.896939041874443,0.9376483673196079,4.176218670321413,3.991325154957953,3.0621703735223775,0.7923681890973706,2.269802184425007,168.73416900634766,164.62730877216046,170.86619854843354,167.80402817491117,1.34960107972284,0.6639458060966816,0.6856552736261583,0.040287585030738995,25.17358067920481,-9.798504638671886,16.0444181796565,-24.03839021541906,40.08280839507556,169.68499755859375,164.8550033569336,167.27000045776367,164.8550033569336,99.9023437892993,24.101649368656947,31.69218898344613,19.009044913829047,136.1819552054072,167.53749465942383,168.81999969482422,100.0,52.0,48.0,161.49440792507605,,0.0,0.0,65.22121692493906,0.9352820259979178,0.9784273419993057,0.9928091139997687,15.551884308656568,73.07521513846213,93.76483673196078,97.69491684177164,-6.235163268039217,9.715675443761512,18.025501284972027,1.8248491450577768,0.4662925755341115,1.3585565695236652,-0.4782712625620661,0.038904959715678894,-0.517176222277745,175.65245581528185,-0.6649544014093012,-0.6671750729656978,799.8897570193728,27.40778561997402,10409725.916187748
2022-03-31,177.83999633789062,178.02999877929688,174.39999389648438,174.61000061035156,172.63714599609375,103049300,-3.160003662109375,0,12240459173.978874,7800283500,0.1784817797814411,52567367.013787426,-6.833834227862643,6.203153447790121,152182261.5217345,167.05773976876588,77.1109802305713,13952.581167567818,165.30750122070313,181.91198475931967,148.7030176820866,20.089207587074682,0.7801201063560301,0.0,0.0,171.88466695149742,175.58066762288414,168.18866628011068,4.3005589002649875,0.8686868457509801,0.0,0.0,150.10000610351562,179.61000061035156,164.8550033569336,17.851576177076776,0.8305658783216053,4.121597291570522,3.570630900505006,3.1339938151808724,1.260693314314071,1.8733005008668013,170.36083602905273,165.18653928316556,171.44216809642094,168.30817428124007,1.3421942325918454,0.6654262417206231,0.6767679908712223,0.0840356316424089,24.735902009032007,-5.717504882812506,23.643755196733473,-15.312034731397887,38.95578992813136,171.30999755859375,164.8550033569336,168.08250045776367,164.8550033569336,99.95117189464966,23.501285120168195,29.77322152589121,21.69455612909722,100.1730181658734,166.6449966430664,168.81999969482422,96.0,48.0,48.0,164.39290275472013,,0.0,0.0,59.51672987475757,0.7720542251170193,0.9024454170383122,0.9602909196792062,16.170155755031182,66.57376844578314,83.05658783216053,92.21617206095597,-16.943412167839472,10.444262426039757,12.586243299621467,1.8620568065482206,0.7454454217369334,1.116611384811287,0.34778087054225315,0.10068014188099375,0.2471007286612594,175.45448495928198,-1.7775797863323284,-1.7935684938688468,783.8934985993212,24.18698032966921,23659177.572907418
2022-04-01,174.02999877929688,174.8800048828125,171.94000244140625,174.30999755859375,172.3405303955078,78751300,-0.3000030517578125,0,12288673888.594084,7721532200,0.22027075701023696,41682653.10754708,-10.471808484334257,6.717479504029236,152046956.38315532,168.74487284646764,78.09266540203585,13928.60878960815,165.86450119018554,182.88692998056874,148.84207239980233,20.52570461821091,0.7480696636304769,0.0,0.0,172.981667582194,176.49966837565103,169.463666788737,4.067483962467185,0.6887904600348936,0.0,0.0,150.10000610351562,179.61000061035156,164.8550033569336,17.791627681078566,0.8203997276065207,4.0034378065540945,2.586445125748967,3.130618845796647,1.6346784206105864,1.4959404251860606,171.58750279744467,165.63153897798978,171.8833726290629,168.75275378326626,1.3854587115045827,0.629521329973463,0.7559373815311197,0.1208812477335766,24.42121945674301,-5.2445060729980355,31.38850643040104,-6.163292078769524,37.55179850917057,172.26000213623047,164.8550033569336,168.55750274658203,164.8550033569336,99.97558594732483,22.29035825556271,28.279687425032467,24.80362790166633,72.57098043066993,163.49749755859375,167.47000122070312,92.0,44.0,48.0,166.82763841162117,,0.0,0.0,58.98922899213629,0.693817175225331,0.8003844754467558,0.8937524114947916,16.526868600510294,71.22146452446779,81.86793080245164,86.229785122191,-18.13206919754836,10.239439571605004,9.223636542692388,1.8551512645638872,0.9673865903023242,0.887764674261563,-1.069626443807073,-0.1333811752566196,-0.9362452685504534,175.28801081212652,-0.17181321270783867,-0.17196098088927414,782.3748527824622,25.375822875482868,-5766599.7344221175
2022-04-04,174.57000732421875,178.49000549316406,174.44000244140625,178.44000244140625,176.4238739013672,76468400,4.1300048828125,1,12363254066.133917,7798000600,0.3074367941472168,80844397.71802026,16.18022681144494,7.528271079191561,153858756.4508749,170.3279527246116,78.01860744998464,14258.625559257463,166.82150115966797,184.40302001724444,149.2399823020915,21.078240796729037,0.8304180195083507,0.0,0.0,174.20266774495443,177.79166768391926,170.61366780598956,4.120487918381833,1.0903224809853282,1.0,0.0,150.10000610351562,179.61000061035156,164.8550033569336,17.6895629770118,0.9603524775758842,4.021094819355716,1.8189005986321032,3.4217571499416692,1.9920941664768033,1.429662983464866,173.07250340779623,166.15423114483173,172.89208490788496,169.4703277579433,1.4316025364863434,0.5799368349128392,0.8516657015735042,0.1561170039290485,24.280403726298175,-2.841505432128912,44.269344025137734,3.575393557403712,40.69395046773402,173.62999725341797,164.8550033569336,169.24250030517578,164.8550033569336,99.98779297366241,21.907402149383255,32.42273933505638,23.03441310071405,91.59502595301784,163.49749755859375,167.47000122070312,88.0,40.0,48.0,168.87281636341802,,0.0,0.0,63.75217499550157,0.8263626760362516,0.7640780254595337,0.8223026393148675,18.251041131042143,72.12062095704572,95.34791867639832,86.75747910367018,-4.652081323601681,10.512528901941636,11.094513675720988,2.019089238340891,1.1777271199100376,0.8413621184308535,-2.3984772744725777,-0.5864003950998113,-1.8120768793727664,175.8340566704603,2.3693448113463633,2.3417114721351773,803.2813555734884,29.869318400534553,4118630.009798467
2022-04-05,177.5,178.3000030517578,174.4199981689453,175.05999755859375,173.0820770263672,73401800,-3.3800048828125,0,12314067239.371292,7724598800,0.32840122672527977,33852563.41441358,-0.5550457040754416,5.842722839667823,152468381.87671688,171.65316831028156,71.71992541963502,13988.53912486442,167.70250091552734,185.07999279447506,150.32500903657962,20.724189304369244,0.7116961611698345,0.0,0.0,175.02366739908854,178.54966837565104,171.49766642252604,4.029170487580426,0.5051517511972771,0.0,0.0,150.10000610351562,179.61000061035156,164.8550033569336,17.5966335300511,0.8458148458582799,4.020985764666238,1.5481611276454952,3.341232558264636,2.2619218448343696,1.0793107134302664,173.99583689371744,166.53653893103967,173.22560993107092,169.88437737280628,1.3629571827503517,0.6535147670631145,0.7094424156872372,0.1843873212324664,24.190570614217126,-2.322496032714838,53.08570269289263,13.673010896491585,39.41269179640105,174.91000366210938,164.8550033569336,169.88250350952148,164.8550033569336,99.9938964868312,21.54626725761823,30.192274983302813,21.484034610674975,73.97203932836727,163.49749755859375,167.47000122070312,84.0,36.0,48.0,170.5907658429274,,0.0,0.0,57.83245953265959,0.5208036116315413,0.6803278209643744,0.748263440623555,17.959432544354932,64.11213752704268,79.29934514929388,85.50506487604798,-20.70065485070612,10.10952987670899,6.756922868484924,1.9667685810405031,1.3355354121361307,0.6312331689043724,-3.722211378079976,-1.2135625916958444,-2.5086487863841316,175.79203021559317,-1.8941968373500706,-1.912366558382761,786.1714287038426,24.317650983447237,4612686.990346044
2022-04-06,172.36000061035156,173.6300048828125,170.1300048828125,171.8300018310547,169.8885498046875,89058800,-3.2299957275390625,0,12311522546.922213,7635540000,0.2895090613177548,-12077737.573324911,-17.606328679913403,3.921389676747826,150825176.41852263,172.37439145041432,65.16523385304237,13988.53912486442,168.14650115966796,185.46928018341094,150.82372213592498,20.604388321221954,0.6063195653058333,0.0,0.0,175.1933344523112,178.5703348795573,171.8163340250651,3.8551699901177967,0.002023660684097751,0.0,0.0,150.10000610351562,179.61000061035156,164.8550033569336,17.550168634680027,0.7363605480341702,4.111886455777739,1.6193070782983083,2.982403289559983,2.4060181337794924,0.5763851557804904,174.5333366394043,166.86846219576321,173.01090099260688,170.0284977030469,1.216477561182007,0.7424216153201976,0.4740559458618093,0.20256136399646774,24.128101184025684,0.6735061645507869,57.818449080343925,23.342435373684985,34.47601370665894,174.87000274658203,164.8550033569336,169.8625030517578,164.8550033569336,99.43410581207901,20.103414633892523,27.677618090624133,26.942254078642975,35.68340828839769,163.49749755859375,167.47000122070312,80.0,32.0,48.0,,179.61000061035156,0.0,1.0,52.788045634921765,0.07555673172147029,0.47424100646308753,0.6395489509623321,16.139571051773633,56.71819391208773,60.80606354111416,78.48444245560215,-39.19393645888584,8.84908976835365,3.900106879796397,1.7540608367714459,1.4192404970631938,0.3348203397082521,-3.319556771616737,-1.634761427680023,-1.684795343936714,175.74841088122193,-1.8450792714411857,-1.862313174332808,769.8208633633938,22.478270856346683,23366761.710350364
2022-04-07,171.16000366210938,173.36000061035156,169.85000610351562,172.13999938964844,170.195068359375,77594700,0.30999755859375,1,12335176633.319698,7713134700,0.298087675901495,-6916036.8400192885,-1.2439687829277797,3.0668716811123504,150965164.58882752,173.3060653069834,57.793720870065144,14013.775771147324,168.82750091552734,185.64651835395694,152.00848347709774,19.92449967833733,0.5984747915937232,0.0,0.0,175.09100087483725,178.4260014851888,171.75600026448566,3.8094483367943925,0.05757107269648941,0.0,0.0,150.10000610351562,179.61000061035156,164.8550033569336,17.47937649186742,0.7468653808467259,4.051697260883559,1.8676540654482836,2.692010895225536,2.4632166860687015,0.22879420915683468,174.81000264485678,167.08307765080377,172.8769161306133,170.18490523538776,1.1756090451876169,0.8078388258396109,0.367770219348006,0.21315327205436943,24.12226693617621,1.3825057983398494,61.55522528027188,32.266556954011115,29.288668326260762,174.7300033569336,164.8550033569336,169.7925033569336,164.8550033569336,97.31533486538393,18.696730784320103,26.016226349467914,25.80384657917153,30.764426899516614,163.13999938964844,167.47000122070312,76.0,28.000000000000004,48.0,,179.4204006958008,0.0,0.0,53.2098725511775,0.0287055977944063,0.20835531371580573,0.4543080470477561,14.796925826139725,53.57478117925282,55.00000919203823,65.03513929414879,-44.99999080796177,7.885473498176111,1.9665868507241824,1.5818153152314753,1.4517554606968501,0.1300598545346252,-4.012186327393626,-2.1102464076227436,-1.9019399197708822,175.69561609697064,0.18040944846089424,0.18024690608058336,771.3901023855854,24.783462629079395,4411973.341659069
2022-04-08,171.77999877929688,171.77999877929688,169.1999969482422,170.08999633789062,168.168212890625,76575500,-2.0500030517578125,0,12311432218.508629,7636559200,0.33679615553662606,-28353747.104285154,-3.756705753144695,2.1610892651659106,150053232.38686123,173.78445985120015,51.03004218073051,13846.88670875995,169.59550094604492,185.1226030530038,154.06839883908606,18.310747655857515,0.5159236214342946,0.0,0.0,174.70166727701823,178.0416681925456,171.36166636149088,3.823662323990571,-0.19036971182977447,0.0,1.0,150.10000610351562,179.61000061035156,164.8550033569336,17.400222495421172,0.6773972875442031,3.940527778935828,2.2818859306330124,2.270284292740911,2.4246302074031436,-0.1543459146622328,174.80000178019205,167.2315392127404,172.4481592394252,170.17787494668428,1.0952837869186864,0.8656061961930834,0.229677590725603,0.21538611886370043,24.109537301892818,4.474506378173828,62.73311059812154,39.84399518245731,22.88911541566423,174.40499877929688,164.8550033569336,169.63000106811523,164.8550033569336,57.8105785623323,17.49392252054428,24.679899602254945,25.614067334226355,12.448644147624131,162.7974967956543,167.47000122070312,72.0,24.0,48.0,,179.0375849121094,0.0,0.0,50.0266662244992,0.0,0.034754109838625306,0.23911681000583976,12.714422196933864,52.55162081661375,35.23805272898828,50.34804182071358,-64.76194727101172,7.238972338508148,-0.07050723884777635,1.3340654849828024,1.4282174655540407,-0.0941519805712383,-4.621803857530693,-2.6125578976043338,-2.009245959926359,175.49047652698226,-1.190892912179875,-1.1980408480080307,761.0127794188385,23.04961834533205,8346628.638988495
2022-04-11,168.7100067138672,169.02999877929688,165.5,165.75,163.87725830078125,72246700,-4.339996337890625,0,12249418765.673433,7564312500,0.3542291531567137,-69096128.00719908,-15.757454218506515,0.05370402504965201,148209794.08845714,173.77380940769305,44.867879798745854,13493.571176388356,170.35200119018555,183.3806365974488,157.32336578292228,15.296134258754904,0.32338897949281775,0.0,0.0,173.9333338419596,177.25333506266276,170.61333262125652,3.8175560111091293,-0.7324293423341796,0.0,1.0,150.3800048828125,179.61000061035156,164.99500274658203,17.158586646074035,0.5258295369063858,4.005474634831308,3.0164453868858416,1.5677889926977002,2.253261964462055,-0.6854729717643546,174.10666783650717,167.33077005239633,171.41767320259055,169.84988420989285,0.9741576118705456,0.9569298399345718,0.0172277719359738,0.2064391067383579,24.044897092928082,4.368000030517578,60.80756889810384,45.705120042406946,15.102448855696892,172.55500030517578,164.8550033569336,168.7050018310547,164.8550033569336,28.90528928116615,17.229380652459923,22.717954232503228,29.98600788782408,-37.50007489541323,162.38999938964844,167.47000122070312,68.0,20.0,48.0,,178.44732963427737,0.0,0.0,44.02232840540447,0.0,0.009568532598135211,0.08422598538418902,8.97112673283007,49.25463289836495,1.7717929779293684,30.669951632985317,-98.22820702207063,5.315294916489563,-4.7796903396011805,0.9230438984346301,1.3271827521301587,-0.4041388536955286,-5.47650228391415,-3.1853467748662974,-2.2911555090478526,174.6279862544011,-2.5515882364234077,-2.5847058129606637,739.0432786250851,20.044405635340382,5528235.788167261
2022-04-12,168.02000427246094,169.8699951171875,166.63999938964844,167.66000366210938,165.7656707763672,79265200,1.910003662109375,1,12220216073.167257,7643577700,0.29726340752745145,-37597135.109337494,4.034164892346685,-0.7412818093879147,149123198.74775022,173.6895833391172,43.962968627882724,13493.571176388356,170.9805015563965,182.0723409642686,159.8886621485244,12.974391005881511,0.35031797828183076,0.0,0.0,172.928667195638,176.3046681722005,169.55266621907555,3.904501238933549,-0.2803113165703707,0.0,1.0,154.4600067138672,179.61000061035156,167.03500366210938,14.709276009574026,0.5248509006631356,4.016926683066927,3.4564132818086555,1.1518993603797014,2.0329894436455844,-0.881090083265883,173.51833470662436,167.65230853740985,170.83957019636267,169.68767083598297,0.9252482413176802,0.985205770955298,-0.0599575296376178,0.19227867042199914,23.900012132880242,4.619504547119135,56.47024353968867,50.19687841574386,6.2733651239448065,171.99500274658203,164.8550033569336,168.4250030517578,164.8550033569336,14.452644640583076,16.749092892385235,22.55170720385566,27.846182973290883,-36.20481671965438,162.38999938964844,167.47000122070312,64.0,16.0,48.0,,177.41154326353518,0.0,0.0,47.03519862366711,0.12842226584282146,0.04280742194760693,0.02904335479478941,6.740819331480965,47.249235494113314,15.308317283308442,17.43938766340872,-84.69168271669156,3.538264824362358,-4.040749490194708,0.6788350353945906,1.1975132087830451,-0.5186781733884546,-5.432204354585323,-3.634718290810103,-1.7974860637752204,173.78399712774547,1.152340067637625,1.1457511986214364,748.7119105095026,24.756056502195065,15595714.945308872
2022-04-13,167.38999938964844,171.0399932861328,166.77000427246094,170.39999389648438,168.47470092773438,70618900,2.739990234375,1,12269665807.273418,7714196600,0.2808709369315441,-4583959.184817184,3.930250080888947,-1.0927940694675544,150277290.911271,173.49743912290495,42.9582112715081,13714.090396492033,171.52100143432617,181.31788956168265,161.72411330696968,11.423543525785233,0.4427875707434318,0.0,0.0,172.06633351643882,175.57833302815757,168.55433400472003,4.082146042105606,0.2627648275015103,0.0,0.0,157.6300048828125,179.61000061035156,168.62000274658203,12.814754778559875,0.5809823246540565,4.042232916127422,3.6852416978119864,1.0315075661732465,1.8326930681511169,-0.8011855019778704,173.08500035603842,168.15076974722055,170.77194307330447,169.74043550713122,0.878746719034249,0.9916848266307451,-0.11293810759649614,0.17809103039857194,23.86272549105732,7.439005279541021,54.452317764194866,53.62005203435068,0.8322657298441882,171.99500274658203,164.8550033569336,168.4250030517578,164.8550033569336,7.226322320291538,15.975495390300074,22.909412567213355,25.791911398516902,-29.051470437620903,162.38999938964844,167.47000122070312,60.0,12.0,48.0,,176.45861980245238,0.0,0.0,51.10116346475533,0.30173222608096945,0.14338483064126342,0.06525359506233545,6.05898476555488,46.22569316412131,34.72709911075112,17.269069790663,-65.27290088924887,2.6056166704963175,-2.9612824751075806,0.6076970187400693,1.07954997077445,-0.4718529520343807,-6.184185165656267,-4.144611665779336,-2.039573499876931,173.59197669988836,1.6342539511671417,1.6210437524274646,762.5820184410303,27.212925643187987,3985394.510104507
2022-04-14,170.6199951171875,171.27000427246094,165.0399932861328,165.2899932861328,163.4224395751953,75329400,-5.1100006103515625,0,12200382094.846466,7638867200,0.20682740544376518,-58919576.44090287,-6.202768427395006,-1.9486722355600257,148018292.70842332,173.0346194708592,36.250619865596526,13714.090396492033,171.75450134277344,180.6853262158896,162.82367646965727,10.399523509771385,0.13807889257238268,0.0,0.0,171.21833343505858,174.9903335571289,167.4463333129883,4.406070362203347,-0.28583509505189786,0.0,1.0,159.75999450683594,179.61000061035156,169.68499755859375,11.55719701569895,0.2785892734973749,4.261010723147493,4.212922977787737,0.5177930625797558,1.5697130670368447,-1.0519200044570889,171.9458325703939,168.24076960637018,169.92856618297037,169.41077312039062,0.8097814338418037,1.0086628963506399,-0.1988814625088362,0.1581976176575703,23.966059574726025,6.0155029296875,49.55213904571367,55.63823343605208,-6.08609439033841,171.76499938964844,164.8550033569336,168.31000137329102,164.8550033569336,3.613161160145769,15.673772907841656,20.529714625112877,25.997278710400636,-79.15383608687648,163.3400001525879,167.47000122070312,56.00000000000001,8.0,48.00000000000001,,175.5819302182562,0.0,0.0,44.27479875828235,0.010761437574768964,0.14697197649951974,0.11105474302946362,3.2307083573869466,41.91385965947419,1.7158536329933185,17.250423342350985,-98.28414636700668,1.763850941377541,-7.638585669920585,0.305643527293149,0.9247686820781899,-0.6191251547850409,-6.261135819275859,-4.567916496478641,-1.6932193227972183,172.99306414426866,-2.998826756681583,-3.0447112265913567,736.7146780736965,20.75063070437281,13183663.647599705
2022-04-18,163.9199981689453,166.60000610351562,163.57000732421875,165.07000732421875,163.2049560546875,69023900,-0.2199859619140625,0,12199698717.428476,7569843300,0.15490965754415448,-52671678.24028247,-13.476596093096806,-2.8670638163504427,147926428.16941112,172.43849510095552,29.002716476139582,13695.83818831131,171.80900192260742,180.56089635787217,163.05710748734268,10.187934668530463,0.11499794997328387,0.0,0.0,170.35533396402997,174.13633371988934,166.57433420817057,4.438956700537162,-0.19893242278323034,0.0,1.0,163.00999450683594,179.61000061035156,171.30999755859375,9.661895429084218,0.12409711204543072,4.137909528762431,4.695918613017836,0.09186067604952086,1.27414258883938,-1.1822819127898592,170.8874994913737,168.49269280066858,169.18109558931627,169.08923491326675,0.7941876025317712,1.102358014588866,-0.30817041205709483,0.13480941394407037,24.002189414498446,2.8009986877441406,42.815551738001915,55.47670095970366,-12.661149221701749,170.93500518798828,164.8550033569336,167.89500427246094,164.8550033569336,1.8065805800728845,15.732000074469868,19.470408995112635,27.159132246817936,-124.20631592012114,163.3400001525879,167.47000122070312,52.0,4.0,48.0,,174.52773652504385,0.0,0.0,44.00228238411019,0.0,0.10416455455191258,0.13150712056423217,0.9116970809883228,42.19732854738172,9.3516248619431,15.264859201895868,-90.6483751380569,0.6487347322351695,-7.144060664349995,0.05432674415768704,0.7506802944940894,-0.6963535503364023,-6.8936832890447715,-5.033069854991867,-1.8606134340529046,172.42642119285006,-0.13309091345490298,-0.13317955807181647,735.601086865637,23.139525843370393,5166642.17738305
2022-04-19,165.02000427246094,167.82000732421875,163.91000366210938,167.39999389648438,165.50860595703125,67723800,2.329986572265625,1,12252872707.33349,7637567100,0.1654785617771417,-22604932.116984583,4.50328847981304,-3.2677632114740396,148882359.21455172,171.54867377969694,26.505576687875717,13889.156887401272,171.910001373291,180.40566629236648,163.41433645421554,9.883851842485534,0.23457007074983408,0.0,0.0,169.28066711425782,173.04766693115235,165.51366729736327,4.450596611073091,0.25037519124120444,0.0,0.0,163.57000732421875,179.61000061035156,171.59000396728516,9.33045963469167,0.238777317667383,4.115118942097125,4.97853661596037,-0.05702600479543207,1.0079088701124177,-1.0649348749078498,170.28666559855142,168.9800004225511,168.9070799442652,168.96410594906064,0.7370041205082135,1.1300487557082264,-0.39304463520001287,0.11255450179376206,24.05812635433973,2.39999618530274,33.79641942025076,53.33344726274345,-19.53702784249269,168.60000610351562,164.8550033569336,166.7275047302246,164.8550033569336,0.9032902900364422,15.405105383098496,20.25535654877172,25.34195270782358,-103.49647234532243,163.01499938964844,167.47000122070312,48.0,0.0,48.0,,173.21280902094483,0.0,0.0,47.67579691830567,0.17312436339001902,0.06129526698826244,0.10414393267989851,0.04861301860269636,44.11149520459954,23.8777317667383,11.648403420558262,-76.1222682332617,0.3222653108484508,-4.129206052725796,-0.03375036637226624,0.5937941623208183,-0.6275445286930845,-7.47144494087255,-5.520744872168004,-1.9507000687045455,171.89879499424524,1.4115141872437453,1.4016450864878571,747.3957147555084,26.20356416580242,7153159.65069516
2022-04-20,168.75999450683594,168.8800048828125,166.10000610351562,167.22999572753906,165.3405303955078,67929800,-0.1699981689453125,0,12240165930.979136,7569637300,0.12233645734754262,-21025362.04553269,6.65024483563535,-2.9004525193662567,148813375.0924617,170.73006786981398,33.42772345493751,13889.156887401272,171.83050079345702,180.46889873362088,163.19210285329316,10.054557136567212,0.23371769292265934,0.0,0.0,168.42833404541017,172.08533325195313,164.77133483886718,4.342498816804789,0.33615824748784945,0.0,0.0,163.57000732421875,179.61000061035156,171.59000396728516,9.334776545529095,0.22817892364609108,3.9816069258170996,5.25102569827213,-0.18658635221325426,0.7690098256472834,-0.9555961778605376,169.69666544596353,169.61884659987228,168.6490669878458,168.83565334005905,0.7696078064715769,1.1220043754049827,-0.35239656893340576,0.0916016306435271,24.036704699240367,6.60950164794923,25.519846167071258,49.74471360571315,-24.224867438641894,168.46500396728516,164.99500274658203,166.7300033569336,164.8550033569336,0.4516451450182211,14.77539330825989,21.126439026157097,24.106927195579075,-82.97497876719109,161.44000244140625,166.52000427246094,44.0,0.0,44.0,,172.0556728173377,0.0,0.0,47.43131199481738,0.1736226964965565,0.11558235329552495,0.09368072494523356,-0.7186712300299887,44.89852635674858,24.530756383993815,19.253371004225098,-75.46924361600618,0.10059029074278669,-4.06173021066951,-0.11051359622333014,0.45293261061198864,-0.5634462068353188,-7.8445031837085715,-5.985496534476118,-1.8590066492324535,171.54595704927672,-0.10155207595194948,-0.10160367500882117,746.5351668156463,25.075384351525884,8790539.359639853
2022-04-21,168.91000366210938,171.52999877929688,165.91000366210938,166.4199981689453,164.53970336914062,87227800,-0.80999755859375,0,12168769354.286549,7482409500,0.07746495416383002,-28115211.044957146,7.924732691792087,-1.846269167962347,148390877.29394105,170.02116860943897,42.18718584438651,13889.156887401272,171.64100036621093,180.57452066016526,162.7074800722566,10.409541164283466,0.2077858433478413,0.0,0.0,168.0373336791992,171.90633239746094,164.1683349609375,4.604927528364671,0.290987846206815,0.0,0.0,163.57000732421875,179.61000061035156,171.59000396728516,9.345082615406634,0.17768030159903425,4.14544574495414,5.5129281463802595,-0.35058259657699864,0.545091341202427,-0.8956739377794256,168.69499842325845,170.0546159010667,168.30613332339956,168.65671591997656,0.8146135745222304,1.0436307313712136,-0.22901715684898327,0.07130470029904462,24.07570680800001,3.418997192382818,19.79540144957155,45.10473318007978,-25.309331730508234,167.6750030517578,167.03500366210938,167.3550033569336,164.8550033569336,0.22582257250911056,14.007563647486242,23.622952345658003,21.794544714766076,-67.91291128939615,161.44000244140625,166.52000427246094,40.0,0.0,40.0,163.57000732421875,,1.0,0.0,46.21522854933106,0.11204851635215896,0.1529318587462446,0.10993649301001092,-1.697691922881897,44.25205418324106,19.101817657448326,22.503435269393503,-80.89818234255168,0.019767312442553475,-6.73616011432633,-0.20786755787616631,0.3207725769143577,-0.528640134790524,-6.050020486269331,-5.998401324834761,-0.05161916143457024,171.28070382106168,-0.4843614060203949,-0.48553823749477587,742.434877179201,24.250297801104352,28614546.1294771
2022-04-22,166.4600067138672,167.8699951171875,161.5,161.7899932861328,159.96197509765625,84882400,-4.6300048828125,0,12091615477.043001,7397527100,-0.023985123748912526,-80242456.10494095,-30.280663159230183,-3.2611873590263416,146029346.6438453,169.24788779183496,42.13649530429385,13502.74380655546,171.02699966430663,180.8518788255318,161.20212050308146,11.489272665145894,0.029917557936562165,0.0,0.0,167.2309997558594,171.38599853515626,163.0760009765625,4.96917292291831,-0.1547542801742197,0.0,1.0,161.5,179.61000061035156,170.55500030517578,10.588971709670425,0.016012881080029018,4.367900682177476,6.010746497873795,-0.8444195582079601,0.26718916132034953,-1.1116087195283098,167.58916473388672,170.1392311683068,167.30365024074314,168.1480697989511,0.7928922777140663,1.0495870415773103,-0.25669476386324397,0.04681684408266444,24.25075787667787,0.8030021667480582,11.939904394553892,39.4610436019056,-27.52113920735171,166.51499938964844,168.62000274658203,167.56750106811523,164.8550033569336,0.11291128625455528,13.844782869690812,21.14693803026806,26.766533101036984,-126.22566788092024,160.60000228881836,166.52000427246094,36.0,0.0,36.0,,171.52999877929688,0.0,1.0,39.91549500657622,0.0,0.09522373761623826,0.12124598321933618,-4.497784328033666,37.88785196530988,1.7068463353322132,15.113140125591476,-98.29315366466778,-0.6995268429026851,-7.580260743474179,-0.502188076983342,0.15618044613481774,-0.6583685231181597,-4.82227551776058,-5.763176163419925,0.9409006456593456,170.30348638774225,-2.782120498590701,-2.8215545949844767,718.9973237739209,20.076494734747172,15939972.574047819
2022-04-25,161.1199951171875,163.1699981689453,158.4600067138672,162.8800048828125,161.03968811035156,96046400,1.0900115966796875,1,12175834759.553352,7493573500,0.0003897609282141673,-53823292.40147282,-18.977956418092912,-5.772486161136188,146676430.4819303,168.00947748461545,34.26558412317938,13502.74380655546,170.43499984741212,180.7147589931651,160.15524070165912,12.062967295398602,0.13253054582894058,0.0,0.0,166.34566701253254,170.71366475423176,161.97766927083333,5.25171207660026,0.1032893862747451,0.0,0.0,158.4600067138672,179.61000061035156,169.03500366210938,12.40941937713477,0.20898342527087063,4.402109759467541,6.291325891311054,-1.1347533516799047,-0.013199341279701293,-1.1215540104002033,166.84333165486655,170.22615462083084,166.6230894164461,167.757842768126,0.7060460139111825,1.1874491831805702,-0.48140316926938775,0.021751850796113855,24.39068488626792,1.7049995422363224,5.26046769745724,33.28914346850043,-28.028675771043186,164.99500274658203,169.03500366210938,167.0150032043457,164.8550033569336,0.05645564312727764,14.330863298233625,19.517946577646505,29.67656926858101,-143.36074252892615,160.46750259399414,166.52000427246094,32.0,100.0,-68.0,,171.52999877929688,0.0,0.0,41.92263798291491,0.11202472234717563,0.07469107956644465,0.1076155586429761,-6.239579286853445,39.05290103421441,22.278220689506657,14.362294894095754,-77.72177931049335,-1.5177925109863395,-5.2086346114585576,-0.6764234285298688,-0.010340328798119566,-0.6660830997317493,-2.7004218817113843,-5.150625307078217,2.4502034253668326,169.83785514725125,0.6737200333224225,0.6714606820305669,724.5150728165605,23.819224598193784,26197982.21482277
2022-04-26,162.25,162.33999633789062,156.72000122070312,156.8000030517578,155.0283660888672,95623200,-6.0800018310546875,0,12082933992.912027,7397950300,-0.1079159341744263,-129189855.07144935,-7.55226169655768,-6.2722873034563476,143106997.68685147,166.67603075689453,33.84772438632288,12998.711975716642,169.49499969482423,181.07024122775184,157.91975816189662,13.65850503409402,-0.0483685418983911,0.0,1.0,165.53166707356772,170.108664449056,160.9546696980794,5.530056521999651,-0.45386377852995463,0.0,1.0,156.72000122070312,179.61000061035156,168.16500091552734,13.504822815340797,0.003495056058885995,4.577899149731724,6.701779597444173,-1.8343055769437058,-0.3774205884125022,-1.4568849885312036,165.56499862670898,169.95000105637772,165.11184536034023,166.94615093728393,0.6824438326754683,1.1848981148610342,-0.502454282185566,-0.009710894239186498,24.584275620088476,0.5949966430663949,-4.09567491441171,26.55959697360038,-30.65527188801209,164.125,168.16500091552734,166.14500045776367,164.8550033569336,0.02822782156363882,15.114609975495801,17.607580768664484,29.53662968250975,-164.6997782765558,160.04000091552734,166.52000427246094,28.000000000000004,100.0,-72.0,,171.0071990966797,0.0,0.0,34.91616254300823,0.0,0.03734157411572499,0.06908546376613622,-10.14080094029496,37.51334817283062,0.4731035702490674,8.152723531696003,-99.52689642975093,-2.790381936465991,-8.911349129941433,-1.0987408614366874,-0.22802043532583313,-0.8707204261108542,-1.082479420197601,-4.336996129702094,3.2545167095044927,168.8206984598173,-3.7328104425273567,-3.8042635961083704,693.7374880782518,17.736318165419902,18878721.39934805
2022-04-27,155.91000366210938,159.7899932861328,155.3800048828125,156.57000732421875,154.80096435546875,88063200,-0.2299957275390625,0,12042397186.822336,7309887100,-0.1934603897017893,-113627612.88315918,-9.740079963749162,-5.710412395158903,142977825.7521626,165.5098041162279,34.11684877467842,12979.645342044838,168.3754997253418,180.39493855587216,156.35606089481143,14.27694510203297,0.008900017397812014,0.0,0.0,164.45066731770834,169.14566396077473,159.75567067464192,5.7099149789352515,-0.3392615152481285,0.0,1.0,155.3800048828125,179.61000061035156,167.49500274658203,14.390452154300132,0.04911277966317303,4.561108075090583,7.0444094364195315,-2.3798312749803756,-0.7779027257260769,-1.6019285492542987,164.43833287556967,169.6111549964318,163.79771643170614,166.1775477066865,0.7245008802122251,1.1754191846321862,-0.45091830441996106,-0.04437000651747898,24.718760700067868,-2.625499725341797,-13.774005317312971,18.978894408988403,-32.75289972630137,163.4550018310547,167.49500274658203,165.47500228881836,164.8550033569336,0.01411391078181941,16.08983743496162,16.372121237569893,29.59619071208171,-167.05230290546288,159.97250366210938,165.13500213623047,24.0,100.0,-76.0,,170.1499672241211,0.0,0.0,34.680043304411114,0.0,0.03734157411572499,0.04979140926596513,-13.306040970096841,35.74229503779956,6.618480112225959,9.789934790660585,-93.38151988777405,-4.6588830835679005,-7.948726735706356,-1.4321015731805855,-0.4688366628967836,-0.9632649102838019,-0.5406622346746982,-3.5777293506966146,3.0370671160219165,167.32193788583558,-0.1466809458308127,-0.14678862764219147,692.573226423325,21.01931180505116,9743236.185639054
2022-04-28,159.25,164.52000427246094,158.92999267578125,163.63999938964844,161.7910919189453,130216800,7.0699920654296875,1,12131615352.797218,7440103900,-0.1205292158129287,34123723.64095563,17.772395419317316,-4.35210066642711,148857826.38906133,164.73745991886335,43.77934675638615,12979.645342044838,167.66899948120118,179.0401906663708,156.29780829603158,13.563856431843895,0.32284177506366274,0.0,0.0,163.74666748046874,168.57366638183595,158.91966857910157,5.895691162011516,0.4889508892585299,0.0,0.0,155.3800048828125,178.49000549316406,166.93500518798828,13.783108792834792,0.357420782721056,4.8999969624057425,7.05056714680188,-2.2161288932940977,-1.065547959239681,-1.1505809340544166,164.2624994913737,169.41192392202524,163.77345227138957,165.98958116468367,0.764644260108697,1.0541065245514474,-0.28946226444275036,-0.07143850603937803,24.83605477553689,-0.008995819091808244,-20.430760909372292,11.20301663620107,-31.633777545573363,163.4550018310547,167.49500274658203,165.47500228881836,164.8550033569336,0.007056955390909705,15.61681082148408,21.542333778170494,26.04792477714708,-86.35900627469549,160.7400016784668,163.63999938964844,20.0,96.0,-76.0,,168.9683702368164,0.0,0.0,46.628192112470636,0.7276086339659953,0.2425362113219982,0.1057397865178163,-12.283176285051429,40.66387328341575,50.36583890806576,19.152474196846953,-49.63416109193424,-6.1620013068704225,-1.2730018765318627,-1.33510120198171,-0.6420895707137688,-0.6930116312679411,3.720944882426812,-2.1179945040719295,5.838939386498741,167.15761775287592,4.515546870218534,4.416564822872804,728.3622419432735,29.11464812180307,55080997.95099571
2022-04-29,161.83999633789062,166.1999969482422,157.25,157.64999389648438,155.86875915527344,131747600,-5.9900054931640625,0,12011643898.90793,7308356300,-0.13557048914628436,-83489500.83792111,0.0,-4.0837645412024886,144035235.02597982,163.910008673803,42.00388877919462,12979.645342044838,166.8209991455078,178.5200660287544,155.12193226226123,14.025892355484817,0.10804543898468558,0.0,0.0,163.0633341471354,168.162331644694,157.96433664957684,6.254008633182558,-0.03082397601126196,0.0,1.0,155.3800048828125,178.49000549316406,166.93500518798828,13.85317239959348,0.09822539825702509,5.304996960989387,7.207967243831562,-2.540452207458486,-1.360528808883442,-1.1799233985750441,163.42833201090494,168.92884650597205,162.8313817521734,165.37183395963189,0.7748289960567176,1.0099864758210684,-0.23515747976435075,-0.09908804111591021,25.085567580480973,3.5789947509765625,-26.853486358771,3.462012403226302,-30.315498761997304,163.4550018310547,167.49500274658203,165.47500228881836,164.8550033569336,0.0035284776954548525,15.177571823254937,18.808483459270164,22.742288155229364,-106.93877481050785,161.54500198364258,163.63999938964844,16.0,92.0,-76.0,,167.8813010084961,0.0,0.0,39.95914349906589,0.3214823436590768,0.34969699254169045,0.20985825932647148,-13.737349880494612,34.96153332784484,14.055664839390555,23.679994619894117,-85.94433516060944,-6.896206979190595,-5.97042201299154,-1.5362061039237331,-0.8209128773557617,-0.7152932265679715,6.884919425245791,-0.3174117182083853,7.202331143454176,166.6751897327879,-3.6604775821961866,-3.7291542055894134,698.0402277775622,19.697764481015042,33750393.785013676
2022-05-02,156.7100067138672,158.22999572753906,153.27000427246094,157.9600067138672,156.17527770996094,123055300,0.3100128173828125,1,12121302571.363308,7431411600,-0.09662915298333782,-66112612.111519925,-24.08343352602079,-4.6784773488820806,144277218.6715481,163.0263453845246,40.53768705505117,13005.169329212,166.00349960327148,177.7798047055065,154.22719450103645,14.188020289185458,0.15848826013017808,0.0,0.0,162.2040003458659,167.49599711100262,156.91200358072916,6.525112517388795,0.0990177412845553,0.0,0.0,153.27000427246094,178.49000549316406,165.8800048828125,15.192451533236294,0.1859636088183938,5.270496410398261,7.2020665809113265,-2.7408702806170595,-1.6365971032301654,-1.1042731773868941,162.39166641235352,168.30923109788162,162.08193943858782,164.82280971920488,0.7819518343684131,1.0954132845627773,-0.3134614501943642,-0.12542723902828823,25.322676091687537,-0.7135063171386662,-31.915786294881336,-3.8393437873439304,-28.076442507537404,162.4000015258789,166.44000244140625,164.42000198364258,164.8550033569336,0.0017642388477274262,15.594866774854248,17.48422971243781,26.79068432575789,-145.56452188765888,162.12000274658203,163.63999938964844,12.0,100.0,-88.0,,166.88119731844142,0.0,0.0,40.433987490697334,0.350399006285915,0.46649666130366213,0.3529099550557839,-14.694460537960927,42.46513300948742,25.684577504393378,30.035360417283254,-74.31542249560663,-8.016266273049752,-7.300462223123263,-1.6629192799749355,-0.9893141578795965,-0.673605122095339,8.409276679720621,1.427925961377416,6.981350718343205,166.27741826445984,0.19664626031408172,0.19645316465775053,699.6095440412887,22.714242893781147,18957651.50704193
2022-05-03,158.14999389648438,160.7100067138672,156.32000732421875,159.47999572753906,157.67808532714844,88966500,1.519989013671875,1,12160414953.99227,7520378100,-0.11626698358117181,-37349652.86918296,13.643763805446184,-3.99207742651783,145133309.43400162,162.42196047776218,40.77002960518713,13130.313122964504,165.0554992675781,175.66985008662394,154.4411484485323,12.861553678788336,0.23736012521676478,0.0,0.0,161.45000050862632,166.78999684651694,156.11000417073566,6.6150465420473274,0.3155424969949122,0.0,0.0,153.27000427246094,178.3000030517578,165.78500366210938,15.164595478712126,0.24810194797990204,5.182446708323278,7.20800652084635,-2.7454053137034578,-1.858358745324824,-0.8870465683786337,161.90749994913736,167.7230770404522,161.6816404061188,164.42704571982225,0.8207215461916947,1.084892838711573,-0.26417129251987836,-0.14778923126214888,25.48520106324125,0.014508056640636369,-36.19997293044589,-10.697101464845835,-25.50287146560005,162.4000015258789,166.44000244140625,164.42000198364258,164.8550033569336,0.0008821194238637131,15.300543998738657,19.93741787677928,25.10583773536294,-98.77399380871643,162.76000213623047,163.63999938964844,8.0,96.0,-88.0,,166.1999969482422,0.0,0.0,42.8216934279227,0.4958035775886391,0.38922830917787676,0.40180732100774336,-14.712374680490198,48.09163064354829,34.00872575702753,24.58298936693718,-65.99127424297248,-8.3822058284984,-3.5150328480781576,-1.6696798885394617,-1.1253873040115696,-0.5442925845278921,6.758052073157161,2.4939511837333654,4.264100889423796,165.90059448867834,0.9622619328101267,0.9576616801167503,707.3038822947148,24.602567685141963,-13177657.58486101
2022-05-04,159.6699981689453,166.47999572753906,159.25999450683594,166.02000427246094,164.1442413330078,108256500,6.540008544921875,1,12254877255.505468,7628634600,-0.033263032979037835,69128645.40403387,29.044925140523755,-2.1981720651153434,149572727.88152218,162.17019408543155,42.37714575254595,13130.313122964504,164.60349960327147,174.1959594178105,155.01103978873243,11.655231921142448,0.5738342769517004,0.0,0.0,161.10166676839194,166.8856633504232,155.31767018636066,7.180554612568517,0.9251677394959454,0.0,0.0,153.27000427246094,173.6300048828125,163.45000457763672,12.369117703708232,0.6262278790658563,5.386202159561263,7.09716040796011,-2.195961648706657,-1.9258793260011906,-0.2700823227054663,161.98666636149088,167.3546154315655,162.34908100094066,164.5450426496473,0.8642586064257651,1.0216456418025315,-0.15738703537676635,-0.15865987442496368,25.724596076606083,2.796494293212902,-37.14745374076151,-17.02408537488284,-20.123368365878672,160.56999969482422,166.44000244140625,163.50500106811523,164.8550033569336,50.00044105971193,14.701969007165484,25.94874383763157,22.58964733236427,-14.146439166544454,164.00500106811523,163.63999938964844,4.0,92.0,-88.0,153.27000427246094,,1.0,0.0,51.778367488260955,1.0,0.6154008612915178,0.49037527725768587,-11.662644034963408,50.31917450417755,69.82477456511185,43.17269260884427,-30.175225434888155,-7.491088732551134,0.5755115442481753,-1.3345656686736795,-1.1672229769439917,-0.16734269172968785,6.933132589835747,3.3817874649538417,3.5513451248819052,165.90147306125095,4.10083315784322,4.018979303829973,740.410067584412,30.53375597723536,24176675.56415406
2022-05-05,163.85000610351562,164.0800018310547,154.9499969482422,156.77000427246094,154.99871826171875,130525300,-9.25,0,12176390701.386768,7498109300,-0.07421079847952028,-113226736.08225667,-23.467578602957985,-3.4313727919412704,142300357.11939064,161.55316374226007,40.82425613952239,13130.313122964504,163.8504997253418,173.42000927175178,154.2809901789318,11.680781642352146,0.13004919852255603,0.0,0.0,160.16633351643878,166.30133107503255,154.03133595784504,7.660782917234081,0.22320044046143378,0.0,0.0,153.27000427246094,173.36000061035156,163.31500244140625,12.261174895143407,0.1742160596315712,5.9545826760270115,7.005868936818564,-2.478352376715378,-2.0363739361440283,-0.44197844057134983,161.10083389282227,166.50115379920373,161.49076150425145,163.96911388096683,0.8168772416560425,1.0288238319432663,-0.21194659028722385,-0.17181973118796492,26.048643982715557,3.3794960021972713,-42.4170679407195,-23.063748967690994,-19.353318973028504,159.875,166.44000244140625,163.15750122070312,164.8550033569336,49.966067525848594,14.05248012403135,22.264291199779095,24.91037714743169,-93.20005872691864,166.4375,164.55500030517578,0.0,88.0,-88.0,153.5342041015625,,0.0,0.0,41.804073136282,0.41665076385672123,0.6374847804817866,0.5473713169837273,-12.594701081122054,48.636349622034345,19.167585174736587,41.000361832292015,-80.83241482526341,-7.938970812629236,-6.350053770370348,-1.5114751297092053,-1.2360734074970345,-0.27540172221217074,8.691633511977379,4.44375667435855,4.247876837618829,165.5341392141599,-5.571617733980727,-5.732849842801446,693.5856312207195,17.646174118334386,39492098.51415229
2022-05-06,156.00999450683594,159.44000244140625,154.17999267578125,157.27999877929688,155.73141479492188,116124600,0.5099945068359375,1,12197143021.700066,7614233900,-0.07423361784397481,-88591072.62643136,-12.252645905674733,-3.34394777855398,142678126.5044421,161.00526218724156,39.60098891286858,13173.027847613677,163.1074996948242,172.28673998892927,153.92825940071916,11.255448475734726,0.18257172005455716,0.0,0.0,159.49100036621093,165.51499938964844,153.46700134277344,7.554030020008221,0.31648390227888906,0.0,0.0,153.27000427246094,171.77999877929688,162.5250015258789,11.34834053704969,0.2166394217650904,5.88512538498681,6.884021783599082,-2.6306720191772683,-2.1552335527506763,-0.47543846642659204,160.27166748046875,165.71307666485126,160.84295185425844,163.4736238734357,0.8301096643757832,1.0276982795966112,-0.19758861522082805,-0.18506067487010133,26.270137320413546,3.3124984741210994,-44.4900691118501,-28.591586390947366,-15.89848272090273,159.875,165.8800048828125,162.87750244140625,164.8550033569336,37.43180425691324,13.598044162679075,20.7561993327427,24.214625122772503,-108.58378518906453,167.27000045776367,164.8550033569336,8.0,84.0,-76.0,153.79311993408203,,0.0,0.0,42.462178889789676,0.45514025244235046,0.623930338766357,0.6256053268465541,-13.066203437482926,50.409199993560414,21.96054607428676,36.98430193804509,-78.03945392571325,-8.765794596952531,-5.949887701039775,-1.609233316570986,-1.310705389311825,-0.298527927259161,8.806383282504173,5.316281995987675,3.4901012865164986,165.3839544501196,0.32531383104996703,0.3247858304027851,696.1672750403056,22.415230783903155,11991382.064194173
2022-05-09,154.92999267578125,155.8300018310547,151.49000549316406,152.05999755859375,150.56283569335938,131577900,-5.220001220703125,0,12100126606.617056,7482656000,-0.11037398701600633,-174054747.76802027,-10.390013805601098,-4.4077550846549896,138311158.01545224,160.0591873951441,33.360912795261385,13173.027847613677,162.20599975585938,171.9869022005739,152.42509731114487,12.059852853083134,-0.01866390931791846,0.0,1.0,158.65333353678386,164.6403330485026,152.66633402506508,7.547272254863369,-0.050637758136150623,0.0,1.0,151.49000549316406,171.52999877929688,161.51000213623047,12.354656003042765,0.028442727364789495,5.87561217510141,7.108683337637954,-3.136441955872442,-2.3514752333750293,-0.7849667224974128,159.07500076293945,164.84576885516827,159.4917281164639,162.62817007233633,0.7815273440485802,1.0665578500565078,-0.2850305060079277,-0.20356982441593427,26.422228417191896,-0.4160064697265682,-49.91143301680713,-33.68222618010241,-16.22920683670472,158.98500061035156,164.99000549316406,161.9875030517578,164.8550033569336,24.90613437144372,13.68113075889218,19.213433214634026,25.868022536322787,-152.8573895433993,168.08250045776367,164.8550033569336,4.0,100.0,-96.0,,166.47999572753906,0.0,1.0,37.755899465310975,0.17989225890366198,0.3505610917342443,0.5373254036607963,-15.112752597865132,42.366164913751156,2.8442727364789495,14.65746799516746,-97.15572726352104,-8.859676316205196,-8.628771042151833,-1.9285969672273664,-1.4342837048949333,-0.4943132623324331,9.900162763391029,6.233058149468346,3.6671046139226826,164.75638533542434,-3.318922470255159,-3.3752484892773715,669.7431004481747,17.675763297333305,32373185.3403067
2022-05-10,155.52000427246094,156.74000549316406,152.92999267578125,154.50999450683594,152.9886932373047,115366700,2.4499969482421875,1,12080444412.66969,7598022700,-0.08631836890721967,-108811489.09704997,3.8804504415660954,-4.605597541374222,140169951.04101348,159.32992343167913,35.13462187766969,13385.272215257617,161.64399948120118,171.8291056274651,151.45889333493724,12.601898219486257,0.1497824925966966,0.0,0.0,158.26399993896484,164.07000122070312,152.45799865722657,7.337109240228205,0.17671334796838145,0.0,0.0,151.49000549316406,171.52999877929688,161.51000213623047,12.397610397200928,0.15069810506182324,5.7560517510483,7.167474950325994,-3.3015161730145905,-2.541483421302942,-0.7600327517116487,158.46833419799805,164.08423027625452,158.7253075611365,162.0268237341511,0.7677632289934495,1.0568884194233243,-0.28912519042987483,-0.22162450103181996,26.46248431343387,1.2360054016113224,-52.01327906670903,-37.93103437447976,-14.082244692229274,158.98500061035156,164.99000549316406,161.9875030517578,164.8550033569336,15.514030303208038,13.535737633411827,19.22747416038574,24.296062950465274,-112.49335244167878,168.55750274658203,164.8550033569336,0.0,96.0,-96.0,,166.18019592285157,0.0,0.0,41.057925351066174,0.373012113823369,0.33601487505646027,0.4368354351856875,-15.62844272280463,47.727423813905546,15.069810506182325,13.291543105649373,-84.93018949381768,-9.233030790441177,-4.4996594853810725,-2.037635557450427,-1.554954075406032,-0.482681482044395,9.428951022729006,6.872236724120478,2.5567142986085276,164.65434743199566,1.611204121779708,1.5983619865422405,682.1452330097106,23.20955672152354,7985996.397876203
2022-05-11,153.5,155.4499969482422,145.80999755859375,146.5,145.05758666992188,142689800,-8.009994506835938,0,11958181234.37041,7455332900,-0.12965630052118368,-256544778.3948312,-28.40862842672549,-7.2008376212683345,132772730.44159815,157.9465808746721,28.34183094613404,13385.272215257617,160.58599929809571,172.32859749684374,148.8434010993477,14.62468490413071,-0.09978205247615202,0.0,1.0,157.46466623942058,163.79366861979167,151.13566385904946,8.038631816928426,-0.36622389915878345,0.0,1.0,145.80999755859375,171.52999877929688,158.6699981689453,16.0163409843464,0.026827465344396548,6.1444465149083145,7.616165038042617,-4.032197629463127,-2.839626262934979,-1.1925713665281479,157.10333379109701,162.85576864389273,156.84449101326936,160.8766886427325,0.702271736820835,1.097422620709194,-0.39515088388835895,-0.24763291698965653,26.601755403090735,-3.785996246337902,-58.889701793973614,-42.204250028324346,-16.68545176564927,156.1449966430664,162.05500030517578,159.0999984741211,162.70999908447266,9.253343706339736,14.575644202112434,16.943475962000836,30.18354317329157,-172.0719670320128,169.24250030517578,164.8550033569336,0.0,100.0,-100.0,,165.88639211425783,0.0,0.0,34.59603024012411,0.0,0.1843014575756768,0.2902924747887941,-18.409437482564353,39.40910695167247,3.127844595510623,7.013975946057328,-96.87215540448938,-11.107059792911315,-10.056485996913768,-2.5063902442806025,-1.7452413091809462,-0.7611489350996563,10.851887768280397,7.668166932952462,3.183720835327935,163.97187889481253,-5.184127106082803,-5.323335515304528,641.5978299763196,14.609687822982153,42208124.858802244
2022-05-12,142.77000427246094,146.1999969482422,138.8000030517578,142.55999755859375,141.1563720703125,182602000,-3.94000244140625,0,11961142229.838135,7272730900,-0.1446444582434866,-322674428.0249502,-32.947026896599,-7.3912921739375355,127861793.06408508,155.97914606657275,27.03083814340674,13385.272215257617,159.19399948120116,172.4553119442783,145.93268701812403,16.660568245404413,-0.1271627325319686,0.0,1.0,155.48033294677734,161.9903335571289,148.97033233642577,8.374050256992973,-0.49234517487133034,0.0,1.0,138.8000030517578,171.52999877929688,155.16500091552734,20.55981747691694,0.11487916277582258,6.300001558241702,8.127109789326957,-4.873020074947078,-3.2463050253373993,-1.626715049609679,155.91666666666666,161.60576864389273,154.64687663562697,159.51989671057405,0.6753149579524932,1.1529767374472661,-0.47766177949477295,-0.2821466188634997,26.74823724503325,-2.6239921569824105,-70.06181899280922,-47.005175876550815,-23.056643116258407,152.63999938964844,156.21500396728516,154.4275016784668,159.2050018310547,5.3406831265303545,16.387967048337018,15.372674876144742,35.82534307872327,-229.05097104926173,169.88250350952148,164.8550033569336,0.0,100.0,-100.0,,165.08333633203128,0.0,0.0,31.933704665647028,0.0,0.12433737127445614,0.2148845679688647,-21.588135677865026,39.504712422299356,13.583798777973536,10.593817959888858,-86.41620122202646,-13.637265463436364,-9.081635979601103,-3.054803930689896,-2.0071538334827363,-1.0476500972071596,14.306125343160856,8.995758614994141,5.310366728166715,161.27776561836393,-2.6894214617107504,-2.7262481860088172,621.6531387773554,15.209262402732037,68362428.01747645
2022-05-13,144.58999633789062,148.10000610351562,143.11000061035156,147.11000061035156,145.66156005859375,113990900,4.5500030517578125,1,12029902070.543585,7386721800,-0.07850287934544127,-202483946.46815455,13.592298865428281,-5.064845367971736,131499973.14092918,155.00437269407118,33.23838578384088,13812.482024958963,158.2849998474121,172.22521736919543,144.34478232562878,17.61407276143892,0.09918131766601848,0.0,0.0,154.05433349609376,160.1683349609375,147.94033203125,7.937461188001935,-0.06790409077205312,0.0,1.0,138.8000030517578,171.52999877929688,155.16500091552734,20.677888466431448,0.2538954672579351,6.224002256909719,8.476973045205433,-5.1132879004715335,-3.619701600364226,-1.4935863001073075,155.1283327738444,160.65499936617337,153.48735724712307,158.6006451475946,0.7507469024105045,1.0753307454826855,-0.324583843072181,-0.31514224952732256,26.828239160996965,5.354999542236328,-75.5350061000151,-51.85175585489901,-23.683250245116085,152.63999938964844,156.0800018310547,154.36000061035156,159.2050018310547,2.9931941959380484,17.61191086007617,16.640901500010898,33.424374195537936,-159.5285951397092,169.8625030517578,164.8550033569336,0.0,96.0,-96.0,,163.50633633521488,0.0,0.0,37.8789972687746,0.29959151517316934,0.09986383839105623,0.13616755574706335,-22.1147595432072,37.6008487722846,30.021675424302494,15.577772932595579,-69.9783245756975,-15.042676185159138,-6.042029936345212,-3.224001955170536,-2.2505234578202966,-0.9734784973502393,12.31801136097545,9.660209164190404,2.657802196785047,160.625566301005,3.1916408036466892,3.1417663814033325,644.6857148153705,23.006355684868268,-25027303.998568416
2022-05-16,145.5500030517578,147.52000427246094,144.17999267578125,145.5399932861328,144.10702514648438,86643800,-1.57000732421875,0,12013818277.580877,7300078000,-0.08490559110198227,-192990725.6295817,0.9444259514658279,-4.457939107398628,130575281.4134208,154.32509543555688,33.56208735632056,13665.070578729252,157.30849914550782,171.93023718271465,142.686761108301,18.58988944225061,0.09756816086334642,0.0,0.0,152.98033294677734,158.93233642578124,147.02832946777343,7.781396947377071,-0.12502816798501762,0.0,1.0,138.8000030517578,171.52999877929688,155.16500091552734,20.806247536100607,0.20592701234922445,5.935603190886716,8.778173174234105,-5.36850358564385,-3.969461997420151,-1.3990415882236995,153.61999893188477,159.63192220834586,152.26468586850916,157.633189454153,0.779868069400793,1.0808581448100902,-0.30099007540929723,-0.3470842712935961,26.859405703623818,0.34149475097655113,-83.13483778355162,-57.06674083857743,-26.068096944974187,152.63999938964844,155.29000091552734,153.9650001525879,159.2050018310547,1.6238704102980877,18.748430113833955,15.947000666164785,32.03062752111329,-140.64242544593242,169.7925033569336,164.8550033569336,0.0,92.0,-92.0,,162.02395633820746,0.0,0.0,36.68818839767854,0.23958500955801335,0.17972550824372735,0.1346422393030802,-22.919236557625705,41.440505955907405,24.349682145227547,22.65171878250122,-75.65031785477245,-15.780706652472986,-11.06086908520277,-3.40569368940242,-2.4815575041367213,-0.9241361852656986,8.820839457981663,9.492335222948656,-0.671495764966993,159.78390793500853,-1.0672335787539122,-1.0729693622863579,636.7381788106774,19.976400272706826,-20958425.846746057
2022-05-17,148.86000061035156,149.77000427246094,146.67999267578125,149.24000549316406,147.77061462402344,78336300,3.70001220703125,1,12065282093.724024,7378414300,-0.08527339108400746,-124014155.36054689,9.368297382074795,-3.0930550112683455,132566797.69502336,153.90331212878576,38.34972563454204,14012.472875579977,156.4004997253418,170.65356382196316,142.14743562872044,18.22636643955929,0.24880860060556692,0.0,0.0,151.95299936930337,157.7750040690104,146.13099466959636,7.6629019813651,0.26700517982441285,0.0,0.0,138.8000030517578,171.52999877929688,155.16500091552734,20.92704037711957,0.31897353511176957,5.765043970430857,8.860558894207484,-5.2121216975610025,-4.2179939374483215,-0.994127760112681,152.9191665649414,158.82999948354868,151.79935042614838,157.01147212370938,0.809193215358087,1.0155423629720182,-0.2063491476139312,-0.3720236086032783,26.806825409890788,1.559506988525385,-89.03627089294604,-62.83216496659793,-26.204105926348106,151.44000244140625,155.16500091552734,153.3025016784668,159.2050018310547,0.8119352051490438,19.238083971036502,17.951180845239634,30.307006411814196,-95.04649086586835,169.63000106811523,164.8550033569336,28.000000000000004,88.0,-60.0,,160.63051914102047,0.0,0.0,41.36636456053131,0.47532477519019983,0.33816709997379396,0.20591881553619276,-22.053461047569723,43.873200458278845,37.71678180587375,30.696046458467958,-62.28321819412625,-16.236530393712684,-5.334594816947758,-3.3195801727496512,-2.6491620378593073,-0.670418134890344,5.325269332254934,8.658922044809911,-3.3336527125549766,159.36500720537174,2.542264929033622,2.5104868372338274,655.4680151493823,24.57959945408068,-9242348.296318382
2022-05-18,146.85000610351562,147.36000061035156,139.89999389648438,140.82000732421875,139.43350219726562,109742900,-8.419998168945312,0,11982607518.317038,7268671400,-0.11489496037874936,-238302849.88829,-31.235496744366365,-6.593618737245753,126375193.6810643,152.49826538650927,30.82680227574224,14012.472875579977,155.0800003051758,169.9551377239605,140.20486288639108,19.183824335197976,0.02067693294217391,0.0,0.0,149.83033294677733,155.67633819580078,143.9843276977539,7.803500311382276,-0.27063954262303785,0.0,1.0,138.8000030517578,171.52999877929688,155.16500091552734,21.105233210685455,0.06171721772518605,6.12254073305574,9.687228959447427,-5.701883642624949,-4.514771878483647,-1.187111764141302,151.4908332824707,157.87115361140326,150.1102207181592,155.81210436078416,0.7051352732135249,1.098034895578979,-0.39289962236545406,-0.40060213635492414,26.83942659235663,4.399995422363276,-100.95686503166341,-69.33658686559168,-31.620278166071728,149.12000274658203,155.16500091552734,152.1425018310547,159.2050018310547,0.4059676025745219,20.55049577856155,15.914761993689847,35.10377857563783,-139.61180884724726,168.7050018310547,164.8550033569336,24.0,84.0,-60.0,,159.3206881756647,0.0,0.0,35.024001271952756,0.15572431912444434,0.29021136795755226,0.26936799205835815,-23.482600811024717,39.95401966471446,7.297705227459653,23.121389726187015,-92.70229477254034,-16.62108917236327,-10.850847468433116,-3.6594612889780325,-2.851221888083052,-0.8082394008949803,4.7141454692696785,7.869966729701865,-3.1558212604321865,156.6422767613943,-5.641917621968318,-5.807325405834529,612.845132074335,14.507928780264194,32099411.207851484
2022-05-19,139.8800048828125,141.66000366210938,136.60000610351562,137.35000610351562,135.99766540527344,136095600,-3.470001220703125,0,11886856483.237486,7132575800,-0.12307629856006658,-271724142.4945806,-16.7308497915834,-7.788679436644566,123021608.44054496,150.73336170365425,31.10625225339669,14012.472875579977,153.6265007019043,169.43695602137586,137.81604538243272,20.58297916991556,-0.014738325668051364,0.0,1.0,147.82400004069012,153.26300455729168,142.38499552408854,7.35875705582913,-0.46285946308782466,0.0,1.0,136.60000610351562,167.8699951171875,152.23500061035156,20.354553980467163,0.023984658250825887,6.0162864156095415,10.542518931372776,-6.297430749467594,-4.871303652680437,-1.426127096787157,149.64666748046875,156.70538447453424,148.14711077744482,154.44454152691242,0.6737703077821685,1.1860120115767483,-0.5122417037945798,-0.43397771681460323,26.810379555742905,12.393503570556646,-111.8679214068245,-76.82301489836662,-35.04490650845787,146.67000579833984,154.06500244140625,150.36750411987305,158.1050033569336,0.20298380128726096,22.11677860718941,14.92682530941432,36.97312072943404,-157.5436269595282,168.4250030517578,164.8550033569336,20.0,100.0,-80.0,,158.0894470682303,0.0,0.0,32.7925795605981,0.043279893572812096,0.2247763292958185,0.2843849324090552,-25.3901277564013,38.14195381680201,2.5100410322666304,15.84150935520004,-97.48995896773337,-16.204353153004377,-13.876341997043346,-4.077470584073862,-3.0964716272812147,-0.9809989567926474,6.032637983582755,7.502500980478043,-1.469862996895288,154.35925778682721,-2.464139355364414,-2.4950074123233357,595.2796346320918,15.40873604934852,45029700.37581752
2022-05-20,139.08999633789062,140.6999969482422,132.61000061035156,137.58999633789062,136.23529052734375,137426100,0.239990234375,1,11918622398.231846,7270001900,-0.07383093797601327,-228194847.57417738,-14.56985995651361,-7.109138467394053,123261731.63299234,149.1842889045985,31.16013531620331,14012.472875579977,152.4165008544922,169.21588986406366,135.61711184492074,22.044055486629187,0.058718935904330534,0.0,0.0,145.8240000406901,151.5460032145182,140.10199686686198,7.847820896740551,-0.21950359451572854,0.0,1.0,132.61000061035156,166.47999572753906,149.5449981689453,22.222000195059096,0.1470326674187189,6.22365740783765,11.326252117148494,-6.67311737289026,-5.231666396722401,-1.441450976167859,147.2775001525879,155.4434614915114,146.52293932520573,153.196056698096,0.6848386185617259,1.102900805232651,-0.4180621866709251,-0.4682657872472622,26.74377134446364,4.353503417968739,-121.17343458428142,-84.74101507253044,-36.43241951175098,144.6750030517578,152.06999969482422,148.37250137329102,156.11000061035156,0.10149190064363048,23.95002765937221,13.485449910660668,38.16539246266583,-147.59510376450157,168.4250030517578,164.8550033569336,16.0,100.0,-84.0,,156.37029179105312,0.0,0.0,33.10999332766578,0.059274812201813395,0.08609300829968973,0.20036023518435378,-26.76768055590874,44.47563631935028,14.70326674187189,8.17033766719942,-85.29673325812811,-16.91332451315489,-17.12444717680701,-4.355932859316997,-3.3483638736883714,-1.0075689856286258,7.032214664098432,7.408443717202122,-0.3762290531036898,152.30819062282157,0.1747289579252964,0.1745764844660158,596.4944894923512,18.533201852790228,30105913.283341587
2022-05-23,137.7899932861328,143.25999450683594,137.64999389648438,143.11000061035156,141.700927734375,117726300,5.5200042724609375,1,12030053431.018112,7387728200,-0.06164695869469113,-102759915.20914948,18.108083443369196,-6.790258493256695,127984819.76641397,148.1402884424303,31.842921609884286,14574.642453308525,151.42800064086913,167.97297409065987,134.88302719107838,21.851934093786614,0.2486245579130026,0.0,0.0,144.64533284505208,150.49433644612628,138.79632924397788,8.087372728907622,0.3687526680254953,0.0,0.0,132.61000061035156,166.47999572753906,149.5449981689453,22.36706221692415,0.31000890208784593,6.168291483948416,11.787811517967572,-6.451069601724356,-5.475547037722793,-0.9755225640015635,146.13916651407877,154.59038485013522,145.99787183061278,152.44894143233714,0.710029135491153,1.0999676638383369,-0.3899385283471839,-0.4943592220936759,26.726279320369304,5.851998138427746,-125.11383437671509,-92.86329899586445,-32.250535380850636,144.02999877929688,152.06999969482422,148.04999923706055,156.11000061035156,0.05074595032181524,25.02009443332825,15.63648803092901,35.572729175372956,-93.9981097917269,168.31000137329102,164.8550033569336,12.0,96.0,-84.0,,153.99426267298296,0.0,0.0,40.11570126990809,0.412302122610886,0.1716189427951703,0.16082942679689313,-25.693078094177647,49.02752780941193,31.000890208784593,16.071399327641064,-68.9991097912154,-16.933207433363975,-8.713403897322573,-4.231626366908947,-3.5250163723324865,-0.7066099945764606,6.384555801133042,7.203666133988307,-0.8191103328552645,151.96475061987826,4.011922682885327,3.933534776407299,624.4373099013413,24.80098811990038,6070427.418928415
2022-05-24,140.80999755859375,141.97000122070312,137.3300018310547,140.36000061035156,138.97801208496094,104132700,-2.75,0,12061921591.099602,7283595500,-0.008853713681982112,-128989202.32212813,-3.5869285289793336,-9.121105183935487,125983807.09239623,146.63250409841186,25.141916741342015,14294.576304362541,150.60600051879882,167.62839320038543,133.5836078372122,22.605198495343952,0.19904348642096245,0.0,0.0,143.161333211263,149.09333546956378,137.22933095296224,8.287157048959472,0.2638796751137873,0.0,0.0,132.61000061035156,166.47999572753906,149.5449981689453,22.48914053923091,0.22881609439817202,6.129462213483262,12.131386302257987,-6.422957306916601,-5.665029091561555,-0.7579282153550455,144.72916666666666,153.63999997652493,145.13050702749567,151.55346433441227,0.657199495802622,1.1664654528916303,-0.5092659570890082,-0.5163341344007095,26.675599571309615,1.4539970397949276,-130.9858935613755,-100.87398697002021,-30.11190659135528,141.19000244140625,152.06999969482422,146.63000106811523,156.11000061035156,0.02537297516090762,26.04861576452115,14.551293730385506,33.48815145776271,-95.5769280832745,167.89500427246094,164.8550033569336,8.0,92.0,-84.0,,151.8558364667198,0.0,0.0,37.98147445343972,0.5744203442056843,0.3486657596727944,0.20212590358921845,-25.47993330994709,45.68417918187644,24.626627579860145,23.44359484350557,-75.37337242013986,-17.568500967586743,-10.7578829477792,-4.2380801620898225,-3.667629130283954,-0.5704510318058684,4.882329451743802,6.739398797539406,-1.8570693457956038,151.14014971840845,-1.9215987619813357,-1.9403014524209894,610.5165315229463,19.495193851509754,1408574.7753846943
2022-05-25,138.42999267578125,141.7899932861328,138.33999633789062,140.52000427246094,139.1364288330078,92482700,0.160003662109375,1,12086316107.419003,7376078200,0.018471129338667198,-108448234.75014374,1.5481009645038477,-7.3342709291167845,126089232.93036585,145.33791241162913,31.304450074973445,14310.871435076806,149.80350036621093,167.13605399364064,132.4709467387812,23.140385351555082,0.23219479675925114,0.0,0.0,142.2576665242513,147.57066853841144,136.94466451009114,7.469547538591765,0.3364707704646866,0.0,0.0,132.61000061035156,166.47999572753906,149.5449981689453,22.60961528561657,0.2335401476953684,5.861515686959155,12.345091119595859,-6.3149720851534425,-5.795017690279932,-0.5199543948735101,143.76750055948892,152.60615422175482,144.4211989113365,150.73617099648993,0.7128157337270392,1.1782936748632333,-0.4654779411361941,-0.5335582781948924,26.61926901217006,4.706494140625011,-134.50707424750252,-108.03457088720836,-26.472503360294155,141.19000244140625,152.06999969482422,146.63000106811523,156.11000061035156,0.01268648758045381,27.003671286343124,13.929865665036633,32.05800527570525,-83.89131172789382,166.7275047302246,164.8550033569336,4.0,88.0,-84.0,,149.93125288108297,0.0,0.0,38.18752994566526,0.5939916028552079,0.5269046898905926,0.349063130786186,-25.24959748647643,48.19251738739272,29.481934857543887,28.36981754872957,-70.51806514245611,-17.345765865550305,-7.589105268587204,-4.189420524222083,-3.77198740907158,-0.41743311515050285,2.8237572583097332,5.9562704896934715,-3.1325132313837383,150.8352600999724,0.11399519906925004,0.11393027387853749,611.3264862574757,20.748593935910804,-1192448.6363089383
2022-05-26,137.38999938964844,144.33999633789062,137.13999938964844,143.77999877929688,142.36436462402344,90601500,3.2599945068359375,1,12162824096.221802,7466679700,0.013347959264451738,-50761288.027109474,5.364171578517368,-6.075926823103065,128191142.8601322,144.3161135364162,37.44521881134925,14642.876564936661,148.81050033569335,165.1028295808838,132.5181710905029,21.89674681348088,0.34561748413347665,0.0,0.0,142.18099975585938,147.4740020751953,136.88799743652345,7.445442539333105,0.6510483962567123,0.0,0.0,132.61000061035156,166.47999572753906,149.5449981689453,22.76048735860847,0.32979036844552245,5.995363813087458,12.378834289720803,-5.8983462432250064,-5.815683400868947,-0.08266284235605958,142.8733342488607,151.70423126220703,144.32255273717655,150.22089898040156,0.7143025900319148,1.0901649451238717,-0.375862355091957,-0.5419453930766849,26.547598920973424,-2.310500335693348,-132.72282429977457,-114.38877290940384,-18.334051390370732,141.19000244140625,152.06999969482422,146.63000106811523,156.11000061035156,50.006343243790226,27.205057439282804,15.811595359768916,29.25049850287832,-64.80423098227496,166.7300033569336,164.8550033569336,0.0,84.0,-84.0,,148.19912765400983,0.0,0.0,42.38754429290233,1.0,0.7228039823536306,0.5327914773056728,-23.80451697761736,51.19981413650935,46.290907205334065,33.466489880912725,-53.709092794665935,-16.115972990148208,-6.94453181607248,-3.926448505673321,-3.802879628391928,-0.12356887728139299,1.0068329691533833,4.9663829855854535,-3.95955001643207,150.78264899147763,2.319950475175747,2.2934487263377434,627.828908455457,24.087659399711058,6002140.075068489
2022-05-27,145.38999938964844,149.67999267578125,145.25999450683594,149.63999938964844,148.1666717529297,90978500,5.8600006103515625,1,12252156202.244537,7557658200,0.10469246966940296,32652333.909458965,32.69626207591072,-2.998335688709363,131899127.7680138,143.8116582647136,44.39450742001705,14642.876564936661,148.41000061035157,164.19951221038343,132.62048901031972,21.27823129855919,0.5389498678127062,0.0,0.0,142.3896657307943,147.62566731770835,137.1536641438802,7.3544685424199185,1.192354035660947,1.0,0.0,132.61000061035156,166.47999572753906,149.5449981689453,22.82190888612197,0.5028048784883029,5.98582682142715,12.168292565620813,-5.037247928145064,-5.659996306324171,0.6227483781791072,143.1350008646647,151.05884669377252,145.14062145294145,150.1778693810865,0.8405745728983884,1.006657406605439,-0.16608283370705057,-0.5357887482099156,26.363839049411435,-5.850003051757824,-129.21640905982053,-119.50894749565595,-9.70746156416459,141.19000244140625,150.23999786376953,145.7150001525879,156.11000061035156,75.00317162189512,26.14604480181115,21.170311812802627,27.152083374922448,-0.2875039275875277,167.3550033569336,164.8550033569336,0.0,80.0,-80.0,132.61000061035156,,1.0,0.0,49.08467359552319,1.0,0.8646638676184025,0.7047908466208755,-20.423012218483922,62.50066299855018,70.57602707501783,48.78295637929862,-29.423972924982166,-13.27591507855584,2.143344293275384,-3.3541879032540445,-3.713141283364352,0.3589533801103073,-0.4346276096012228,3.886180866548118,-4.320808476149341,150.76929513817402,4.075671623385313,3.994806033549647,657.4928247441712,28.250764778906003,9768310.049335942
2022-05-31,149.07000732421875,150.66000366210938,146.83999633789062,148.83999633789062,147.37451171875,103718400,-0.8000030517578125,0,12257043248.461803,7453939800,0.059588046935556443,16134138.133330902,4.714335986910819,-2.9387724354704536,131344630.06110471,143.3429491402382,43.80326028905794,14642.876564936661,147.95400009155273,163.12876159296238,132.77923859014308,20.51281005179938,0.5291930863709322,0.0,0.0,142.69299926757813,147.97700042724608,137.40899810791015,7.40611128337053,1.08166121510643,1.0,0.0,132.61000061035156,166.47999572753906,149.5449981689453,22.892246979621383,0.47918506251283954,5.76924487170631,12.017878925597815,-4.369011623557185,-5.401799369770774,1.0327877462135886,143.6583340962728,150.56076988807092,145.70975605062594,150.07876767418313,0.8508731045559785,1.0161632221886778,-0.1652901176326993,-0.5199733091403866,26.166814819900615,-0.8439994812011662,-123.84384564589537,-123.37645580153922,-0.4673898443561484,141.63500213623047,149.5449981689453,145.5900001525879,156.11000061035156,87.50158581094756,24.955018490542283,21.383940427538736,25.858601105491946,10.04614158799717,167.56750106811523,164.8550033569336,28.000000000000004,76.0,-48.0,132.95140045166016,,0.0,0.0,48.25989508673719,0.95191067559167,0.9839702251972232,0.857146025056419,-17.93398129401929,65.57631951084366,71.05953734595903,62.642157208770335,-28.940462654040974,-11.072355113309953,4.405161957663282,-2.911145721187016,-3.5527421709288847,0.6415964497418685,-0.6210561313626594,2.984733466965963,-3.6057895983286223,150.7402715114232,-0.5346184543042365,-0.536052652706065,653.4431283130583,23.885175384925105,23528166.660929054
2022-06-01,149.89999389648438,151.74000549316406,147.67999267578125,148.7100067138672,147.2458038330078,74286600,-0.1299896240234375,0,12220449258.945234,7379653200,0.026525060608472064,12449763.085143704,5.246718234021681,-0.5348191025599414,131279751.75257495,143.08278579833245,50.96574410579722,14630.088187711923,147.41550064086914,161.65130248388306,133.17969879785522,19.313846618741824,0.5454665668739029,0.0,0.0,142.77433268229169,148.15533396402995,137.3933314005534,7.5377712235046355,1.0515399198769617,1.0,0.0,132.61000061035156,166.47999572753906,149.5449981689453,22.97587090227434,0.4753471634055712,5.598321666273961,11.600974000604108,-3.806044897678987,-5.082648475352416,1.2766035776734288,143.79166793823242,150.0157699584961,146.17133307574,149.97737797341898,0.9408940936875319,0.9873703615413951,-0.04647626785386327,-0.4974145303243178,25.94054984668671,-1.8755073547363281,-121.56978801493368,-125.66678057745814,4.096992562524463,142.1750030517578,149.5449981689453,145.86000061035156,156.11000061035156,93.75079290547379,23.61614398040479,21.653695220258424,24.5215350383259,23.189935485961545,167.0150032043457,164.8550033569336,24.0,72.0,-48.0,133.65974458007813,,0.0,0.0,48.11841202725995,0.9436614005766134,0.9651906920560943,0.9379415949572403,-15.95342971882909,65.46378448422334,84.16101408306905,75.26552616801534,-15.83898591693095,-8.514914478975186,1.0876256521496055,-2.537745991501162,-3.3497429350433405,0.8119969435421783,-3.0248647068081174,1.782813832211147,-4.807678539019264,150.728868895681,-0.08733514325567349,-0.08737330261121556,652.7851076775962,23.35454773308294,-12340468.687718615
2022-06-02,147.8300018310547,151.27000427246094,146.86000061035156,151.2100067138672,149.72120666503906,72348100,2.5,1,12290828784.902454,7452001300,0.01614060458874963,36509832.64440889,-3.9315995277983875,1.5377114237829594,132496013.21336563,143.49974896977835,60.15680122624195,14876.03814950336,146.67500076293945,158.2559695492165,135.0940319766624,15.791332846139971,0.6957956210149502,0.0,0.0,143.48299967447915,148.55900065104166,138.40699869791666,7.0754040382184025,1.2611313586291713,1.0,0.0,132.61000061035156,164.0800018310547,148.34500122070312,21.455599834334336,0.5910392558637483,5.479489865857502,10.969034257819732,-3.1221701705929092,-4.690552814400514,1.5683826438076052,144.2641690572103,149.80077009934647,146.94651363545188,150.0686838060448,1.0238502632938777,0.8750822856200726,0.14876797767380512,-0.46711764206540124,25.759870664706547,2.565004730224615,-112.31532044567348,-125.71649158177469,13.401171136101212,142.1750030517578,149.5449981689453,145.86000061035156,156.11000061035156,96.8753964527369,22.53219013172274,20.418681549023994,24.183454207870273,40.98868141285751,166.14500045776367,164.8550033569336,20.0,68.0,-48.0,134.7445602348633,,0.0,0.0,51.088343605004724,1.0,0.9651906920560943,0.9714505364364708,-13.407881238410027,66.42508629188454,97.22948957648696,84.15001366850504,-2.770510423513046,-6.131383649040686,3.8958456020999552,-2.0804941386892795,-3.0958931757725283,1.0153990370832489,-5.127244233712629,0.400802219026392,-5.528046452739021,150.77749658789483,1.6811242600575316,1.6671497677550384,665.4403607488644,25.553029029782266,942844.3381059468
2022-06-03,146.89999389648438,147.97000122070312,144.4600067138672,145.3800048828125,143.94859313964844,88570300,-5.8300018310546875,0,12248688479.971815,7363431000,0.0330815407178544,-42472287.90151566,-11.294394383507612,-0.23990952256960427,129081126.70949703,143.4409485485111,52.892648143057485,14876.03814950336,146.10550079345703,156.72506297191896,135.4859386149951,14.536841009804752,0.4658415338385635,0.0,0.0,144.2229995727539,149.1440002441406,139.3019989013672,6.824155212365122,0.6175579305227524,0.0,0.0,132.61000061035156,159.44000244140625,146.0250015258789,18.363444008164407,0.4759598733116802,5.606540879271752,10.588419564253263,-3.0158619672837403,-4.35561464497716,1.3397526776934194,143.942502339681,149.37038539006159,146.70551228889198,149.72137425617572,0.9015565144904992,0.9095979518796207,-0.008041437389121442,-0.439248029797824,25.543205509228216,-5.285493469238276,-101.91207990492883,-123.5763410618466,21.664261156917775,144.44000244140625,149.5449981689453,146.99250030517578,156.11000061035156,98.43769822636844,21.98162277671054,18.66401599872736,25.16070025385969,-1.2967758204947126,165.47500228881836,164.8550033569336,16.0,64.0,-48.0,135.76428695036134,,0.0,0.0,44.66690401956864,0.64902041970752,0.8642272734280443,0.9315362191800779,-12.974976336891958,59.90579236142735,66.75379515419908,82.71476627125172,-33.246204845800925,-4.391088463278379,-2.5864382660642353,-2.0143162472737868,-2.87957779007278,0.8652615427989931,-5.446147245714681,-0.7685876739218227,-4.677559571792859,150.4580735783922,-3.8555661478719028,-3.9318605882486146,635.9283013176827,18.08471517250956,21780854.82032229
2022-06-06,147.02999877929688,148.57000732421875,144.89999389648438,146.13999938964844,144.70111083984375,71598400,0.7599945068359375,1,12225472687.310974,7435029400,0.013232500587206193,-28631333.815835975,2.665415236137274,-0.11698171652164382,129455417.45699084,143.45693675856882,58.81437495301369,14953.804739800406,145.54850082397462,154.852288331314,136.24471331663523,12.78444979463077,0.5317880521888105,0.0,0.0,145.17999979654948,149.65900217692058,140.70099741617838,6.170274675089995,0.6071666759216388,0.0,0.0,132.61000061035156,156.74000549316406,144.6750030517578,16.578669478701926,0.5607126415848396,5.412888134118015,10.101886151236009,-2.8375769246326,-4.052007100908248,1.2144301762756475,144.38583501180014,148.69730846698468,146.61851030439297,149.45608722902557,0.8938396340099577,0.894743573447789,-0.0009039394378312915,-0.4124004045942835,25.204610412252155,-8.198494720458996,-93.64297073707843,-120.07957843522033,26.4366076981419,144.44000244140625,149.5449981689453,146.99250030517578,156.11000061035156,99.21884911318422,21.31926471218959,18.553105860850632,23.955338176863613,17.20030063351939,165.47500228881836,164.8550033569336,12.0,60.0,-48.0,136.7228300629295,,0.0,0.0,45.62636081959419,0.7014618918262465,0.7834941038445886,0.8709706897762426,-12.346641744744618,58.26832840235202,70.72658298928614,78.2366225733241,-29.273417010713853,-3.9983809976016857,3.7778666302588206,-1.898602443863203,-2.6833827208308643,0.7847802769676613,-7.086930353265254,-2.0322562097905092,-5.054674143474745,150.1854775691548,0.5227641225136415,0.5214024543549023,639.7754704443956,21.54592327355384,-2032025.8621638566
2022-06-07,144.35000610351562,149.0,144.10000610351562,148.7100067138672,147.2458038330078,67808200,2.57000732421875,1,12285254786.397314,7502837600,0.08912623263145902,354223.96386770904,-1.3368396565221987,-0.8816343621357147,130647887.4951044,143.35273246050295,58.464793050163166,15216.781254558393,145.3810012817383,154.32344745426295,136.43855510921364,12.30208361984633,0.686135055660561,0.0,0.0,145.77300059000652,150.1810022989909,141.36499888102213,6.047761507471607,0.8331448485914225,0.0,0.0,132.61000061035156,156.74000549316406,144.6750030517578,16.597770458362866,0.6672193471035498,5.3615987103546505,9.744050043379037,-2.460543022906876,-3.7337142853079737,1.2731712624010978,145.33250172932944,148.35346280611478,146.94027898277363,149.4008220056805,0.867093639118601,0.9335467218718172,-0.06645308275321615,-0.38331911524960977,24.980357821379833,-7.791004943847668,-85.28537831820775,-115.00174340820169,29.716365089993943,144.44000244140625,149.5449981689453,146.99250030517578,156.11000061035156,99.6094245565921,20.864920620460747,17.357483239198654,23.4636982050139,36.384840308329,165.47500228881836,164.8550033569336,8.0,56.00000000000001,-48.00000000000001,137.62386058874355,,0.0,0.0,48.855928179999935,0.8779818421583064,0.742821384564024,0.7968475872788859,-10.88405102476339,57.68555034873585,84.16101408306905,73.88046407551812,-15.83898591693095,-3.8702920801499374,8.270840994204216,-1.6469407529854965,-2.476094327261791,0.8291535742762943,-8.705924856805286,-3.3669899391934646,-5.338934917611821,150.1255821003589,1.7585926747997416,1.743308366138674,652.7851076775962,24.162308159857503,2666885.49823194
2022-06-08,148.5800018310547,149.8699951171875,147.4600067138672,147.9600067138672,146.50320434570312,53950200,-0.75,0,12253690669.220646,7448887400,0.0859471837567466,-5476758.030970534,9.447824706362171,2.0243171700591804,130375796.52493954,143.61875211196156,65.14106004966783,15140.037354177311,145.05350189208986,153.06604646236428,137.04095732181543,11.047709246254843,0.6813721469057479,0.0,0.0,146.62733408610026,150.81233469645184,142.44233347574868,5.7083498604620715,0.6592201234655218,0.0,0.0,132.61000061035156,155.4499969482422,144.02999877929688,15.745911708413674,0.6720669248992212,5.066437679651217,8.878030719593184,-2.1969347748550376,-3.4263583832173867,1.229423608362349,146.1966692606608,147.9688474214994,147.09716017217264,149.29409494702767,1.023043623586225,0.9074048544690544,0.11563876911717064,-0.35415242518826034,24.7683875620904,-1.9435012817382926,-76.8678660719466,-108.59738694425101,31.72952087230442,144.44000244140625,149.5449981689453,146.99250030517578,156.11000061035156,99.80471227829605,20.202429842729007,17.976101290698416,22.68923385823193,66.88488176638958,164.42000198364258,164.8550033569336,4.0,52.0,-48.0,138.47082928300878,,0.0,0.0,47.96066094287689,0.8290488085364204,0.802830847506991,0.7763821119718681,-9.914393899925498,52.527699839752664,80.24047143504367,78.37602283579965,-19.759528564956323,-3.5256151087143905,7.536892689865408,-1.47154833929269,-2.2751851296679706,0.8036367903752806,-11.255493152493134,-4.944690581853399,-6.310802570639735,149.97139646578123,-0.5043372780172639,-0.5056133507489236,648.9885317562157,22.05469747162411,-7270240.788150094
2022-06-09,147.0800018310547,147.9499969482422,142.52999877929688,142.63999938964844,141.235595703125,69473000,-5.32000732421875,0,12187037623.089539,7379414400,0.11781462859010118,-57493916.71732463,-26.720467331422928,1.3107730600706429,127877845.37554419,144.22119001472393,68.36805124579611,15140.037354177311,144.86050186157226,152.91024732053774,136.81075640260678,11.113789273846033,0.3620762306557956,0.0,0.0,147.04300079345703,151.4250015258789,142.66100006103517,5.960162277396692,-0.0023962423410097576,0.0,1.0,132.61000061035156,151.74000549316406,142.1750030517578,13.205811547645338,0.5243071729850108,5.102794705143126,7.733856379138386,-2.389755851107026,-3.2190378767953147,0.8292820256882889,146.1575024922689,147.32115525465744,146.41144312870736,148.8011989798144,0.9999997867097115,0.8549062951775492,0.14509349153216222,-0.33227591176091203,24.586435253276168,-4.500501251220697,-67.85033996452334,-101.38933312922312,33.538993164699775,147.13500213623047,149.5449981689453,148.3400001525879,156.11000061035156,99.49552584871623,20.545173400901472,16.643160207157358,27.73909722365558,-5.501581716866344,164.42000198364258,164.8550033569336,0.0,48.0,-48.0,139.2669798556181,,0.0,0.0,42.07143283453462,0.4984572760363007,0.7351626422436756,0.7602716247715637,-10.750796176604126,47.47889089584646,52.43071729850108,72.27740093887128,-47.56928270149892,-3.6000276902142616,-0.3284195504846699,-1.6060057764932447,-2.1413492590330256,0.5353434825397809,-11.792608052209532,-6.314274075924626,-5.478333976284906,149.8819293404339,-3.59557115626985,-3.6618043064564176,622.05811614462,16.847474394517505,17193045.001858115
2022-06-10,140.27999877929688,140.75999450683594,137.05999755859375,137.1300048828125,135.7798309326172,91437900,-5.5099945068359375,0,12099059900.381968,7287976500,0.07449579481843294,-121255118.14579451,-25.614091593605938,0.5218993717069049,124345720.24323592,144.60556382872528,70.82338694261371,15140.037354177311,144.5890022277832,153.27215870729356,135.90584574827284,12.01081181241026,0.07049044534831943,0.0,0.0,146.69933420817057,150.73133494059243,142.6673334757487,5.4969584615842075,-0.6866725678407989,0.0,1.0,132.61000061035156,151.74000549316406,142.1750030517578,13.230608544262168,0.23627826025919993,5.150515417734282,6.7126417763409885,-2.9531365313243043,-3.165857607701113,0.2127210763768086,145.88833618164062,146.21000143197867,144.98352955241586,147.93666608374016,1.0026074552973716,0.9126464897608307,0.08996096553654087,-0.32271247244324036,24.319729954724693,-4.06899795532226,-63.24404222990163,-94.05907014812101,30.81502791821938,144.4000015258789,148.34500122070312,146.37250137329102,156.11000061035156,93.2123305491366,21.685421036071194,15.380988998002824,33.06966340273413,-113.78321969453465,163.50500106811523,164.8550033569336,0.0,44.0,-44.0,,151.74000549316406,0.0,1.0,37.00340978854811,0.0,0.4425020281909069,0.6601651726471914,-13.082285209910117,42.91922598079578,0.4768888717960978,44.38269253511365,-99.52311112820391,-4.302940996955414,-2.3012223664103133,-1.996216765931895,-2.1123227604127996,0.11610599448090464,-9.998118735035717,-7.051043007746845,-2.9470757272888726,149.38271278370624,-3.8628677302390724,-3.9394552656978554,594.1659661824974,14.229463064697114,33086079.821487516
2022-06-13,132.8699951171875,135.1999969482422,131.44000244140625,131.8800048828125,130.58151245117188,122207100,-5.25,0,12005454662.57055,7165769400,-0.013146845220129613,-195588283.410681,-17.19896431852303,-2.0000326112853966,119667041.23678301,143.72302551481718,61.29113215337232,15140.037354177311,143.82750244140624,154.0309486672147,133.6240562155978,14.188449430894098,-0.08546383712857288,0.0,1.0,145.16400146484375,149.1300018310547,141.1980010986328,5.464165118335411,-1.1747346640719754,0.0,1.0,131.44000244140625,151.74000549316406,141.59000396728516,14.11413165575048,0.02167499385514375,5.204464120101479,6.567373275417809,-3.7796810923911437,-3.2886223046391194,-0.4910587877520243,145.16833623250326,145.25269376314603,142.9676026801692,146.74728377256034,0.8750180652523545,1.003185671901428,-0.12816760664907356,-0.3280720999069993,24.126556363447392,-0.04750366210936363,-65.04972058900456,-87.52638958624425,22.476668997239685,141.59000396728516,145.44000244140625,143.5150032043457,155.5250015258789,71.4884720250102,23.40241661411934,14.19852355724434,38.1205711005238,-175.94007630893103,163.15750122070312,164.8550033569336,0.0,100.0,-100.0,,151.44640533447264,0.0,0.0,32.932689194217176,0.0,0.16615242534543337,0.4479390319266722,-16.443902094605725,33.27189395054351,2.1674993855143754,18.35836851860388,-97.83250061448562,-6.177264628690807,-6.148590326609962,-2.575639558854915,-2.204986120101223,-0.37065343875369194,-5.658103815026626,-6.772455169202802,1.1143513541761756,146.17624443769037,-3.8284837840460217,-3.9036961390748637,567.5899347328341,12.681938998145853,51196817.130413145
2022-06-14,133.1300048828125,133.88999938964844,131.47999572753906,132.75999450683594,131.45286560058594,84784300,0.8799896240234375,1,12010731470.949575,7250553700,-0.0016616235974695655,-156988628.0262851,-1.8050010128793963,-1.8727520744211155,120232777.52369313,143.2680594868665,62.49888995305912,15241.061582913444,143.1885025024414,154.43076440086185,131.94624060402094,15.70274386831969,0.03619173393075497,0.0,0.0,143.55700124104817,147.38200124104816,139.73200124104818,5.328893703452872,-0.9113734293087927,0.0,1.0,131.44000244140625,151.74000549316406,141.59000396728516,14.17711806254255,0.06502422990105843,4.925018074302268,6.745220688709885,-4.3139868486622674,-3.493695213443749,-0.8202916352185183,144.2500025431315,144.30961667574368,141.3972014227333,145.71118827139557,0.8914430934256666,1.0210105645238856,-0.12956747109821898,-0.34161030766329736,23.960183860209046,6.451496887207043,-68.30630871744461,-81.60822521985658,13.30191650241197,141.3550033569336,144.09000396728516,142.72250366210938,154.96500396728516,35.7442360125051,24.996769650878328,13.717497055631659,36.82909844267787,-150.97487704651613,162.87750244140625,164.8550033569336,4.0,96.0,-92.0,,150.64614921875,0.0,0.0,34.23857056138087,0.0719269786490195,0.02397565954967298,0.21087670436200467,-18.743503486834264,35.48440202055469,6.502422990105842,3.048937082472133,-93.49757700989416,-8.160706867891207,-7.664490447921556,-2.9606421441208863,-2.356117324905156,-0.6045248192157304,-5.6019383718875275,-6.538351809739748,0.9364134378522202,144.1068651191676,0.6672653862921818,0.6650490246930651,572.0445312896768,17.454699633768996,-5801226.395543188
2022-06-15,134.2899932861328,137.33999633789062,132.16000366210938,135.42999267578125,134.09657287597656,91533000,2.6699981689453125,1,12034763076.20002,7342086700,-0.016312463606588234,-99648403.67994848,11.686165122911708,-1.1486046345348395,122073640.3777925,142.8617381061475,62.36179002615441,15241.061582913444,142.49800186157228,153.86444569019534,131.13155803294921,15.953127314255028,0.18908440967295706,0.0,0.0,142.11700083414715,146.053998819987,138.18000284830728,5.540502491231704,-0.3492521690913936,0.0,1.0,131.44000244140625,151.74000549316406,141.59000396728516,14.245815931845819,0.19655121352454671,4.950515534450166,6.720570485403582,-4.470448919458363,-3.689045954646672,-0.7814029648116909,143.06583531697592,143.67000110332782,140.4791693078176,144.94961822727598,0.8893338581818074,0.9666217195366997,-0.0772878613548923,-0.35607719383563025,23.935925440985134,6.341994476318348,-69.8021785940054,-76.88454279189347,7.082364197888069,140.65499877929688,144.09000396728516,142.37250137329102,154.96500396728516,17.87211800625255,25.502439362514792,17.563110990831667,34.15100667678128,-106.13899426993211,161.9875030517578,164.8550033569336,0.0,92.0,-92.0,,149.87790334765626,0.0,0.0,38.17221086477126,0.2885889735509019,0.12017198406664027,0.10343335632058247,-19.501897996618382,38.90025060227252,19.65512135245467,9.441681242691658,-80.34487864754533,-10.272089430865122,-9.496128556420045,-3.084139837090743,-2.501721827342273,-0.5824180097484697,-4.89104745659065,-6.208890939109929,1.3178434825192786,143.2508318743098,2.0111466401181888,1.991190211094196,585.5603323008071,20.818795965061838,16336939.942887276
2022-06-16,132.0800018310547,132.38999938964844,129.0399932861328,130.05999755859375,128.7794189453125,108123900,-5.3699951171875,0,11992481945.763575,7233962800,0.005282468466804148,-168359319.59013718,-12.50166419799351,-2.4247357614284732,117786371.33509764,141.82334525123602,54.289453402073626,15241.061582913444,141.96000137329102,154.54634016908003,129.37366257750202,17.732232564146837,0.027265076533668352,0.0,0.0,140.18866678873698,144.01966501871746,136.35766855875653,5.465489212125464,-0.8219360362631766,0.0,1.0,129.0399932861328,151.74000549316406,140.38999938964844,15.990428280808771,0.04493408475546964,5.094463919969994,7.462953772048156,-4.970463554992108,-3.9453294747157597,-1.0251340802763482,141.50083541870117,142.7296166053185,138.87621980793702,143.84668336292913,0.8135133717124594,1.0331828151265414,-0.219669443414082,-0.37694631098356784,23.768929645783373,6.750005340576166,-75.14592501130089,-73.91052558149035,-1.235399429810542,139.45499420166016,142.2449951171875,140.84999465942383,153.76499938964844,8.936059003126275,26.377520047840626,16.01592427581281,35.44381086874077,-144.94421983405368,161.9875030517578,164.8550033569336,0.0,100.0,-100.0,,149.14038731140624,0.0,0.0,33.79387561840905,0.047433510503492496,0.1359831542344711,0.09337693261692837,-21.555707315249055,29.374807695727295,4.493408475546963,10.21698427270252,-95.50659152445304,-12.265030849681182,-12.617575410754023,-3.4553897516368117,-2.692455412201181,-0.7629343394356307,-2.8171126977823597,-5.530535290844415,2.713422593062055,140.81949271055086,-3.9651446559871295,-4.045898391644354,558.3768734210141,14.546156700825605,31166503.750891834
2022-06-17,130.07000732421875,133.0800018310547,129.80999755859375,131.55999755859375,130.2646484375,134520300,1.5,1,12001943430.11937,7368483100,0.06161936324712808,-115482209.64868903,1.7745381894655885,-4.633430324745982,119337812.6221013,140.22699274916036,55.39986850610214,15241.061582913444,141.6705009460449,154.9167187792437,128.42428311284613,18.7000366974683,0.1183626332147669,0.0,0.0,138.7433329264323,142.55033213297526,134.93633371988932,5.487830119464701,-0.44343799119957356,0.0,1.0,129.0399932861328,151.74000549316406,140.38999938964844,16.023104355137793,0.1110133443752235,4.912017955219088,8.188317895230226,-5.185911334341995,-4.193445846641007,-0.9924654877009882,140.07166798909506,142.1550011268029,137.7506471541919,142.9365584885339,0.7140847354937815,1.1016096022746247,-0.3875248667808432,-0.3987042515810899,23.57982767248645,9.539505767822277,-77.98399962169952,-72.17063990200381,-5.813359719695711,139.45499420166016,140.38999938964844,139.9224967956543,153.6699981689453,4.468029501563137,26.99804137828293,16.251363841812143,33.802747072985085,-119.90565372187939,159.0999984741211,162.70999908447266,52.0,96.0,-44.0,,147.93436366988985,0.0,0.0,36.00203252884923,0.16905715790714432,0.16835988065384608,0.14150500631831942,-22.56286775023008,30.04128085397353,11.10133443752235,11.74995475517469,-88.89866556247765,-12.867441917868206,-11.532518580455555,-3.628121027384326,-2.87958853523781,-0.748532492146516,0.9980945529732608,-4.22480932208088,5.222903875054141,139.7701098271781,1.1533138767930717,1.1467139093874756,565.970025263775,19.021263198033452,48279839.93492307
2022-06-21,133.4199981689453,137.05999755859375,133.32000732421875,135.8699951171875,134.5322265625,81000500,4.30999755859375,1,12031397917.047367,7449483600,0.062262819948414934,-49111614.378180176,17.291589187627668,-3.7350550961233506,121991445.6695585,139.17326307552156,54.21961544610173,15740.369422923683,141.58450088500976,154.95730062348073,128.2117011465388,18.89020288927235,0.2863384676515148,0.0,0.0,137.63133290608724,141.44532979329426,133.8173360188802,5.542338080543777,0.269095539274344,0.0,0.0,129.0399932861328,151.74000549316406,140.38999938964844,16.03283697377826,0.30088097613177134,4.970816159697179,8.624349412157674,-4.951793278339778,-4.345115332980761,-0.6066779453590172,138.79333368937174,141.89769334059494,137.46131607157585,142.41310934991563,0.7239908052175045,1.0338154628536365,-0.309824657636132,-0.41384473987049136,23.46706177808528,3.79550399780274,-80.3720507900011,-71.62471462109195,-8.747336168909143,139.45499420166016,140.38999938964844,139.9224967956543,151.33499908447266,2.2340147507815686,26.531014940601022,20.593124822423686,31.18721138247111,-70.82543172513542,154.4275016784668,159.2050018310547,48.0,92.0,-44.0,,146.80070144686442,0.0,0.0,41.98907081687211,0.4988187931840066,0.2384364871982143,0.1809265073621774,-21.581692835265887,37.95633677982462,30.088097613177133,15.227613508748846,-69.91190238682286,-11.888735558004925,-10.144838909839745,-3.4770628216346235,-2.999083392517173,-0.4779794291174504,-0.4906378062230398,-3.477975018909312,2.9873372126862723,139.53464978966494,3.2760699593918474,3.223550753534976,587.7876691999959,23.276316797099582,-22059930.29551032
2022-06-22,134.7899932861328,137.75999450683594,133.91000366210938,135.35000610351562,134.01736450195312,73409200,-0.519989013671875,0,12012902835.79987,7376074400,-0.009706246110981216,-47548809.1102175,3.3827247411564634,-3.8681974884708663,121710500.80406764,138.33502962563864,53.90883522059617,15680.129344428076,141.19650115966797,154.81773285329535,127.5752694660406,19.29400740351803,0.2853903674919647,0.0,0.0,136.47166595458984,140.1806625366211,132.7626693725586,5.4355555141612975,0.34879200799102034,0.0,0.0,129.0399932861328,151.74000549316406,140.38999938964844,16.07689427187831,0.27797398344254226,4.858733628200118,9.066968028443886,-4.753417363436256,-4.426775739071861,-0.32664162436439526,137.95750045776367,141.4453858595628,137.13649915341273,141.88991651684898,0.7192846929914967,1.0397309099591576,-0.32044621696766096,-0.4238336813931518,23.456513758440547,4.943498229980463,-85.1843550194229,-72.54876894858933,-12.635586070833568,138.4949951171875,140.38999938964844,139.44249725341797,151.1999969482422,1.1170073753907843,25.924656246476538,20.460223819078813,29.468330140789366,-61.355677608287195,154.36000061035156,159.2050018310547,44.0,88.0,-44.0,,145.73505895722053,0.0,0.0,41.48483114889254,0.4710456456801654,0.37964053225710526,0.26214563336972213,-20.938723788615533,42.030541180153975,28.38510885695733,23.19151363588563,-71.61489114304267,-10.591676195930035,-6.899159748537516,-3.350074113879546,-3.069281536789648,-0.280792577089898,-2.332697460345295,-3.2489195071965087,0.9162220468512139,139.11867079277246,-0.3827107031419197,-0.38344491442217077,585.1554321750772,20.650106710925286,-4720651.424761564
2022-06-23,136.82000732421875,138.58999633789062,135.6300048828125,138.27000427246094,136.90859985351562,72433800,2.9199981689453125,1,12069675616.75932,7448508200,0.004468494228878781,-10540898.755936287,5.210265955690759,-3.21520709679307,123273164.66688262,137.60104296364426,53.66625692694719,16018.40748931075,141.09200134277344,154.7692526081747,127.41475007737219,19.38770608572388,0.3968361034116852,0.0,0.0,135.37833251953126,139.14232940673827,131.6143356323242,5.560708005712791,0.8841224952600031,0.0,0.0,129.0399932861328,151.74000549316406,140.38999938964844,16.08880162659477,0.4066081948391711,4.696859288817606,9.259066661276682,-4.310890312773296,-4.403598653812148,0.09270834103885228,137.3016675313314,141.1657708974985,137.31088455634324,141.62177486911654,0.7493384374826388,1.0158703779061624,-0.2665319404235236,-0.42530397917718316,23.485051176156453,7.618005371093744,-86.61375403084878,-74.63359273373659,-11.98016129711219,134.89999389648438,140.38999938964844,137.6449966430664,150.40999603271484,2.7169266351565513,25.150919449189036,20.705571939316552,28.066405061982913,-38.69831767112328,153.9650001525879,159.2050018310547,40.0,84.0,-44.0,,144.73335501695527,0.0,0.0,45.44665552125755,0.7858932682109214,0.585252569025031,0.40110986282678374,-19.214182076781505,48.44753587968186,44.311138622020856,34.2614483640518,-55.688861377979144,-9.362029176599833,-5.385243704705364,-3.043945972826084,-3.064214423996935,0.020268451170851076,-3.8918983287293347,-3.377515271503074,-0.5143830572262607,139.0718524009778,2.1573683319320303,2.1344265145308405,599.9367584933344,23.539061234763366,2587759.065615535
2022-06-24,139.89999389648438,141.91000366210938,139.77000427246094,141.66000366210938,140.2652130126953,89116800,3.3899993896484375,1,12137970728.577753,7537625000,0.029825406292946968,34122929.29597202,8.95701473484743,-1.7686778740534241,125458062.9692803,137.24997325817117,61.342864815282375,16018.40748931075,141.14900131225585,154.82574417699163,127.47225844752006,19.379156405760906,0.5186814344214623,0.0,0.0,135.05233306884764,138.488330078125,131.6163360595703,5.088393411946055,1.4615361386259544,1.0,0.0,129.0399932861328,151.74000549316406,140.38999938964844,16.082304512246115,0.5559472946920953,4.5911732989006895,9.288371952457132,-3.644626828176257,-4.25180428868497,0.607177460508713,136.71416727701822,140.87423236553485,137.9799798033842,141.62460663156045,0.871974843451431,0.9754741614712509,-0.10349931801981993,-0.41565020735158004,23.37753266860021,6.8110054016113395,-85.64756639477022,-77.12287319649978,-8.524693198270441,135.4749984741211,140.38999938964844,137.93249893188477,150.28499603271484,11.47675639357992,23.63353895620824,24.542797581864562,26.53886065213421,0.7294385446047119,153.3025016784668,159.2050018310547,36.0,80.0,-44.0,,143.79175331310591,0.0,0.0,49.70420910781446,1.0,0.7523129712970288,0.5724020241930553,-16.442330493897092,52.788924124434295,60.585738197880765,44.427328558953015,-39.414261802119235,-6.787763079474956,-4.7407724655158665,-2.5734418014362674,-2.9660598994848018,0.3926180980485343,-3.611891592263979,-3.424390535655255,-0.18750105660872407,139.08958535948614,2.4517243689154977,2.4221519876943987,617.0972785683127,25.262969904290117,22405017.460632786
2022-06-27,142.6999969482422,143.49000549316406,140.97000122070312,141.66000366210938,140.2652130126953,70207900,0.0,0,12106210082.763317,7607832900,-0.033078470205241864,29248225.11083316,4.989188397078046,-1.602694076843369,125458062.9692803,136.97839244333662,61.22170946547498,16018.40748931075,141.0430015563965,154.66930504417806,127.41669806861492,19.322197255328614,0.5226401131556382,0.0,0.0,135.42466684977214,138.74266459147137,132.1066691080729,4.900137942196182,1.4396234261967829,1.0,0.0,129.0399932861328,151.74000549316406,140.38999938964844,16.09439104141199,0.5559472946920953,4.384056396256715,9.331461945914507,-3.0810913137122213,-4.017661693690421,0.9365703799781997,136.18916702270508,140.9065399169922,138.54613732011114,141.62722863382336,0.882186139491977,0.9586736113124089,-0.07648747182043192,-0.398055723170341,23.267714695391156,1.5969978332519474,-81.43106519863633,-78.94302259756998,-2.488042601066354,136.26499938964844,140.38999938964844,138.32749938964844,150.28499603271484,45.03357153584306,22.01843728044898,26.030702232061188,25.503958479336152,10.83995861784414,152.1425018310547,159.2050018310547,32.0,76.0,-44.0,129.0399932861328,,1.0,0.0,49.70420910781446,1.0,0.9286310894036403,0.7553988765752336,-14.203268563290319,50.66371721508078,60.585738197880765,55.16087167259416,-39.414261802119235,-4.2019389881807,-4.257909411927162,-2.1754936133632685,-2.8079466422604953,0.6324530288972268,-5.064655458013105,-3.752443520126825,-1.3122119378862798,139.16063758347377,0.0,0.0,617.0972785683127,22.97489930634221,-4080209.695530921
2022-06-28,142.1300048828125,143.4199981689453,137.32000732421875,137.44000244140625,136.08676147460938,67083400,-4.220001220703125,0,12041765926.21441,7540749500,-0.12466749661496344,-15371811.317702431,-16.913255282723224,-2.7152951930005855,123459672.29745628,136.53527548609466,55.40903958047928,15541.22481663592,140.43300170898436,153.54797001475208,127.31803340321665,18.67790070163924,0.38589376665661296,0.0,0.0,136.0800003051758,139.63199768066406,132.5280029296875,5.220454684777341,0.691441883602676,0.0,0.0,129.0399932861328,151.74000549316406,140.38999938964844,16.164300364434204,0.37004425718641526,4.555649841103699,9.512719337861679,-2.941101007294037,-3.8023495564111447,0.8612485491171076,135.7558339436849,140.91000131460336,138.37596272338732,141.31706373068135,0.8379346955482758,0.9676524016086923,-0.12971770606041644,-0.3806919719530662,23.23395546538538,-3.3029968261718636,-78.69669931627908,-80.09751044188492,1.4008111256058413,136.26499938964844,140.38999938964844,138.32749938964844,150.28499603271484,72.51678576792153,21.13446082608608,23.628719901817032,28.671951768223146,-14.266062522102887,150.36750411987305,158.1050033569336,28.000000000000004,72.0,-44.0,129.32899353027344,,0.0,0.0,44.6709816044626,0.6998943727651518,0.8999647909217171,0.8603029505407956,-13.66398428079025,46.35681816597154,40.32649263981423,53.83265634519194,-59.67350736018577,-2.7750565472771314,-3.645539098775093,-2.081207272250658,-2.662598768258528,0.5813914960078699,-6.493960763195592,-4.300746968740579,-2.193213794455013,139.0956240287768,-2.9789645006425114,-3.0242370177498756,595.7352052046891,18.081101263027335,2368089.59855853
2022-06-29,137.4600067138672,140.6699981689453,136.6699981689453,139.22999572753906,137.85916137695312,66242400,1.7899932861328125,1,12060313717.352106,7606991900,-0.11922024279445104,3763226.193015661,-10.265356192630211,-4.123379542928612,124322401.11840399,136.13583282284225,50.1971303913129,15743.630867173635,139.9525016784668,152.4917522734652,127.41325108346841,17.91929468157224,0.4711902260245147,0.0,0.0,136.69466705322264,140.4056640625,132.9836700439453,5.42961490638469,0.8415967013686879,0.0,0.0,129.0399932861328,151.74000549316406,140.38999938964844,16.21979738467504,0.4488985445677396,4.50008485699333,9.516831470274058,-2.6551136844852294,-3.572902382025962,0.9177886975407326,135.93083318074545,140.97307821420523,138.50735241633373,141.16246610081896,0.7781843009383671,1.0261146450387058,-0.24793034410033865,-0.3610881725641935,23.228607611481326,-8.072496795654303,-75.09642221910691,-80.68575973356286,5.5893375144559485,136.26499938964844,140.38999938964844,138.32749938964844,150.28499603271484,86.25839288396077,20.441705562848608,22.183201453413336,27.912036306537463,-15.749209822375992,148.37250137329102,156.11000061035156,24.0,68.0,-44.0,129.61221376953125,,0.0,0.0,47.11717909156488,0.8457486244790385,0.8485476657480633,0.8923811820244737,-12.503772615190915,48.33675210925166,53.88683483877006,51.59968855882172,-46.11316516122994,-1.7326155269847163,1.531386837272526,-1.8808921080968746,-2.506257436226197,0.6253653281293226,-7.6825453108935085,-4.977106637171165,-2.7054386737223437,139.10157724425775,1.3023815878466127,1.2939735235462102,604.7963324174418,21.829988377467203,5172413.548760809
2022-06-30,137.25,138.3699951171875,133.77000427246094,136.72000122070312,135.3738555908203,98964500,-2.5099945068359375,0,12088282066.933317,7508027400,-0.07891458701896668,-32260142.030524448,-12.085110496450811,-3.077996911859176,122538300.28529139,135.69032715861277,49.17475242169514,15743.630867173635,139.3530014038086,151.29227425100416,127.41372855661305,17.13529343024146,0.3897336455576542,0.0,0.0,136.82566731770834,140.4786641438802,133.17267049153645,5.339636776906246,0.4855370669571687,0.0,0.0,129.0399932861328,151.27000427246094,140.15499877929688,15.952301538099892,0.3454792685119977,4.596075516801809,9.44162503181812,-2.6010193189041786,-3.3785257694016053,0.7775064504974267,136.33416620890299,140.72730900691107,138.23237530931362,140.8333946282178,0.7970713700251966,1.0186218997601773,-0.22155052973498068,-0.34348330383408693,23.293659261210227,-6.593006896972668,-75.30145230278077,-80.7030405437273,5.4015882409465235,136.6500015258789,140.38999938964844,138.52000045776367,150.28499603271484,93.12919644198038,20.349096766591565,20.3528854075772,29.991388478747044,-42.71050682435849,148.04999923706055,156.11000061035156,20.0,64.0,-44.0,129.8897696040039,,0.0,0.0,44.16831069048106,0.6699226757113859,0.7385218909851918,0.8290114492183243,-12.355926157799535,47.18073922590213,53.148798938960674,49.12070880584835,-46.851201061039326,-1.5123804877786142,3.670000120330149,-1.8468768190744376,-2.3743813127958457,0.5275044937214082,-5.38628712275257,-5.058942734287446,-0.32734438846512415,139.08062512529773,-1.802768500939822,-1.8192163499015201,592.0904861408411,18.6412145549819,39739442.111255795
2022-07-01,136.0399932861328,139.0399932861328,135.66000366210938,138.92999267578125,137.56211853027344,71051600,2.209991455078125,1,12154708966.720686,7579079000,-0.08133759178009076,-5219631.9019311145,6.0890713126602405,-0.8134852756973058,123686803.99702081,135.6214186759675,55.884108103957075,15998.116599895302,138.7390007019043,149.36709182704382,128.11090957676478,15.320985550379044,0.5089852435224788,0.0,0.0,137.56366729736328,141.21966247558595,133.9076721191406,5.315349975832962,0.6868609382414718,0.0,0.0,129.0399932861328,149.8699951171875,139.45499420166016,15.013804139911741,0.47479589631642755,4.474466927523972,9.122299433935249,-2.3527008329993464,-3.173360782121154,0.8206599491218074,136.84833272298178,140.6723087017353,138.33970105800094,140.6924018910003,0.883720801470764,0.9206665752262835,-0.03694577375551944,-0.32433167409500663,23.383970761842765,-3.3090080261230526,-70.38161383663541,-79.8583310120535,9.476717175418088,138.4050064086914,140.38999938964844,139.39750289916992,150.28499603271484,96.56459822099019,20.082692706660314,20.325231708092904,28.42769509027148,-15.115135517944024,146.63000106811523,156.11000061035156,16.0,60.0,-44.0,130.1617743217871,,0.0,0.0,47.295990408148114,0.8564102292414231,0.7906938431439491,0.7925877999590684,-11.330606342869732,53.35264673333187,68.44284453155029,58.492826103093705,-31.557155468449707,-2.058910953297328,4.647482995058134,-1.6722301996251885,-2.2339510901617143,0.5617208905365259,-6.198284705545358,-5.2868111285390285,-0.9114735770063298,139.067688144997,1.6164360995803317,1.6035108706173418,603.2776866005827,22.06441752774448,-5106842.526707083
2022-07-05,137.77000427246094,141.61000061035156,136.92999267578125,141.55999755859375,140.1662139892578,73353800,2.6300048828125,1,12226495284.823513,7652432800,-0.013383098638170424,23086151.53732355,12.2496812230921,1.289989405846632,125075423.17461674,136.18287167720575,64.33659073555543,15998.116599895302,138.54800033569336,148.82328202290856,128.27271864847816,14.832811245660446,0.6465651898695879,0.0,0.0,138.41866709391275,142.21566263834634,134.62167154947917,5.486247807685421,0.9136600145984102,0.0,0.0,129.0399932861328,149.8699951171875,139.45499420166016,15.034501963640661,0.6010563212623112,4.495021028228606,8.458363464168594,-1.9215369478865796,-2.922996015274239,1.0014590673876596,137.35916646321616,140.7123084435096,138.83513128886136,140.75666823674794,0.9672926305789181,0.8153306644513001,0.15196196612761803,-0.3007416345533746,23.43472095583478,-8.48800277709961,-60.7111714213313,-77.67378885997908,16.962617438647783,138.6300048828125,140.38999938964844,139.51000213623047,150.28499603271484,98.2822991104951,19.164594052764265,22.82038696390521,26.377020850363596,23.720609865853646,146.63000106811523,156.11000061035156,12.0,56.00000000000001,-44.00000000000001,130.42833894521465,,0.0,0.0,50.82639286053111,1.0,0.8421109683176029,0.7904422341489149,-9.42061450863548,57.28473630744771,86.64355498861664,69.41173281970923,-13.356445011383364,-2.4645885691923297,4.526327412191258,-1.365148075723574,-2.0601904872740864,0.6950424115505123,-6.566887808439795,-5.542826464519182,-1.0240613439206125,139.30765075477134,1.8930432746441683,1.8753481788822413,616.591037548848,23.69502973666738,9453025.93051064
2022-07-06,141.35000610351562,144.1199951171875,141.0800018310547,142.9199981689453,141.51278686523438,74064300,1.3600006103515625,1,12242087788.60007,7726497100,0.010004480034305395,34177771.77560036,13.66810083834752,2.3952109666485546,125786976.54380615,136.8468814888523,71.20559301140186,15998.116599895302,138.3870002746582,148.2750189213208,128.4989816279956,14.290386563821375,0.7292166942776294,0.0,0.0,139.14766693115234,142.87466278076172,135.42067108154296,5.3568930501054375,1.0060820282625669,1.0,0.0,129.0399932861328,149.8699951171875,139.45499420166016,15.051993171116617,0.6663467912959714,4.349518254019026,7.804468425933231,-1.4533425510563802,-2.6290653224306673,1.175722771374287,138.43083318074545,140.67923149695764,139.46357234733583,140.9169148983922,1.0358507104269652,0.7538592102753904,0.2819915001515748,-0.2726974672018861,23.46900134496774,-6.827002716064442,-50.86881599632136,-73.86095119074558,22.992135194424222,138.94499969482422,140.38999938964844,139.66749954223633,150.28499603271484,99.14114955524755,17.877319203597683,25.690439461425434,25.109920298748335,74.34829969283962,146.63000106811523,156.11000061035156,8.0,52.0,-44.0,130.68957227617364,,0.0,0.0,52.59476669284305,1.0,0.9521367430804742,0.8616471848473424,-7.312644025371094,55.06722825302457,92.04246152164916,82.37628701393872,-7.957538478350837,-1.9230011883904012,9.887744772990606,-1.03134712543509,-1.8544218149062872,0.8230746894711971,-6.726829993811749,-5.779627170377696,-0.9472028234340533,139.55468576237476,0.9607238159132114,0.9561382112642569,623.4754983092794,23.44748647195641,10700558.8212104
2022-07-07,143.2899932861328,146.5500030517578,143.27999877929688,146.35000610351562,144.9090576171875,66253700,3.4300079345703125,1,12300237194.718044,7792750800,0.009029835809208691,61759621.04974904,11.425879421309208,2.3766191308198046,127377031.95666732,137.49045282012898,70.70808437292683,16382.063336383191,138.2690002441406,147.7075497463275,128.83045074195374,13.652444851009687,0.9280851553251204,0.0,0.0,140.11966705322266,143.78866424560547,136.45066986083984,5.2369482022665625,1.3490520329679914,1.0,0.0,129.0399932861328,149.8699951171875,139.45499420166016,15.06483867987423,0.8310135043567758,4.277566916898373,7.289080423205423,-0.7963424043313125,-2.2625207388107964,1.4661783344794839,139.66333389282227,140.55269329364484,140.5230236944404,141.31936609877172,1.0565586705973884,0.7586032195283497,0.29795545106903865,-0.23759685031970673,23.519406650241145,-2.3990051269531136,-39.2891257529992,-68.60265915987341,29.313533406874214,140.16000366210938,140.38999938964844,140.2750015258789,148.45499420166016,99.57057477762378,17.213526980693285,28.09046512652139,23.64902894634899,125.51137283249764,145.7150001525879,156.11000061035156,4.0,48.0,-44.0,131.22678918981418,,0.0,0.0,56.81304563636099,1.0,1.0,0.9314159037993593,-4.210939783096212,59.72044971279755,98.85781361107625,92.51461004044738,-1.1421863889237462,-0.5766477697035839,11.24202555441273,-0.5635055026886608,-1.596238552462762,1.0327330497741012,-7.578979991368389,-6.139497734575834,-1.4394822567925543,140.31871010787125,2.399949607133145,2.3716034499354777,640.8385456886575,25.729327307980412,2854059.153049901
2022-07-08,145.25999450683594,147.5500030517578,145.0,147.0399932861328,145.5922393798828,64547800,0.6899871826171875,1,12338965411.226238,7857298600,0.05106855442262299,59299268.709233135,5.372771352066177,3.653364527252639,127681351.41555846,138.70585639582174,79.04570120823286,16459.29882155927,138.2229995727539,147.4793862850428,128.966612860465,13.393410273109845,0.9762654147580799,0.0,0.0,141.0230000813802,144.65099843343097,137.3950017293294,5.145257652946216,1.3292442031225602,1.0,0.0,129.0399932861328,147.9499969482422,138.4949951171875,13.680793876966954,0.9518771292502296,4.104810530384317,6.257501936057277,-0.21748185994380265,-1.8535129630373977,1.636031103093595,140.59416707356772,140.48346240703876,141.52563440085464,141.74311626079844,1.2041560892086147,0.6886621238877502,0.5154939653208646,-0.19778793326037727,23.541219278902293,-2.8729934692382812,-29.33065135595766,-62.345224155560885,33.01457279960323,140.66000366210938,140.38999938964844,140.5250015258789,147.75999450683594,99.7852873888119,16.80794783913606,28.559485015924068,22.652022991604472,151.0989809713814,145.5900001525879,156.11000061035156,0.0,44.0,-44.0,132.1461820215308,,0.0,0.0,57.62981594027374,1.0,1.0,0.984045581026825,-1.4142843545848445,69.98044902577304,97.12508676605806,96.00845396626119,-2.874913233941936,1.386558353199689,8.221092640292818,-0.15343380735587164,-1.307677603441384,1.1542437960855123,-8.376945292573291,-6.586987246175326,-1.789958046397965,140.9320087464975,0.4714637197412497,0.4703558104416139,644.3313306534383,24.184702375548625,5535183.6452828795
2022-07-11,145.6699981689453,146.63999938964844,143.77999877929688,144.8699951171875,143.443603515625,63141600,-2.1699981689453125,0,12323952551.142902,7794157000,0.0823064353809636,31254065.12444593,-4.823931659077026,3.1820452523567377,126749515.43459749,140.03977843871252,71.4619685919358,16216.394510244427,138.33449935913086,147.85109006352943,128.8179086547323,13.758810345194513,0.8433737964077795,0.0,0.0,141.42133280436198,145.12133127848307,137.72133433024086,5.232588889880665,0.9660356398720852,0.0,0.0,129.0399932861328,147.5500030517578,138.2949981689453,13.380617164465297,0.8552130458868064,4.02032892802948,5.220098050840999,0.06541451730933545,-1.4697274669680511,1.5351419842773866,141.3874994913737,140.3357696533203,142.04015143413662,141.97473691682728,1.1606199440445752,0.7104833937796952,0.4501365502648801,-0.1590717540709987,23.54605678043817,-0.06449508666992188,-18.667648750441668,-55.37151121687259,36.70386246643092,140.66000366210938,140.15499877929688,140.40750122070312,147.75999450683594,99.89264369440593,16.107174346159557,26.992760660735822,23.462356128926285,123.22864523026514,145.86000061035156,156.11000061035156,0.0,40.0,-40.0,133.37848770394896,,0.0,0.0,54.16058106088262,0.7851199660935497,0.9283733220311831,0.9761244406770612,0.03596461692434754,67.25810327246269,81.16648812913036,92.38312950208825,-18.833511870869643,2.7797351163976316,7.033608115533435,0.046074758601353905,-1.0369271310328363,1.0830018896341902,-9.097367807104794,-7.08906335836122,-2.0083044487435737,141.02847760062744,-1.4757877230874183,-1.4867858098461362,633.3465802565617,21.047780293783532,6232319.253160782
2022-07-12,145.75999450683594,148.4499969482422,145.0500030517578,145.86000061035156,144.4238739013672,77588800,0.9900054931640625,1,12283332487.256931,7871745800,0.1117054928026937,37762532.707811914,6.748388573316405,2.4289594941916484,127279737.98444898,140.88856549455863,71.53970654172207,16216.394510244427,138.7709991455078,148.81290348725227,128.72909480376333,14.472626706701261,0.8529709716201234,0.0,0.0,141.86266581217447,145.6506632486979,138.07466837565104,5.340372556566388,1.027631666224911,1.0,0.0,129.0399932861328,148.4499969482422,138.7449951171875,13.987074951991293,0.8665638408432347,3.9762962183320005,4.465887988960765,0.36528631071095674,-1.1027247114322496,1.4680110221432063,142.0199991861979,140.13000018780048,142.6278205381697,142.26253422745873,1.153976945460961,0.7617609225966886,0.3922160228642724,-0.12106949990319134,23.592586784027063,2.889004516601574,-8.989613475213233,-47.62627945675417,38.636665981540936,141.11000061035156,139.45499420166016,140.28249740600586,147.75999450683594,99.94632184720297,15.86196214582746,28.42850117695698,22.032918177977557,126.4313774217256,145.86000061035156,156.11000061035156,12.0,36.0,-24.0,134.51220893177367,,0.0,0.0,55.477411325839,0.8666827722511221,0.8839342461148906,0.9374358560486914,1.619850890924027,64.66769733254684,82.35696437258073,86.88284642258975,-17.643035627419266,3.9788239871754456,5.48925732506274,0.256769157596274,-0.7781878733070143,1.0349570309032883,-8.041246331882391,-7.2794999530654545,-0.7617463788169365,141.1841021547325,0.6833751132270249,0.6810506891816281,638.3580882797364,22.83968493806246,22132994.417308666
2022-07-13,142.99000549316406,146.4499969482422,142.1199951171875,145.49000549316406,144.05751037597656,71185600,-0.3699951171875,0,12322953404.196295,7800560200,0.1986096031756555,28605267.404687002,-14.993863494726174,1.1163460487714598,127099165.35107554,141.52570266989198,64.50796705402614,16175.259265749228,139.45149917602538,149.3771916212344,129.52580673081636,14.23533271977252,0.8041856450052196,0.0,0.0,142.39199879964195,146.00299733479818,138.78100026448567,5.071912137756065,0.9289681459796105,0.0,0.0,129.0399932861328,148.4499969482422,138.7449951171875,13.918820361772315,0.847501757000882,4.011666779604269,3.4878976938891366,0.5665505120253727,-0.7688696667407252,1.335420178766098,142.33916600545248,140.13423098050632,143.0681566850919,142.50160617306653,1.0866877354814306,0.8144543458858673,0.2722333895955633,-0.08544596181730893,23.703020083718577,2.2085044860839957,2.213560405933296,-39.03628138730525,41.249841793238545,141.11000061035156,139.45499420166016,140.28249740600586,147.75999450683594,99.97316092360148,14.860190699593259,26.338376459679182,25.38807775144225,88.44175229359439,146.99250030517578,156.11000061035156,8.0,32.0,-24.0,135.90598773342052,,0.0,0.0,54.84331178357156,0.7930020376625345,0.8149349253357353,0.87574749782727,2.778174816001353,64.48963716702971,79.83656040945131,81.12000430372082,-20.163439590548695,4.203176386216114,2.7036578653422136,0.3975748254635837,-0.5430353335528948,0.9406101590164785,-7.802214481724174,-7.384042858797199,-0.41817162292697496,141.6575332975196,-0.25366455206311533,-0.25398682569930386,636.4851355424798,21.922952264368888,8315442.500577331
2022-07-14,144.0800018310547,148.9499969482422,143.25,148.47000122070312,147.00816345214844,78140700,2.9799957275390625,1,12387933675.344318,7878700900,0.23694147554299874,57784365.22500481,13.239590094621299,1.6898692015522125,128699680.46108325,142.2153705032023,64.87560162192685,16175.259265749228,140.23699951171875,150.40374708829398,130.07025193514352,14.499379781333186,0.9048985010680152,0.0,0.0,143.1953323364258,146.97633056640626,139.41433410644532,5.28089591788833,1.1975233210178704,1.0,0.0,129.0399932861328,148.9499969482422,138.9949951171875,14.197397071694775,0.9758917308261204,4.180499796468061,2.9402421862655177,0.9555001806420478,-0.42399569726417063,1.3794958779062183,142.90666580200195,140.22384643554688,143.89920969057056,142.9437095099285,1.0773222413249233,0.7977449102074425,0.27957733111748073,-0.04868257692462887,23.86880365336449,-2.7969970703125,13.95463541422663,-29.118938307637766,43.07357372186439,142.30500030517578,139.45499420166016,140.87999725341797,147.75999450683594,99.98658046180074,14.499327367629052,27.992227769698662,22.991673666972694,111.58417547998128,146.99250030517578,156.11000061035156,4.0,28.000000000000004,-24.000000000000004,137.16038865490268,,0.0,0.0,58.91631688976097,1.0,0.886561603304552,0.8618102582517263,4.945779127480885,64.6521298424958,96.83797128370908,86.34383202191373,-3.1620287162909264,4.250470105339502,4.807283201006482,0.6684450710828105,-0.30073925262575374,0.9691843237085642,-6.787644175594969,-7.2647631221567535,0.47711894656178444,142.50260306648119,2.04824772494705,2.0275532370192195,651.5701755758018,24.936299342860863,17311303.188229896
2022-07-15,149.77999877929688,150.86000061035156,148.1999969482422,150.1699981689453,148.69143676757812,76259900,1.6999969482421875,1,12424630083.059748,7954960800,0.24726920524968546,68049684.08904046,11.96410351023782,1.9046612569372405,129572864.24371514,142.8757187111112,64.59642245086106,16360.46766584834,140.97399978637696,151.75831748325322,130.1896820895007,15.29972578378726,0.9263597680005302,0.0,0.0,144.54099884033204,148.12799835205078,140.9539993286133,4.9632969752494125,1.2846389872961104,1.0,0.0,129.0399932861328,150.86000061035156,139.9499969482422,15.478036628941084,0.9683775339231718,4.028450183032192,2.65323810283562,1.3849562282141221,-0.06220531216851205,1.4471615403826341,143.96749877929688,140.27999995304987,144.8639463795513,143.47899015133717,1.1207868744909335,0.8041537054488542,0.3166331690420793,-0.010303678240548753,24.015794408703048,-1.744004058837902,26.83234665281105,-18.317387142143716,45.14973379495477,143.8949966430664,139.9499969482422,141.9224967956543,147.75999450683594,99.99329023090037,14.567693807525098,29.97645154361787,21.950399818199255,137.83657145362054,146.99250030517578,156.11000061035156,100.0,24.0,76.0,138.5751416501034,,0.0,0.0,61.07335128769183,1.0,0.9310006792208446,0.8774990692870442,7.417564458150797,65.48739676939549,95.96253604878528,90.8790225806486,-4.037463951214721,4.623087086397078,9.26222024258632,0.9652676163620286,-0.047537878828197266,1.012805495190226,-6.113449716510596,-7.0345004410275225,0.9210507245169266,144.43164215540543,1.1450103955445545,1.1385047645188884,660.1757322159573,24.90928929267932,12008999.491344988
2022-07-18,150.74000549316406,151.57000732421875,146.6999969482422,147.07000732421875,145.62197875976562,81420900,-3.0999908447265625,0,12355581467.91974,7873539900,0.23425964542047445,22270579.994977973,-2.362584729730707,1.3795346050223294,127892075.48665972,143.3734027893086,56.91342615505941,16360.46766584834,141.8245002746582,151.6742351197983,131.97476542951807,13.89003285901246,0.7662765613507202,0.0,0.0,145.5979995727539,149.33400115966796,141.86199798583985,5.131940820446799,0.6970030950496363,0.0,0.0,129.80999755859375,151.57000732421875,140.69000244140625,15.342913053445937,0.7931986222217235,4.11260620232663,2.3955600560088954,1.4583489476360967,0.2419055397924097,1.216443407843687,144.62083307902017,140.24576920729416,145.2033403710386,143.7449914234025,1.0686581646797892,0.8273933164146638,0.2412648482651254,0.023236763714996545,24.13679495637138,-5.104499053955067,34.53107023572189,-7.734915846915584,42.265986082637475,146.32500457763672,140.30500030517578,143.31500244140625,147.75999450683594,99.99664511545018,14.216345177096793,27.51913300379907,22.675907426661183,108.52075549785481,146.99250030517578,156.11000061035156,100.0,20.0,80.0,140.29502190453815,,0.0,0.0,55.36488959377817,0.6623219174726196,0.8874406391575397,0.9016676405609791,8.003803229202028,56.07499875156699,74.71910545793075,89.17320426347506,-25.280894542069245,5.1611758063821185,5.630978838799869,1.014538964589391,0.16487748985532039,0.8496614747340706,-4.971473847396024,-6.621895122301223,1.6504212749051987,144.69662085245778,-2.0643210245224752,-2.08592597858539,644.4832647525055,20.44161190885069,17348210.22900764
2022-07-19,147.9199981689453,151.22999572753906,146.91000366210938,151.0,149.51327514648438,82982400,3.92999267578125,1,12429727926.94028,7956522300,0.28548474157616754,65677672.026945405,-0.33839709517748123,2.5634530469898826,130109524.37479237,144.13220547493432,63.999445546969284,16360.46766584834,142.7965003967285,152.23069858262016,133.36230221083684,13.213486548593034,0.934774606258505,0.0,0.0,146.56599985758464,150.26599985758463,142.86599985758463,5.048919945410561,1.0991892084345092,1.0,0.0,133.32000732421875,151.57000732421875,142.44500732421875,12.780425255028247,0.9687667219606164,4.133344788636935,1.4587017809763307,1.8127346939961626,0.5560713706331604,1.2566633233630022,145.81083297729492,140.56730769230768,146.09513416010958,144.28239946611342,1.1404614945251588,0.8267219240714175,0.31373957045374123,0.057435134999040655,24.271473066055588,-3.8665077209472543,41.53081379648548,2.5317096856185106,38.99910411086697,146.84500122070312,140.30500030517578,143.57500076293945,147.75999450683594,99.99832255772509,13.890092877413366,25.520606242288352,21.029111074920536,118.17363814788263,148.3400001525879,156.11000061035156,96.0,16.0,80.0,142.09901957168705,,0.0,0.0,60.41616677755071,0.9611249374787333,0.8744822849837841,0.8976412011207232,10.043782243194162,60.74712956903369,96.79771221071528,89.15978457247714,-3.2022877892847315,5.578116742302399,10.444703519454396,1.256379642079564,0.3831779203001692,0.8732017217793949,-3.8602704027184083,-6.0695701783846605,2.2092997756662522,145.42039382666374,2.6721917998667744,2.6371123101800897,664.3772855046026,25.653509696183534,15893551.633255184
2022-07-20,151.1199951171875,153.72000122070312,150.3699951171875,153.0399932861328,151.53318786621094,64823400,2.0399932861328125,1,12468234702.442453,8021345700,0.29470747476937365,75186476.13513917,15.37448366832862,4.394870179915513,130985281.3336288,144.97903062524736,70.23946585026282,16581.495773108763,143.65500030517578,153.52650177541935,133.7834988349322,13.743345444673546,0.9753579285404022,0.0,0.0,147.53299967447919,151.26400095621744,143.80199839274087,5.057853212461577,1.2380047868930144,1.0,0.0,133.77000427246094,153.72000122070312,143.74500274658203,13.887436501243322,0.9659143840305084,4.055010920124804,1.3113300305676683,2.232463906203435,0.8913498777472153,1.3411140284562197,146.98666636149088,141.17923032320462,147.16357402565163,144.9311101194482,1.2171135637027328,0.7290639159828376,0.48804964771989523,0.09326308002774322,24.367597232498355,-2.0950027465820256,49.77993757709533,12.428272277851237,37.3516652992441,147.9199981689453,141.37999725341797,144.64999771118164,146.55999755859375,99.99916127886254,14.156944096538394,28.31147868848387,19.826647737265745,143.68469615207303,146.37250137329102,156.11000061035156,100.0,12.0,88.0,143.6143776120921,,0.0,0.0,62.77134416943222,1.0,0.8744822849837841,0.8788017363750362,12.476394352343611,64.2687800564594,96.59143840305084,89.36941869056564,-3.4085615969491596,7.033205458697154,10.156194741390255,1.5403621102215392,0.6146147582844432,0.925747351937096,-4.8385219208829575,-5.82336052688432,0.9848386060013627,146.3499146793617,1.3509889312137924,1.3419444447056783,674.703938024482,25.685709641416096,-3897556.950928077
2022-07-21,154.5,155.57000732421875,151.94000244140625,155.35000610351562,153.82044982910156,65086600,2.3100128173828125,1,12525431984.431221,8086432300,0.34772494548922783,85924248.15010045,9.537036380729749,5.939309242571268,131967710.02440092,146.4306957052314,78.66662624530763,16581.495773108763,144.65500030517578,154.99939915980926,134.3106014505423,14.302165611710773,1.0169467046192502,1.0,0.0,148.42233327229818,152.1893346150716,144.65533192952475,5.07605730178412,1.4195208868862526,1.0,0.0,133.77000427246094,155.57000732421875,144.67000579833984,15.070341851831447,0.9899082022979173,4.012510316393573,0.9224762925805988,2.720144922211716,1.2571088866401157,1.4630360355716006,148.13583374023438,142.08192267784705,148.42302511455378,145.70288019234206,1.3252169149603497,0.6576064385279448,0.6676104764324049,0.13158246860559727,24.49863755925225,-1.735002136230463,57.10636693548994,22.032385421345413,35.07398151414452,148.84500122070312,142.30500030517578,145.57500076293945,144.23999786376953,99.99958063943127,14.792966270901925,29.72846696683854,18.586442674763752,156.60865685643452,143.5150032043457,155.5250015258789,100.0,8.0,92.0,145.4333898616421,,0.0,0.0,65.28979398828815,1.0,0.9870416458262442,0.912002071931271,15.311257220368017,70.45001424385636,98.89502169644595,97.42805743673739,-1.104978303554048,8.445235981660744,9.741458591940134,1.8669122522635508,0.8650742570802648,1.001837995183286,-5.551773738661436,-5.769043169239744,0.21726943057830805,147.34040620319357,1.5094177461599134,1.4981393865878267,686.3974567452233,26.446500989689582,5686589.334273979
2022-07-22,155.38999938964844,156.27999877929688,153.41000366210938,154.08999633789062,152.5728302001953,66675400,-1.260009765625,0,12490351609.372738,8019756900,0.28652665038138336,61647690.53909281,4.691811623924791,5.839504979090164,131426920.50508173,147.57639065237612,78.7401204737998,16581.495773108763,145.44599990844728,156.13029030763403,134.76170950926053,14.691762449173032,0.9045189762953887,0.0,0.0,149.22866668701172,153.0276672363281,145.4296661376953,5.091515770605024,1.139816918656891,1.0,0.0,133.77000427246094,156.27999877929688,145.0250015258789,15.476530479356684,0.9027097745074447,3.898258796472966,0.7954059056970011,2.9707187862456976,1.599830866561232,1.3708879196844657,149.06666692097983,142.90230736365686,149.294866841221,146.3241480549753,1.3203733996379419,0.653516252626375,0.6668571470115668,0.1678547649357297,24.510917507243526,0.904006195068348,64.73884985981105,31.299774155817936,33.43907570399312,149.1999969482422,142.65999603271484,145.92999649047852,142.88999938964844,99.99979031971563,15.529448405328058,29.47613529148372,17.6465820792233,146.21054982476318,142.72250366210938,154.96500396728516,100.0,4.0,96.0,147.46071335415743,,0.0,0.0,62.794499794983544,0.8274752825242583,0.9424917608414193,0.9346718972171496,16.946309720518865,66.12499846378157,88.6821614955028,94.72287386499988,-11.317838504497201,9.338236505845032,7.815559972049041,2.030231390877172,1.0981056838396464,0.9321257070375257,-5.897176657672933,-5.794669866926382,-0.10250679074655089,147.82562721109386,-0.8110780277571505,-0.8143851600139307,680.0191597627216,23.458088289892544,8949624.527873203
2022-07-25,154.00999450683594,155.0399932861328,152.27999877929688,152.9499969482422,151.444091796875,53623900,-1.1399993896484375,0,12462762482.06719,7966133000,0.22669928866367106,44107847.137712575,-6.099160653029235,4.528873416510068,131030196.41705905,148.45572947543812,72.8213872876652,16458.821391188787,146.0104995727539,157.0229771618044,134.9980219837034,15.08450093832219,0.8150743018259626,0.0,0.0,150.06133321126302,153.85033315022787,146.2723332722982,5.049935060393622,0.8811907869505462,0.0,0.0,133.77000427246094,156.27999877929688,145.0250015258789,15.416695766881949,0.8520656311113973,3.7844323675092633,0.8959884305254937,3.0422428732947253,1.8883132679079306,1.1539296053867947,149.61666615804037,143.57615368182843,149.8571945499935,146.81495167669877,1.2850643480150747,0.7157271167229375,0.5693372312921372,0.19922547916022917,24.509708626848862,1.029493713378912,69.01815800375374,39.967304320147605,29.050853683606135,149.1999969482422,142.65999603271484,145.92999649047852,142.88999938964844,99.99989515985781,15.824424247976252,28.00930059920627,18.8058571465411,113.69786702921313,142.37250137329102,154.96500396728516,96.0,0.0,96.0,149.22457043918533,,0.0,0.0,60.54007974877913,0.6258602578024236,0.8177785134422271,0.9157706400366304,17.672436453519495,58.8613071027138,78.0920888182166,88.55642400338847,-21.907911181783412,10.024264930276331,4.509730488195735,2.0721614784807807,1.2929168427678732,0.7792446357129075,-7.577450161445441,-6.151225925830194,-1.4262242356152468,148.3180613614161,-0.7398269950948833,-0.7425772883458137,674.2483674518847,22.456939786432088,-4241463.004502274
2022-07-26,152.25999450683594,153.08999633789062,150.8000030517578,151.60000610351562,150.10736083984375,55138700,-1.3499908447265625,0,12446148897.871744,7910994300,0.2397938524048863,27172906.09087871,-7.1226381824596725,3.043820629309555,130543522.72189504,149.08854857620778,66.59933925789701,16458.821391188787,146.50749969482422,157.58674966410317,135.42824972554527,15.12448167139167,0.729821803046783,0.0,0.0,150.5990000406901,154.27699991861977,146.92100016276044,4.884494421524594,0.6360802196911692,0.0,0.0,133.77000427246094,156.27999877929688,145.0250015258789,15.3643974224694,0.7920926780164247,3.6349884593716184,1.1040854726519127,2.9559192516222197,2.1018344646507883,0.8540847869714314,149.9966672261556,144.4046155489408,150.12531940438151,147.1694001527593,1.1763051855673925,0.801003954722457,0.3753012308449355,0.22366087576185972,24.48134495568868,-1.6375045776367188,70.55144494738363,47.56040260253097,22.99104234485266,149.76499938964844,143.0449981689453,146.40499877929688,142.65999603271484,99.99994757992891,15.604012957154165,26.816879776032604,20.75664701034396,81.59525412174503,140.84999465942383,153.76499938964844,92.0,0.0,92.0,150.63565610720764,,0.0,0.0,57.88959895882233,0.33506573396192807,0.5961337580962032,0.7854680107932834,17.53892805986277,56.20464079663401,66.94921281479326,77.90782104283757,-33.05078718520674,10.446029663085938,3.101205811747587,2.0085148465333327,1.4360364435209652,0.5724784030123675,-8.713051793792518,-6.66359109942266,-2.0494606943698583,148.50053081056632,-0.8826354178898099,-0.8865537175334559,667.4145771383209,21.57946684798742,4776312.80403886
2022-07-27,152.5800018310547,157.3300018310547,152.16000366210938,156.7899932861328,155.24624633789062,78620700,5.1899871826171875,1,12508345665.630236,7989615000,0.32646978089807616,81582551.69052334,18.412467264510717,3.542862618109663,133235082.14709567,149.84743453660406,67.18818153854443,16458.821391188787,147.47499923706056,158.59739070777277,136.35260776634834,15.083765422277965,0.9187496040577582,0.0,0.0,151.6730000813802,155.43499959309895,147.91100056966147,4.960671325417496,1.180089562586733,1.0,0.0,133.77000427246094,157.3300018310547,145.5500030517578,15.975587510071406,0.9770794312020248,3.8444891861883628,1.1040854726519127,3.26861716657055,2.3351910050347406,0.9334261615358095,150.99000040690103,145.375,151.15065384772788,147.88203668115733,1.1491330713564565,0.7703275612571362,0.3788055100993203,0.24900918451937912,24.547079160827522,-1.6149986267089957,76.39884498671374,54.498648110585094,21.900196876128646,152.01499938964844,145.32500457763672,148.67000198364258,143.18499755859375,99.99997378996446,16.34311756040758,31.672256299920154,18.620534150889906,120.22365188775295,139.9224967956543,153.6699981689453,100.0,0.0,100.0,150.8000030517578,,0.0,0.0,64.35128304325721,0.9156714000214812,0.6255324639286108,0.6798149118223473,19.387224654058706,66.66622261004555,96.44964952954597,80.49698372085197,-3.5503504704540414,10.745001175824342,8.228065555813023,2.2102868204458717,1.5908865189059465,0.6194003015399252,-6.8094751795166335,-6.692767915441455,-0.11670726407517851,149.44021558058495,3.4234742570348864,3.366177408266946,693.6868176313845,27.514726052419263,29244422.12508723
2022-07-28,156.97999572753906,157.63999938964844,154.41000366210938,157.35000610351562,155.80076599121094,81378700,0.5600128173828125,1,12575111791.110085,8070993700,0.35643356951967875,76438346.45787011,5.080433317789693,3.5219813299470566,133525745.5632155,150.60320468774376,67.90449122086552,16458.821391188787,148.38099975585936,159.62072305386013,137.1412764578586,15.14981475592454,0.8989869728043748,0.0,0.0,152.63066711425782,156.14566650390626,149.11566772460938,4.605888785137974,1.1713143397913683,1.0,0.0,133.77000427246094,157.63999938964844,145.7050018310547,16.086962048013095,0.9878511376014483,3.7830398403234327,1.1040854726519127,3.521032599138124,2.5723593238554177,0.9486732752827063,151.9475008646647,146.20115426870493,152.1044003486183,148.58336774948017,1.157284259878893,0.7864207189915383,0.37086354088735474,0.274059807204466,24.580057799524457,-2.890994262695301,80.58768976790066,60.47146401226171,20.116225755638943,152.1699981689453,145.7050018310547,148.9375,143.33999633789062,99.99998689498223,17.091743782049598,30.374247268997607,17.525637440596515,120.87428366511818,139.9224967956543,151.33499908447266,100.0,24.0,76.0,150.8000030517578,,0.0,0.0,64.9757953355531,0.9717860863312414,0.7408410734382166,0.6541690984876771,21.07082691450886,66.51071690997783,98.13148707280072,87.17678313904668,-1.8685129271992755,10.982529898250817,7.877420434035448,2.3697353562982775,1.7466562863844128,0.6230790699138646,-4.940904932210103,-6.342395318795185,1.401490386585082,150.15839015527126,0.35717382573059453,0.35653747482404796,696.5216592022379,25.367571808879717,19890886.920516662
2022-07-29,161.24000549316406,163.6300048828125,159.5,162.50999450683594,160.909912109375,101786900,5.1599884033203125,1,12621691790.695549,8172780600,0.36859951719611356,140549900.336735,22.47856141793654,5.472159406876598,136863649.61937675,152.0485546124284,75.22024506246395,16458.821391188787,149.670499420166,161.17745659597395,138.16354224435807,15.376386422690775,1.0579014021909934,1.0,0.0,153.84433390299478,157.50633341471354,150.18233439127604,4.760655682032189,1.6831870233884805,1.0,0.0,135.66000366210938,163.6300048828125,149.64500427246094,18.687718240442084,0.9599567276690878,4.032735734220777,1.0312307774581932,4.09029125683756,2.875945710451846,1.2143455463857138,153.3658332824707,147.24576920729416,153.7052609883441,149.61496973150653,1.2307554666130232,0.7093524042613744,0.5214030623516488,0.30421078804012736,24.667180480215947,-1.200498199462885,87.26547247321314,66.33084203864964,20.934630434563502,155.27000427246094,148.70000457763672,151.98500442504883,146.33499908447266,99.99999344749111,18.816029220542912,37.50055706034026,15.604441973628191,176.9008998064587,139.44249725341797,151.1999969482422,100.0,20.0,80.0,152.16000366210938,,0.0,0.0,70.16253501628879,1.0,0.9624858287842407,0.7762864553836897,24.27292605370022,68.83231317181132,94.79307360535725,96.45807006923468,-5.206926394642756,11.846382948931506,11.698390522413975,2.7338783439771066,1.9441006979029516,0.789777646074155,-1.2442060077555839,-5.322757456587265,4.078551448831681,151.6703136383605,3.279306134837845,3.226684223607279,722.6420428377689,29.642517080698553,36415139.97504784
2022-08-01,161.00999450683594,163.58999633789062,160.88999938964844,161.50999450683594,159.91978454589844,67829400,-1.0,0,12585013460.57297,8104951200,0.2980147795588265,110781428.86005859,2.686866728082964,5.182050703645637,136446263.5982533,153.1304583910272,75.16103917645825,16357.542565593254,150.79949951171875,162.30056600031872,139.29843302311878,15.253454455538451,0.9656305137325129,0.0,0.0,155.19933319091797,158.6443313598633,151.75433502197265,4.439449703959056,1.4159164978380772,1.0,0.0,136.92999267578125,163.6300048828125,150.27999877929688,17.70563714964874,0.9205988986245379,3.8994618556229184,1.0219996433714698,4.40990654413099,3.182737877187675,1.2271686669433155,154.45249938964844,148.13961498553937,154.90598922195824,150.49608267782725,1.239948981199505,0.7417764391632314,0.4981725420362736,0.3343642846937173,24.75851783501329,-0.6295013427734375,95.76990336829925,72.35740754662895,23.412495821670305,157.0,148.70000457763672,152.85000228881836,146.33499908447266,99.99999672374555,20.41715141342956,35.68912508764977,14.850682901155174,158.79400736309648,137.6449966430664,150.40999603271484,96.0,16.0,80.0,154.41000366210938,,0.0,0.0,68.05900965451323,0.8626872048392729,0.9448244303901712,0.8827171108708765,26.22555708840208,63.983392777865156,90.14407525112082,94.35621197642628,-9.855924748879179,12.876206790699683,8.782914513989022,2.9302467317846714,2.1413299046792957,0.7889168271053757,-1.9867984069677467,-4.655565646663361,2.6687672396956144,153.4704105659026,-0.615346768692393,-0.6172478296782913,717.5799416092618,25.430681355512775,-10073400.255708098
2022-08-02,160.10000610351562,162.41000366210938,159.6300048828125,160.00999450683594,158.4345245361328,59907000,-1.5,0,12541483473.811895,8045044200,0.2202011812372495,82118296.16576451,-5.6614096759776,5.8486545478419645,135889886.265232,154.16979249115548,75.48497960879025,16205.624327199956,151.72199935913085,163.06939865782272,140.37460006043898,14.958146276245952,0.8651935976493104,0.0,0.0,156.29633331298828,159.58733215332032,153.00533447265624,4.211229746179278,1.0642149046568756,1.0,0.0,141.0800018310547,163.6300048828125,152.3550033569336,14.86271150328123,0.8394674108172958,3.7875155479903144,1.0649666504661583,4.49040391686367,3.444271085122874,1.0461328317407959,155.27249908447266,148.84538386418268,155.6912208042471,151.20081688738344,1.2783528882368675,0.7188263728896832,0.5595265153471843,0.3603958782381345,24.83869471096007,-4.651992034912098,101.17926749621886,78.06844420430933,23.110823291909526,157.21500396728516,148.70000457763672,152.95750427246094,146.33499908447266,99.99999836187277,21.44155859868854,33.87475257832634,16.399870682122373,126.78109895828045,137.93249893188477,150.28499603271484,92.0,12.0,80.0,156.25400390625,,0.0,0.0,64.9151407643743,0.6453899183222761,0.8360257077205162,0.9144453222983095,26.9078164026351,62.350205247373985,82.23744107623104,89.05819664423639,-17.762558923768964,13.876501689237699,6.552571391004721,2.9698278152876565,2.307029486800968,0.6627983284866885,-3.4229409800105493,-4.409040713332799,0.9860997333222499,154.1264967765779,-0.9287350944318873,-0.933074728847405,709.9867897665007,23.645332458961803,-2512908.9814742208
2022-08-03,160.83999633789062,166.58999633789062,160.75,166.1300048828125,164.49429321289062,82507500,6.1200103759765625,1,12610993450.257431,8127551700,0.2563804046212542,142522361.87006763,18.75702772584463,6.242757235786487,139045606.366668,155.56496432151062,75.8090525633418,16205.624327199956,152.88249969482422,165.10540877454252,140.6595906151059,15.989938814602086,1.0419129399387461,1.0,0.0,157.50766703287758,161.04766489664712,153.9676691691081,4.495016567073637,1.7178450640014689,1.0,0.0,142.1199951171875,166.58999633789062,154.35499572753906,16.005756884894488,0.9812018213268848,4.066764176296752,1.0649666504661583,4.990504920742211,3.7535178522467416,1.2369870684954694,156.86083221435547,149.78653775728665,157.29718758556484,152.30668266482263,1.2599446110066568,0.6786309150758564,0.5813136959308004,0.38996499344808633,24.887615040762473,-1.8824996948242188,109.65313850864014,83.90697437910381,25.746164129536325,158.69499969482422,150.18000030517578,154.4375,147.81499481201172,99.99999918093638,23.04847781525653,37.276297316287064,14.518484563561692,157.81643819491518,138.32749938964844,150.28499603271484,100.0,8.0,92.0,157.72920410156252,,0.0,0.0,70.83471655334496,1.0,0.8360257077205162,0.8722919486104015,29.4822526866245,68.68144759318592,97.68732293014789,90.02294641916662,-2.3126770698521146,14.750177226347063,12.959812748615432,3.276615860464039,2.5009467615335823,0.7756690989304569,-2.0582147760074188,-3.938875525867723,1.8806607498603043,155.79235444361606,3.8247675683253046,3.7534364839249434,740.9669018092093,30.28802585227811,26872709.572022505
2022-08-04,166.00999450683594,167.19000244140625,164.42999267578125,165.80999755859375,164.1774444580078,55474100,-0.32000732421875,0,12610993450.257431,8072077600,0.21759813988977655,119626007.55942321,10.647165458946116,6.148690232122795,138938749.58112243,156.5800412024009,75.46493435497153,16174.408301642745,153.85549926757812,166.91313838788622,140.79786014727003,16.973899772797687,0.9577587947128668,0.0,0.0,158.65999959309897,162.11299794514974,155.20700124104818,4.352701828950433,1.5353317952278065,1.0,0.0,142.1199951171875,167.19000244140625,154.65499877929688,16.29451494653317,0.9449539497549586,3.936088735229577,1.0662102373927367,5.299922445829168,4.0627987709632265,1.2371236748659413,158.09499867757162,150.87769141564002,158.60685065833854,153.30692821250938,1.2360110843913983,0.7034164474829899,0.5325946369084084,0.41923084586861614,24.86845242450148,-0.8155059814453125,115.35535553680457,89.53103056543641,25.824324971368156,158.99500274658203,150.4800033569336,154.7375030517578,148.11499786376953,99.99999959046819,24.625860002801478,36.51081932003412,13.803187899830114,152.13521049480715,138.32749938964844,150.28499603271484,100.0,4.0,96.0,159.50136254882813,,0.0,0.0,70.1680590772156,0.9569059513159527,0.8674319565460761,0.8464944573290364,31.303458595465383,68.60879915885067,93.26498529601224,91.06324976746374,-6.735014703987763,15.793647092931423,9.807945403042218,3.457066492443562,2.6921707077155785,0.7648957847279836,-3.923896374733192,-3.935879695640817,0.011983320907624773,156.8925597324117,-0.19262464022948844,-0.1928104000740838,739.3469923401501,26.592351394329057,-10721093.151227579
2022-08-05,163.2100067138672,165.85000610351562,163.0,165.35000610351562,163.9493865966797,56697000,-0.459991455078125,0,12647796808.650818,8015380600,0.2174456767946384,98810844.26113927,-6.961995868949035,5.8201608650357715,138781460.29873553,157.7362953323664,76.81617580398316,16174.408301642745,154.77099990844727,168.34612004884139,141.19587976805315,17.542201250136397,0.8896468718383373,0.0,0.0,159.6740000406901,163.12499949137367,156.2230005900065,4.322556521167073,1.3223713367588654,1.0,0.0,142.1199951171875,167.19000244140625,154.65499877929688,16.19812971360822,0.9266056721047262,3.827480472058182,0.9209575430721839,5.44525113207817,4.339289243186215,1.1059618888919545,159.12083307902017,151.88230719933142,159.64425918836577,154.1990080562876,1.2464993029193672,0.7312488529562337,0.5152504499631335,0.44541136098331363,24.785097707232623,0.5790061950683594,120.35152191700745,95.23473766690906,25.11678425009839,158.99500274658203,150.4800033569336,154.7375030517578,148.11499786376953,99.99999979523409,25.55352086895253,34.614370176543304,15.692420566066318,122.36547482141542,138.32749938964844,150.28499603271484,96.0,0.0,96.0,160.75,,0.0,0.0,69.16045717665646,0.8706647997236492,0.9425235836798671,0.8819937493154867,32.47849814113527,69.00696718947229,90.92703920786715,93.95978247800912,-9.072960792132845,15.374176429299752,8.043657447349249,3.531313982312051,2.8599993626348734,0.6713146196771778,-5.267527006945919,-4.202209157901837,-1.0653178490440816,158.0002108162807,-0.27742082012610636,-0.2778063448656276,737.0184690302963,25.48766838679518,3490229.2064523846
2022-08-08,166.3699951171875,167.80999755859375,164.1999969482422,164.8699951171875,163.47344970703125,60276900,-0.480010986328125,0,12609894094.690508,7955103700,0.20173602069670712,80561641.62071913,9.462630016382883,6.520234230147225,138606476.48770568,158.93795893574418,76.44144216398762,16174.408301642745,155.77099990844727,169.22744254742352,142.314557269471,17.277211607918208,0.8380906623265059,0.0,0.0,160.89433339436852,164.43033345540366,157.35833333333332,4.395431444273514,1.0621693515546962,1.0,0.0,142.1199951171875,167.80999755859375,154.96499633789062,16.49215993766829,0.8855584989486939,3.80573248588752,0.9430013852104523,5.458767019750468,4.563184798499066,0.8955822212514022,159.91416549682617,152.96499927227313,160.44821856203063,154.98945154228016,1.2691559088045472,0.682808282003323,0.5863476268012242,0.466729430297927,24.749694717226962,-1.6810035705566406,127.82541601679469,101.59851223017694,26.226903786617754,159.98500061035156,151.73500061035156,155.86000061035156,148.42499542236328,99.99999989761704,26.731475691894893,35.916453392194406,14.654114544815721,116.9273930262409,138.52000045776367,150.28499603271484,100.0,0.0,100.0,162.03800048828126,,0.0,0.0,68.06210656140063,0.7858180915160253,0.8711296141852088,0.8936950514703842,33.13421878787714,62.41409120093023,83.14219019587942,89.11140489991963,-16.857809804120574,15.110705790800182,6.128090530829039,3.522024863905883,2.9924044628890756,0.5296204010168073,-5.887148734989755,-4.539197073319421,-1.3479516616703338,159.03819952864322,-0.2902999507769066,-0.29072213835554805,734.5886048267075,24.861589987205576,8825771.76389093
2022-08-09,164.02000427246094,165.82000732421875,163.25,164.9199981689453,163.52304077148438,63135500,0.0500030517578125,1,12628809854.54635,8018239200,0.24625045211082255,69503831.0569386,-5.983787720407236,4.994643416666094,138625624.71217194,159.76779566774928,69.65915355596168,16174.408301642745,156.72399978637696,169.93529290414074,143.5127066686132,16.859310808518746,0.8101891052416395,0.0,0.0,162.17766672770182,165.74166819254557,158.61366526285806,4.395181576792266,0.8847264750442121,0.0,0.0,142.1199951171875,167.80999755859375,154.96499633789062,16.39187519232732,0.8875049001556171,3.682159969720643,0.9628831432527941,5.4111370667023095,4.732775252139715,0.6783618145625949,160.81666564941406,153.96461486816406,161.1361846554021,155.7250475886998,1.1862165886300928,0.7663901663973378,0.419826422232755,0.4828989380760239,24.64431117661483,-3.774002838134777,133.8985957046711,107.9873734210611,25.91122228361,161.11000061035156,152.3699951171875,156.73999786376953,148.42499542236328,99.99999994880852,27.462528184754657,34.18244830100224,15.731246694682868,93.73320535245419,139.39750289916992,150.28499603271484,96.0,0.0,96.0,163.0,,0.0,0.0,68.11890630437591,0.7902058263172387,0.8155629058523042,0.8764053679057936,33.689739103005266,59.15852651069157,83.00999222259001,85.69307387544556,-16.99000777740999,14.950617397532739,7.028361404660243,3.4748019990940557,3.0888839701300714,0.3859180289639843,-5.987891257304582,-4.828935910116454,-1.1589553471881286,160.22600244983832,0.030328776150123637,0.030324177906493333,734.8417253364399,24.951652391256204,10630850.224939525
2022-08-10,167.67999267578125,169.33999633789062,166.89999389648438,169.24000549316406,167.80645751953125,70170500,4.32000732421875,1,12693229206.555006,8088409700,0.2641174603883251,102880008.6122462,12.46590504957378,5.203848321583523,140463710.31312832,160.78437181062728,70.01178302045638,16174.408301642745,157.91149978637696,171.1397723515289,144.68322722122502,16.754033218666375,0.9281929349048372,0.0,0.0,163.48433329264324,166.77533518473308,160.19333140055338,4.026076169878409,1.3744559239475045,1.0,0.0,143.25,169.33999633789062,156.2949981689453,16.521910293541147,0.9961674642099759,3.75594378964311,0.9628831432527941,5.656770741127019,4.917574349937176,0.7391963911898429,162.17416636149088,155.02923055795523,162.38292632275008,156.72615558162306,1.1853004109756489,0.7410070149496397,0.44429339602600915,0.4995584584384318,24.559204725962594,-6.3114936828613395,139.67660184876837,114.55280809671305,25.12379375205532,164.4199981689453,155.20999908447266,159.81499862670898,149.18999481201172,99.99999997440426,28.70351477927391,37.913397953481656,14.440034645681783,120.93410615478969,139.51000213623047,150.28499603271484,100.0,0.0,100.0,163.25,,0.0,0.0,72.64523194400346,1.0,0.8586746392777546,0.848455719771756,35.52509040754845,65.81113330220778,99.46067486010715,88.53761909285889,-0.5393251398928592,14.89105808033662,10.650545191206747,3.6093342047052066,3.192974017045099,0.4163601876601075,-5.172608906020837,-4.897670509297331,-0.2749383967235062,161.97046077206485,2.6194563256017656,2.585736157368679,756.7100397195283,29.164630449032302,16373687.668207653
2022-08-11,170.05999755859375,170.99000549316406,168.19000244140625,168.49000549316406,167.0628204345703,57149200,-0.75,0,12648326374.92575,8031260500,0.18856129317673845,82059735.9533539,7.202251766226702,5.3831654746050885,140210449.27195132,161.73284478250324,69.88670448137053,16102.730176893912,158.9125,172.16134021006522,145.66365978993477,16.674383966101125,0.8614469395550555,0.0,0.0,164.76000010172524,168.00800272623695,161.51199747721355,3.9427077233628727,1.0741998733759603,1.0,0.0,146.6999969482422,170.99000549316406,158.84500122070312,15.28514657117714,0.8970770226211939,3.66034971585458,0.9456122878532621,5.724925092985387,5.079044498546819,0.6458805944385686,163.58166631062826,156.0126923781175,163.32247696435223,157.59755187136685,1.182048403278857,0.7223515409861586,0.45969686229269835,0.5136837394397079,24.49673674864832,-2.122506713867182,144.5292981890561,120.9154553984734,23.61384279058271,165.31000518798828,156.55500030517578,160.93250274658203,150.01499938964844,99.99999998720213,30.08948391016494,39.02777393084019,13.674329496783969,115.73051007428296,139.66749954223633,150.28499603271484,100.0,16.0,84.0,163.25,,0.0,0.0,70.7667657025703,0.8726949739587806,0.8876336000920063,0.8539570484073553,36.51517512960672,65.06246556026699,87.61763398862733,90.02943369044152,-12.382366011372671,14.691765145694518,11.141160098711076,3.632623111847667,3.2809038360056126,0.3517192758420542,-6.020440468912269,-5.12222450122032,-0.8982159676919492,162.99930335102042,-0.44315763156265175,-0.44414248570934234,752.9134637981479,25.954748276426614,-553435.425989069
2022-08-12,169.82000732421875,172.1699981689453,169.39999389648438,172.10000610351562,170.6422119140625,68039400,3.6100006103515625,1,12712927355.581823,8099299900,0.21001836605190796,105425813.03543964,4.86502398139483,6.166321519921094,141668234.70444047,162.87187266449098,75.8193559085501,16102.730176893912,160.0090003967285,173.8009658195605,146.21703497389652,17.23898704277385,0.9383351225189046,0.0,0.0,165.6943333943685,168.80633595784508,162.58233083089192,3.7563174306869183,1.5291882121702074,1.0,0.0,146.6999969482422,172.1699981689453,159.43499755859375,15.91785534410718,0.9972519802875865,3.662314011847247,0.850706707461686,6.001058322270154,5.263447263291486,0.7376110589786684,164.8575007120768,157.0030769935021,164.67286606268505,158.6718077404149,1.206197671954707,0.6635422339825032,0.5426554379722037,0.5290589661888301,24.48073330308907,-2.658994293212885,149.04903621032673,126.83535904758754,22.213677162739188,165.9000015258789,157.1449966430664,161.52249908447266,150.60499572753906,99.99999999360107,31.538322464163777,38.541687084095315,12.719682652399394,124.44453717213943,140.2750015258789,148.45499420166016,100.0,12.0,88.0,164.79800109863282,,0.0,0.0,74.22199082766151,1.0,0.9575649913195935,0.9012910768964518,38.4416170747621,64.77649204846215,99.67247505183848,95.58359463352434,-0.327524948161519,15.08302868113799,9.76466195099767,3.7820570697018914,3.381134482744869,0.40092258695702254,-5.326142165601968,-5.163008034096649,-0.16313413150531897,164.27781223138078,2.1425606817361276,2.119930522982205,771.1876523227206,29.412932494527837,16895827.700424366
2022-08-15,171.52000427246094,173.38999938964844,171.35000610351562,173.19000244140625,171.7229766845703,54091700,1.089996337890625,1,12756412966.827738,8153391600,0.29792851073539656,98787804.73184517,5.977632529139395,7.102055142178171,142010824.78473842,164.06028730681575,81.29999950984912,16204.716907285416,161.31500015258788,174.90396712618985,147.72603317898592,16.847741326904707,0.9369354312173558,0.0,0.0,166.75900065104165,169.80500284830728,163.71299845377604,3.6531787614146936,1.5556462822216053,1.0,0.0,146.91000366210938,173.38999938964844,160.1500015258789,16.41508582741322,0.9924472439384048,3.500081939275803,0.5545200076055348,6.235965166216488,5.457950843876487,0.7780143223400007,166.17750040690103,158.00884657639725,165.98319473633444,159.74722957011795,1.2731120950614077,0.6009992263562082,0.6721128687051995,0.5447798125725428,24.445519565336234,1.1949943542480526,154.24050212474714,132.7310517840907,21.50945034065643,167.06999969482422,157.75499725341797,162.4124984741211,151.21499633789062,99.99999999680054,33.048038938182984,39.392401847897894,12.210766658058938,129.57488529330794,140.5250015258789,147.75999450683594,100.0,8.0,92.0,166.27240051269533,,0.0,0.0,75.17604472228848,1.0,0.9575649913195935,0.9342545275770647,40.32199788601197,67.9093889716363,99.05795106692953,95.44935336913181,-0.9420489330704671,15.469559209487016,10.066727501408542,3.903645266961786,3.4856366395882525,0.4180086273735335,-6.412102815450151,-5.41282699036735,-0.9992758250828011,166.00806571617483,0.6333505515595528,0.6313533155214657,776.7053241238251,28.318036335136355,-1863222.7085231543
2022-08-16,172.77999877929688,173.7100067138672,171.66000366210938,173.02999877929688,171.5643310546875,56377100,-0.160003662109375,0,12775388292.917995,8097014500,0.26210425527901937,83386612.27599494,1.1454224608821206,5.868694799061842,141958740.12435418,165.31346977072727,81.00017336380103,16204.716907285416,162.41650009155273,176.05377283512834,148.77922734797713,16.792964675249618,0.889135675707009,0.0,0.0,167.97066752115884,170.94367014567055,164.99766489664714,3.5399068996820002,1.3508790433659617,1.0,0.0,150.3699951171875,173.7100067138672,162.04000091552734,14.370468261243857,0.9708651415294477,3.355074050524004,0.5550694521309995,6.336180034824224,5.6335966820660355,0.7025833527581886,167.0541674296061,159.09192364032452,167.06731843525174,160.7311384004275,1.2837645242508993,0.6632882733617238,0.6204762508891755,0.5585770051952899,24.373474265589717,-0.9065055847167969,158.9256453847895,138.2057747703295,20.719870614460007,168.3550033569336,157.91500091552734,163.13500213623047,151.375,99.99999999840027,34.493623038549785,38.405382984402465,11.703992666680412,121.82282312047165,140.40750122070312,147.75999450683594,100.0,4.0,96.0,167.69592028808594,,0.0,0.0,74.7387653194986,0.957383929858089,0.9857946432860295,0.9669748753084058,41.73826470931603,65.84048332349072,96.47664338318134,98.40235650064982,-3.5233566168186616,16.149118266386125,6.473450635689004,3.94209864863831,3.576929041398264,0.36516960724004566,-6.945584571676799,-5.71937850662924,-1.2262060650475597,167.87862789695728,-0.09238620004263787,-0.09242890239518076,775.8953693892955,26.95698827252764,7207607.277772665
2022-08-17,172.77000427246094,176.14999389648438,172.57000732421875,174.5500030517578,173.07147216796875,79542000,1.5200042724609375,1,12783831438.66129,8176556500,0.23666651335090144,88746264.7851511,7.538735662501491,6.0442878236841135,142657487.05085856,166.8617896331571,81.13941727146067,16204.716907285416,163.49200057983398,177.39196480727512,149.59203635239285,17.003846277669968,0.8977708967801968,0.0,0.0,168.96400095621746,171.71100260416668,166.21699930826824,3.2515821505209637,1.5167453120588035,1.0,0.0,150.8000030517578,176.14999389648438,163.4749984741211,15.50534017249855,0.936883967551436,3.377565302698166,0.5550694521309996,6.46374267971521,5.799625881595871,0.6641167981193394,168.1408348083496,160.1953852726863,168.21850068394497,161.75475800422976,1.2542098751003805,0.6219711536804546,0.6322387214199259,0.5711746160713295,24.319447834321224,-3.482006072998047,158.21464845262417,142.9679184276428,15.246730024981389,169.5749969482422,159.13499450683594,164.35499572753906,152.5949935913086,99.99999999920013,36.15618575924541,40.55937459836873,10.856614307355597,127.4148341924744,140.28249740600586,147.75999450683594,100.0,0.0,100.0,168.8987375732422,,0.0,0.0,76.15759165213365,1.0,0.9857946432860295,0.9763847592972178,43.355957278187304,68.6290103988921,90.3904418543697,95.30834543482689,-9.609558145630302,16.347413410859957,8.073809044907097,3.9960139407745823,3.6607460212735283,0.33526791950105395,-4.432565043155398,-5.462015813934472,1.029450770779074,169.3017245537587,0.878462857992468,0.8746268220925835,783.5897848842566,28.147058455210583,30632513.39947486
2022-08-18,173.75,174.89999389648438,173.1199951171875,174.14999389648438,172.6748504638672,62290100,-0.4000091552734375,0,12793629845.359732,8114266400,0.2015446778806483,72508711.20400123,-1.000175689241578,4.367235173171389,142514739.3576631,167.93091517312786,73.20518691309047,16167.581215459582,164.43199996948243,178.54351156856563,150.32048837039923,17.16394813868616,0.8443285950894623,0.0,0.0,169.78866729736328,172.4376678466797,167.13966674804686,3.120350246553292,1.3232022828848717,1.0,0.0,150.8000030517578,176.14999389648438,163.4749984741211,15.41670164531926,0.9211045079956686,3.2178086503580365,0.5584382803666963,6.4581144753804836,5.931323600352794,0.5267908750276895,169.3191680908203,161.29769251896784,169.13103810125872,162.67292362587824,1.2260182394325112,0.7117645617016105,0.5142536777309007,0.5806155996482965,24.123557824791856,1.6980049133300668,157.61153877870262,147.10792030116448,10.50361847753814,169.6999969482422,159.6999969482422,164.6999969482422,152.5949935913086,99.99999999960006,37.699993999891355,39.045676485942025,10.451439505053546,114.00856918678565,140.28249740600586,147.75999450683594,96.0,0.0,96.0,170.34898883789063,,0.0,0.0,74.96432066222276,0.893860244369837,0.9504147247426418,0.9740013371049004,44.3877380603462,67.77117876120842,87.89345441849382,91.58684655201496,-12.106545581506188,16.115529318416833,8.836947612697,3.969999635731092,3.7225967441650414,0.24740289156605044,-4.518549665968803,-5.273322584341338,0.7547729183725354,170.30822606440887,-0.22916594000563784,-0.22942892700719142,781.5648980479326,26.680766378678356,893876.4378144741
2022-08-19,173.02999877929688,173.74000549316406,171.30999755859375,171.52000427246094,170.06712341308594,70346300,-2.6299896240234375,0,12735442514.131435,8043920100,0.18367363660069913,35720318.30508107,-5.1296866025744166,3.8089099352672915,141452379.0615243,168.71453615256232,65.39171505008237,16167.581215459582,165.30350036621093,178.89589754337237,151.71110318904948,16.445383367017698,0.7286757745975544,0.0,0.0,170.53433380126953,173.1413345336914,167.92733306884764,3.0574496927521033,0.6890429985180198,0.0,0.0,150.8000030517578,176.14999389648438,163.4749984741211,15.335422897014622,0.8173573453188606,3.1800274191112954,0.7071378053531486,6.170308425334213,5.979120565349079,0.191187859985134,169.76833470662436,162.18423109788162,169.49857135836675,163.32826293303253,1.143888603259751,0.7286870764171507,0.41520152684260037,0.582924680989524,24.011181288476255,0.5064971923828239,155.10630028514657,150.1391296643147,4.967170620831865,169.6999969482422,161.42499542236328,165.56249618530273,152.5949935913086,99.99999999980002,38.27402014203172,36.69273634523132,13.662214674246833,85.19445481882732,140.87999725341797,147.75999450683594,92.0,4.0,88.0,,176.14999389648438,0.0,1.0,67.47817930198046,0.2279786287878534,0.7072796243858966,0.8811629974715229,43.20272055038063,58.310938675487414,71.97340978742977,83.41910202009778,-28.02659021257022,15.428971503762654,3.2444466569723653,3.7778571292735466,3.7336488211867427,0.04420830808680387,-3.559185716463957,-4.930495210765862,1.3713094943019053,170.4262120336317,-1.5101864577650947,-1.5217058972706532,768.251624341202,23.91615568609879,15743880.395559177
2022-08-22,169.69000244140625,169.86000061035156,167.13999938964844,167.57000732421875,166.15060424804688,69026800,-3.9499969482421875,0,12688240757.055737,7974893300,0.16704748642546802,-8333391.359491058,-15.860519484783543,3.0804020917811528,139862735.62311926,169.2060912031656,64.54479151864021,15795.252070923894,166.03450088500978,178.40872471547112,153.66027705454843,14.90560547898577,0.5620445556928205,0.0,0.0,170.79066772460936,173.3086685180664,168.27266693115234,2.948639790456435,-0.13952728068224565,0.0,1.0,150.8000030517578,176.14999389648438,163.4749984741211,15.267905591671674,0.661538868995273,3.300025165481416,1.2137561600410582,5.559402977998531,5.895177047878969,-0.3357740698804381,169.9150021870931,162.85346221923828,169.20186919926707,163.64246622126853,1.102525173347009,0.7607748169543272,0.3417503563926817,0.5741950782079679,23.877833288802062,-0.684494781494152,149.27664950557175,151.84780230885923,-2.5711528032874753,171.52499389648438,161.42499542236328,166.47499465942383,152.5949935913086,49.99999999990001,37.15062166913589,33.354382761054886,21.081115074605698,30.891737007446352,141.9224967956543,147.75999450683594,88.0,0.0,88.0,,176.05319396972655,0.0,0.0,58.094636098120226,0.0,0.37394629105256333,0.677213546727034,39.20903007883344,55.22347783915903,44.28577939745594,68.05088120112653,-55.71422060254406,13.795264973359963,1.0614617885167326,3.3972862340521104,3.6663763037598165,-0.2690900697077061,-2.927201721195908,-4.529836512851872,1.6026347916559636,170.3597935084571,-2.3029365962279114,-2.32986846707961,748.2563399369052,21.24148706292641,10886948.173107855
2022-08-23,167.0800018310547,168.7100067138672,166.64999389648438,167.22999572753906,165.81346130371094,54147100,-0.3400115966796875,0,12664584163.60142,7920746200,0.16194858660739303,-9772998.58336015,-3.119668240012642,1.517780951362776,139752867.2629004,169.54638507857166,57.36905237666776,15763.202368460124,166.81600036621094,177.2703469892283,156.36165374319359,12.53398546910002,0.5198001547230424,0.0,0.0,171.07733408610025,173.5443354288737,168.61033274332684,2.8840773746589132,-0.2797600860314053,0.0,1.0,152.16000366210938,176.14999389648438,164.15499877929688,14.381108635688308,0.6281783326379207,3.1760239306715556,1.6520877243166292,4.990294902111486,5.714200618725473,-0.7239057166139862,170.07166798909506,163.62884638859674,168.89850404977045,163.90820914765897,1.0927090862338653,0.8812165177995817,0.21149256843428366,0.556970601148904,23.722583257566626,-1.9460052490234432,144.90987934394886,152.4292775861015,-7.519398242152647,171.39999389648438,161.52999877929688,166.46499633789062,152.5949935913086,24.999999999950006,35.93468513201628,31.885052636661875,21.200294086983437,13.521080223958178,143.31500244140625,147.75999450683594,84.0,0.0,84.0,,175.69666618652343,0.0,0.0,57.3552717642805,0.0,0.07599287626261765,0.3857395972336928,35.74754532320544,46.19552571238626,32.16728282033609,49.475490668407296,-67.83271717966392,12.056616884119364,1.1369758419279947,3.044566790194084,3.5420144010466705,-0.4974476108525865,-4.201578640015711,-4.46418493828464,0.26260629826892856,170.29965123973304,-0.20290719210975805,-0.20311332764251233,746.5351668156463,23.265332137483313,-3951282.9093919694
2022-08-24,167.32000732421875,168.11000061035156,166.25,167.52999877929688,166.1109161376953,53841500,0.3000030517578125,1,12684846998.720413,7974587700,0.13330768388763006,-6069339.598420378,-1.7272927113393597,0.6338910820566708,139849456.479691,169.64482119870652,51.247071371999006,15791.48084084446,167.35300064086914,176.7411677296616,157.96483355207667,11.219598158193758,0.5094266610699246,0.0,0.0,170.9576675415039,173.36666870117188,168.54866638183594,2.8182428952279963,-0.21142945457931447,0.0,1.0,154.41000366210938,176.14999389648438,165.27999877929688,12.990499214906754,0.6034959066560356,3.0444215986395564,1.9702984695943029,4.511474916276285,5.473655478235635,-0.9621805619593502,170.2933349609375,164.26461557241586,168.6879647773899,164.17648986111362,0.9940776172190822,0.9081934642531272,0.08588415296595497,0.5341579294352374,23.58629742236532,-2.433002471923828,137.3246328363131,151.62875921357448,-14.304126377261383,171.1999969482422,163.25999450683594,167.22999572753906,152.5949935913086,12.499999999975003,34.65924775595508,30.575370076965374,21.212811610686284,1.3055210328759472,143.57500076293945,147.75999450683594,80.0,0.0,80.0,,175.15386584912108,0.0,0.0,57.86481842202949,0.027100201506419782,0.00903340050213978,0.1529908559391072,33.03241266020104,44.920998146590264,34.44867590781134,36.96724604186782,-65.55132409218865,9.96576389985924,1.6133946387386486,2.74794212014936,3.3831999448672088,-0.6352578247178489,-5.230019929940384,-4.617351936615789,-0.6126679933245951,170.24967785357285,0.1793954789346408,0.17923475743470973,748.0538126325055,24.326602443326067,3814268.266472444
2022-08-25,168.77999877929688,170.13999938964844,168.35000610351562,170.02999877929688,168.58975219726562,51218200,2.5,1,12729770165.878942,8025805900,0.1195330778142205,13089923.20135396,7.216849686176113,1.6466657645656098,140613770.3394952,169.95688895646677,57.34913853675745,16027.132380209183,167.98700027465821,176.23024860333743,159.743751945979,9.814150279725848,0.6239195049802656,0.0,0.0,170.98600056966148,173.29400075276695,168.678000386556,2.6996364327092075,0.29289390933273907,0.0,0.0,159.5,176.14999389648438,167.8249969482422,9.911477596041173,0.632432590952497,3.000979499810757,2.0845388185500973,4.284348432601689,5.235794069108846,-0.9514456365071569,170.71916834513345,164.91807732215295,168.89443154691406,164.61008311431237,1.0613211656987867,0.8155413877619053,0.24577977793688133,0.5106958885071652,23.449024549639343,1.253005218505848,131.76884326602206,149.7087377753184,-17.93989450929635,171.1999969482422,163.4749984741211,167.33749771118164,152.5949935913086,6.2499999999875016,33.97388602471993,33.334047855469066,19.973057212697327,32.01386297936118,144.64999771118164,146.55999755859375,76.0,12.0,64.0,,174.44155658119138,0.0,0.0,61.94542310224703,0.2441268612248161,0.09040902091041181,0.058478432558390005,31.755240398730905,48.41258596617318,52.55815493947344,39.72470455587365,-47.44184506052656,8.337177276611328,3.098472390908493,2.602725392967849,3.227105034487337,-0.624379641519488,-6.349256489375361,-4.963732847167703,-1.3855236422076578,170.24647658351952,1.4922700520600518,1.48124524710882,760.7090657037737,26.972240924817726,3010690.605894983
2022-08-26,170.57000732421875,171.0500030517578,163.55999755859375,163.6199951171875,162.2340545654297,78961000,-6.410003662109375,0,12652074176.225983,7946844900,0.023903783676911483,-61085822.85081351,-18.402285866294125,-0.3436853699113194,137636999.7531424,169.90581172912337,49.545333521468976,16027.132380209183,168.0425003051758,176.15135043128163,159.93365017906996,9.650951528785457,0.22730380268403477,0.0,0.0,170.47133382161456,173.25133412679037,167.69133351643882,3.2615457893757513,-0.7322550273953823,0.0,1.0,159.6300048828125,176.14999389648438,167.88999938964844,9.830839807590658,0.24152499321112747,3.4498820991460875,2.6655123091786193,3.5462365258210866,4.897882560451295,-1.3516460346302086,170.2508341471354,165.23615382267877,168.08297978849458,164.5367432626735,0.9202901104672658,0.8555252637289353,0.0647648467383305,0.47890239395699946,23.69058170201785,0.4475051879882699,121.12878256455923,146.02965782418644,-24.900875259627213,169.85499572753906,163.4749984741211,166.66499710083008,152.5949935913086,3.1249999999937508,31.746520514889376,28.234380024014232,26.701253456901853,-41.89772670147252,145.57500076293945,144.23999786376953,72.0,8.0,64.0,,173.78623205469606,0.0,0.0,48.875481318347184,0.0,0.09040902091041181,0.06328381410765473,26.088756392587708,36.92463014085572,2.8681805600569663,29.958337135780614,-97.13181943994303,6.6433240553912185,-3.3207339834337017,2.15528547332417,3.012741122254704,-0.8574556489305336,-3.632582029680466,-4.697502683670256,1.0649206539897897,169.52883557623286,-3.769925135640162,-3.8428248646896535,728.2609782910735,19.358216020813273,33063096.901228502
2022-08-29,161.14999389648438,162.89999389648438,159.82000732421875,161.3800048828125,160.01303100585938,73314000,-2.239990234375,0,12653026513.644857,7873530900,0.05328034920123959,-75819654.44969283,-24.975474305292074,-1.700234411688808,136633316.53016374,169.57743392170093,49.07893228575852,15807.717754319532,168.0360008239746,176.16596540225885,159.90603624569036,9.676455686184479,0.09065037263872118,0.0,0.0,169.34366709391276,172.2276667277018,166.4596674601237,3.406090919466943,-0.8806628332746125,0.0,1.0,159.6300048828125,176.14999389648438,167.88999938964844,9.831220055622081,0.10593227383817914,3.484892668528354,3.3366754981330606,2.7488420898368986,4.468074466328416,-1.7192323764915178,169.6583340962728,165.51653876671423,167.0517528799281,164.3029107900912,0.874201846384718,0.9792908677846812,-0.10508902139996323,0.4393432135301962,23.90370875885488,4.064005279541021,109.5270353001199,140.54092337033427,-31.013888070214364,167.98500061035156,163.4749984741211,165.72999954223633,152.5949935913086,1.5624999999968754,30.235872266872214,26.05640414859557,32.23366185908319,-138.24142653063515,145.92999649047852,142.88999938964844,68.0,4.0,64.0,,172.76360860508584,0.0,0.0,45.28010475494705,0.0,0.08137562040827188,0.08739788740969877,20.193480576904754,36.2709219387084,9.552962898592975,21.65976613270782,-90.44703710140702,4.785618277157056,-4.219835229716358,1.6730331049026528,2.7447995187842937,-1.071766413881641,-2.202056493641576,-4.19841344566452,1.996356952022944,168.14386425492896,-1.3690198638440787,-1.3784773566182906,716.9219209737994,20.46753067631272,12884844.590147078
2022-08-30,162.1300048828125,162.55999755859375,157.72000122070312,158.91000366210938,157.56394958496094,77906200,-2.470001220703125,0,12613429668.333786,7795624700,0.05557784629582773,-92478047.97121412,-7.579372938771519,-3.1320399822849008,135440923.4004196,168.81483678474902,41.151611865296914,15807.717754319532,167.9810012817383,176.33908919732616,159.6229133661504,9.951230022220978,-0.04264789454484312,0.0,1.0,168.0366668701172,171.19966583251954,164.87366790771483,3.7646533001599867,-0.942723079661706,0.0,1.0,157.72000122070312,176.14999389648438,166.93499755859375,10.971474473396194,0.06456879621932925,3.620403035464581,4.1070716325242556,1.8957398891682828,3.9536075508963897,-2.057867661728107,168.5591672261556,165.74576979417068,165.79917607718676,163.90343618801847,0.7930586306122538,1.0598127441748608,-0.26675411356260703,0.3925504849764605,24.20645393848734,5.209001159667963,96.77657535464516,133.71447080389214,-36.93789544924698,166.30999755859375,163.4749984741211,164.89249801635742,152.5949935913086,0.7812499999984377,29.299357810149097,23.563206475854052,33.301017026299796,-168.60943849405956,145.92999649047852,142.88999938964844,64.0,0.0,64.0,,171.2103764513818,0.0,0.0,41.64242029098838,0.0,0.0,0.05726154710622816,14.053069904964111,34.726295537187674,6.4568796219329245,6.292674360194318,-93.54312037806707,2.8112944659064567,-7.664149897515203,1.1566199789695828,2.4271636108213515,-1.2705436318517687,-0.5232734398796907,-3.463385444507554,2.9401120046278635,166.37174023284246,-1.5305497248539135,-1.5423835407251119,704.4185247600635,19.973178885260836,17578465.26980055
2022-08-31,160.30999755859375,160.5800018310547,157.13999938964844,157.22000122070312,155.88824462890625,87991100,-1.69000244140625,0,12529531268.40387,7707633600,-0.06266342408175883,-100510494.52132946,-5.00414124357835,-4.003925197270975,134505141.06831285,167.80385411709815,33.88683172843629,15807.717754319532,167.5355010986328,177.10306812902564,157.96793406823997,11.421539873820706,-0.0390868882946376,0.0,1.0,166.42566680908203,169.57466735839844,163.27666625976562,3.7842727142909274,-0.9616805307285959,0.0,1.0,157.13999938964844,176.14999389648438,166.6449966430664,11.346845523590982,0.00420840895171848,3.6023629760587483,4.888244106567444,1.070936091162821,3.377073258949676,-2.306137167786855,167.22833379109701,165.96192345252405,164.47930302234312,163.4083669311803,0.7556513386677248,1.137137312073731,-0.3814859734060061,0.34024417736502194,24.350390184626626,5.494497680664068,80.32384170332989,125.12694890662851,-44.80310720329862,165.44000244140625,164.15499877929688,164.79750061035156,152.97999572753906,0.39062499999921885,28.55555424674586,21.955233683031334,32.179102916315436,-174.69388779536249,146.40499877929688,142.65999603271484,60.0,0.0,60.0,,169.32172391908676,0.0,0.0,39.31512186384335,0.0,0.0,0.027125206802757554,8.267430616750957,34.117746740307645,0.42084089517184803,5.476894471899278,-99.57915910482815,0.7720003464642673,-9.22108724266928,0.6553740859633261,2.0728057058497464,-1.4174316198864203,1.9243323257932405,-2.385841890447395,4.310174216240636,163.90083555225476,-1.0634965719336975,-1.0691921139814653,695.8635613252408,20.301982277129753,24652414.89073518
2022-09-01,156.63999938964844,158.4199981689453,154.6699981689453,157.9600067138672,156.62200927734375,74229900,0.7400054931640625,1,12585550437.891174,7781863500,-0.019293257574499997,-78304633.33870825,-11.695097467830939,-5.186791015072816,134854527.4907179,166.708328126623,26.47727356004107,15882.121760691229,167.14300155639648,177.56723588643888,156.7187672263541,12.473432010882139,0.059536242577350545,0.0,0.0,164.72166748046874,168.06766815185546,161.37566680908202,4.062611461583775,-0.5104093559250907,0.0,1.0,154.6699981689453,176.14999389648438,165.40999603271484,12.851268391450658,0.15316616384163534,3.6171266784528733,5.508845890872542,0.4715496666398451,2.7959685404877104,-2.3244188738478653,165.97250111897787,166.00692396897537,163.47633435950067,163.00478469286082,0.6964746678457353,1.2282891849534923,-0.531814517107757,0.2868438557073562,24.489382791551737,7.407001495361328,65.29896242237798,115.14835581076532,-49.84939338838734,162.86000061035156,165.27999877929688,164.06999969482422,154.73500061035156,0.19531249999960942,28.379476258370623,20.326798455902754,34.67773578573324,-168.473963082194,148.67000198364258,143.18499755859375,56.00000000000001,0.0,56.00000000000001,,167.37264799437662,0.0,0.0,40.87335223496618,0.04229440588747066,0.014098135295823405,0.004699378431941394,4.085928988181372,38.8171837456988,15.316616384163533,7.398112300422798,-84.68338361583646,-1.9743240805233029,-8.709467821618468,0.28928578233354013,1.7161017211465053,-1.426815938812965,2.2099291572423034,-1.4666876809094553,3.6766168381517588,162.5122684039529,0.4706815210650195,0.46957727921288495,699.6095440412887,22.654212205954536,4323917.7254484
2022-09-02,159.75,160.36000061035156,154.97000122070312,155.80999755859375,154.49020385742188,76957800,-2.1500091552734375,0,12532579382.786274,7704905700,-0.08604657766365977,-90755396.37170738,7.844317431737553,-5.053456379172949,133807047.32145314,165.60645379877366,27.73974395578898,15882.121760691229,166.6660011291504,178.18984480742435,155.14215745087645,13.828667634911405,0.028976447718411177,0.0,0.0,163.20733388264972,166.84933369954427,159.56533406575522,4.463034509850173,-0.5155596781939967,0.0,1.0,154.6699981689453,176.14999389648438,165.40999603271484,12.88804890140377,0.05307260783980826,3.79441394957243,6.21133158191719,-0.17493956913801867,2.2017869185625645,-2.376726487700583,164.41083399454752,165.94769287109375,162.2968979285919,162.47183749772992,0.6837777057045296,1.1985163449888014,-0.5147386392842719,0.23190619398433995,24.65614628721492,7.483992767333973,49.28053455223329,104.03767637150548,-54.75714181927219,162.86000061035156,165.40999603271484,164.1349983215332,154.95999908447266,0.09765624999980471,27.586636469943112,21.940144895621497,31.106447037679608,-145.13468463514283,148.9375,143.33999633789062,52.0,96.0,-44.0,,165.086171025799,0.0,0.0,37.83372496502128,0.0,0.014098135295823405,0.00939875686388253,-0.41880120885905087,34.18821348698168,5.3072607839808255,7.014906021105431,-94.69273921601918,-4.153206275491158,-10.736181704681638,-0.10767378016541664,1.351346620884121,-1.4590204010495376,2.708393190906108,-0.6316715065463426,3.3400646974524504,160.97063281091528,-1.3611098150736467,-1.3704578361899422,688.7259800550771,20.68940315661081,12844999.164238408
2022-09-06,156.47000122070312,157.08999633789062,153.69000244140625,154.52999877929688,153.22103881835938,73714800,-1.279998779296875,0,12495288272.90664,7631190900,-0.08473940244444514,-91269604.60662252,-10.49313204740557,-5.884781701193497,133201470.94320674,164.40685769838316,21.424547138443955,15751.648127517054,166.14900131225585,178.81948673968705,153.47851588482465,15.25195496495178,0.0414933942544854,0.0,0.0,161.89866689046227,165.60866597493492,158.1886678059896,4.5831125798988515,-0.493082200748411,0.0,1.0,153.69000244140625,176.14999389648438,164.9199981689453,13.517981617516577,0.03739967308405653,3.7549719442636245,6.926500589806703,-0.781562781054447,1.6051169786391624,-2.3866797596936093,162.77583440144858,165.6407699584961,161.1019903671619,161.88355314821635,0.6610697897640965,1.2633741594928194,-0.6023043697287229,0.17635150188655596,24.80272567748486,5.3710029602050895,34.38371515116481,91.75699146119615,-57.37327631003134,162.37000274658203,164.9199981689453,163.64500045776367,154.95999908447266,0.048828124999902356,27.129915073920127,20.50557939659979,31.534109730930098,-145.68674015127118,151.98500442504883,146.33499908447266,48.0,100.0,-52.0,,163.21125991156532,0.0,0.0,36.11191762502888,0.0,0.014098135295823405,0.014098135295823405,-4.681047437908309,29.81305802162948,3.739967308405653,8.121281492183366,-96.26003269159435,-5.533088863597186,-11.266147461853903,-0.4827931966250262,0.9845186573822915,-1.4673118540073178,2.7017763564767505,0.035018066058275954,2.666758290418475,159.63857030622697,-0.8215126110989845,-0.8249056213992745,682.2464966619104,20.831993929514766,8842629.364423856
2022-09-07,154.82000732421875,156.6699981689453,153.61000061035156,155.9600067138672,154.63893127441406,87449600,1.4300079345703125,1,12542157142.000088,7718640500,-0.06293939532443286,-60366286.53781931,-0.8747888951446747,-6.485747741025366,134010722.36922665,162.80990439057337,21.286708358974522,15751.648127517054,165.70100173950195,179.12483945224045,152.27716402676344,16.202482268444072,0.13717547715914813,0.0,0.0,160.68700052897137,164.49699808756512,156.87700297037762,4.742135388738953,-0.12034079319054583,0.0,1.0,153.61000061035156,176.14999389648438,164.87999725341797,13.602810513824092,0.10425939678346798,3.685474505696637,7.4678741220388645,-1.1338559718944055,1.057322388532449,-2.1911783604268544,161.47916793823242,165.42730888953577,160.31091595896274,161.44477193085714,0.6380669189734175,1.3224853468967022,-0.6844184279232847,0.12417158467605627,24.914581214376927,1.8690055847168026,20.810031344985315,78.8109246288264,-58.00089328384108,162.3300018310547,164.87999725341797,163.60499954223633,154.95999908447266,0.024414062499951178,26.723681981485658,19.283513346481755,29.81059123667797,-122.04601225274554,152.85000228881836,146.33499908447266,44.0,100.0,-56.0,,161.3070084175335,0.0,0.0,39.42847515024426,0.08536299600414417,0.02845433200138124,0.018883534197676275,-7.282831136154049,37.00565231700154,11.038078180354786,6.695102090913783,-88.96192181964521,-6.624118311264937,-9.071826708840657,-0.7023181725451031,0.6471512913968126,-1.3494694639419156,4.1575334744650725,0.8595211477396353,3.2980123267254373,159.09481523150583,0.9253917982699811,0.9211362816897939,689.4853415842741,23.4153703265699,24095815.572927415
2022-09-08,154.63999938964844,156.36000061035156,152.67999267578125,154.4600067138672,153.15162658691406,84923800,-1.5,0,12539388358.432276,7633716700,-0.1105561640921634,-69940488.46098799,-2.686661485799342,-6.606211012208064,133193937.9724825,161.42308853162868,20.99037271982978,15600.151133581783,164.9620018005371,179.1317590185829,150.79224458249132,17.179419579521195,0.12942219386457854,0.0,0.0,159.40733388264974,163.39933217366536,155.41533559163412,5.0085503518356225,-0.119655471786773,0.0,1.0,152.67999267578125,176.14999389648438,164.4149932861328,14.227519649695902,0.0758420939712508,3.6849278485840045,7.926652960614397,-1.5166058396819437,0.5425367428895704,-2.059142582571514,160.38666788736978,165.2138478205754,159.41077607510186,160.9273819147838,0.6230038112157308,1.2929658150948278,-0.669962003879097,0.07443417598065477,24.89094206433143,2.267993927001953,6.687573378443002,64.91300575242873,-58.225432373985726,161.86499786376953,164.4149932861328,163.13999557495117,154.95999908447266,0.012207031249975589,26.560893194206947,17.901759414993524,29.485372797682842,-113.09619054113193,152.95750427246094,146.33499908447266,40.0,100.0,-60.0,,159.7676068560971,0.0,0.0,37.24440673831526,0.036105326320048946,0.040489440774730885,0.027680636023978772,-10.12865736733246,37.31638069642079,8.45210329889602,7.743382929218849,-91.54789670110398,-7.514618862376494,-7.823596131368543,-0.9424162759852981,0.32923777792039044,-1.2716540539056886,4.938474013589172,1.6753117209095425,3.2631622926796293,158.29387896742827,-0.9617850316921195,-0.9664400555222663,681.8921897415131,21.561559682041548,14198644.26711315
2022-09-09,155.47000122070312,157.82000732421875,154.75,157.3699951171875,156.0369873046875,68028800,2.9099884033203125,1,12587473368.599476,7701745500,-0.04339213336013348,-31668558.810590155,7.965133113856803,-5.6708667467486915,134475583.77390033,160.35327000014692,27.74752211502981,15894.054130574803,164.40600128173827,178.84843266969057,149.96356989378597,17.56922651893063,0.2564119927057392,0.0,0.0,158.12133382161457,162.2413335164388,154.00133412679037,5.21118763072441,0.4088181116407654,0.0,0.0,152.67999267578125,176.14999389648438,164.4149932861328,14.275635340393201,0.1998296632924395,3.6524351247607605,8.159444178393619,-1.567062007744255,0.12061699276280535,-1.6876790005070603,159.56500116984049,164.8769243680514,159.09680977388427,160.66387178162853,0.7019955056670362,1.2430346600223539,-0.5410391543553177,0.03180036758452723,24.891985256613182,3.123997497558605,-6.044064314193137,50.782689432567366,-56.8267537467605,157.7899932861328,164.4149932861328,161.1024932861328,154.95999908447266,0.0061035156249877945,25.87030350953257,19.583486891037577,27.54467679402029,-80.05507672757184,154.4375,147.81499481201172,36.0,96.0,-60.0,,158.35008402003393,0.0,0.0,43.753714232904706,0.2958095104288078,0.1390926109176668,0.06934546123125991,-10.656963243309125,43.958079278251255,25.530755538056827,15.006979005769239,-74.46924446194318,-7.60897077672621,-5.8960717946893055,-0.9753667643925437,0.06831686945780363,-1.0436836338503472,3.6980307126400556,2.079855519255645,1.6181751933844106,158.14710883419525,1.883975318420772,1.866448297735701,696.6228456129029,25.412748762228034,-3024863.003506258
2022-09-12,159.58999633789062,164.25999450683594,159.3000030517578,163.42999267578125,162.04563903808594,104956000,6.05999755859375,1,12657302827.366835,7806701500,-0.038646560753458487,63717392.98517494,25.968147439828137,-2.6831048235621426,138517225.277963,160.0349590399625,37.01120793063501,15894.054130574803,163.97250061035157,177.97903871181018,149.96596250889297,17.08400865916217,0.4806337607965444,0.0,0.0,157.74666697184244,161.6136652628581,153.8796686808268,4.902795558534243,1.234849782212615,1.0,0.0,152.67999267578125,176.14999389648438,164.4149932861328,14.313376409666992,0.45803150578949764,3.976191551249528,8.155401231886222,-1.1053163283867775,-0.12456967146711123,-0.9807466569196663,159.22333399454752,164.78538571871243,159.76345329725305,160.86876962563983,0.8152076599498377,1.0949127865514208,-0.2797051266015831,0.002939210841374599,24.989313366893818,6.057498168945301,-12.301905653266504,37.24614043774664,-49.54804609101314,158.4699935913086,164.4149932861328,161.4424934387207,154.95999908447266,1.1759911706317978,24.684133679910094,28.959844845311295,24.049132469286164,-18.64099781356245,154.7375030517578,148.11499786376953,32.0,92.0,-60.0,152.67999267578125,,1.0,0.0,54.36853438764956,0.706703036439274,0.3462059577293768,0.17526266980725844,-7.488088776941322,55.36930817688257,58.51929193278163,30.834050256578184,-41.48070806721837,-7.024794814165887,-2.4473265286158994,-0.6870919265181029,-0.08276488973737767,-0.6043270367807252,6.525779623080112,2.9690403400205385,3.5567392830595734,158.17270571223128,3.8507960517385253,3.7785029704155093,727.2991666990116,30.135271454742536,42847250.76376088
2022-09-13,159.89999389648438,160.5399932861328,153.3699951171875,153.83999633789062,152.53688049316406,122656600,-9.589996337890625,0,12550726775.888306,7684044900,-0.1364076506548129,-113424569.55815223,-28.204983659100304,-4.47491306778269,131319792.75312862,159.21878594336349,34.91752976853623,15894.054130574803,163.00500030517577,177.00428395794665,149.00571665240489,17.176508237859714,0.17266168060423895,0.0,0.0,157.20166625976563,161.47766571044923,152.92566680908203,5.440145200010521,0.10691413076098745,0.0,0.0,152.67999267578125,176.14999389648438,164.4149932861328,14.39833206144775,0.04942495107695708,4.58457215198395,8.469385837641456,-1.4959675258913308,-0.3988492423519551,-1.0971182835393756,157.87416712443033,164.34269303541916,158.8521522265819,160.34811975247322,0.7075278383618442,1.0779507704334834,-0.37042293207163923,-0.0270111667688102,25.199069570967875,0.6149948120117301,-22.075082007563505,24.040400730834573,-46.11548273839808,158.4699935913086,164.4149932861328,161.4424934387207,154.95999908447266,1.5687024761384283,23.676576839445737,24.14236117917501,29.85431169813496,-78.3186921796382,154.7375030517578,148.11499786376953,28.000000000000004,88.0,-60.0,152.91159271240235,,0.0,0.0,41.1376483595035,0.19454311916385772,0.39901855534397973,0.29477237466367473,-9.645549225013813,42.019046422558,6.314659808937144,30.121569093258557,-93.68534019106286,-6.859148631376371,-9.521850589684043,-0.9329498395120763,-0.25280187969231743,-0.6801479598197588,10.168178206816464,4.408867913379724,5.75931029343674,157.96911447737003,-5.86795372188239,-6.047164181347231,678.7536344555949,16.995309662603745,42044826.336844325
2022-09-14,154.7899932861328,157.10000610351562,153.61000061035156,155.30999755859375,153.99441528320312,87965400,1.470001220703125,1,12548458038.454489,7772010300,-0.14740832668937212,-78748310.28132495,-6.347924112330429,-4.8049581678534805,132160336.48985378,158.54405576990925,34.02586277332898,16045.928022475771,162.11900024414064,175.70511274665122,148.53288774163005,16.76066652526945,0.24941313476210927,0.0,0.0,156.76266632080078,160.9036666870117,152.62166595458984,5.283146125795978,0.3245992956122054,0.0,0.0,152.67999267578125,176.14999389648438,164.4149932861328,14.477020697980395,0.11205814853100843,4.475115486101961,8.713704636608579,-1.667720161305823,-0.6526234261427288,-1.0150967351630942,157.18166732788086,163.9750008216271,158.30720535458374,159.97492551588957,0.7246398600474786,1.1195217353588913,-0.3948818753114127,-0.054607513092439997,25.36321052890679,-0.7389953613281364,-29.738616465506716,11.811238712074948,-41.54985517758166,158.4699935913086,164.4149932861328,161.4424934387207,155.90499877929688,1.3760161200887477,22.740988344728834,22.72972256481915,28.107450519279777,-78.34583892836945,155.86000061035156,148.42499542236328,24.0,84.0,-60.0,153.138560748291,,0.0,0.0,43.410952907725935,0.2825414185130188,0.3945958580387167,0.3799401237040247,-10.417455164112495,44.7284194668951,14.316839397390309,26.38359704636972,-85.68316060260969,-6.834089032341467,-5.078839876900122,-1.0424884749455166,-0.4107391987429573,-0.6317492762025593,9.511812668628348,5.429456864429449,4.082355804198899,157.91719452486723,0.9555390377639084,0.9510026386489123,686.1949294408234,22.897770400372224,-6110884.603656307
2022-09-15,154.64999389648438,155.24000549316406,151.3800048828125,152.3699951171875,151.079345703125,90481100,-2.94000244140625,0,12504389058.263636,7681529200,-0.18023818430387653,-105500645.2270104,-8.72413595800309,-5.9435999995805675,130447538.47889017,157.6500778797986,28.4597991355826,16045.928022475771,161.0099998474121,173.9624351181854,148.0575645766388,16.088982402395146,0.16647180435170886,0.0,0.0,156.2309997558594,160.41399993896485,152.0479995727539,5.354891397535969,0.03848858837421258,0.0,0.0,151.3800048828125,174.89999389648438,163.13999938964844,14.607781526589392,0.04209144119070511,4.42060320506989,8.87842713006062,-2.0178089432235993,-0.9256605295589029,-1.0921484136646964,156.43083318074545,163.4923083965595,157.39378839498434,159.41159733820794,0.6763293460628971,1.1796334314681305,-0.5033040854052334,-0.08289536696764661,25.516615271201196,-2.0999961853027287,-37.895122242149824,0.34522930490519205,-38.24035154705501,157.81999969482422,163.76499938964844,160.79249954223633,156.5399932861328,0.6880080600443739,22.340981362718768,21.223728287715577,30.0047448168761,-98.15527613559813,156.73999786376953,148.42499542236328,20.0,100.0,-80.0,,164.25999450683594,0.0,1.0,40.07720952878906,0.21719752105871432,0.23142735291186348,0.3416805887648535,-12.227821229832289,43.4432425771736,5.032996067777887,8.554831758035142,-94.96700393222211,-6.9962344898897015,-5.58310168113311,-1.2657855368845041,-0.5817484663712666,-0.6840370705132375,9.117552837660266,6.167076059075613,2.9504767785846537,157.77226500407812,-1.8929898188280392,-1.9111362426848189,671.3123394703664,19.914842727235225,11660408.179677084
2022-09-16,151.2100067138672,151.35000610351562,148.3699951171875,150.6999969482422,149.42347717285156,162278800,-1.6699981689453125,0,12595874357.037817,7519250400,-0.11982314069452653,-129144167.17438643,-6.335424925646322,-5.081681360962867,128668938.31125078,156.16986220851484,26.84898436900464,16045.928022475771,159.8375,172.0438057109468,147.6311942890532,15.273394179647196,0.12570562838012603,0.0,0.0,155.54333292643227,159.64933420817056,151.437331644694,5.2795593414219795,-0.08978744109642298,0.0,1.0,148.3699951171875,173.74000549316406,161.05500030517578,15.87237686774165,0.09184079141177723,4.378542884562901,8.964345302885071,-2.4023192793630983,-1.220992279519742,-1.1813269998433562,155.74666595458984,162.77923114483173,156.36397432625478,158.76629360561788,0.6714219894477546,1.2494850247843539,-0.5780630353365993,-0.11231632496438033,25.606798373620276,-2.6174987792968807,-47.37066573269362,-10.393792948975577,-36.976872783718036,156.31499481201172,162.25999450683594,159.28749465942383,158.61499786376953,0.34400403002218694,22.540064120907946,19.786730316531624,33.06818823511213,-124.68805464994732,159.81499862670898,149.18999481201172,16.0,100.0,-84.0,,164.00239471435546,0.0,0.0,38.27897578319197,0.11869987667156423,0.206146272081099,0.27738982767722664,-14.260913298410715,44.4947839816971,14.663322344572087,11.337719269913457,-85.33667765542792,-7.9369703405043595,-5.166450522098118,-1.5131166854159612,-0.7680221101802056,-0.7450945752357556,14.827898060052014,7.899240459270894,6.92865760078112,157.47349644452026,-1.0960151095764759,-1.1020656053601918,662.8586396877433,20.001223854523744,84241496.59528401
2022-09-19,149.30999755859375,154.55999755859375,149.10000610351562,154.47999572753906,153.17144775390625,81474200,3.779998779296875,1,12674960976.310871,7600724600,-0.03640127084665369,-66698946.643161304,13.201958204600398,-2.3547218959705467,130712550.67210545,155.6526027867326,33.00663990250101,16448.407050783087,158.9854995727539,170.1450098392331,147.8259893062747,14.038400101227422,0.29813165015187054,0.0,0.0,155.10999959309896,159.2230000813802,150.99699910481772,5.303333761937856,0.42341310591198494,0.0,0.0,148.3699951171875,171.0500030517578,159.70999908447266,14.26545690991878,0.26940028539576966,4.486687741614423,8.856371619489071,-2.374658594179607,-1.4517255424517153,-0.9229330517278918,155.51833216349283,162.2403846153846,156.0741314649139,158.4487900590935,0.739614064482833,1.0787645915886936,-0.3391505271058607,-0.13650995285108436,25.754330254075057,-1.0254928588867074,-51.15522505131961,-19.89811963814051,-31.2571054131791,156.31499481201172,162.25999450683594,159.28749465942383,159.13499450683594,0.17200201501109347,21.83407618259193,23.31740795405172,30.074857460627445,-88.12805735359663,160.93250274658203,150.01499938964844,12.0,96.0,-84.0,,163.37709873046873,0.0,0.0,44.36403288501248,0.4520068185294498,0.2626347387532426,0.23340278791540195,-13.853227135933329,50.466010901327984,38.451861831611716,19.38272674798726,-61.548138168388284,-9.620793376249424,-1.7427842970931435,-1.4986915288491491,-0.9141559939139944,-0.5845355349351548,12.182781149202345,8.755948597257184,3.426832551945161,157.4497530246579,2.5082938658552933,2.47735250813097,681.9933761521781,25.136746055225302,-35646538.47776346
2022-09-20,153.39999389648438,158.0800018310547,153.0800018310547,156.89999389648438,155.57095336914062,107689800,2.4199981689453125,1,12731820848.921955,7708414400,0.025632548177660783,-19940651.577840135,17.41111971607339,-0.5696867063387676,132399559.51481496,155.44044972802843,40.54692126173721,16448.407050783087,158.45199890136718,168.91752753781608,147.98647026491827,13.209714877706865,0.4258515714400923,0.0,0.0,155.20166625976563,159.47466735839845,150.9286651611328,5.506385597021838,0.6987277322795609,0.0,0.0,148.3699951171875,171.0500030517578,159.70999908447266,14.313488054314865,0.37610210736720723,4.538018967452981,8.593080064343013,-2.132877193801704,-1.5879558727217131,-0.544921321079991,155.42999776204428,161.65576876126804,156.20118722361704,158.33406441741874,0.8339241188347464,1.0191034619427022,-0.1851793431079558,-0.15300751908849494,25.950599989833705,-2.642001342773426,-52.53657373203109,-28.047742424475665,-24.488831307555422,156.31499481201172,162.25999450683594,159.28749465942383,159.13499450683594,0.08600100750554673,20.33109122150026,27.176032484778247,27.61009570684671,-38.34850814289243,161.52249908447266,150.60499572753906,8.0,92.0,-84.0,,162.77681458593747,0.0,0.0,47.90510492762271,0.6459678403689596,0.40555817852332443,0.2914463964525556,-12.324326652435303,51.54309531297279,53.68155510977398,35.59891309531929,-46.31844489022602,-9.735791778564447,-0.6710640493343021,-1.3470741129835235,-1.0007396177279002,-0.3463344952556233,12.138705329140784,9.432499943633905,2.7062053855068786,157.4434852329673,1.566544689199456,1.554401037510278,694.2436518561816,25.896453523335964,26249855.264758244
2022-09-21,157.33999633789062,158.74000549316406,153.60000610351562,153.72000122070312,152.41790771484375,101696800,-3.17999267578125,0,12634872344.985247,7606717600,-0.017000181272389538,-63291284.08820449,2.9820210977492505,0.000753460898918114,130338405.32915099,155.24290604163056,40.17841101603786,16115.036649352302,157.7764991760254,167.61366364951516,147.93933470253563,12.4697461597431,0.293817722258576,0.0,0.0,155.19566650390624,159.67666778564453,150.71466522216798,5.774647427575546,0.33534201505174677,0.0,0.0,148.3699951171875,171.0500030517578,159.70999908447266,14.374769406733426,0.23589083914564266,4.598217009672527,8.325955179944538,-2.1728156583109524,-1.7049278298395611,-0.4678878284713912,155.25583140055338,160.90692256047174,155.81946630009182,157.99228195840277,0.8546767820785128,0.9789822218231199,-0.12430543974460706,-0.16719250845067227,26.17693032849882,-3.2465003967285213,-54.688028400162814,-34.86725373320965,-19.820774666953163,156.31499481201172,162.25999450683594,159.28749465942383,159.13499450683594,0.04300050375277337,18.972185773206263,25.983570253265842,25.313418722751013,-44.204488473034424,162.4124984741211,151.21499633789062,4.0,88.0,-84.0,,162.20054180718748,0.0,0.0,43.9468593916057,0.4291562817169054,0.5090436468717715,0.39241218804944644,-12.36911005780569,43.3201752107336,33.66901390191931,41.93414361443504,-66.3309860980807,-9.35220327938302,-1.341374989178511,-1.3752669632830705,-1.0756450868389344,-0.29962187644413607,11.455965070531267,9.837192969013378,1.618772101517889,157.40437323504926,-2.026764053209118,-2.047584720058726,678.1462070254652,21.15982611664319,11680784.109967276
2022-09-22,152.3800048828125,154.47000122070312,150.91000366210938,152.74000549316406,151.4462127685547,86652500,-0.9799957275390625,0,12637306554.206533,7520065100,-0.026699918920326516,-66380969.18711508,-14.297110244461091,-0.18510459457466424,129785978.32481694,154.98003634497678,39.872592178771086,16012.300070246853,157.03699951171876,166.0163908433039,148.05760818013363,11.436019994657443,0.26073021767967935,0.0,0.0,155.0163335164388,159.48533376057944,150.54733327229818,5.765844337515198,0.2453202171716964,0.0,0.0,148.3699951171875,171.0500030517578,159.70999908447266,14.442461334010545,0.19268116609939603,4.494395064564649,8.119430006393493,-2.2575213434331545,-1.8154465325582798,-0.44207481087487466,155.10666529337564,160.1265382033128,155.345703099026,157.60322444245915,0.8509487927588504,1.0106896551724138,-0.15974086241356344,-0.18010411401142307,26.273016872511697,-1.0769927978515739,-55.643949985853446,-40.3783521411719,-15.265597844681544,156.31499481201172,162.25999450683594,159.28749465942383,159.13499450683594,0.021500251876386683,18.129671625516753,24.465613387560687,28.248929661209427,-88.20078528316348,163.13500213623047,151.375,0.0,84.0,-84.0,,161.64731993958748,0.0,0.0,42.77390117306696,0.36490789255532213,0.4800106715470623,0.46487083231405296,-12.774939610951892,49.90670391542704,27.501639671700755,38.284069561131375,-72.49836032829924,-9.0903216193704,-1.1583467936794074,-1.4324080940725767,-1.146997688285663,-0.2854104057869138,9.559711367736886,9.78169664875808,-0.22198528102119397,157.36306449621912,-0.6375199842290069,-0.6395608213339621,673.1853694491579,21.551515739977248,-1050305.3696658015
2022-09-23,151.19000244140625,151.47000122070312,148.55999755859375,150.42999267578125,149.15576171875,96029900,-2.3100128173828125,0,12664696048.100927,7424035200,-0.03565005561265742,-88588016.42495432,-8.10608849615483,-1.3244193037098344,128333639.10867152,154.52092700819088,33.660457698773385,16012.300070246853,156.05699920654297,163.25107789430655,148.8629205187794,9.219809075326566,0.10891402673057328,0.0,0.0,154.36699981689452,158.81999969482422,149.91399993896485,5.76936765398265,0.057937654498241196,0.0,0.0,148.3699951171875,171.0500030517578,159.70999908447266,14.53315650684344,0.09082878474013982,4.462956351565215,7.887422655621395,-2.4824339842353993,-1.9488440228937038,-0.5335899613416955,154.6458307902018,159.19884549654446,154.58943995698834,157.07187394122374,0.788069408428768,1.0671676960091276,-0.2790982875803596,-0.19408710779313593,26.35381388407158,-1.5969924926757812,-59.15133334619684,-45.583844107053054,-13.56748923914379,154.45499420166016,161.63499450683594,158.04499435424805,159.13499450683594,0.010750125938193342,17.83154013511456,22.782641824064108,30.173048318023515,-142.11004349823045,164.35499572753906,152.5949935913086,0.0,80.0,-80.0,,161.11622694669148,0.0,0.0,40.059727814914986,0.21623996610198928,0.33676804679140543,0.4419407884034133,-13.95998762722203,50.14158606831644,12.964113516176333,24.71158902993216,-87.03588648382366,-8.635498226390155,-3.545789817918901,-1.5804446219087738,-1.2336870750102853,-0.3467575468984885,8.743553490578439,9.574068017122151,-0.8305145265437126,157.12321680674546,-1.5123823060790742,-1.5239354403205674,661.4918507284166,20.02050000609691,16811606.18650484
2022-09-26,149.66000366210938,153.77000427246094,149.63999938964844,150.77000427246094,149.49290466308594,93339400,0.3400115966796875,1,12622433574.521877,7517374600,-0.016111329912791933,-71398802.87465742,7.477783588680512,-0.0407824725608286,128544610.85614428,154.27750315659773,39.89101045599212,16048.492106266778,155.41449966430665,162.06688473857542,148.76211459003787,8.560829380318884,0.1509150222068116,0.0,0.0,153.27333374023436,157.6433349609375,148.90333251953126,5.702232885609884,0.21357794410745448,0.0,0.0,148.3699951171875,164.25999450683594,156.31499481201172,10.224270852443391,0.15103897089114596,4.429661204689944,7.55653902282918,-2.603234313513582,-2.0797220810176795,-0.5235122324959023,154.3383305867513,158.2996151263897,154.00183446706106,156.60506878057464,0.8262057775132572,0.9819532545140004,-0.1557474770007432,-0.2074419487404832,26.434128242601908,1.9554954528808537,-64.0654247597053,-50.249437746179915,-13.81598701352538,153.55500030517578,161.05500030517578,157.30500030517578,159.6999969482422,0.005375062969096671,16.972939105034122,25.027011704116596,28.115170732675665,-110.67792852727693,164.6999969482422,152.5949935913086,0.0,76.0,-76.0,,160.60637767351133,0.0,0.0,40.65661881716737,0.19926341059392635,0.26013708975041244,0.358971936029627,-14.731751320720157,50.03737962270027,15.103897089114596,18.523216758997254,-84.8961029108854,-8.239910125732422,-2.388969494376545,-1.6622925003539144,-1.319408160079011,-0.34288434027490333,7.781957470530886,9.215645907803898,-1.4336884372730125,156.43001511843752,0.22602646628622214,0.22577141072535056,663.2130238496756,21.9086348438191,11118955.423481941
2022-09-27,152.74000549316406,154.72000122070312,149.9499969482422,151.75999450683594,150.47450256347656,84442700,0.989990234375,1,12602075127.747173,7601817300,-0.027528415304196592,-49256481.2690981,3.558732241439896,0.2758976086237836,129099080.88330688,154.07384578718498,39.67970649523245,16153.870165638169,154.93349914550782,161.16907548349025,148.6979228075254,8.049358431033948,0.24553237209676254,0.0,0.0,152.89600067138673,157.0260025024414,148.76599884033203,5.402367377719883,0.36246904831750704,0.0,0.0,148.3699951171875,164.25999450683594,156.31499481201172,10.256012726289192,0.2133416941385698,4.463695511467043,7.276718561378782,-2.5892383782855006,-2.181625340471244,-0.4076130378142566,153.87083053588867,157.53961475078876,153.65693601164182,156.24617438992732,0.8363637757975564,0.962158208246241,-0.1257944324486846,-0.21823294139034144,26.51908359510976,8.496493530273426,-64.46483798348049,-54.107906803732554,-10.356931179747939,153.55500030517578,159.70999908447266,156.63249969482422,161.42499542236328,0.0026875314845483354,15.94278872613319,24.627349602580722,25.91664284604247,-81.9236076426226,165.56249618530273,152.5949935913086,16.0,72.0,-56.0,,160.11692237125837,0.0,0.0,42.45349093206782,0.30419559468508534,0.23989965712700015,0.2789349312229396,-14.855642562381227,47.734248829407356,21.33416941385698,16.467393339715997,-78.66583058614302,-8.530087011000688,-3.564847673899975,-1.6571531356817784,-1.3869571551995645,-0.2701959804822138,6.193270809605177,8.611170888164155,-2.4179000785589784,156.3548223798345,0.6566228071373859,0.6544764301935402,668.2244546313156,23.085213085748194,3773550.8778582215
2022-09-28,147.63999938964844,150.63999938964844,144.83999633789062,149.83999633789062,148.57077026367188,146691400,-1.9199981689453125,0,12708299801.568104,7455125900,0.04942052638038514,-82455158.14494473,-18.168086951865618,-0.829918496095236,127243208.25814453,153.47245305702492,38.11980605918586,16153.870165638169,154.47999877929686,160.8113492256331,148.14864833296062,8.19698407090454,0.13356929293881817,0.0,0.0,152.20600026448568,156.56700185139974,147.84499867757162,5.730393781238612,0.22873159073197064,0.0,0.0,144.83999633789062,164.25999450683594,154.54999542236328,12.571205542725538,0.2574665536269485,4.70932577721487,7.129045561062671,-2.701928158996651,-2.2856859041763253,-0.41624225482032573,152.73833084106445,156.8576912513146,153.0697145233724,155.77164268236905,0.7690791366999387,1.001269736175126,-0.23219059947518728,-0.22878609177665404,26.68010320422811,-0.6400024414062386,-66.93059895056724,-57.33407088244561,-9.596528068121636,151.79000091552734,157.94499969482422,154.86750030517578,160.4949951171875,0.0013437657422741677,16.040446150787446,21.9461921125154,31.134446821946067,-159.979244622511,166.47499465942383,152.5949935913086,12.0,100.0,-88.0,,159.64704528109553,0.0,0.0,39.92837618824369,0.10251371374443781,0.2019909063411497,0.23400921773952102,-15.681185378748264,46.75651379623988,25.74665536269485,20.728240621888837,-74.25334463730515,-9.616676913990688,-8.315484884620282,-1.734544306312607,-1.456474585422173,-0.2780697208904339,9.968120258844415,8.882560762300209,1.0855594965442066,156.02514774084057,-1.2651543479456517,-1.2732255734667852,658.5052295415658,20.78084710741112,71208666.48531263
2022-09-29,146.10000610351562,146.72000122070312,140.67999267578125,142.47999572753906,141.27308654785156,128138200,-7.3600006103515625,0,12656535384.595505,7326987700,0.06480471385009577,-205404025.582717,-19.04322056285897,-2.7590866158606486,120949179.60585694,152.45520324469112,32.15361350967237,15360.407157199934,153.74299850463868,161.8183816427686,145.66761536650876,10.505041812211402,-0.19736646450361947,0.0,1.0,151.235666402181,155.8146687825521,146.6566640218099,6.05545304134035,-0.4560674954194199,0.0,1.0,140.67999267578125,164.25999450683594,152.4699935913086,15.337284988846655,0.0763360013563367,5.1543935657043205,7.6551206408592165,-3.346549224949399,-2.4978585683309404,-0.8486906566184587,151.79166412353516,155.90576817439154,151.44052701632114,154.78707624127054,0.6684053740223751,1.034424495558656,-0.3660191215362808,-0.24732128885104845,26.903238853486194,1.5669990539550724,-70.51628401947724,-59.90580624764378,-10.610477771833459,149.70999908447266,155.86499786376953,152.7874984741211,158.4149932861328,0.0006718828711370839,16.823467972608647,18.997817212166506,33.052959065627306,-234.97642370429455,166.46499633789062,152.5949935913086,8.0,100.0,-92.0,,158.75862234450324,0.0,0.0,32.05697617133043,0.0,0.13556976947650756,0.1924867776482194,-19.05423248377507,39.191549268673256,7.63360013563367,18.238141637395195,-92.36639986436633,-10.653207217945777,-7.384295944339936,-2.1620340058190957,-1.5975864695015576,-0.5644475363175381,11.133788026488002,9.332806215137769,1.8009818113502334,154.779903572266,-4.911906560485157,-5.036642470068564,621.2481614100906,14.43947570924243,19698539.672284454
2022-09-30,141.27999877929688,143.10000610351562,138.0,138.1999969482422,137.02935791015625,124925300,-4.279998779296875,0,12541407986.108217,7202062400,-0.021956034653471786,-252443469.28565687,-12.859675420517124,-5.5325025344567385,117196511.52938007,150.72420057510524,24.630165660047595,14898.991338462569,152.75499801635743,163.05390964804474,142.45608638467013,13.484222140586807,-0.20662811705913497,0.0,1.0,150.19833323160807,154.9893351236979,145.4073313395182,6.37956732143233,-0.7521740288994287,0.0,1.0,138.0,164.25999450683594,151.12999725341797,17.1909232744214,0.007616031609988524,5.148954819485451,8.226236421933086,-4.154881310583363,-2.829263116781425,-1.325618193801938,150.3658307393392,154.77769118088943,149.40352239046285,153.55840370104622,0.5897199370824587,1.1558079038887905,-0.5660879668063318,-0.2752891958042814,27.128320563977756,-0.38500289916993324,-76.27016597087707,-62.69635523870573,-13.573810732171346,148.37000274658203,154.5250015258789,151.44750213623047,157.0749969482422,0.00033594143556854193,17.942700035341858,17.58156442637936,34.50633959292756,-248.98067878563432,167.22999572753906,152.5949935913086,4.0,100.0,-96.0,,157.31233197100548,0.0,0.0,28.53418943090965,0.0,0.034171237914812455,0.1239106379108235,-23.139069679540103,37.34623309187584,0.887298171314145,11.422517889880917,-99.11270182868586,-11.656941986083979,-11.01667689093645,-2.7057335908963056,-1.8192158937805072,-0.8865176971157984,11.601304160069908,9.786505804124197,1.8147983559457117,152.8899486215095,-3.0039296095161427,-3.049971974362986,599.5823743314021,14.431286514042114,20228467.973623842
2022-10-03,138.2100067138672,143.07000732421875,137.69000244140625,142.4499969482422,141.2433624267578,114311700,4.25,1,12629372334.52051,7316374100,0.04726571916133321,-146976584.38770592,-0.8000851872511435,-3.5750097864675126,120711885.88341822,149.56859499766463,32.116555033641475,15357.173064849876,152.08699798583984,163.207011007252,140.9669849644277,14.623226401572452,0.06668211543272826,0.0,0.0,149.03400014241538,153.81700337727867,144.25099690755206,6.418673900308268,-0.18827082806283632,0.0,1.0,137.69000244140625,164.25999450683594,150.9749984741211,17.470258744868843,0.17914926339135734,5.172059825818156,8.200810931200731,-4.401809510888228,-3.143772395602786,-1.258037115285442,149.5391642252604,153.716921879695,148.33374924550583,152.73555875639406,0.6835664271082255,1.1547993139413626,-0.47123288683313713,-0.30278482557299063,27.01339033549832,-1.3870010375976562,-82.67629129709357,-66.04521274593489,-16.63107855115868,148.21500396728516,154.37000274658203,151.2925033569336,156.9199981689453,0.00016797071778427096,19.026742333548775,16.20883328791888,32.262045156941916,-182.23976547974127,167.33749771118164,152.5949935913086,0.0,100.0,-100.0,,155.38109877390494,0.0,0.0,36.04935721239347,0.3879614147694271,0.1293204715898089,0.09968715966037656,-24.042701882330753,43.3927132854465,22.612797229207274,10.377898512051724,-77.38720277079273,-12.981059085621553,-6.510466946800031,-2.8819808214463696,-2.0317688793136797,-0.8502119421326899,11.025342896293674,10.034273222558092,0.9910696737355824,151.80110351050422,3.0752533240588242,3.028915026917023,621.0963045525581,22.087524305396897,10207546.111934453
2022-10-04,145.02999877929688,146.22000122070312,144.25999450683594,146.10000610351562,144.86244201660156,87830100,3.6500091552734375,1,12706448202.846174,7404204200,0.10240727991049633,-80182691.03109345,10.845506121504117,-2.3469076269079028,122962364.47925183,148.99575478572993,37.939222162732854,15750.67129922462,151.66549835205078,163.019757712118,140.31123899198354,14.972765043386946,0.2549161036382123,0.0,0.0,147.9846669514974,152.4636708577474,143.5056630452474,6.053335117101034,0.2896116092517905,0.0,0.0,137.69000244140625,164.25999450683594,150.9749984741211,17.518811037533784,0.31652262602861897,5.031854270482434,8.079860450073975,-4.253939883231908,-3.3658058931286106,-0.8881339901032974,149.15583165486655,153.04307614839993,147.99009645443041,152.24403633766232,0.7489364842762001,1.0687943979261902,-0.31985791364999017,-0.3238091276301749,26.833930257294128,2.814497375488287,-85.84564664992563,-69.50717032924187,-16.338476320683753,146.2050018310547,150.9749984741211,148.5900001525879,156.9199981689453,8.398535889213548e-05,19.156634316250965,19.95610664019794,30.466897970228107,-94.13743876968202,166.66499710083008,152.5949935913086,36.0,96.0,-60.0,,153.25816721400508,0.0,0.0,41.71782656788407,0.6805892648290925,0.35618355986617306,0.17322508979026507,-22.85635283191248,47.13488866668835,39.952505666772744,21.150867022431417,-60.047494333227256,-13.592853231991029,-3.0524160171724666,-2.7941586321299883,-2.1842468298769413,-0.609911802253047,8.49855119152932,9.727128816352337,-1.2285776248230178,151.33225457409708,2.562309044204225,2.530032101238433,639.5730203815307,24.48507345312271,-10835866.91781354
2022-10-05,144.07000732421875,147.3800048828125,143.00999450683594,146.39999389648438,145.15989685058594,79471000,0.29998779296875,1,12750275144.185522,7483675200,0.1013240866761761,-65322259.47022016,-0.24743927368595078,-1.741429292313821,123125542.63735628,148.57291324221134,43.53680332578377,15783.012222725218,151.18749771118163,162.58319050211648,139.7918049202468,15.074914213745908,0.2899423974246801,0.0,0.0,147.00899963378907,151.41100463867187,142.60699462890625,5.98875581202314,0.430826323842299,0.0,0.0,137.69000244140625,164.25999450683594,150.9749984741211,17.574199234507606,0.32781309959105054,4.965669881031847,8.068846453542376,-4.065679013312973,-3.505780517165483,-0.5598984961474902,148.4824981689453,152.466921879695,147.7454652916695,151.81114430498246,0.7652948102503567,1.0267830985867021,-0.2614882883363454,-0.3386476436605036,26.610976690752704,5.71249618530274,-88.62601133764483,-73.17184381277426,-15.45416752487057,146.2050018310547,150.9749984741211,148.5900001525879,156.9199981689453,4.199267944606774e-05,19.491585363541414,18.659987774441642,30.3459088892269,-81.87110286645677,165.72999954223633,152.5949935913086,32.0,92.0,-60.0,,151.38998744129321,0.0,0.0,42.17151428503466,0.7040103425384852,0.5908536740456681,0.35878590183388365,-21.79064122002593,51.13490519536579,41.37762561678481,34.64764283758831,-58.62237438321519,-13.24405872120576,-5.230451873720677,-2.6781163082106727,-2.283020725543688,-0.39509558266698486,5.751230489644707,8.93194915101081,-3.180718661366104,151.0676888904551,0.20533044519943644,0.2051199303589435,641.0915889568549,22.838994162225163,-3776054.136709735
2022-10-06,145.80999755859375,147.5399932861328,145.22000122070312,145.42999267578125,144.19810485839844,68402200,-0.970001220703125,0,12694255639.559856,7415273000,0.07600990287356182,-65469110.61715718,4.019146947745908,-1.0018170156429473,122672330.75030051,148.26888969078425,51.358552083709405,15678.43885004297,150.73599700927736,162.29170176762437,139.18029225093034,15.3323757929379,0.27041623836644735,0.0,0.0,146.34466552734375,150.62266998291017,142.06666107177733,5.846478161880242,0.393095850990483,0.0,0.0,137.69000244140625,164.25999450683594,150.9749984741211,17.626839369891442,0.2913057036417233,4.701102099471631,8.03677755638215,-3.9492276711441434,-3.5944699479612154,-0.354757723182928,147.52666473388672,151.9484599186824,147.389238735379,151.33846640652314,0.8488307510974273,0.9836846018693441,-0.1348538507719168,-0.3492866257863512,26.369764131114202,2.98400421142577,-89.7487272340735,-76.57155424476053,-13.177172989312965,146.2050018310547,150.9749984741211,148.5900001525879,156.9199981689453,2.099633972303387e-05,19.756627864664615,18.238800598714956,29.259424451911027,-66.80730366321451,164.89249801635742,152.5949935913086,28.000000000000004,88.0,-60.0,,149.74598924130677,0.0,0.0,41.05855737549876,0.6465552929965699,0.6770516334547158,0.5413629557888525,-21.263312770479022,50.3922712052203,36.76954447628292,39.366558586613515,-63.23045552371708,-11.895411682128895,-7.310389845056668,-2.6095332964031672,-2.348323239715584,-0.26121005668758324,2.58185539175781,7.661930399160211,-5.0800750074024,150.765714208203,-0.662569167447502,-0.6647739009414622,636.1813445858801,21.381002098051084,-6845595.451847881
2022-10-07,142.5399932861328,143.10000610351562,139.4499969482422,140.08999633789062,138.90335083007812,85925600,-5.339996337890625,0,12638462748.391956,7329347400,0.024808020027103774,-121665293.29057112,-21.68536634384789,-3.4937687691035393,119517256.74604069,147.55955549215867,45.4429248237075,15678.43885004297,149.8719970703125,161.8892267329194,137.85476740770557,16.036657811357564,0.09300100742603958,0.0,0.0,145.4173324584961,149.76933746337892,141.0653274536133,5.9855382179080046,-0.11205537615746959,0.0,1.0,137.69000244140625,164.25999450683594,150.9749984741211,17.72845667290626,0.09032723421874919,4.828991462278374,8.405155085382603,-4.238968034904616,-3.7233695653498957,-0.5155984695547202,146.39083099365234,151.28961357703577,146.26627836653464,150.50524640143925,0.7841789734062466,1.060045649519451,-0.27586667611320437,-0.3626682010060963,26.15661943418242,2.868008422851574,-92.55126345355285,-79.73664743296582,-12.814616020587025,146.2050018310547,150.9749984741211,148.5900001525879,156.9199981689453,1.0498169861516935e-05,20.924196681257616,16.589997695229016,35.33698348277747,-123.87686030553506,164.79750061035156,152.97999572753906,24.0,84.0,-60.0,,148.2992708253187,0.0,0.0,35.50355380046429,0.3597849761275987,0.5701168705542178,0.6126740593515342,-22.565362687547914,41.99815836002489,11.401394529888012,29.84952154098528,-88.59860547011199,-10.831294340245876,-8.866773858037675,-2.8164918740427907,-2.4419569665810252,-0.37453490746176543,1.4552390475896646,6.420592128846101,-4.965353081256437,149.9507540341378,-3.671867294799025,-3.7409773760211706,609.1497425636195,16.4226063848495,19424184.274329968
2022-10-10,140.4199981689453,141.88999938964844,138.57000732421875,140.4199981689453,139.23056030273438,74899000,0.3300018310546875,1,12647035311.906818,7404246400,-0.005069622693752344,-100753564.65703739,-4.632085380695322,-5.068283418872732,119693691.95048276,146.49939887807605,38.51051901100589,15715.371633709507,148.72149734497071,159.68614134149422,137.7568533484472,14.745203877406087,0.1214423752081003,0.0,0.0,144.30733235677081,148.57833607991535,140.0363286336263,5.919316299999671,0.04491561705272,0.0,0.0,137.69000244140625,160.5399932861328,149.11499786376953,15.36428240210915,0.11947469677735581,4.678091522593506,8.651782862817868,-4.3913403329814855,-3.856963718876214,-0.5343766141052715,145.36416371663412,150.61499786376953,145.36685064382857,149.75819097681006,0.7074893294940648,1.1309837793073407,-0.4234944498132759,-0.3763143034966469,25.880393180750172,1.7084953308105355,-97.53228252073491,-83.4108079371052,-14.121474583629706,144.16500091552734,150.9749984741211,147.56999969482422,156.9199981689453,5.249084930758468e-06,22.13090730571528,15.739293531297143,34.884135565612176,-117.56563169604242,164.06999969482422,154.73500061035156,20.0,80.0,-60.0,,147.5399932861328,0.0,0.0,36.07910449348539,0.48952680371513024,0.4986223576130995,0.5819302872073446,-23.42299497980341,46.19657674479411,12.969098963199865,20.38001265645696,-87.03090103680013,-10.029824155919698,-8.065999005591326,-2.932287245417836,-2.5400230223483877,-0.3922642230694482,-0.39925848367625477,5.056622006341629,-5.4558804900178846,149.2217369922482,0.23556416566585803,0.23528714823566332,610.820245238011,19.75117421328204,1553049.4426690936
2022-10-11,139.89999389648438,141.35000610351562,138.22000122070312,138.97999572753906,137.80274963378906,77033700,-1.44000244140625,0,12607410619.900852,7327212700,0.028632848931122497,-102207157.71611159,-1.808106345209794,-5.4104353790840936,118903713.90236247,145.43246716336807,39.5027538896969,15715.371633709507,147.97849731445314,159.45694608392898,136.5000485449773,15.513671212763072,0.10802623387389207,0.0,0.0,143.04466603597007,147.15166982014975,138.93766225179036,5.742267639881025,0.005153815040513882,0.0,0.0,137.69000244140625,158.74000549316406,148.21500396728516,14.225041768755581,0.061282332499476275,4.523282858615405,8.839056991112713,-4.5755485637467075,-4.000680687850313,-0.5748678758963948,144.4099973042806,149.96769010103665,144.38425757978402,148.95980614353073,0.6854291899200143,1.1531243910570466,-0.4676952011370322,-0.39072944148974875,25.661174832413945,2.791506958007801,-103.68674834922366,-87.49482453695592,-16.191923812267746,142.61499786376953,150.9749984741211,146.7949981689453,156.9199981689453,2.624542465379234e-06,23.30192224777156,14.960417057221106,33.711223144857236,-113.33585847951794,164.1349983215332,154.95999908447266,16.0,76.0,-60.0,,146.35799438476562,0.0,0.0,34.62701169489216,0.42787539342839614,0.42572905775704156,0.49815609530811994,-24.5623142132994,49.9900154933434,7.574828999406852,10.648440830831605,-92.42517100059315,-10.30038191851449,-7.6115120027427885,-3.0716665671126893,-2.646351731301248,-0.42531483581144114,-1.7025352713227255,3.704790550808759,-5.407325822131485,148.15714161722167,-1.025496695758199,-1.030791140463183,603.530807110315,18.83337311524754,9079371.19212152
2022-10-12,139.1300048828125,140.36000061035156,138.16000366210938,138.33999633789062,137.16818237304688,70433700,-0.6399993896484375,0,12548501981.459055,7256779000,2.2395367077512106e-05,-94045781.61533582,-1.6398425111219284,-4.506344826702724,118579368.4829033,144.6165661788411,40.20937735058725,15643.002742049803,147.12999725341797,158.8220859371496,135.43790856968633,15.893548429275217,0.12410476206198548,0.0,0.0,142.09599965413412,145.84300282796224,138.34899648030597,5.273903815657654,-0.001200978755263586,0.0,1.0,137.69000244140625,158.74000549316406,148.21500396728516,14.307077716790213,0.030878565427575853,4.2909542675780825,8.981000206480275,-4.718782330457827,-4.144301016371816,-0.574481314086011,143.37416330973306,149.34499769944412,143.45437123487736,148.17315356533518,0.7194503160781557,1.10566960550872,-0.3862192894305644,-0.4052039616090312,25.46053316757684,4.629997253417969,-108.52479912437745,-91.71799288194484,-16.806806242432614,142.61499786376953,150.9749984741211,146.7949981689453,156.9199981689453,1.312271232689617e-06,24.39849012872994,14.420262236655898,32.59252518253521,-108.11296970160441,163.64500045776367,154.95999908447266,12.0,72.0,-60.0,,145.3178353515625,0.0,0.0,33.97257431949653,0.3907081751289297,0.4360367907574852,0.4534627353758757,-25.68462540253155,42.7424929763507,3.816758326926971,8.120228763177925,-96.18324167307303,-10.666205013499535,-8.244350721187006,-3.1846405485168647,-2.7540094947443716,-0.4306310537724931,-3.3325964573119835,2.2973131491846104,-5.629909606496594,147.23201372008705,-0.4604974883602009,-0.4615610443994278,600.2910654137318,19.283491339948952,3108474.103045106
2022-10-13,134.99000549316406,143.58999633789062,134.3699951171875,142.99000549316406,141.77877807617188,113224000,4.6500091552734375,1,12646989895.903929,7370003000,0.07184319415196445,-5397436.156476483,-2.2801344502397582,-4.090205251994505,122385156.03916967,143.86156579324873,48.09118620139764,15643.002742049803,146.6609977722168,158.22652787538584,135.09546766904776,15.771787017475198,0.34129597838118714,0.0,0.0,141.79833323160807,145.86333567301432,137.73333079020182,5.733498199540368,0.6465770659099217,0.0,0.0,134.3699951171875,158.74000549316406,146.55500030517578,16.616558421228177,0.35371385744152106,4.783858962890586,8.861387227816259,-4.4062863195634066,-4.196698077010135,-0.2095882425532718,142.6433308919271,148.84615149864783,143.38293035153686,147.78921667110026,0.7372798990825046,1.0269457410997347,-0.2896658420172301,-0.4125438666069383,25.534707393163465,3.1789985656738224,-106.4133354521283,-95.06723393541718,-11.346101516711116,140.95499420166016,149.31499481201172,145.13499450683594,155.25999450683594,6.561356163448085e-07,25.96320752751003,12.399671655303008,33.78550006372373,-81.99818641272954,163.60499954223633,154.95999908447266,8.0,100.0,-92.0,,144.40249540234376,0.0,0.0,42.47885202389803,1.0,0.6061945228524418,0.48932012378898976,-24.138809273171695,50.23847740090572,42.358760641783725,17.916782656039214,-57.641239358216275,-11.256058053409362,-5.7788543299379445,-2.9814667259313263,-2.799500940981763,-0.1819657849495635,-0.7383125554670413,1.6901880082542802,-2.4285005637213217,147.20725568187504,3.36129050048255,3.306033946054221,623.8298824712116,24.596889829395337,50261427.74982216
2022-10-14,144.30999755859375,144.52000427246094,138.19000244140625,138.3800048828125,137.2078399658203,88598000,-4.6100006103515625,0,12563710642.012697,7281405000,-0.01682898712768827,-62974493.00211237,16.968557577864328,-3.412292824195661,119528754.76365916,143.10806811864865,47.63382926574411,15138.672023690411,146.0449981689453,157.99053835348582,134.0994579844048,16.358711813905284,0.17916924778116877,0.0,0.0,141.85800018310547,146.04600219726564,137.6699981689453,5.904498877404773,0.08476675888246536,0.0,0.0,134.3699951171875,158.74000549316406,146.55500030517578,16.68664499402113,0.16454690432048327,4.9384732497069965,8.932536393228645,-4.478988509921351,-4.253156163592378,-0.2258323463289731,141.6883316040039,148.2276898897611,142.61324951019463,147.09223802011599,0.7833822772078437,1.0451576942590541,-0.26177541705121044,-0.41985485456057575,25.686033756358015,-3.56500244140625,-103.88347303045475,-97.4235874613462,-6.45988556910855,140.95499420166016,149.31499481201172,145.13499450683594,155.25999450683594,3.2806780817240423e-07,27.082740188015805,12.614870398234096,30.613880493103146,-74.43953320995675,163.13999557495117,154.95999908447266,4.0,96.0,-92.0,134.3699951171875,,1.0,0.0,37.34254513101637,0.6316650289219418,0.6741244013502903,0.5721185716534061,-24.376272023195902,41.83062819373636,19.70520178336575,21.960240250692177,-80.29479821663425,-10.476822482838344,-7.648152519461983,-3.045020301689077,-2.8486048131232256,-0.19641548856585134,-0.8922519587091269,1.1737000148615988,-2.0659519735707255,147.16564667958917,-3.224001981433555,-3.2771176804975433,600.4935927181316,17.647059235972563,3495410.792450696
2022-10-17,141.07000732421875,142.89999389648438,140.27000427246094,142.41000366210938,141.20370483398438,85250900,4.029998779296875,1,12617195554.73266,7366655900,-0.0301649331090174,-4897990.725530617,0.7095366465309527,-3.615806795260586,122011490.78628689,142.46176793956755,47.42786791777124,15579.550963009091,145.44149856567384,156.82797666322992,134.05502046811776,15.657811848541336,0.3668818014845554,0.0,0.0,141.93700002034504,145.8500005086263,138.02399953206378,5.513714518019082,0.5604400182393151,0.0,0.0,134.3699951171875,158.74000549316406,146.55500030517578,16.755885092157744,0.32991403864347735,4.896624826103484,8.82634691039543,-4.1634249272673,-4.235209916327362,0.07178498906006148,141.68249893188477,147.65230560302734,142.58198091818153,146.74540584544883,0.7809540444938793,1.054796540263246,-0.2738424957693667,-0.4209699694300155,25.65885921293637,-7.241501617431652,-100.40901583910977,-99.04173959347777,-1.3672762456319987,140.95499420166016,149.31499481201172,145.13499450683594,155.25999450683594,50.00000016403391,28.122306229914024,11.765532410082391,28.552699454638514,-49.79227263057201,161.1024932861328,154.95999908447266,0.0,92.0,-92.0,134.3699951171875,,0.0,0.0,43.746077628026356,1.0,0.8772216763073137,0.7191802001700155,-22.49573405126822,47.764399559019026,49.41614280047005,37.16003507520654,-50.58385719952995,-9.62420564539292,-0.04912413498631174,-2.837175653493499,-2.8463189811972804,0.009143327703781345,-1.2998235339796425,0.6789953050933506,-1.978818839072993,147.14527878787908,2.912269574429982,2.8706687590389635,620.8938544896932,23.79499782367475,9181992.633312434
2022-10-18,145.49000549316406,146.6999969482422,140.61000061035156,143.75,142.53236389160156,99136600,1.339996337890625,1,12620288528.026506,7465792500,-0.0585031514070492,14779248.085392002,12.716081206047216,-1.4097947839810974,122944309.25082481,141.8795127969015,57.10524390183065,15579.550963009091,144.78399887084962,154.89515461594826,134.67284312575097,13.967228179846044,0.4488684134179793,0.0,0.0,141.75299987792968,146.0789993286133,137.4270004272461,6.103573757746111,0.730813728114868,0.0,0.0,134.3699951171875,158.74000549316406,146.55500030517578,16.831977681259602,0.38489950304079923,5.015961977282198,8.555661404303942,-3.761847769432933,-4.140537486948476,0.3786897175155435,142.1449991861979,146.895382807805,142.76167616153822,146.52352393097115,0.8710680743468306,0.9600789694537939,-0.08901089510696325,-0.4153527876452264,25.558370105243824,-2.3340019226074276,-99.36928036626742,-100.23543615221362,0.866155785946205,140.95499420166016,147.45499420166016,144.20499420166016,155.25999450683594,75.00000008201695,27.75891555305935,16.27168384165222,26.011560045281286,-18.093733914394587,161.4424934387207,154.95999908447266,0.0,88.0,-88.0,134.57299530029297,,0.0,0.0,45.73205203741343,1.0,0.8772216763073137,0.8095225846549728,-20.35331235133966,51.21800857963415,71.22252230019615,46.78128896134401,-28.77747769980385,-8.365353662827431,4.015921254930538,-2.567401921895614,-2.790535569336947,0.22313364744133324,-0.3805557637167933,0.4670850913313218,-0.8476408550481151,147.0927783280009,0.9409425626236034,0.936543273086965,627.6770515979246,23.35095347126712,25747140.868022293
2022-10-19,141.69000244140625,144.9499969482422,141.5,143.86000061035156,142.6414337158203,61758300,0.1100006103515625,1,12643022839.400286,7527550800,0.00436673974933209,13638419.886660988,-2.4021058555686516,-0.22114373346036056,122991568.03826325,141.81047702448808,60.21336000734719,15591.472772504287,144.29099884033204,153.5356514210969,135.04634625956717,12.81390059679982,0.4766893224912939,0.0,0.0,141.53700002034506,145.77099812825523,137.3030019124349,5.982885192284076,0.774327069923172,0.0,0.0,134.3699951171875,154.72000122070312,144.5449981689453,14.103448078583414,0.4663391964056752,4.859365474378197,7.8534597204158585,-3.3955767535582027,-3.991545340270422,0.5959685867122193,142.2624994913737,146.51153681828424,142.93064915366335,146.32622590722156,0.9851183480989485,0.9711567184095274,0.013961629689421051,-0.4044871435261107,25.475447730105646,1.809007263183588,-97.2976902312079,-101.07420981856188,3.776519587353988,140.53499603271484,146.55500030517578,143.5449981689453,155.25999450683594,87.50000004100848,27.42148135312286,15.433696174839923,24.67197117884225,-14.73482821226409,161.4424934387207,154.95999908447266,20.0,84.0,-64.0,135.05807536621094,,0.0,0.0,45.900896597454874,1.0,1.0,0.9181477842048761,-18.594104627326104,53.303135565063094,72.05775863766917,64.23214124611182,-27.94224136233083,-7.1125013912425175,0.9898235818296901,-2.320552404400271,-2.696538936349612,0.37598653194934073,-2.991147191545084,-0.22456136524395942,-2.7665858263011245,147.03838751837307,0.07652216372282528,0.07649290044273727,628.2338858227218,22.441277663059722,-18759406.144863337
2022-10-20,143.02000427246094,145.88999938964844,142.64999389648438,143.38999938964844,142.17539978027344,64522000,-0.470001220703125,0,12607974020.560423,7463028800,-0.015903877118223553,7357871.508251272,5.247512178372027,1.072226809317436,122780769.91068403,142.14793116305557,68.75139159950274,15591.472772504287,143.82349853515626,152.21841321702112,135.4285838532914,11.673912493253397,0.4741808486485103,0.0,0.0,141.32833353678384,145.65433298746743,137.00233408610026,6.121913904203286,0.7382878079814381,0.0,0.0,134.3699951171875,154.72000122070312,144.5449981689453,14.14929153495822,0.44324332025151875,4.697429476256783,7.199474657869357,-3.107409225922595,-3.8147181174008566,0.7073088914782617,142.03666559855142,146.0530753502479,143.001318420738,146.10872764666058,1.0451674189629758,0.8982943264624594,0.1468730925005164,-0.3903601171095229,25.3822201154513,2.5764953613281136,-93.01501226473002,-101.12573746424825,8.110725199518228,140.53499603271484,146.55500030517578,143.5449981689453,155.25999450683594,93.75000002050425,26.789046106934585,16.105934437308946,23.450538143513402,2.8662372849232605,161.4424934387207,155.90499877929688,16.0,80.0,-64.0,135.5237522294922,,0.0,0.0,45.25303835139973,0.9456873958501034,0.981895798616701,0.9530391583080052,-17.329315667259447,53.484529536889,68.48903209212278,70.58977100999606,-31.51096790787722,-5.693471751493547,-1.8548984261828696,-2.1267786503742214,-2.582586879154534,0.4558082287803127,-4.8481336738939165,-1.149275826973951,-3.6988578469199656,146.9875726225118,-0.3267073673773546,-0.32724222115234625,625.8546920660006,21.636406583995523,2916351.047852285
2022-10-21,142.8699951171875,147.85000610351562,142.64999389648438,147.27000427246094,146.0225372314453,86548600,3.8800048828125,1,12675215609.547125,7549577400,0.005733098451538178,54279459.95001337,5.888055287995751,1.5499511289779286,125122697.4651159,142.54159915678167,68.08079323512321,15591.472772504287,143.66549911499024,151.66682804474505,135.66417018523543,11.138831492661327,0.7252441556343537,0.0,0.0,141.83266703287762,146.31366678873698,137.3516672770182,6.3187132408934605,1.106710280721779,1.0,0.0,134.3699951171875,154.72000122070312,144.5449981689453,14.164852542103674,0.633906893671391,4.74768774933423,6.765647348402788,-2.5367088164575478,-3.559116257212195,1.0224074407546473,142.10916646321616,145.85692185621994,143.65803932100306,146.1947481374606,1.0502058631547124,0.8664870444082966,0.18371881874641582,-0.3688446123076956,25.392240795552716,1.76449356079101,-82.63710920950881,-99.47071820744534,16.833608997936537,141.11000061035156,146.55500030517578,143.83250045776367,155.25999450683594,96.87500001025212,25.56331356694674,17.807437591491222,21.602099360148454,50.86219891063231,160.79249954223633,156.5399932861328,12.0,76.0,-64.0,135.9708020182422,,0.0,0.0,51.35681701921396,1.0,0.981895798616701,0.9879305324111343,-14.375346261511462,58.339557528850705,95.69731930008852,78.74803667662685,-4.302680699911481,-4.549325337129488,0.594269407273148,-1.7351572808021736,-2.413100959484062,0.6779436786818884,-4.194326499753869,-1.7582859615299347,-2.436040538223934,147.0074972724271,2.7059103837980825,2.6699479278780913,645.4956695499001,25.58593947273374,27339466.198215023
2022-10-24,147.19000244140625,150.22999572753906,146.0,149.4499969482422,148.18406677246094,75981900,2.17999267578125,1,12723175831.481205,7625559300,0.05542826783794006,70188106.45600337,15.949757406900405,1.9145405065062349,126247434.21181618,142.7140823737425,67.78544825091085,15822.268558900945,143.5994987487793,151.3841711746971,135.8148263228615,10.842199998952246,0.8757703522620051,0.0,0.0,142.65933329264323,147.23133341471356,138.0873331705729,6.409675436645417,1.2426359880021123,1.0,0.0,134.3699951171875,154.72000122070312,144.5449981689453,14.171362909223676,0.7410318087545683,4.695918547154713,6.510733794143744,-1.8867679538062987,-3.224646596531016,1.3378786427247173,142.44416681925455,145.80884493314304,144.5491097251937,146.435877679,1.0276731135059736,0.8705977727442961,0.1570753407616775,-0.3396633319188473,25.333071809153818,-3.509502410888672,-72.3047959685217,-95.98383460958956,23.679038641067862,142.29999542236328,146.55500030517578,144.42749786376953,155.25999450683594,98.43750000512605,23.75229133633317,20.291434258864108,20.20679201895047,118.4753006316414,159.28749465942383,158.61499786376953,8.0,72.0,-64.0,136.68355426335862,,0.0,0.0,54.43090706764277,1.0,0.981895798616701,0.981895798616701,-10.938246490896573,54.72000715210944,95.08197509911959,86.42277549711032,-4.918024900880411,-3.0293549481560262,2.764219538553547,-1.2884601668057443,-2.1881728009483985,0.8997126341426542,-4.640138462311743,-2.3346564616862966,-2.3054820006254464,147.2235022501826,1.4802693097965003,1.4694202560876946,656.5310131521093,25.572664178484956,6021691.388366997
2022-10-25,150.08999633789062,152.49000549316406,149.36000061035156,152.33999633789062,151.04959106445312,74732300,2.8899993896484375,1,12790744865.215263,7700291600,0.10436343854310733,91014991.44614917,11.769114504881795,2.7728657764039313,127692575.10038924,143.08674788842197,67.73418398885616,16128.232743657092,143.62849884033204,151.53787822023313,135.71911946043096,11.01366294817817,1.0507067671893324,1.0,0.0,143.84733327229816,148.4193333943685,139.27533315022785,6.356739493273301,1.4287689018856318,1.0,0.0,134.3699951171875,152.49000549316406,143.43000030517578,12.615887878992659,0.9917213537872849,4.539327180720492,6.2602495751007154,-1.1255121362721923,-2.8048197044792516,1.6793075682070593,143.4650001525879,145.7265372643104,145.7477076656086,146.8732198018808,1.102149003725142,0.8503850422724345,0.2517639614527075,-0.3020631331866104,25.211209363233863,-3.20850067138673,-61.1937795891616,-90.72483243901003,29.53105284984843,143.43000030517578,146.55500030517578,144.99250030517578,155.25999450683594,99.21875000256304,22.669764381946617,22.83266707552222,19.21763848066518,188.2528374510745,159.28749465942383,159.13499450683594,4.0,68.0,-64.0,137.76726958049306,,0.0,0.0,58.20208176760119,1.0,1.0,0.9879305324111343,-6.809579580582984,63.866344754601,99.17213537872848,96.65047659264557,-0.8278646212715145,-1.4513836131376365,8.744378842336154,-0.7663154234586879,-1.9038013254504564,1.1374859019917687,-5.0708919408950255,-2.8819035575280427,-2.1889883833669828,147.99733893455823,1.9337567404898115,1.9152972595566808,671.1604826128339,26.716973159456984,8693958.606999986
2022-10-26,150.9600067138672,151.99000549316406,148.0399932861328,149.35000610351562,148.08493041992188,88194300,-2.989990234375,0,12761049454.517147,7612097300,0.030154420775235852,40341407.56419372,-4.075689215488044,2.194663193315791,125961577.9750995,143.4251398689902,60.330265850326825,16128.232743657092,143.60399932861327,151.43895115431098,135.76904750291556,10.911885271062353,0.8666906257200033,0.0,0.0,144.93133341471355,149.67833506266277,140.1843317667643,6.550690642396743,0.9654172271786565,0.0,0.0,134.3699951171875,152.49000549316406,143.43000030517578,12.618040208275822,0.8267109496906561,4.515394767824224,5.970645884072799,-0.7547780285671308,-2.3948113692968276,1.6400333407296968,144.20916748046875,145.43615311842697,146.3019074252866,147.05668545385373,1.0387007403619894,0.8598074366323846,0.17889330372960488,-0.2636497337150166,25.079607160228235,-4.624003601074207,-51.7482766144637,-84.65093701260285,32.902660398139155,145.34000396728516,146.55500030517578,145.94750213623047,155.25999450683594,99.60937500128153,21.275042636799245,21.29073440025871,19.99291679188181,144.85807194321518,159.28749465942383,159.13499450683594,0.0,64.0,-64.0,139.23954317176018,,0.0,0.0,53.2885178387033,0.7972074364523554,0.9324024788174516,0.9714327591447178,-4.719637865254662,58.81152680590445,82.6710949690656,92.30840181563792,-17.328905030934397,0.03911648918600008,6.359498683247551,-0.5132565216179713,-1.6256923646839594,1.1124358430659882,-4.051860386191227,-3.1158949232606794,-0.9359654629305476,148.12624513703707,-1.9627086164182295,-1.9822255376275244,656.0248493741794,21.575081219596115,23338498.17042443
2022-10-27,148.07000732421875,149.0500030517578,144.1300048828125,144.8000030517578,143.5734405517578,109180200,-4.5500030517578125,0,12681605255.049343,7502917100,0.014488244727562648,-36388828.258052275,-15.434090802795215,2.641182874819554,122635362.89046662,143.85189637829447,58.955219458534124,16128.232743657092,143.71999969482422,151.5536485210909,135.88635086855754,10.901264741025177,0.5689336081362413,0.0,0.0,145.4990005493164,149.81600189208984,141.18199920654297,5.934063225829794,0.419041315712271,0.0,0.0,134.3699951171875,152.49000549316406,143.43000030517578,12.607855840838218,0.5756071723004296,4.585855413112115,5.403646235828132,-0.8186785804647343,-2.0795848115304088,1.2609062310656745,144.6941680908203,145.09307626577524,146.07084521397448,146.8895237944392,1.0336586125638052,0.8664676000335031,0.1671910125303021,-0.231761850904358,25.0430204596602,-5.380003356933599,-45.93920415858692,-78.21268491572864,32.273480757141726,146.3800048828125,144.5449981689453,145.4625015258789,155.25999450683594,99.80468750064077,20.548056461592967,19.563534471054933,24.44754826991725,52.05173931431431,159.28749465942383,159.13499450683594,12.0,60.0,-48.0,140.56458940390056,,0.0,0.0,46.81199575692927,0.5299084789458688,0.7757053051327413,0.9027025946500645,-4.925403018857024,54.69745724295395,57.560717230042954,79.80131585927904,-42.439282769957046,0.788265003877541,4.187658298413307,-0.5573430693467378,-1.412022505616515,0.8546794362697772,-1.2420445903469732,-2.7411248566779385,1.4990802663309652,148.0897074026835,-3.046536903791064,-3.093908450202232,632.9922733361642,18.0271411790184,37607523.55547485
2022-10-28,148.1999969482422,157.5,147.82000732421875,155.74000549316406,154.42079162597656,164762400,10.94000244140625,1,12786454196.714066,7667679500,0.138428818837823,226309726.95766276,35.66199119938339,5.519331201968034,135083574.3563715,145.35022759139255,68.01743403794326,16128.232743657092,144.5970001220703,153.60208517162326,135.59191507251737,12.455424444422441,1.1187062814940842,1.0,0.0,146.83133392333986,151.48333435058595,142.17933349609376,6.33652273386672,1.457509754045529,1.0,0.0,134.3699951171875,157.5,145.93499755859375,15.996185856750767,0.9239085976958112,5.397269566625122,4.883885461535907,0.01329330246801419,-1.6610091887307243,1.6743024911987385,146.14416885375977,145.20846088115985,147.5584083338498,147.54511503138178,1.0505756867029579,0.7098410605693979,0.34073462613356,-0.1907899124816101,25.261354314529406,-1.60699462890625,-29.013798487092153,-70.2798829877267,41.26608450063454,149.05500030517578,145.93499755859375,147.49499893188477,155.25999450683594,99.90234375032037,20.217522468153703,27.797452694161823,20.16202535787619,186.255236389517,159.28749465942383,159.13499450683594,100.0,56.00000000000001,43.99999999999999,141.7571310128269,,0.0,0.0,59.54366083580243,1.0,0.7757053051327413,0.8279376963609785,-0.3747695381791396,61.68207613935045,92.39085976958111,77.54089065622992,-7.609140230418881,2.5385008868049113,12.577714049358885,0.009009652718889948,-1.127816073949434,1.136825726668324,5.605503069426395,-1.0717992714570717,6.677302340883466,149.18094996978027,7.555250145606562,7.283448439292428,688.3716731346797,31.441031148881038,80249593.55102353
2022-10-31,153.16000366210938,154.24000549316406,151.9199981689453,153.33999633789062,152.04110717773438,97943200,-2.4000091552734375,0,12808406449.809221,7569736300,0.10208191184580916,160399112.14988562,0.9948611318719308,5.719543164616728,133574234.63372011,146.29920802193556,66.47256897755766,15879.690911899825,145.14150009155273,154.85086196156774,135.4321382215377,13.37916703891102,0.9221954210841056,0.0,0.0,147.96200052897134,152.58300272623697,143.34099833170575,6.246201295934501,1.081907947598639,1.0,0.0,134.3699951171875,157.5,145.93499755859375,15.936175985657098,0.8201468748845531,5.239543342384485,4.269069907494321,0.4735179128639402,-1.2341037684117915,1.7076216812757317,147.0066680908203,145.3203840989333,148.44788341139454,147.9743654985306,1.09015612442966,0.7291243113604726,0.3610318130691874,-0.14820321125571478,25.325558695289935,-6.761495208740229,-17.072564928827767,-61.13580349467783,44.063238565850064,149.5,145.93499755859375,147.71749877929688,154.63499450683594,99.95117187516018,19.910598045674384,26.30385650095356,19.07869140446624,151.28027303214807,158.04499435424805,159.13499450683594,96.0,52.0,44.0,143.64627529128768,,0.0,0.0,56.35655760128059,0.8753630107782273,0.8017571632413653,0.7843892578356163,2.029997574100721,62.427352551013165,82.01468748845531,77.32208816269315,-17.98531251154469,3.645472044103286,7.238261729573376,0.319999961661361,-0.8382528668272752,1.1582528284886362,5.117707608093005,0.1661021044529436,4.951605503640061,149.48821747063485,-1.5410357458724877,-1.553033117175051,676.2225838413412,23.524709806997407,-20377808.61557342
2022-11-01,155.0800018310547,155.4499969482422,149.1300048828125,150.64999389648438,149.37391662597656,80379300,-2.69000244140625,0,12766690379.655643,7489357000,0.03449551265870212,106596308.52296977,-6.211548891088877,5.392992708904802,132164162.12555288,147.03939024539557,65.62812797748245,15601.117751981,145.36899948120117,155.36648106800797,135.37151789439437,13.754626670729275,0.7641162361455249,0.0,0.0,148.76766713460287,153.41166890462242,144.12366536458333,6.243294473143436,0.7026621494885412,0.0,0.0,134.3699951171875,157.5,145.93499755859375,15.911236209480567,0.703847615328186,5.347588214689005,3.6609326716489563,0.6141094451945719,-0.8644611256905188,1.4785705708850907,148.02916717529297,145.31576831524188,148.7866696398699,148.17256019467533,1.0502765005439758,0.7151858984232062,0.3350906021207696,-0.10960503455610493,25.40391348342221,-2.958995819091797,-7.608934013591159,-51.17038613716487,43.56145212357371,150.0749969482422,145.93499755859375,148.00499725341797,154.05500030517578,99.97558593758009,18.920212256248146,24.005700032439062,21.268769180652427,109.91859025483512,157.30500030517578,159.6999969482422,92.0,48.0,44.0,145.30872225633317,,0.0,0.0,52.936449247782974,0.7023928132316751,0.859251941336634,0.8122381365702472,2.7677531546501535,56.305653143400754,70.3847615328186,81.5967695969517,-29.615238467181406,4.008618747486793,8.866880026534723,0.4144555809710847,-0.5877111772676032,1.002166758238688,3.2315859276245176,0.7791988690872584,2.4523870585372594,149.530175182284,-1.75427318745901,-1.7698429186696174,662.605519178011,21.016472594860687,-9578064.320572823
2022-11-02,148.9499969482422,152.1699981689453,145.0,145.02999877929688,143.80152893066406,93604600,-5.6199951171875,0,12673869050.075079,7395752400,-0.04339995762050634,16217208.027361363,-28.379862041610284,3.5287264523783364,128672244.32761551,147.66502619374887,57.89148330608478,15601.117751981,145.3004997253418,155.2875545269657,135.31344492371792,13.746759055202403,0.48645742156131205,0.0,0.0,149.16400044759115,154.18000233968098,144.1479985555013,6.7254858773410575,0.08791864943138142,0.0,0.0,134.3699951171875,157.5,145.93499755859375,15.918737324740531,0.4608733857220513,5.529829210114636,3.7940734066910426,0.26894240909453515,-0.637780418733508,0.9067228278280431,148.24750010172525,145.05692232572116,148.2087202767048,147.93977786761027,1.0471474810705979,0.7934495623677803,0.25369791870281755,-0.08256426284473913,25.474847857135586,-1.5504997253418082,-2.000853122556387,-41.057701788034464,39.05684866547808,150.0749969482422,145.93499755859375,148.00499725341797,152.70999908447266,99.40410904831126,18.042667012800386,21.690363170358413,24.773012462128662,33.97006146320895,156.63249969482422,161.42499542236328,88.0,44.0,44.0,,157.5,0.0,1.0,46.57680207330224,0.41593661620776884,0.6645641467392236,0.775191083772408,1.138269539285333,46.39919736281148,35.42204662188858,62.60716521438752,-64.57795337811142,3.8615894542020897,1.8397549679191494,0.181791816218089,-0.43381057857046484,0.6156023947885538,2.810494052252598,1.1854579057203265,1.6250361465322716,149.49935019602117,-3.7304980716090452,-3.801861590651079,634.1565349910912,16.63381686390764,17034149.950074464
2022-11-03,142.05999755859375,142.8000030517578,138.75,138.8800048828125,137.70362854003906,97918500,-6.149993896484375,0,12582236907.371601,7297833900,-0.06257934988149466,-72127847.02696244,-32.302898784729905,0.009336712193034304,124520012.49681121,147.59502333042482,50.91414362083336,15601.117751981,144.97300033569337,155.34379766904743,134.6022030023393,14.307212114448733,0.20624267078844216,0.0,0.0,148.78066762288412,153.87766927083334,143.68366597493488,6.851698852257673,-0.4712242043373804,0.0,1.0,134.3699951171875,157.5,145.93499755859375,15.95469834331471,0.19498524918065663,5.60484616703286,4.148966849481594,-0.495150279411007,-0.6092543908690078,0.11410411145800081,147.84166717529297,144.63538419283353,146.77353329302906,147.26868357244007,0.9427778256134318,0.8999604566062169,0.04281736900721489,-0.07243683665140122,25.429370029943286,-1.1129997253418082,-2.3986134371242,-32.14231336888062,29.74369993175642,148.125,145.93499755859375,147.02999877929688,152.70999908447266,92.33186168892752,18.31541497472039,19.88162048241066,31.006299038250777,-77.63551423407162,154.86750030517578,160.4949951171875,84.0,40.0,44.0,,157.25,0.0,0.0,40.80029921202399,0.0,0.3727764764798145,0.6321975215185577,-2.3479609543945004,40.893918989302186,0.693359375,35.50005584323576,-99.306640625,2.9657948213465204,-3.3878226902173916,-0.33622238441986696,-0.4142929397403453,0.07807055532047835,2.8097925398459735,1.510324832545456,1.2994677073005176,149.33120577900564,-4.240497792352105,-4.333032308471818,603.0246433323853,13.715904586932425,17353172.294743672
2022-11-04,142.08999633789062,142.6699981689453,134.3800048828125,138.3800048828125,137.43545532226562,140814800,-0.5,0,12577311047.340273,7157019100,-0.03314605711472336,-71882068.88025352,-13.246111128800969,-0.9874952717592459,124013046.78882892,146.9996680011349,42.83307231840771,15601.117751981,144.88750076293945,155.4444401310314,134.3305613948475,14.572601932536461,0.19179060079687124,0.0,0.0,148.03600107828774,153.4420008341471,142.6300013224284,7.303628463998338,-0.39308144945895446,0.0,1.0,134.3699951171875,157.5,145.93499755859375,15.96411337141988,0.17336830605707168,5.873360878942855,4.93281900117197,-1.1280416988451236,-0.713011852464231,-0.4150298463808926,147.3850008646647,144.47769223726712,145.48222122991882,146.61026292876394,0.8880916526128563,0.9097432282402836,-0.021651575627427366,-0.07463391291550825,25.481251587074656,-1.4975013732910156,-3.3940048186568204,-24.48555879667341,21.091553978016588,145.94000244140625,145.93499755859375,145.9375,152.70999908447266,58.73306012985975,19.179113454772818,17.774511747266953,33.30695109670509,-99.53013851085667,152.7874984741211,158.4149932861328,80.0,36.0,44.0,,156.51,0.0,0.0,40.36202264564016,0.0,0.1386455387359228,0.3919953873183206,-5.145683175698053,41.74794423912356,17.301041716165344,17.805482571018004,-82.69895828383466,0.5301179324879399,-3.809256015771729,-0.7694152348619855,-0.4853173987646734,-0.2840978360973121,6.224030765019249,2.4530660190402145,3.7709647459790343,148.91321636739065,-0.3600230288167805,-0.3606726714338926,600.4935927181316,17.339851330643015,57861347.06612763
2022-11-07,137.11000061035156,139.14999389648438,135.6699981689453,138.9199981689453,137.9717559814453,83374600,0.5399932861328125,1,12649665058.071424,7240393700,0.0014188829489358624,-55181527.00678749,-4.6539525855518615,-2.22821197115918,124338395.26870602,146.6744992934794,36.081793356129936,15661.997203816341,144.81250076293946,155.51562976234734,134.10937176353158,14.78205119450162,0.22472990868744375,0.0,0.0,146.97133433024086,152.30233408610025,141.6403345743815,7.25447554811028,-0.2551431748281591,0.0,1.0,134.3699951171875,157.5,145.93499755859375,15.972381362764196,0.19671431436397316,5.634024363802476,5.694750516634638,-1.5679652359883676,-0.8840025291690584,-0.6839627068193092,147.01250076293945,144.50538459190955,144.47264845130752,146.0406136872959,0.8966549231787614,1.0019524814746628,-0.10529755829590137,-0.08416034508252575,25.433248107881926,2.457503509521473,-6.074926997589797,-18.361241842054323,12.286314844464526,145.94000244140625,145.93499755859375,145.9375,152.70999908447266,29.366530064929876,19.981119186250073,16.961836100031803,31.78411050199193,-103.80825601961327,151.44750213623047,157.0749969482422,76.0,32.0,44.0,,155.18220029296873,0.0,0.0,41.097922228154886,0.03836479320583518,0.012788264401944914,0.17473675987256101,-7.109706220438659,46.0800956338286,19.636653308623593,12.543684799929673,-80.3633466913764,-2.0694712919347467,-3.117373066273841,-1.0736501281388173,-0.6029839446395022,-0.4706661834993151,4.211783019586975,2.8048094191495667,1.4069736004374085,148.40289769133503,0.3902249364639898,0.38946553390308836,603.2270933952501,19.27961462648284,-23658809.48451203
2022-11-08,140.41000366210938,141.42999267578125,137.49000549316406,139.5,138.5478057861328,89908500,0.5800018310546875,1,12651490659.093456,7330302200,0.023619367581603,-39848866.773334935,8.983561897097493,-1.4149499888258839,124713770.27097145,146.34250541484224,41.765703417262166,15661.997203816341,144.8385009765625,155.4872180921208,134.1897838610042,14.704263084414901,0.24933595668708824,0.0,0.0,145.77900085449218,151.19099884033204,140.36700286865235,7.424934941407339,-0.08010007310801003,0.0,1.0,134.3699951171875,157.5,145.93499755859375,15.969514132540874,0.22179004755094178,5.464620645683947,6.323132745598258,-1.8484981718884228,-1.0769016577129313,-0.7715965141754915,146.36500040690103,144.3919231708233,143.70762561264482,145.55612378453324,0.9093378786057823,0.9498190633447025,-0.04048118473892015,-0.09727993327772913,25.45708359972822,4.6114959716796875,-9.621001510847229,-13.680433497208048,4.059431986360819,145.94000244140625,145.93499755859375,145.9375,152.70999908447266,14.683265032464938,20.147656291753613,19.12182337149062,30.10580656078581,-80.27743085303943,151.2925033569336,156.9199981689453,72.0,28.000000000000004,44.0,,153.93406856835935,0.0,0.0,41.926812424857474,0.08157748382616514,0.03998075901066663,0.06380485404951175,-8.442152558289697,38.79262316557412,22.14531227725595,19.694335767348324,-77.85468772274405,-4.144000872443712,-5.276026378111476,-1.269955618373539,-0.7363782793863096,-0.5335773389872294,3.095572815488392,2.862962098417332,0.23261071707106007,147.73594329124825,0.4175078021159573,0.4166386566188507,606.1631213767686,20.234212163264885,8923527.162937403
2022-11-09,138.5,138.5500030517578,134.58999633789062,134.8699951171875,133.94940185546875,74917800,-4.6300048828125,0,12587167231.307095,7255384400,0.02066830592724662,-83708997.20708284,-15.275965105862541,-2.880912651985496,122227248.55190642,145.8846115651974,36.8879155026937,15142.175529778597,144.66500091552734,155.832045127331,133.49795670372367,15.438487735294485,0.06143247879387677,0.0,0.0,144.4000005086263,149.81299794514973,138.98700307210288,7.497226339968136,-0.38028910997966275,0.0,1.0,134.3699951171875,157.5,145.93499755859375,15.988666737933768,0.02161694312358495,5.409158947326491,7.246159392777548,-2.416568546257963,-1.3448350354219378,-1.0717335108360253,145.15000025431314,143.95999967134915,142.34799015180522,144.76455869806318,0.8479554881422253,0.9872136392998767,-0.1392581511576514,-0.11822456401092318,25.441717448767452,7.674995422363281,-14.288896309622395,-10.163732625100879,-4.125163684521516,145.94000244140625,145.93499755859375,145.9375,149.31499481201172,7.341632516232469,20.73713230696199,17.856426399312266,32.02208290456564,-126.44175030827508,148.5900001525879,156.9199981689453,68.0,24.0,44.0,,152.76082474722654,0.0,0.0,37.402024148686245,0.0,0.03998075901066663,0.03091659414109302,-11.025285794483882,36.256326023574026,2.1193353713588774,14.633766985746169,-97.88066462864113,-6.07288302253275,-9.75577258533104,-1.6693095105537699,-0.9229645256198018,-0.7463449849339681,0.9303515541839804,2.476439989570662,-1.5460884353866815,146.6509247477634,-3.318999915994625,-3.375328593649929,582.7255679714887,15.61669927123333,-5164616.564191371
2022-11-10,141.24000549316406,146.8699951171875,139.5,146.8699951171875,145.86749267578125,118854000,12.0,1,12706021231.307095,7374238400,0.031460210743558356,131999145.25107183,41.01881464333316,-0.3715726980328244,132802232.25202996,145.75644858934476,38.29991968533525,15142.175529778597,144.8590003967285,156.03771280856003,133.68028798489698,15.433921787691677,0.5899475112326248,0.0,0.0,144.24199981689452,149.89999694824218,138.58400268554686,7.845145156792199,0.7322372421976668,0.0,0.0,134.3800048828125,157.5,145.94000244140625,15.960344233957342,0.5402246051985491,6.068243052593841,7.404309079698373,-1.8768337279291814,-1.4512347739233866,-0.4255989540057947,144.69416681925455,143.9780766413762,143.0436832234025,144.92051695133168,0.8632707922620009,0.8822707374804618,-0.018999945218460934,-0.12738695876438566,25.584177446500203,4.491005706787121,-10.642135207669972,-8.12243670516508,-2.519698502504891,144.91500091552734,145.93499755859375,145.42499923706055,149.31499481201172,4.157304714215505,19.4968286335748,25.492344895641327,27.272024212500455,-6.953870549702117,148.5900001525879,156.9199981689453,64.0,20.0,44.0,,151.6579755553617,0.0,0.0,51.893039474468985,0.6544690227987888,0.24534883554165118,0.1084367845209951,-8.364130990599724,49.08340024894515,54.02246051985491,26.095702722823273,-45.97753948014509,-5.390001409194042,-3.590653375473795,-1.2950779968301342,-0.9973872198618683,-0.29769077696826596,2.8658339286426373,2.554318777385057,0.3115151512575802,146.65276220374616,8.89745713238388,8.52364931950369,643.4707827135762,30.299205839374594,48216304.22659108
2022-11-11,145.82000732421875,150.00999450683594,144.3699951171875,149.6999969482422,148.6781768798828,93979700,2.8300018310546875,1,12789669909.778673,7468218100,0.12007852625715283,151136799.22691447,24.035171494291863,0.20595687963799417,134613103.9884235,145.7566864313756,39.08838620220653,15433.946387680739,145.425,156.37825348612498,134.47174651387505,15.063783374419753,0.6951473575252106,0.0,0.0,143.6759989420573,148.92999674479168,138.42200113932293,7.31367499293079,1.0732775528617247,1.0,0.0,134.3800048828125,157.5,145.94000244140625,15.898225970216606,0.6626295545383027,6.025418686299301,7.4765062162052764,-1.2068210178959475,-1.4023520227178987,0.19553100482195118,144.72333272298178,144.1423075749324,144.06773148876243,145.27455250665838,0.8829127424564346,0.8754586824452845,0.007454060011150121,-0.12423014910138779,25.720323163618836,-0.6249969482421989,-11.61169921276726,-7.515673847825024,-4.096025364942236,144.91500091552734,145.93499755859375,145.42499923706055,149.31499481201172,10.19823946812397,18.40529101075951,27.600148245241922,25.367405920604856,42.83941682107476,148.5900001525879,156.9199981689453,60.0,16.0,44.0,,150.62129731500875,0.0,0.0,54.56435609662419,0.7751157780456398,0.47652826694814276,0.2539526205001538,-5.332284345832321,57.252682762751625,66.26295545383027,40.80158378168138,-33.73704454616973,-3.5242084278779657,0.23434270533874715,-0.8307174223377045,-0.9640532603570355,0.13333583801933102,2.2913845263233616,2.501731927172718,-0.21034740084935644,146.73114030748997,1.9268754171310798,1.90854625198007,657.796538459236,27.3127073138115,2245088.0839827806
2022-11-14,148.97000122070312,150.27999877929688,147.42999267578125,148.27999877929688,147.2678680419922,73374100,-1.4199981689453125,0,12760063037.338665,7394844000,0.07640439338404703,114661386.81621094,6.467217685275913,-0.17275003604814015,133917104.72474927,145.6087220294656,38.967639045006216,15287.545746018173,145.71849975585937,156.64742269121808,134.78957682050066,15.00004866049173,0.6171889965089882,0.0,0.0,143.2256652832031,148.53266296386718,137.91866760253907,7.410679741190821,0.9761951860756521,0.0,0.0,134.3800048828125,157.5,145.94000244140625,15.866204466778996,0.6012109356437996,5.707877428020934,7.585317135587868,-0.7814055461003306,-1.2781627273943852,0.49675718129405455,145.01333236694336,144.45730766883264,144.7157726103831,145.49717815648344,0.879084079244602,0.8979521760104824,-0.018868096765880416,-0.11456702297961002,25.773783434144292,10.021505737304693,-12.390344798150958,-8.046941712776112,-4.343403085374845,143.2750015258789,145.93499755859375,144.60499954223633,149.31499481201172,22.397549130482624,17.43791407052146,26.93647778131795,24.438613718470055,47.78784469501803,148.5900001525879,156.9199981689453,56.00000000000001,12.0,44.00000000000001,134.3800048828125,,1.0,0.0,52.974811846972734,0.7033259518411308,0.7109702508951864,0.4776157844616604,-3.470404682795486,60.326053958114144,60.12109356437996,60.13550317935508,-39.87890643562004,-1.1328554490033298,2.40331191588108,-0.5370589010736156,-0.8786543885003517,0.34159548742673607,0.09263347935561307,2.0199122376092973,-1.927278758253684,146.76458836644386,-0.9485625904429806,-0.9530900989646263,650.6083639837399,23.28473007784713,-8859232.486774951
2022-11-15,152.22000122070312,153.58999633789062,148.55999755859375,150.0399932861328,149.015869140625,89868300,1.7599945068359375,1,12723079322.75393,7484712300,0.055245530181230136,120876576.46227854,12.425519821977597,1.0059077523422626,134983787.45769227,145.67344092164836,45.50416680944621,15287.545746018173,146.03299942016602,157.0786220545081,134.98737678582395,15.127570724698478,0.6813837933186583,0.0,0.0,143.12433166503905,148.30233001708984,137.9463333129883,7.235664672543734,1.1677929530775881,1.0,0.0,134.3800048828125,157.5,145.94000244140625,15.832034683247635,0.6773352816012757,5.668089441078216,7.630116743028109,-0.2987994973265131,-1.0822900813808107,0.7834905840542976,144.53833134969076,144.82730748103216,145.53488348357538,145.8336829809019,0.9091321784916094,0.8565904259186728,0.052541752572936584,-0.09836462148722185,25.848265851928982,7.306996917724604,-13.53461490236699,-9.328470799421735,-4.206144102945254,143.98500061035156,145.93499755859375,144.95999908447266,149.31499481201172,41.05002832559537,17.09579579510187,29.359044410724795,22.76611913114231,72.89232706659776,147.56999969482422,156.9199981689453,52.0,8.0,44.0,134.69800476074218,,0.0,0.0,54.73490336846002,0.7828183374474508,0.7537533557780737,0.6470839578738014,-1.414138660442611,59.961260699002786,67.73352816012756,64.70585905944596,-32.26647183987244,1.092055915383753,-3.6599537729446414,-0.20489059263876871,-0.7439016293280352,0.5390110366892664,-0.2613377937485748,1.5636622313377229,-1.8250000250862977,146.78287068383418,1.1869399253607638,1.1799510416391712,659.5176343389602,25.03702029258696,20073470.175056517
2022-11-16,149.1300048828125,149.8699951171875,147.2899932861328,148.7899932861328,147.77438354492188,64218300,-1.25,0,12733533411.61857,7420494000,0.04858121955549653,92140940.53909591,-10.023796417326706,1.3923573513042993,134448777.60304028,145.78798068366768,46.96729367565802,15160.183489035928,146.27949905395508,157.34017486388473,135.21882324402543,15.122660224383086,0.6134873797640807,0.0,0.0,143.24933115641278,147.96832987467448,138.53033243815105,6.5885106480658955,1.087059083983074,1.0,0.0,134.3800048828125,157.5,145.94000244140625,15.805355683272957,0.6232695262382589,5.376280496970394,7.608637194387232,-0.0169993223917686,-0.8692319295830023,0.8522326071912337,144.15916442871094,145.2046150794396,146.03566960704575,146.05266892943752,0.9389185825713013,0.8630938426501663,0.07582473992113503,-0.07992871905757479,25.893753327436077,4.370494842529297,-11.631380382930793,-10.354333793400246,-1.2770465895305474,143.98500061035156,145.93499755859375,144.95999908447266,149.31499481201172,65.20976970803882,16.51491264882604,28.27963785000159,23.627020001232683,37.40838205724271,146.7949981689453,156.9199981689453,48.0,4.0,44.0,135.45368442382812,,0.0,0.0,53.21157269177455,0.7140189664609389,0.7333877519165067,0.7327037861965892,-0.2027307428497951,58.96845975359122,62.32695262382589,63.393858116111154,-37.67304737617411,3.3505254857680313,-2.9672643539991386,-0.011639172715139832,-0.5974491380054562,0.5858099652903164,-2.7876672309339767,0.693396338883383,-3.4810635698173598,146.8200100167261,-0.833111207633952,-0.8366009750006675,653.1900078033261,22.549935286152262,-11672188.194307566
2022-11-17,146.42999267578125,151.47999572753906,146.14999389648438,150.72000122070312,149.69122314453125,80389400,1.9300079345703125,1,12790997677.877764,7500883400,0.09740768186342669,101142546.15570317,1.5581080135848724,-1.043634304824166,135491537.10876173,145.00096671046205,43.163502387566254,15160.183489035928,146.6459991455078,157.78489632343812,135.50710196757748,15.191545958069916,0.6828727750206373,0.0,0.0,144.17999725341798,149.02699584960936,139.33299865722657,6.723538200201336,1.1746447144036791,1.0,0.0,134.3800048828125,157.5,145.94000244140625,15.765854678549363,0.7067473957095867,5.371652630378824,7.6223281764160005,0.35793876183782913,-0.6237977912988361,0.9817365531366652,144.16499837239584,145.68076911339392,146.75633600914688,146.39839724730905,0.9099754675191322,0.976437485161806,-0.06646201764267379,-0.05804332250387141,25.723631919431647,-1.6160003662109261,-3.8921892454621347,-10.409687618600836,6.517498373138702,144.08999633789062,145.93499755859375,145.0124969482422,149.31499481201172,82.60488485401942,16.253500073133843,28.416958294663715,21.943103557229808,45.50931891039905,146.7949981689453,156.9199981689453,44.0,0.0,44.0,136.17913690039063,,0.0,0.0,55.281025070017236,0.9432572405987579,0.8133648481690491,0.7668353186212101,1.4179638237404484,60.685651089782105,77.55103223175988,69.20383767190447,-22.448967768240127,4.233436943502966,0.046470180587497335,0.24449636646852596,-0.42906003711065976,0.6735564035791857,-3.3486110659902812,-0.11500514209134982,-3.2336059238989314,147.23026527991658,1.297135574741759,1.2887948210701161,662.9599033399433,24.70441423405873,18042146.99403572
2022-11-18,152.30999755859375,152.6999969482422,149.97000122070312,151.2899932861328,150.25732421875,74829600,0.5699920654296875,1,12788530446.260162,7575713000,0.06068619912655268,92786793.59907092,9.19368925825949,-0.4580037243679119,135774527.27538747,144.74076608380994,50.26301423203895,15217.516186947436,146.8469985961914,158.16728512347257,135.52671206891026,15.417797619970909,0.6962403813381434,0.0,0.0,145.46433003743488,149.7553288777669,141.17333119710287,5.899726536708683,1.1788236801582486,1.0,0.0,134.3800048828125,157.5,145.94000244140625,15.744274883522975,0.7314010369642923,5.107486940094848,7.611193000329642,0.693084049438454,-0.36042142315137804,1.053505472589832,144.68666458129883,145.9999994131235,147.4538217440678,146.76073769462934,0.9245454563469652,0.9374026756396309,-0.0128572192926657,-0.033902876133585204,25.45834888444867,-7.966993713378912,-0.5018497706127507,-9.790456815603386,9.288607044990636,144.08999633789062,145.94000244140625,145.01499938964844,149.31499481201172,91.30244242700971,16.22058831112384,29.032447369111992,21.11309460736662,67.95112967245379,145.13499450683594,155.25999450683594,40.0,60.0,-20.0,136.87557127789063,,0.0,0.0,55.90137457630994,1.0,0.8857587356865655,0.8108371119240406,2.9208377302496897,64.85202788900311,80.25626374613189,73.37808286723924,-19.743736253868107,4.740232086181635,4.31634459044728,0.4722544055894434,-0.24879714857063917,0.7210515541600826,-4.275016543390599,-0.9470074223511997,-3.3280091210393996,147.71936212333483,0.3781794458686649,0.3774661452076167,665.8452608745943,24.07332406228997,7037309.864603579
2022-11-21,150.16000366210938,150.3699951171875,147.72000122070312,148.00999450683594,146.9997100830078,58724100,-3.279998779296875,0,12742658900.19003,7516988900,0.010531570658964417,52015112.182731144,-10.333897750823072,-0.7524572143489259,134501376.47319913,144.47322039959076,51.239227502885875,14887.597244967465,146.7749984741211,158.04635787762297,135.50363907061924,15.358691222182763,0.554784697590742,0.0,0.0,146.54299672444662,150.7509953816732,142.33499806722006,5.74302252756454,0.6743106286250803,0.0,0.0,134.3800048828125,157.5,145.94000244140625,15.751998199655198,0.5895325476903257,4.9537374526283315,7.583074754107555,0.6861115482194009,-0.15111482887722225,0.8372263770966232,145.44749704996744,146.3703836294321,147.53938678449367,146.85327523627427,0.9166329294873086,0.9703703992933893,-0.05373746980608074,-0.013609368690259487,25.273401370812532,-8.394993591308605,2.3215996256339104,-8.463501133772148,10.785100759406058,144.08999633789062,145.94000244140625,145.01499938964844,149.31499481201172,95.65122121350485,15.671028539722906,27.564133072576148,23.23280443578112,28.857401437297057,145.13499450683594,155.25999450683594,36.0,56.00000000000001,-20.000000000000007,137.54414828029064,,0.0,0.0,51.476104038421646,0.7607877879171169,0.9013483428386247,0.8668239755647468,2.9722768542516387,53.86354408281011,70.95260638661229,76.25330078816803,-29.047393613387708,4.66632080078125,6.57401303501347,0.4672088839118545,-0.10559594207414043,0.5728048259859949,-6.520658724122389,-2.061737682705438,-4.458921041416951,147.7368728742937,-2.168020969565021,-2.1918678443643813,649.2415750244131,20.10779527632819,-6622888.201869376
2022-11-22,148.1300048828125,150.4199981689453,146.92999267578125,150.17999267578125,149.15489196777344,51804100,2.1699981689453125,1,12787337929.13053,7568793000,-0.0018647300867425515,60643639.32003525,-2.492682274293115,1.0966270547451578,135260884.65721348,144.44781969794272,57.52850342468494,15105.866685954994,146.66699829101563,157.76302656705306,135.5709700149782,15.130913437010237,0.6582996319661581,0.0,0.0,147.5133295694987,151.67633005777995,143.35032908121747,5.644236355359204,0.8202813828378284,0.0,0.0,134.3800048828125,157.5,145.94000244140625,15.76359739176837,0.6833906198026388,4.807364256681905,7.359588269730644,0.8459350943799393,0.04829515577421006,0.7976399386057292,146.4308293660482,146.66922936072717,147.94563384469177,147.09969875031183,0.9596144673346777,0.9216380813834063,0.037976385951271396,0.006155375944532556,25.046073217048303,-7.747000122070318,7.13257485538031,-6.083337670994071,13.215912526374382,146.5449981689453,145.94000244140625,146.24250030517578,149.31499481201172,97.82561060675243,14.981054686082217,26.170675178591107,23.202649792963516,38.24827853359799,145.13499450683594,155.25999450683594,32.0,52.0,-20.0,138.18598220259463,,0.0,0.0,54.06678849222301,0.9008297025744494,0.8872058301638553,0.8914376362296821,3.752657247252144,53.74832847343555,82.24880177545343,77.81922396939923,-17.751198224546567,4.083967680089614,8.527234699089368,0.5750760209345065,0.030538450527588967,0.5445375704069175,-9.022926936816217,-3.453975533527594,-5.568951403288624,147.91038046282443,1.4661159715434469,1.4554723966504923,660.2263254212899,23.78631700596803,-4062958.4577818215
2022-11-23,149.4499969482422,151.8300018310547,149.33999633789062,151.07000732421875,150.03884887695312,58301400,0.8900146484375,1,12810050055.241385,7627094400,0.027265773724026734,59392990.84923223,8.15747067929041,3.9866534450323234,135606397.39229822,145.13166618258623,64.47468277658247,15105.866685954994,146.75299835205078,157.95700883872638,135.54898786537518,15.269208278522415,0.692654629219688,0.0,0.0,148.98766326904297,153.0036636352539,144.97166290283204,5.391050880446135,0.7592559593240847,0.0,0.0,134.3800048828125,157.5,145.94000244140625,15.754359622502673,0.7218860712041775,4.575628380330121,6.767116675036013,1.0325110059835936,0.24513832581608677,0.7873726801675068,147.44333012898764,146.95076810396634,148.42630668769593,147.39379568171233,1.0545073418374027,0.7891583512186584,0.2653489906187443,0.025887004433452696,24.857638017288888,-7.252998352050781,16.445381685301548,-3.073613571775013,19.51899525707656,148.97999572753906,145.94000244140625,147.45999908447266,147.45499420166016,98.91280530337622,14.626686461356417,27.309427836645,22.335096382786226,60.79841481288526,144.20499420166016,155.25999450683594,28.000000000000004,48.0,-19.999999999999996,138.80214276800646,,0.0,0.0,55.12503168048121,0.9580340456349495,0.8732171787088384,0.8872571172371065,4.695553300755619,58.099798483119436,86.88188373448901,80.02776396551826,-13.118116265510992,4.361292132209314,8.746047592440506,0.700511850724868,0.16453313056704477,0.5359787201578232,-10.346850004351902,-4.832550427692455,-5.514299576659447,148.4458326946601,0.5926319695320093,0.5908828135781974,664.7316696665348,23.653056022699076,8478157.711019024
2022-11-25,148.30999755859375,148.8800048828125,147.1199951171875,148.11000061035156,147.09902954101562,35195900,-2.9600067138671875,0,12814449542.741385,7591898500,0.07709329792327149,36025406.39925647,-12.926572790590834,4.009477612047333,134916782.6756125,146.1236740905588,70.49231385177977,14809.888234631777,146.91849822998046,158.09998932215467,135.73700713780624,15.221352282911502,0.5532801202696939,0.0,0.0,149.3499969482422,152.80499877929688,145.8949951171875,4.626718314901649,0.3205505527167688,0.0,0.0,134.3800048828125,157.5,145.94000244140625,15.73661274497672,0.5938580721123131,4.513066763000234,6.101998748205418,0.9307963156097685,0.38226992377482316,0.5485263918349453,148.16083017985025,147.1142296424279,148.37764421425834,147.44684789864857,1.072389070758355,0.7845930224033423,0.2877960483550127,0.040728454865905574,24.674888794016873,-12.048503112792957,20.477045699959458,0.49180252963906707,19.98524317032039,149.8699951171875,145.94000244140625,147.90499877929688,146.55500030517578,99.45640265168811,13.767666777759374,25.66973380041547,24.36853325425914,18.648539081813464,143.5449981689453,155.25999450683594,24.0,44.0,-20.0,139.39365691080184,,0.0,0.0,50.9230576113816,0.7308923367658039,0.8632520283250674,0.8745583457325874,4.342818607732353,57.6874031856986,71.15791722347862,80.09620091114037,-28.84208277652138,4.000499097038727,6.172043448280689,0.6312758318506582,0.25788167082376745,0.3733941610268907,-13.923874665967764,-6.650815275347517,-7.273059390620247,148.4422219004093,-1.959360938875554,-1.9788108978102237,649.7478160438778,20.048407015202287,-15861345.25270623
2022-11-28,145.13999938964844,146.63999938964844,143.3800048828125,144.22000122070312,143.235595703125,69246000,-3.8899993896484375,0,12780888502.511473,7522652500,-0.0034194742091957072,-7602065.620008122,-14.076447175778904,3.3364422841739727,133098087.809462,146.69369695662047,71.17822126214092,14809.888234631777,146.3424980163574,156.8110804038123,135.87391562890252,14.306961449140717,0.3986253956315137,0.0,0.0,149.0219975789388,152.23899892171224,145.80499623616535,4.317485196867473,-0.24634665121024932,0.0,1.0,134.3800048828125,155.4499969482422,144.91500091552734,14.397726122643192,0.46701471492414415,4.534759659454116,5.519306825808014,0.5301846118337039,0.4118528613865993,0.11833175044710459,148.93999735514322,147.14615278977615,147.73800683063445,147.20782221880074,0.9839846209428489,0.7456427761651447,0.23834184477770415,0.046369957338085896,24.488951301868223,0.5274971008300895,19.601159376073607,4.046414104552907,15.5547452715207,148.48500061035156,145.94000244140625,147.2125015258789,146.55500030517578,96.76371015748538,13.397427433519558,23.825014137715748,28.299551548133863,-24.68560296801746,143.5449981689453,155.25999450683594,20.0,40.0,-20.0,139.9615104878854,,0.0,0.0,45.964363827407745,0.46284542326069994,0.7172572685538178,0.8179088251959081,2.571638316542528,52.24448784084755,50.684236225328945,69.57467906109889,-49.315763774671055,2.5949115079992,6.932606541129832,0.36016062451197045,0.27833746156140804,0.08182316295056241,-12.891002326189405,-7.8988526855158945,-4.99214964067351,148.2217294803215,-2.626425881856731,-2.661532510702802,630.0562453546459,17.627416502181234,31315061.25200823
2022-11-29,144.2899932861328,144.80999755859375,140.35000610351562,141.1699981689453,140.20640563964844,83763800,-3.0500030517578125,0,12727925502.04755,7438888700,-0.04988075847713438,-43013177.04955426,-12.938501592479353,1.770580606347055,131326628.62582308,146.95183120595172,63.17293548758942,14809.888234631777,145.73399810791017,155.9157505617332,135.55224565408713,13.973064056451479,0.2758735561651193,0.0,0.0,148.36666463216145,151.74466451009113,144.98866475423176,4.553583362279659,-0.5652259803553998,0.0,1.0,134.3800048828125,155.4499969482422,144.91500091552734,14.457842602951306,0.3222589389235416,4.527282839016517,5.088413806691115,-0.03303203328019322,0.32287588245324084,-0.35590791573343405,148.4649976094564,146.91153717041016,146.72754395960536,146.76057599288555,0.9085808282044939,0.8117114104884737,0.0968694177160202,0.04144566220924144,24.397063615358604,3.96599884033202,18.17830959364643,7.570072381887731,10.608237211758698,146.5250015258789,145.94000244140625,146.23250198364258,146.55500030517578,78.00201445092051,13.62074374447803,22.20465597125014,30.995347887518637,-57.0313675850445,143.83250045776367,155.25999450683594,16.0,36.0,-20.0,,153.58999633789062,0.0,1.0,42.47221196596061,0.27407382962503557,0.4892705298838464,0.6899266089209108,-0.0049230104350969665,43.908833751381835,34.63158858449835,52.157914011102,-65.36841141550164,1.2197064119226866,-3.8809812335692953,-0.022507429571409217,0.2181684833348446,-0.2406759129062538,-10.302356560260076,-8.37955346046473,-1.9228030997953454,147.74004368761337,-2.114826671711312,-2.137509502724466,614.6168211593916,16.99210168136588,30245998.620592415
2022-11-30,141.39999389648438,148.72000122070312,140.5500030517578,148.02999877929688,147.0195770263672,111380900,6.8600006103515625,1,12820492911.190685,7550269600,0.032717279052026045,72284854.24059725,15.073813131756156,3.938421909034105,136739060.81319976,147.59870946873215,71.07936836637437,14809.888234631777,145.60299835205078,155.59401232385244,135.6119843802491,13.723637679005178,0.6214591649103881,0.0,0.0,147.87033182779948,151.56233164469398,144.17833201090497,4.993563984415725,0.5216233693683796,0.0,0.0,134.3800048828125,153.58999633789062,143.98500061035156,13.193403757133245,0.7105674111518683,4.891554372009397,3.6601708243617694,0.07331431377576791,0.2729635687177463,-0.19964925494197838,148.3258310953776,146.85692185621994,146.92792162417328,146.8546073103975,0.9730247139457685,0.7342521474704153,0.23877256647535317,0.038748722928424344,24.564182735640166,2.6770004272460994,20.72354853240553,11.165064483591767,9.558484048813764,146.5250015258789,145.94000244140625,146.23250198364258,146.55500030517578,39.001007225460256,12.931727400960138,25.239372408033667,27.32869822656683,4.411872844921451,144.42749786376953,155.25999450683594,12.0,32.0,-20.0,,153.32519653320313,0.0,0.0,51.413429774842236,0.6658060571841596,0.4675751033566316,0.5580343005980989,0.46609651439594196,54.34950566635375,60.539396709125604,48.61840717298433,-39.460603290874396,0.2536195194020081,-1.115563261850101,0.04992306003774739,0.18451939867542516,-0.13459633863767778,-5.249250631699642,-7.753492894711714,2.504242263012072,147.74352623991072,4.859389884061516,4.745012275353577,649.342838676613,26.14321451044634,47426169.1525041
2022-12-01,148.2100067138672,149.1300048828125,146.61000061035156,148.30999755859375,147.2976531982422,71250400,0.279998779296875,1,12845373667.700788,7621520000,0.10572906496084292,64808450.0668568,11.441641533941814,1.8257666869347233,136873830.96241903,148.00052421331864,69.80695347934835,14837.90114188987,145.76699829101562,155.82247836426842,135.71151821776283,13.796648337612872,0.6264484265819594,0.0,0.0,147.80699920654297,151.4929992675781,144.12099914550782,4.987585271093139,0.5682309202010055,0.0,0.0,134.3800048828125,153.58999633789062,143.98500061035156,13.178560085820287,0.725143095891325,4.6543993620545505,3.370016767541006,0.17813469555812844,0.25399779408582274,-0.0758630985276943,148.32833099365234,146.70192190317007,147.1405486910072,146.96241399544908,1.0682872188511152,0.8742885350169309,0.19399868383418428,0.03795555257194801,24.62853005502461,4.2729949951171875,25.639505971268704,14.446363952117416,11.193142019151288,146.5250015258789,145.94000244140625,146.23250198364258,146.55500030517578,21.742742297244945,12.202688432876311,24.900245601483274,26.29542060376201,40.517489178500625,144.99250030517578,155.25999450683594,8.0,28.000000000000004,-20.000000000000004,,153.06569272460936,0.0,0.0,51.74311158135672,0.690355749229769,0.5434118786796546,0.5000858373067111,0.9387848818127473,55.79417679437914,60.12082572698272,51.76393700686892,-39.87917427301728,-0.5508505428538513,0.020231170450389486,0.12121105710991156,0.17185773036232246,-0.0506466732524109,-5.464880903288476,-7.295770496427067,1.8308895931385907,147.74677104249548,0.18915002472865705,0.18897136132842718,650.7602208412723,23.32794792648913,-10771982.776943013
2022-12-02,145.9600067138672,148.0,145.64999389648438,147.80999755859375,146.8010711669922,65447400,-0.5,0,12900237975.37172,7556072600,0.2000455750099597,50875285.77159155,-3.7522804638654117,-0.15905131007651066,136653187.03727117,147.9419056312289,62.33222446490084,14787.877875130569,146.2134979248047,155.78762270841958,136.63937314118982,13.096088828322403,0.5833757481687148,0.0,0.0,147.57733256022135,150.9653330485026,144.1893320719401,4.591491700663068,0.5343366240909888,0.0,0.0,134.3800048828125,153.58999633789062,143.98500061035156,13.13831604313134,0.6991149739544031,4.454959792060032,3.2650556934655133,0.21834286139261394,0.246866807547181,-0.028523946154567048,148.14249801635742,146.64269080528845,147.24354082448207,147.02519796308945,0.9603704270795886,0.9394655291783722,0.020904897901216413,0.03772811098509645,24.58093063764848,2.5764953613281136,24.30000986028694,17.20212613332849,7.09788372695845,146.09000396728516,145.94000244140625,146.0150032043457,146.55500030517578,20.860116922351153,11.730053537674129,23.874141364113473,26.699059147755396,22.288656099502546,145.94750213623047,155.25999450683594,4.0,24.0,-20.0,,152.81137899218749,0.0,0.0,51.07661277375952,0.6407250442531566,0.6656289502223616,0.5588719774195495,1.1312440300356832,53.74115667215093,56.34438789622172,59.00153677744337,-43.65561210377828,-0.9467333176556565,-1.4862675468708957,0.14850710246785637,0.16718760478342926,-0.01868050231557289,-6.19506930136483,-7.07563025741462,0.8805609560497896,147.7479436325165,-0.33713168918532155,-0.337701258557388,648.2291702270187,22.209473756904202,770364.8456918225
2022-12-05,147.77000427246094,150.9199981689453,145.77000427246094,146.6300048828125,145.629150390625,68826400,-1.17999267578125,0,12854398300.093357,7487246200,0.18257595272039165,32005295.247022673,11.373561200068579,0.19140179812296548,136103734.02839607,147.87627004676716,62.14120747993102,14787.877875130569,146.6259979248047,155.49984789726057,137.75214795234882,12.104060805105947,0.5002257733689573,0.0,0.0,147.22266642252606,150.85266672770183,143.59266611735026,4.93130629051067,0.41836618596580993,0.0,0.0,134.58999633789062,153.58999633789062,144.08999633789062,12.958138576314354,0.633684660259046,4.524463202502466,3.1143815545753384,0.1532262780223448,0.22813870164221375,-0.07491242361986897,147.9624989827474,146.71307549109827,147.14915067960982,146.99592440158747,0.910661130795864,0.8956552786200154,0.0150058521758486,0.03624056507678949,24.4100443056615,4.094003295898432,21.85512798311564,19.372518173048686,2.482609810066954,146.09000396728516,145.94000244140625,146.0150032043457,145.93499755859375,25.040280305854345,11.155864826879796,26.47132485067878,24.58656788247702,28.05432630085313,145.4625015258789,155.25999450683594,0.0,20.0,-20.0,,152.56215153441406,0.0,0.0,49.45751484960129,0.5201592300518707,0.617080007844932,0.6087069455823163,0.8382649893072173,48.64337965688604,47.432049934539286,54.6324211859146,-52.567950065460714,-0.4785570930032179,-1.4517027359269483,0.10423845330822658,0.15459777448838874,-0.05035932118016216,-6.359105911899903,-6.932325388311677,0.573219476411774,147.71312209200897,-0.7983172283819839,-0.8015208417573305,642.2559278533167,21.11850544588208,9839405.794682205
2022-12-06,147.07000732421875,147.3000030517578,141.9199981689453,142.91000366210938,141.9345245361328,64727200,-3.720001220703125,0,12813492745.223028,7422519000,0.10929078674373381,-6964784.504365608,-31.044632737085912,-2.9136090989529992,134461605.84866142,147.34965273014052,54.404757347132055,14412.709615461892,146.82549819946288,155.1604395981721,138.49055680075367,11.35353395823139,0.26511565288510136,0.0,0.0,146.7570002237956,150.66000162760417,142.85399881998697,5.31899861384024,0.007174586469243262,0.0,0.0,134.58999633789062,153.58999633789062,144.08999633789062,12.940531605885269,0.43789512232730265,4.61001737053347,3.3066679829264896,-0.19628939069161788,0.14325308317544744,-0.3395424738670653,147.3116658528646,146.21961388221155,146.49697421537897,146.6932636060706,0.828859851039342,1.0214359641490287,-0.1925761131096867,0.02894251328349418,24.43732301384207,4.464495086669928,19.71949362823796,20.771064703366203,-1.051571075128244,146.09000396728516,144.91500091552734,145.50250244140625,145.93499755859375,12.520140152927173,10.916888163131704,24.30760159503749,28.426213562219115,-57.93875057608425,147.49499893188477,155.25999450683594,4.0,16.0,-12.0,,152.3179086257961,0.0,0.0,44.65199526542065,0.16231714237938913,0.44106713889480537,0.5745920323206999,-0.8266079600815263,46.99724942560185,20.72874053738159,41.50172612271422,-79.27125946261842,-0.10064562629250418,-5.181792393404623,-0.13380941010265646,0.0969163375701797,-0.23072574767283616,-6.873032473908141,-6.92046680543097,0.04743433152282872,147.54883140788812,-2.5369986338581674,-2.5697353170228254,623.4249051039468,18.00293167475371,5311281.282037899
2022-12-07,142.19000244140625,143.3699951171875,140.0,140.94000244140625,139.97796630859375,69721100,-1.970001220703125,0,12782666659.570839,7352797900,0.08870316153939921,-25591337.019279756,-14.138110273908994,-3.207488660137449,133500506.91514301,146.83516364034614,54.28361007889167,14412.709615461892,146.8974983215332,154.99970415322855,138.79529248983783,11.031101174998954,0.13235346004037785,0.0,0.0,145.98300069173177,149.8740010579427,142.09200032552084,5.330758167421766,-0.1480336386136622,0.0,1.0,134.58999633789062,153.58999633789062,144.08999633789062,12.934188952906664,0.3342108475534539,4.486015145198873,3.5853238059421733,-0.6250406314701422,-0.010405659753670485,-0.6146349717164717,146.44916661580405,145.74269104003906,145.6420554809216,146.26709611239176,0.8224134774043642,1.027758631212958,-0.20534515380859386,0.0153889510317942,24.369723784551287,1.1124961853027457,15.208397381048849,20.63362200289368,-5.425224621844832,145.45999908447266,144.91500091552734,145.1875,145.93499755859375,6.260070076463586,11.065204960096025,23.037349745074813,29.918010979644706,-123.30606236635022,147.71749877929688,154.63499450683594,0.0,12.0,-12.0,,152.07855057535048,0.0,0.0,42.30758101566346,0.0,0.22749212414375317,0.42854642362783046,-2.9237568409522208,47.96946793520562,7.4015958053939235,25.187462092438285,-92.59840419460608,-0.6453523972455173,-6.84116022475575,-0.4273282563768549,-0.007932581219227214,-0.41939567515762766,-6.667323907924762,-6.869838225929729,0.2025143180049671,147.01416837392975,-1.3784907775671984,-1.388080189780183,613.4525595044646,18.211322261347306,12700181.634709656
2022-12-08,142.36000061035156,143.52000427246094,141.10000610351562,142.64999389648438,141.67630004882812,62128300,1.709991455078125,1,12800123631.852156,7414926200,0.14526056249928848,-6758451.428164039,2.4345062052424034,-3.1448887893047677,134254294.7701042,146.3228602067645,53.237360895561196,14587.57558580419,147.28649826049804,153.5886048631471,140.98439165784896,8.557616179458439,0.13214646654305112,0.0,0.0,145.15066731770835,149.0346669514974,141.26666768391925,5.351680024023185,0.1780801162454804,0.0,0.0,139.5,153.58999633789062,146.5449981689453,9.566386942658093,0.22356243542898976,4.295413813784454,3.8698329641280194,-0.8174243008320161,-0.17180938796933962,-0.6456149128626765,146.00249989827475,145.43499873234674,145.18173831408512,145.99916261491714,0.8512214211856618,1.0526694733632636,-0.20144805217760176,0.00047997017246839766,24.180817308189386,2.8934944152832145,11.545048529012233,19.641177872788433,-8.0961293437762,145.45999908447266,143.98500061035156,144.7224998474121,145.93499755859375,3.130035038231793,11.164927479788897,22.32595029756573,28.682244840180072,-126.18973463101722,148.00499725341797,154.05500030517578,36.0,8.0,28.0,,151.59540855233647,0.0,0.0,45.00666067667174,0.19855235030359866,0.12028983089432915,0.2629496979776295,-3.93846887573397,50.14084892290679,20.866098687143086,16.33214500997289,-79.13390131285692,-1.6997051014619728,-3.6213774807646573,-0.559882869320305,-0.11832263883944277,-0.4415602304808622,-7.280837455123512,-6.952038071768486,-0.328799383355026,146.72226293086797,1.213276163940069,1.2059749651673002,622.1087093499526,21.53750639517152,2987617.8977313116
2022-12-09,142.33999633789062,145.57000732421875,140.89999389648438,142.16000366210938,141.1896514892578,76097000,-0.489990234375,0,12765089881.291798,7338829200,0.04150197002536425,-11119642.204888374,5.676624627816278,-3.3961076914792834,133992908.24041188,145.65080314369632,53.084488617191084,14587.57558580419,147.05099868774414,153.73801609731228,140.363981278176,9.094827602997391,0.13429173829901592,0.0,0.0,144.6346674601237,148.8096674601237,140.45966746012368,5.773166383019582,0.20363307808211828,0.0,0.0,140.0,153.58999633789062,146.7949981689453,9.241689250100464,0.15894070965177615,4.332873775179446,4.1785513691843015,-0.9979244103297162,-0.337032392441415,-0.6608920178883013,145.33416748046875,145.32461430476263,144.716856059935,145.7147804702647,0.7859760059018064,1.0363697487063117,-0.2503937428045053,-0.015353546435106918,24.11535202749188,4.019008636474609,5.489773420424151,18.073246099938494,-12.583472679514344,145.45999908447266,143.98500061035156,144.7224998474121,145.93499755859375,1.5650175191158966,10.736977936849058,23.933369924854716,26.544932479399076,-107.41798440792451,148.00499725341797,152.70999908447266,32.0,4.0,28.0,,151.131592210243,0.0,0.0,44.366149285871096,0.16060668568502018,0.11971967866287285,0.1558338779003187,-4.956044155944951,40.14515326557564,18.25869254254209,15.508795678359723,-81.7413074574579,-2.358439681109246,-5.340251301640406,-0.68484776019915,-0.23162766311138422,-0.4532200970877657,-6.132153819386791,-6.788061221292148,0.655907401905357,146.50938919911837,-0.34349124103753015,-0.34408252659856586,619.6283291825663,20.597586388574598,20629133.622733764
2022-12-12,142.6999969482422,144.5,141.05999755859375,144.49000549316406,143.5037384033203,70462700,2.3300018310546875,1,12835143139.758646,7409291900,0.03248653121355124,13922909.54167527,-2.221327609745921,-2.816638395688058,135147791.5816594,145.29479441382747,59.8168159416267,14826.665885114808,146.79049911499024,153.4503084664627,140.13068976351778,9.07389700508534,0.3272853245177697,0.0,0.0,144.49500071207683,148.68800150553386,140.3019999186198,5.80366209598085,0.49940433842505316,0.0,0.0,140.0,153.58999633789062,146.7949981689453,9.258089876269667,0.3303904858785988,4.243586641802127,4.298795499180741,-0.9421004251474017,-0.45804599898261233,-0.48405442616478933,144.78583399454752,145.5403835590069,144.68195597273947,145.62405639788687,0.8438480582625527,1.0304940304630101,-0.18664597220045742,-0.027996352957188456,23.947055010816175,1.3195014953613224,1.248321758126898,16.19213634043632,-14.943814582309422,145.45999908447266,143.98500061035156,144.7224998474121,145.93499755859375,0.7825087595579483,10.339596218404923,22.597568579234153,25.063371101426785,-83.19096022137172,147.02999877929688,152.70999908447266,28.000000000000004,0.0,28.000000000000004,,150.6863285218333,0.0,0.0,48.14527973605248,0.4554492834064696,0.2715361064650294,0.17051520534074407,-4.801663989027091,45.02508557594543,37.954393898549064,25.693061709411438,-62.045606101450936,-3.3145284316119046,-4.355597744119402,-0.6469401062234607,-0.31469015173379955,-0.3322499544896611,-5.786722012509229,-6.587793379535565,0.8010713670263359,146.49895669101792,1.6389995575638139,1.6257129416253235,631.4230343139726,23.223680010671615,8245843.766493812
2022-12-13,149.5,149.97000122070312,144.24000549316406,145.47000122070312,144.47706604003906,93886200,0.9799957275390625,1,12781563994.201939,7503178100,0.015138656432407364,25077933.16070422,26.396060072135505,-0.7531567995145849,135784569.70732176,145.21251915809634,61.48526443637704,14826.665885114808,146.64999923706054,153.29673684455912,140.00326162956196,9.064763235019308,0.41123479772797183,0.0,0.0,144.94000091552735,149.26000213623047,140.61999969482423,5.9610889932598585,0.5613426105802712,0.0,0.0,140.0,153.58999633789062,146.7949981689453,9.266959705824696,0.40250203787414357,4.39222755037582,4.407118954679355,-0.809451200085249,-0.5283270392031397,-0.28112416088210923,144.56583404541016,145.81307572584885,144.80319370319543,145.61264490328068,0.9166944995813484,0.937942549776316,-0.02124805019496756,-0.03660204902616178,23.962708047166608,-2.429998016357416,0.367710798049053,13.930376592174492,-13.562665794125438,145.45999908447266,144.08999633789062,144.77499771118164,145.93499755859375,2.151916240569132,10.486361867506162,29.228849263356864,22.78240981825391,-2.342037271589585,145.9375,152.70999908447266,24.0,8.0,16.0,,150.25887538095998,0.0,0.0,49.69314285415458,0.5762114504379203,0.39742247317646995,0.26289275276812435,-4.249482225635661,39.56753323952451,46.23838016951054,34.15048887020059,-53.76161983048946,-2.7031749500947626,-1.782458563749358,-0.5558934806952414,-0.36293081752608797,-0.1929626631691534,-2.8960830307780023,-5.849451309784053,2.9533682790060505,146.46029101520233,0.6782446468835079,0.6759549153686706,636.38387189028,23.006035773674654,33638989.37842791
2022-12-14,145.35000610351562,146.66000366210938,141.16000366210938,143.2100067138672,142.23248291015625,82291200,-2.2599945068359375,0,12760617234.61387,7420886900,0.026571912209516334,-5072865.856673162,-21.35404310732278,-2.8611220699869557,134506109.14225462,144.77418972163554,54.30129340332371,14596.321599874764,146.30849990844726,152.92521596994925,139.69178384694527,9.044882649528098,0.2658586853523894,0.0,0.0,144.7310012817383,148.78400268554688,140.6779998779297,5.600737047232726,0.3123619490432664,0.0,0.0,140.0,152.6999969482422,146.3499984741211,8.680286487927377,0.2527564948991178,4.503004795338238,4.501757864055754,-0.8765836915353304,-0.5979783696695778,-0.2786053218657526,144.48166783650717,145.9780760544997,144.55808801252954,145.43467170406487,0.8326108000663148,1.016690628666388,-0.1840798286000731,-0.04507854928448037,24.068389329043875,-5.138501739501947,-6.284933360720077,10.383216666397962,-16.66815002711804,145.45999908447266,144.08999633789062,144.77499771118164,145.93499755859375,1.2537043726662553,9.884268517868934,26.7155953862735,25.638639984225804,-66.57524254345786,145.9375,152.70999908447266,20.0,4.0,16.0,,149.97000122070312,0.0,0.0,46.26348728478815,0.4192563673640153,0.483639033736135,0.38419920445921174,-4.707422856287285,41.355697451253114,29.395670806941354,37.86281495833368,-70.60432919305865,-2.078615031522844,-0.7003151423430652,-0.6027336406541564,-0.4108913821517017,-0.19184225850245468,-1.8730016164043488,-5.054161371108112,3.181159754703763,146.25267576966084,-1.5535811424151502,-1.565775680492898,624.9435509208059,20.02528915492549,9661497.372530699
2022-12-15,141.11000061035156,141.8000030517578,136.02999877929688,136.5,135.5682830810547,98931900,-6.7100067138671875,0,12677802519.825813,7321955000,-0.03850400668282761,-99181558.33652517,-29.132349817129196,-4.018677571882553,129870722.77192944,144.0627811470651,51.3731885758737,14596.321599874764,145.69400024414062,153.4580368426445,137.92996364563675,10.658004565038532,-0.09208892999759294,0.0,1.0,143.7403345743815,148.1183359781901,139.36233317057292,6.091541969443646,-0.32689952635497976,0.0,1.0,136.02999877929688,152.6999969482422,144.36499786376953,11.441787678978722,0.028194437452230464,4.770705109261445,4.9476806896412695,-1.4544620059823785,-0.769275096932138,-0.6851869090502405,144.09250132242838,145.86269143911508,143.31838216444805,144.77284417043043,0.794323936087241,1.0569117369733403,-0.26258780088609934,-0.061976465135757094,24.234909520841384,2.33599853515625,-18.149655752185794,5.6665871539009895,-23.816242906086785,143.4749984741211,144.08999633789062,143.78249740600586,145.93499755859375,0.6268521863331277,10.063630728429073,23.83438180210506,30.57912007494658,-174.98959403254992,145.9375,152.70999908447266,16.0,0.0,16.0,,149.97000122070312,0.0,0.0,37.899903667754856,0.0,0.33182260593397844,0.4042947042821948,-7.767852365606141,38.08859101668576,3.156489187164581,26.263513387872184,-96.84351081283542,-2.5318805021398134,-3.3080670323141095,-1.0046511238462286,-0.5296433304906071,-0.4750077933556215,0.6434696433926509,-3.9146351682079596,4.558104811600611,144.7694393973094,-4.685431463789913,-4.79875167468693,590.9768176912467,14.382358067578366,29780952.42524299
2022-12-16,136.69000244140625,137.64999389648438,133.72999572753906,134.50999450683594,133.59185791015625,160156900,-1.9900054931640625,0,12581381459.033913,7161798100,-0.13725772225721172,-130543208.68389693,-7.893520679170679,-3.577039964981966,127535828.18754755,142.83188789421087,47.82070692414134,14596.321599874764,144.88349990844728,153.69354422328485,136.0734555936097,12.161556451086131,-0.08873173794033272,0.0,1.0,142.5546676635742,147.08966827392578,138.01966705322266,6.362472284743505,-0.3869539221643732,0.0,1.0,133.72999572753906,152.6999969482422,143.21499633789062,13.093279243454484,0.04111748703767159,4.685634415229831,5.394808178910359,-2.0493874824997533,-1.0252975740456611,-1.0240899084540922,142.9658342997233,145.84884526179388,141.9632456017385,144.01263308423825,0.8218752961354937,1.109840868277518,-0.28796557214202434,-0.08635161263862631,24.256881925748928,3.426497650146473,-27.770320588615306,0.15264842370866283,-27.922969012323968,141.8499984741211,143.65999603271484,142.75499725341797,145.61499786376953,0.31342609316656384,10.630649413989639,22.413167847230444,32.25435676544531,-199.8433178901211,145.9375,149.31499481201172,12.0,100.0,-88.0,,149.13360107421875,0.0,0.0,35.83105089069147,0.0,0.13975212245467164,0.31840458737492866,-10.9599527280451,37.30197805037203,4.5375140693293945,12.363224687811803,-95.46248593067061,-3.5417637544519778,-9.133286755354492,-1.4230609069559834,-0.7083268457836824,-0.714734061172301,8.15019843243267,-1.5016684480798337,9.651866880512504,143.0645880503036,-1.4578794821714758,-1.4686109742856779,580.9032084395647,16.282911567741863,81825519.68999913
2022-12-19,135.11000061035156,135.1999969482422,131.32000732421875,132.3699951171875,131.46646118164062,79592600,-2.1399993896484375,0,12544866942.487127,7082205500,-0.15905598099465354,-136226766.78913054,-11.845757480575077,-3.4989868141316607,126269542.24318321,142.21481768699877,48.198713562086326,14364.100050618386,143.9375,153.7937744723745,134.0812255276255,13.695214203907263,-0.08680919018815297,0.0,1.0,141.07366739908852,145.481667582194,136.6656672159831,6.249217539139324,-0.48725861165564543,0.0,1.0,131.32000732421875,151.8300018310547,141.57500457763672,14.249236305226878,0.051193957785741546,4.605069936109191,5.844565004396738,-2.6628545452417427,-1.3528089682848776,-1.310045576956865,141.63750076293945,145.29115295410156,140.48736091180757,143.1502154570493,0.8299298190947721,1.120498747066876,-0.29056892797210376,-0.11742312611149773,24.23995335142649,3.87249755859375,-37.491847224841294,-6.204167226633476,-31.287679998207818,140.64500427246094,142.4550018310547,141.5500030517578,144.41000366210938,0.15671304658328192,11.5516540470173,21.073718980971382,34.03877594223946,-211.8640845973485,145.42499923706055,149.31499481201172,8.0,100.0,-92.0,,147.90131264648437,0.0,0.0,33.70059241678561,0.0,0.0,0.15719157612955034,-14.30002746901281,35.588732861613025,5.357083078695684,4.350362111729912,-94.64291692130432,-4.862821915570436,-10.747759897378957,-1.8601820030377136,-0.9386978772344887,-0.9214841258032249,6.430678516152631,0.08480094476665934,6.345877571385972,141.19708270570382,-1.5909593911548892,-1.6037510044085934,570.0703149002203,16.15180342430122,-34663882.96650118
2022-12-20,131.38999938964844,133.25,129.88999938964844,132.3000030517578,131.39697265625,77432800,-0.0699920654296875,0,12578513486.337519,7004772700,-0.1058562717691852,-117540040.33411245,-7.33333837162111,-5.099497635801465,126228598.81337342,141.16216679659985,39.92241401017105,14356.504877484993,143.1520004272461,154.03535160700784,132.26864924748435,15.20530785078756,0.0014404480640011512,0.0,0.0,139.85066731770831,144.0566670735677,135.64466756184896,6.014987038001484,-0.39760636046539316,0.0,1.0,129.88999938964844,151.8300018310547,140.86000061035156,15.326368039513902,0.10984518659674794,4.480563003533428,6.492374728505362,-3.1187286247434827,-1.7059928995765987,-1.412735725166884,140.34500122070312,144.6219224196214,139.22776739487685,142.34649601962033,0.7886753270263341,1.2290191048538832,-0.4403437778275491,-0.1515780086572522,24.266095650049614,3.4780044555664062,-43.50648824073864,-12.728043406832086,-30.778444833906555,139.93000030517578,141.73999786376953,140.83499908447266,143.69499969482422,0.07835652329164096,12.63227464380076,19.961210706132313,34.48860905590905,-194.4213845298383,145.42499923706055,149.31499481201172,4.0,100.0,-96.0,,146.24318211425782,0.0,0.0,33.63016166467243,0.0,0.0,0.046584040818224176,-17.010125757475777,37.08336216689584,11.459837384688388,7.118144844237848,-88.54016261531162,-7.360410847383406,-10.493197187617556,-2.190941619183666,-1.1891466256243244,-1.0017949935593418,4.806388826825344,1.0291185211783964,3.777270305646948,139.95324498249903,-0.052876080691643956,-0.05289006502096072,569.716007979823,17.926975537111275,-1310111.8482318223
2022-12-21,132.97999572753906,136.80999755859375,132.75,135.4499969482422,134.5254669189453,85928000,3.149993896484375,1,12606873898.791103,7090700700,-0.1138740932123922,-62081080.92393792,15.166870456716271,-4.83340985560329,128274499.5638913,140.28160589617272,40.31313368875247,14356.504877484993,142.41550064086914,153.29039106191297,131.5406102198253,15.272060094732485,0.17974372968631866,0.0,0.0,139.20733388264972,143.48233388264973,134.93233388264974,6.141917786607092,0.060545387788590074,0.0,0.0,129.88999938964844,151.8300018310547,140.86000061035156,15.405628139265973,0.2534182743799814,4.4835061538636785,6.846050478216522,-3.189072295006838,-2.0026087786626467,-1.1864635163441912,139.41333389282227,144.12846081073468,138.64657194154844,141.83564423655528,0.736018229935738,1.1628893721654119,-0.4268711422296739,-0.18189648303221792,24.277116184815153,0.4945030212402344,-48.58771324660442,-19.409461381900606,-29.178251864703817,139.93000030517578,141.73999786376953,140.83499908447266,143.69499969482422,0.03917826164582048,12.734399152870697,24.142501559638003,32.04336860716054,-121.65036013907536,144.60499954223633,149.31499481201172,0.0,96.0,-96.0,,144.2808001873047,0.0,0.0,39.73450694952937,0.34989037292962427,0.11663012430987464,0.03887670810329184,-17.60926591026029,35.731354554217035,26.438411228379753,14.418443897254633,-73.56158877162025,-8.780382403205408,-7.6246385884699635,-2.2484279689864577,-1.401002894296751,-0.8474250746897067,4.24757098623686,1.672809014190089,2.5747619720467707,139.74323756957872,2.3809477126406797,2.353045181273039,585.661595953007,21.7389928997804,13916929.636722356
2022-12-22,134.35000610351562,134.55999755859375,130.3000030517578,132.22999572753906,131.32742309570312,77852100,-3.220001220703125,0,12599563665.7128,7012848600,-0.13119985225416853,-89024334.6539899,-12.858973092349077,-5.483887900494979,126423751.22367471,139.3687982337612,40.146232355792556,14015.21315159299,141.47350006103517,152.44995605473116,130.49704406733917,15.517331498776066,0.07893948926662475,0.0,0.0,138.20133361816406,142.66033325195312,133.742333984375,6.452903914963391,-0.16958268457524103,0.0,1.0,129.88999938964844,150.9199981689453,140.40499877929688,14.864973843316248,0.11126944715727945,4.550154928125748,7.306121386807698,-3.464708347206482,-2.295028692371414,-1.1696796548350683,138.52333323160806,143.44346090463492,137.6594063701624,141.12411471736888,0.7138828458625412,1.1649953006653664,-0.45111245480282514,-0.21237196573648454,24.364933829316147,-0.5334976196289176,-56.9226497067103,-26.34417506269332,-30.578474644016982,139.93000030517578,141.2949981689453,140.61249923706055,143.69499969482422,0.01958913082291024,13.251233785116018,22.20635366262065,33.28877809239765,-138.75064844286283,144.95999908447266,149.31499481201172,8.0,92.0,-84.0,,142.55390409158593,0.0,0.0,36.08124469622853,0.15259203771968818,0.16749413688310402,0.09470808706432653,-19.2370005385879,36.35538650674728,11.126944715727944,16.341731109598722,-88.87305528427206,-9.831941312902131,-7.473240263726877,-2.4550788886401866,-1.611818093165438,-0.8432607954747486,3.01843988565423,1.9419351884829172,1.0765046971713126,138.90838591372574,-2.377261936693542,-2.4059747742690263,569.3616238178907,17.171095043886623,3396767.5795523077
2022-12-23,130.9199981689453,132.4199981689453,129.63999938964844,131.86000061035156,130.95994567871094,63814900,-0.3699951171875,0,12637669066.50867,6949033700,-0.10825916102420588,-79679601.33253543,-6.0988931001335445,-6.731920350509418,126245189.61007185,138.42905902372422,34.2755750565011,13975.996932883309,140.66100006103517,151.9533517917858,129.36864833028454,16.05612319811559,0.11031148955813717,0.0,0.0,137.0443333943685,141.3143315633138,132.77433522542316,6.231557428438389,-0.1070649891282546,0.0,1.0,129.63999938964844,150.9199981689453,140.27999877929688,15.1285706557348,0.10432337161893754,4.373139313242861,7.678154566731413,-3.6706939433527452,-2.57016174256768,-1.1005322007850653,137.76666641235352,142.7923073401818,136.76719009942227,140.437884042775,0.6901544427909605,1.2537021499125816,-0.563547707121621,-0.24181679856396174,24.35320477853604,1.9889938354492074,-64.14446323310001,-33.610040061718536,-30.534423171381476,139.80500030517578,141.1699981689453,140.48749923706055,143.56999969482422,0.00979456541145512,13.842934056306847,21.21719316317356,32.863488224494766,-129.64592271653666,144.95999908447266,149.31499481201172,4.0,100.0,-96.0,,141.03423552735345,0.0,0.0,35.67535690564253,0.12732351590558244,0.2099353088516315,0.1646865233482037,-20.675823824945965,39.64083852903904,10.919827942720628,16.161727962276135,-89.08017205727937,-10.543499262192682,-6.442458971028872,-2.6137491093462457,-1.8122042964015996,-0.8015448129446461,0.675588954029896,1.688665941592313,-1.013076987562417,138.13326126901697,-0.27981178941416385,-0.28020399439636634,567.4886710806342,18.439734757864926,-6080466.214126915
2022-12-27,131.3800048828125,131.41000366210938,128.72000122070312,130.02999877929688,129.1424560546875,69007800,-1.8300018310546875,0,12635873138.239662,6880025900,-0.08881937882008958,-86337429.76460975,-3.76166535503794,-4.78313696607742,125287473.8526586,137.62259636812308,34.35000053234165,13975.996932883309,139.95149993896484,152.01690443768246,127.88609544024725,17.242265361899697,0.08884506687187728,0.0,0.0,135.71466674804688,139.9096649169922,131.51966857910156,6.182085207832837,-0.17755309297062358,0.0,1.0,128.72000122070312,150.9199981689453,139.81999969482422,15.862635954544233,0.05900890714750646,4.249825320883419,8.050422939072726,-3.9362304517183873,-2.8433754843978214,-1.0928549673205659,136.7150001525879,141.99653801551233,135.73069912709528,139.66692957881367,0.7203175148039396,1.2116196687649115,-0.4913021539609719,-0.27139587111658253,24.359435210976653,2.2085037231445312,-71.82487959450754,-41.631438994224816,-30.19344060028272,137.69000244140625,140.70999908447266,139.20000076293945,143.11000061035156,0.00489728270572756,14.55219960874487,20.126679084580942,32.68029782677526,-124.25670170505364,145.0124969482422,149.31499481201172,0.0,100.0,-100.0,,139.43904246807475,0.0,0.0,33.65856851298905,0.0017684667610282296,0.09389467346209951,0.15710803973227863,-22.486915494325075,45.4377159904065,6.164694393382353,9.403822350610335,-93.83530560661765,-10.966469977883747,-8.846824856049658,-2.8182981208140494,-2.0134230612840898,-0.8048750595299596,-0.7142362162541872,1.2080855100230132,-1.9223217262772003,136.50870827111657,-1.387836965405731,-1.3975574638567245,558.2250165634816,17.232258631809657,7957339.421187311
2022-12-28,129.6699981689453,131.02999877929688,125.87000274658203,126.04000091552734,125.1796875,85438400,-3.9899978637695312,0,12556064343.946926,6794587500,-0.10515410614082214,-122703373.1530779,-9.75369652722486,-4.469964555599981,122665778.57707451,136.67734796452143,34.12804092687996,13975.996932883309,139.19500007629395,152.67438548429072,125.71561466829716,19.367628723170537,0.012032679436472474,0.0,0.0,133.82333323160807,137.96133143107096,129.68533503214516,6.184270111253714,-0.44047072290787515,0.0,1.0,125.87000274658203,150.9199981689453,138.39500045776367,17.996332776775866,0.006786355289851564,4.340842392066561,8.614483043622446,-4.4177049764455205,-3.158241382807361,-1.2594635936381593,135.3716665903727,141.02538446279672,134.23982247916175,138.65752745560727,0.7132786876839419,1.1472130631259934,-0.4339343754420515,-0.3047743928368235,24.481394881714564,5.2950054168701115,-80.96230429847992,-49.92892465397591,-31.03337964450401,133.83500289916992,138.85000228881836,136.34250259399414,141.68500137329102,0.00244864135286378,15.68380852928168,18.44860416467908,34.56060822953914,-130.65380086252318,145.01499938964844,149.31499481201172,8.0,100.0,-92.0,,137.72399586849528,0.0,0.0,29.714325176251222,0.0,0.043030660888870115,0.11562021440086734,-25.320062577279774,41.98552558048224,0.7053866377952631,5.929969657966108,-99.29461336220474,-11.266646284215597,-11.339337599411287,-3.1860549207181683,-2.2479494331709056,-0.9381054875472628,-0.18626896498796966,0.9292146150208167,-1.1154835800087863,133.686345819858,-3.068521034551308,-3.1165859522513273,538.0272434755524,14.543665642435727,24029219.607786357
2022-12-29,127.98999786376953,130.47999572753906,127.7300033569336,129.61000061035156,128.72532653808594,75703700,3.5699996948242188,1,12583868384.255487,6870291200,-0.1480108656832381,-66565436.145914756,2.3793310575603326,-4.473905637577272,124810035.82821651,135.91058997096815,34.50794971144512,14371.857805803304,138.27400016784668,151.72999772239038,124.81800261330297,19.462802172801645,0.178061789087888,0.0,0.0,132.38299942016602,136.24599685668946,128.52000198364257,5.836092932541593,0.14108197644701895,0.0,0.0,125.87000274658203,150.9199981689453,138.39500045776367,18.11620072606263,0.14930133921025246,4.350757634061077,8.964942605054823,-4.459798090232113,-3.4185527242923115,-1.041245365939801,134.13166618347168,140.317692389855,133.5275421916525,137.9873402818846,0.7095131022683799,1.129653373440865,-0.420140271172485,-0.33399688893649027,24.54959786168709,7.196001052856445,-86.26879768623796,-57.49771820220393,-28.771079484034033,131.7599983215332,138.85000228881836,135.30500030517578,141.68500137329102,0.00122432067643189,16.73458824120872,17.12548239057141,32.081944105862156,-100.24474376144921,145.01499938964844,149.31499481201172,4.0,96.0,-92.0,,135.5902771065509,0.0,0.0,36.84537423250273,0.3569304836360998,0.11956631679904257,0.08549721705000435,-25.576807057923034,46.990192455806984,15.518664317699406,7.4629151162923675,-84.4813356823006,-12.182087303610388,-10.29829352696404,-3.232034243954196,-2.444766395327564,-0.787267848626632,-0.7292722000562573,0.597517252005402,-1.3267894520616592,133.136190005145,2.832433885189234,2.7930621991565374,556.0989433164928,20.71643211151357,5869609.112112284
2022-12-30,128.41000366210938,129.9499969482422,127.43000030517578,129.92999267578125,129.0431365966797,77034200,0.3199920654296875,1,12659679556.336105,6947325400,-0.11573470456279762,-53534612.01553785,-1.357580028089331,-4.9763488272848155,125000224.33720997,135.03003875624466,27.982060285870887,14371.857805803304,137.35499992370606,150.4494975419072,124.26050230550493,19.06664864835569,0.2164836916842012,0.0,0.0,131.48233235677085,135.02032903035484,127.94433568318684,5.381706591549994,0.28061883260378195,0.0,0.0,125.87000274658203,150.9199981689453,138.39500045776367,18.237410677643567,0.16207547589308857,4.16768153496161,9.275603745269107,-4.41642668310493,-3.6181275160548356,-0.7982991670500947,132.83666547139487,139.53884623600885,132.9740730353646,137.39049971846953,0.6975786116455209,1.176742160136437,-0.479163548490916,-0.3582015634713745,24.60829928516862,5.855006790161127,-89.23205010763083,-64.32679925987232,-24.90525084775851,131.3400001525879,138.85000228881836,135.09500122070312,141.68500137329102,0.000612160338215945,17.76248768296633,16.406283992001814,31.23459287252686,-92.54366617700278,146.24250030517578,149.31499481201172,0.0,92.0,-92.0,,133.8406277217565,0.0,0.0,37.457886613535656,0.3875885731641087,0.24817301893340274,0.13692333220710542,-25.60117478409019,49.21225347854054,16.84643230811359,11.023494421202779,-83.15356769188641,-12.503764141307158,-10.682620756526287,-3.2145066013696337,-2.5987144365359782,-0.6157921648336555,-1.0184671624597639,0.2743203691123688,-1.2927875315721327,132.92590998670596,0.246888406699175,0.24658413797222778,557.7187755440169,19.757630782392056,11152651.92144671
2023-01-03,130.27999877929688,130.89999389648438,124.16999816894531,125.06999969482422,124.21629333496094,112117500,-4.859992980957031,0,12577548976.138988,6835207900,-0.1954327731237218,-123728276.44795386,-6.9330501686865125,-5.3129004386377146,120806502.38109371,133.80448194977905,21.197288069599892,14371.857805803304,136.21800003051757,149.4322969796653,123.00370308136985,19.401689859177583,0.07818412971216143,0.0,0.0,130.62399927775067,134.44299570719403,126.80500284830728,5.847312056834057,-0.2271543304029671,0.0,1.0,124.16999816894531,150.9199981689453,137.5449981689453,19.63763966143026,0.033644916855286214,4.423912954219356,9.936236622073679,-4.719808334883851,-3.838463679820639,-0.881344655063212,131.32499821980795,138.53884594257062,131.75806175220453,136.47787008708838,0.65968731623132,1.136093936022482,-0.47640661979116194,-0.384035088975669,24.866328882641866,0.28199996948242756,-95.04281149782632,-70.72135084575955,-24.321460652066776,130.48999786376953,137.5449981689453,134.01749801635742,140.83499908447266,0.0003060801691079725,19.25505641383983,14.638235625597268,33.088747488979735,-108.03006608670762,147.45999908447266,147.45499420166016,24.0,100.0,-76.0,,132.4059152262251,0.0,0.0,32.329407746866565,0.1308927591599994,0.29180393865340254,0.21984775812861623,-27.232126363065518,40.786835788615804,3.488377594659188,11.951158073490754,-96.51162240534082,-12.624676491232464,-12.666717525742879,-3.4582957162740575,-2.770630692483594,-0.6876650237904633,2.17100461373668,0.6536572180372311,1.517347395699449,132.18937224220394,-3.7404704494091168,-3.8122209403370633,533.1169991045775,14.630962007234302,46728346.18017343
2023-01-04,126.88999938964844,128.66000366210938,125.08000183105469,126.36000061035156,125.49749755859375,89113600,1.2900009155273438,1,12552158974.394884,6924321500,-0.18082591613681123,-89630433.30025512,-2.6715082568704918,-7.3891553192810004,121725640.67058308,132.3214537472353,13.093595900939832,14520.092472570335,135.20449981689453,148.17612171367188,122.23287792011718,19.188151155242064,0.1590827547656058,0.0,0.0,129.9976661682129,133.7866638183594,126.2086685180664,5.829331805455103,0.01996993746872715,0.0,0.0,124.16999816894531,149.97000122070312,137.06999969482422,19.082207387105,0.08488380551788502,4.340522055525936,10.374761594624948,-4.8008074666926746,-4.030932437195046,-0.7698750294976282,130.47999827067056,137.70230748103216,130.92759080730409,135.72839827399676,0.6110569540867107,1.265276494768818,-0.6542195406821073,-0.4075017828184554,25.055349251692935,-0.6945053100585881,-98.2538786320409,-76.80439422257092,-21.449484409469974,130.48999786376953,137.5449981689453,134.01749801635742,140.83499908447266,0.00015304008455398625,20.64101309250808,13.784839894454572,31.1597038133488,-101.22541667234817,147.90499877929688,146.55500030517578,20.0,96.0,-76.0,,130.89999389648438,0.0,0.0,34.87806624800292,0.3120243211037236,0.27683521780927717,0.27227072513202777,-27.786090127780135,40.9791960802808,9.737669659849177,10.024159854207346,-90.26233034015083,-12.617058989580926,-7.428570981427426,-3.537069270500945,-2.9239184080870646,-0.6131508624138804,2.4016386824890925,1.0032535109276035,1.398385171561489,131.89648274463292,1.0314231379827232,1.0261402643368278,539.647114323844,18.550811820770377,4415148.719513208
2023-01-05,127.12999725341797,127.7699966430664,124.76000213623047,125.0199966430664,124.16664123535156,80962700,-1.3400039672851562,0,12485182916.03878,6843358800,-0.1945339603488765,-92324705.57194981,-2.249254015722572,-6.024527527023842,120867059.32618548,131.1387465610954,13.225917698195516,14366.111929482258,134.30999946594238,147.4983395510083,121.12165938087645,19.638657043417172,0.14779484139191676,0.0,0.0,129.40133260091145,133.15532964070638,125.64733556111655,5.802099505996086,-0.08355612849449853,0.0,1.0,124.16999816894531,149.97000122070312,137.06999969482422,19.20929428512137,0.03294567339453014,4.207469300656936,10.575602096140507,-4.916453171720178,-4.208036584100073,-0.7084165876201052,129.68916511535645,136.96384576650766,130.01873016665212,134.9351833383723,0.6412326806087071,1.2356411291048017,-0.5944084484960946,-0.4295570853932361,25.116339487471773,-1.9400043487548828,-102.96135100619406,-82.84590952919197,-20.115441477002094,129.36499786376953,137.5449981689453,133.45499801635742,140.83499908447266,7.652004227699312e-05,21.9818589377733,13.095491160681384,30.1331215911973,-102.46472000266495,147.2125015258789,146.55500030517578,16.0,92.0,-76.0,,130.89999389648438,0.0,0.0,33.46799170584532,0.37461062229473613,0.27250923418615297,0.2803827968829445,-28.66269061405896,36.26971805791734,4.8213172927124806,6.0157881824069745,-95.17868270728752,-12.324353453692254,-7.055236228774985,-3.6435665258566097,-3.0678480316409735,-0.5757184942156361,1.7898380740738216,1.1605704235568473,0.6292676505169743,131.47482411863444,-1.0604653061194957,-1.0661283111649489,532.8638785948452,17.100582636948715,4556373.668764174
2023-01-06,126.01000213623047,130.2899932861328,124.88999938964844,129.6199951171875,128.73524475097656,87754700,4.599998474121094,1,12551161484.641808,6931113500,-0.13572386569572312,-21468106.76210636,8.153381452353248,-3.3612610077750964,124095914.68481617,130.36805285032182,20.491804948787774,14366.111929482258,133.74399909973144,146.71545733728084,120.77254086218204,19.397443361741747,0.3410354523361956,0.0,0.0,128.72766571044923,132.61566238403321,124.83966903686523,6.040654356817705,0.6147543943132697,0.0,0.0,124.16999816894531,149.97000122070312,137.06999969482422,19.290587409846353,0.2112401668057503,4.32672176023968,10.422923882357804,-4.584079379470268,-4.2832451431741125,-0.30083423629615513,129.4599984486898,136.51961487990158,129.95738631288833,134.5414656923586,0.7459626703831128,1.1392606144589008,-0.393297944075788,-0.44266707792993953,25.035203991123247,-1.4439960479736271,-105.00133990551971,-88.18798621794859,-16.813353687571123,128.2949981689453,137.5449981689453,132.9199981689453,140.83499908447266,50.00003826002114,22.286400287530505,16.053240145069758,27.478277563678983,-68.40867019667365,146.23250198364258,146.55500030517578,12.0,88.0,-76.0,124.16999816894531,,1.0,0.0,42.1189178187692,1.0,0.5622116477994865,0.37051869993163916,-26.710566046564864,43.94807566455554,40.43025723745649,18.32974806333941,-59.56974276254351,-12.01000121621523,-2.0775100864553315,-3.4071870377510125,-3.1357158328629815,-0.271471204888031,1.9282779452422225,1.3141119278939224,0.6141660173483001,131.39855342436044,3.6794101724815675,3.613335767686632,556.1495365218253,22.603907117662544,16637045.357787326
2023-01-09,130.47000122070312,133.41000366210938,129.88999938964844,130.14999389648438,129.2616424560547,70790800,0.529998779296875,1,12490828182.820724,7001904300,-0.18041350650995933,-13041371.855312705,20.187984325551234,-1.3554392217235314,124385368.77368207,129.71995776502135,28.538726580637544,14424.85303481083,133.11899909973144,145.50513065178282,120.73286754768006,18.60911160062406,0.3801480029995588,0.0,0.0,128.60633239746093,132.42033004760742,124.79233474731446,5.931275045398593,0.7023679142754781,0.0,0.0,124.16999816894531,149.97000122070312,137.06999969482422,19.381157630571355,0.23178275272070684,4.2730504387079,10.175788763864173,-4.229153236430619,-4.272426761825414,0.043273525394794454,129.28083101908365,135.8319223844088,129.9870182488262,134.2161714852568,0.8677340125172079,1.008353435858869,-0.1406194233416611,-0.4476483201162402,25.022502653022084,2.330997848510748,-104.20201362360476,-92.63882515022688,-11.563188473377878,128.79000091552734,137.5449981689453,133.16749954223633,140.83499908447266,75.00001913001057,21.560600782671113,20.190727278613927,25.76267218839263,-29.435041537270042,146.23250198364258,146.55500030517578,8.0,84.0,-76.0,124.29239807128906,,0.0,0.0,43.03792652250228,1.0,0.7915368740982452,0.5420859186946285,-24.863659343265347,45.716593438004274,47.31009506564056,30.853889865269867,-52.68990493435944,-10.913147892671489,-1.6251013648369461,-3.1510012464445665,-3.138772915579299,-0.012228330865267534,0.40768306711590335,1.1328261557383188,-0.7251430886224155,131.38066656659444,0.4088865910060413,0.4080529215204187,558.8324439936114,20.878982996512804,-2978466.5978473425
2023-01-10,130.25999450683594,131.25999450683594,128.1199951171875,130.72999572753906,129.83767700195312,63896200,0.5800018310546875,1,12533154373.531328,7065800500,-0.13625880942864452,-5884045.447777102,-9.631902813077787,-1.1973067454737247,124670116.48582497,129.50693627727185,28.987417738807082,14489.136104847234,132.54749870300293,144.24806786582403,120.84692954018182,17.65490752720786,0.4223327109061058,0.0,0.0,128.47933197021484,132.32932968139647,124.6293342590332,5.99317828345212,0.7922941682260708,0.0,0.0,124.16999816894531,149.97000122070312,137.06999969482422,19.464722687500476,0.2542634411877251,4.159745333801953,9.806274016051443,-3.856613767623884,-4.189264162985108,0.33265039536122387,128.88749758402506,135.15576846782977,130.1013224763205,133.95793624394437,0.8772916442483589,1.0031734907995264,-0.12588184655116752,-0.44528901208719396,25.04582365418963,-0.3175029754638672,-103.3777501429971,-96.14469965561462,-7.233050487382485,128.79000091552734,137.5449981689453,133.16749954223633,140.83499908447266,87.50000956500529,21.28811935473332,19.125331616313844,27.377693764194248,-39.81795244839775,146.23250198364258,146.55500030517578,4.0,80.0,-76.0,124.65710229492187,,0.0,0.0,44.08422716654194,1.0,1.0,0.7845828406325775,-23.047188098997882,46.23458027516404,51.898717368341636,46.546356557146254,-48.101282631658364,-9.845530364092639,-3.4846816737151496,-2.8789737105241677,-3.086813074568273,0.2078393640441054,-1.4958242847381884,0.6070960676430175,-2.102920352381206,131.3748907362323,0.4456410743407302,0.4446510347639432,561.7684719751297,20.76065211295881,-1066801.8783509582
2023-01-11,131.25,133.50999450683594,130.4600067138672,133.49000549316406,132.57884216308594,69458900,2.760009765625,1,12601702833.886333,7135259400,-0.13722378026230797,22343281.374701098,10.077527386309061,0.046326522949858805,126136553.02353524,129.53252811043615,35.59686927486844,14489.136104847234,131.99749870300292,142.3583041184738,121.63669328753205,15.698487497528868,0.5720265814437799,0.0,0.0,128.72266540527343,132.60866165161133,124.83666915893555,6.037780889796103,1.1133999862176014,1.0,0.0,124.16999816894531,149.97000122070312,137.06999969482422,19.545827235566296,0.36124055123256105,4.048769579718632,9.380241408188997,-3.3006163817838683,-4.01153460674486,0.7109182249609916,128.99249839782715,134.60499954223633,130.62265832506566,133.92327470684953,0.9434497927037453,0.9287360460149807,0.014713746688764573,-0.4333573888146745,24.97210718002591,-0.13749809265135582,-99.83546195105163,-98.24171717256702,-1.5937447784846057,128.83999633789062,137.5449981689453,133.19249725341797,140.83499908447266,93.75000478250264,20.357960054213873,21.98379647013495,25.945586102665164,4.615485551199926,146.0150032043457,146.55500030517578,0.0,76.0,-76.0,125.00721834960937,,0.0,0.0,48.89484999442557,1.0,1.0,0.930512291366082,-20.02145885832004,46.93143743394216,73.7342387203863,57.64768371812286,-26.265761279613702,-8.320766157262483,0.9528925405255703,-2.4645577021684475,-2.962362000088308,0.4978042979198607,-2.4565444272556154,-0.005632031336709087,-2.4509123959189063,131.42369983043082,2.111229140844828,2.0892514925814787,575.7399208003922,22.960718727091944,10138408.690710947
2023-01-12,133.8800048828125,134.25999450683594,131.44000244140625,133.41000366210938,132.4993896484375,71379600,-0.0800018310546875,0,12630052520.969894,7063879800,-0.09025747239956168,18335598.50689363,3.417344889077142,-0.7929253033100789,126093774.54975471,129.33151730400968,34.63924008324071,14489.136104847234,131.39449882507324,139.76045499756955,123.02854265257692,12.734104163118726,0.620458725546654,0.0,0.0,129.26166534423828,132.91366119384764,125.6096694946289,5.65054742236795,1.0679549606162368,1.0,0.0,124.16999816894531,146.66000366210938,135.41500091552734,17.116398094493455,0.4108494102401444,3.9258918282897377,9.110136022043978,-2.8337739448505204,-3.7759824743659918,0.9422085295154714,129.12166531880698,134.09653795682468,131.05148068461085,133.88525462946137,0.9155700564982779,0.9861110607627672,-0.07054100426448928,-0.4147098373814193,24.820429279234098,-1.3645000457763672,-94.85325672374502,-99.19554595451226,4.342289230767236,129.21499633789062,137.06999969482422,133.14249801635742,140.83499908447266,96.87500239125133,19.277013353674967,22.212121690280203,24.661110373956113,32.270560124746744,146.0150032043457,145.93499755859375,20.0,72.0,-52.0,125.51738491904297,,0.0,0.0,48.76388980068784,0.9931722309488822,0.9977240769829606,0.9992413589943205,-17.594934282850037,53.42865946712307,88.93172315649879,71.52155974840895,-11.06827684350121,-6.538325253654932,1.1754914641158667,-2.1165691118810854,-2.793203422446864,0.6766343105657784,-3.00306953176714,-0.6051195314227953,-2.397950000344345,131.58752414473994,-0.05993095195339082,-0.059948917726782014,575.3349434331275,21.132797899298865,10823051.425456047
2023-01-13,132.02999877929688,134.9199981689453,131.66000366210938,134.75999450683594,133.8401336669922,57809700,1.3499908447265625,1,12682187509.748114,7121689500,-0.04741313950426898,26865165.253964424,2.481254083620528,0.3028052092591785,126678757.41156505,129.35118831786824,40.84560597464462,14635.753304102258,130.97199821472168,137.57648627360265,124.3675101558407,10.085343659571055,0.7867744069141427,0.0,0.0,129.71233189900718,133.4153279622396,126.00933583577473,5.709551295578503,1.1815646737985674,1.0,0.0,124.16999816894531,141.8000030517578,132.98500061035156,13.460896316103414,0.600680283884369,3.859302096144358,8.723855102561407,-2.3280289032881,-3.4863917601504135,1.1583628568623134,129.5158316294352,133.78307606623724,131.62202127264547,133.95005017593357,0.9799355277356089,0.9473782184143092,0.03255730932129963,-0.38957608370635627,24.723240113610828,-4.931997299194336,-91.65377955911514,-99.46462700467718,7.810847445562047,129.5449981689453,137.06999969482422,133.30749893188477,139.80999755859375,98.43750119562566,18.078382311453918,22.097951598738785,23.22940340805781,70.64215891304916,145.50250244140625,145.93499755859375,16.0,68.0,-52.0,126.21679368606641,,0.0,0.0,51.141976398080644,1.0,0.9977240769829606,0.9984827179886407,-14.849095424311912,59.324732596566996,98.51159384084302,87.05918523924272,-1.4884061591569768,-4.889647921393902,3.6376188356099277,-1.7379828527353327,-2.5821593085045578,0.8441764557692251,-4.836368156749969,-1.45136925648823,-3.384998900261739,131.76967882361527,1.0119112567793076,1.0068257135029235,582.1687337466914,22.075221285350153,-3566697.119900666
2023-01-17,134.8300018310547,137.2899932861328,134.1300048828125,135.94000244140625,135.01210021972656,63646600,1.1800079345703125,1,12691452690.368414,7185336100,0.008431799695189156,33756354.93317277,12.01504267301565,1.596657764484121,127236070.38329133,129.6163441642961,46.976010882078526,14635.753304102258,130.943998336792,137.45864176516994,124.42935490841404,9.950274179992714,0.8834441715452559,0.0,0.0,130.38066558837892,134.1476608276367,126.6136703491211,5.7784568321663325,1.2379007006818878,1.0,0.0,124.16999816894531,137.64999389648438,130.90999603271484,10.294473896289693,0.8731459942836121,3.7893707268619536,8.357830184091009,-1.8111279796106317,-3.151339004042457,1.3402110244318255,130.3408317565918,133.59076837392954,132.28632606783944,134.09745404745007,1.0389024959229083,0.8629955204324886,0.17590697549041967,-0.3586567145855921,24.698507888553138,-1.3339977264404297,-86.47274450165429,-98.51239733843585,12.039652836781556,131.02499771118164,137.06999969482422,134.04749870300293,139.80999755859375,99.21875059781283,17.27599909912057,25.120793292693676,21.902070137689783,130.83089542000067,145.1875,145.93499755859375,12.0,64.0,-52.0,127.0871141343543,,0.0,0.0,53.187263732252234,1.0,0.9977240769829606,0.9977240769829606,-11.931312571182268,62.587944698123195,89.7104318052829,92.38458293420827,-10.289568194717107,-3.7161777945125607,7.85465047125312,-1.350605790748099,-2.335848604953266,0.985242814205167,-5.6504860604914136,-2.291192617288867,-3.3592934432025467,132.0502855691153,0.8756366745847899,0.8718252102151602,588.1420533619281,22.2883876067052,9765234.134599686
2023-01-18,136.82000732421875,138.61000061035156,135.02999877929688,135.2100067138672,134.28709411621094,69672800,-0.7299957275390625,0,12628786398.97684,7115663300,0.03101590174174046,21668183.32476472,5.70352306428106,2.2727426515783353,126861928.51620106,130.02047565333382,53.59579688529688,14635.753304102258,130.97899894714357,137.57689092759534,124.3811069666918,10.074732641855572,0.8206333007011362,0.0,0.0,131.33766606648763,134.78966191609703,127.88567021687825,5.256673051981707,1.0608843138988304,1.0,0.0,124.16999816894531,138.61000061035156,131.38999938964844,11.024670029149862,0.7645433987784517,3.768433837281227,7.86302651804801,-1.4437422657683214,-2.80981965638763,1.3660773906193087,130.80749893188477,133.30461502075195,132.73612309030526,134.17986535607358,1.0808945555507206,0.8290770798545962,0.25181747569612434,-0.3254409669938718,24.648762912074766,-1.049006271362316,-76.82410852602723,-96.131311771101,19.307203245073765,131.68500137329102,137.06999969482422,134.37750053405762,138.87999725341797,99.60937529890641,16.875812108591003,25.886614808878445,20.474683691016235,140.36600490600307,144.7224998474121,145.93499755859375,8.0,60.0,-52.0,128.3114596325677,,0.0,0.0,51.74415256706105,0.9385202171535424,0.9795067390511808,0.991651631005701,-9.837003797394633,53.754078413879014,76.45433987784517,88.22545517465706,-23.54566012215483,-2.0492943932028425,4.320658959296671,-1.0759753424532492,-2.0838739524532626,1.0078986100000134,-5.587172917147918,-2.950388677260677,-2.636784239887241,132.80076920720435,-0.5369984658148752,-0.5384454852157994,584.4467410927476,20.5574582988192,14654947.883947648
2023-01-19,134.0800018310547,136.25,133.77000427246094,135.27000427246094,134.34669494628906,58280400,0.05999755859375,1,12641006604.303888,7173943700,0.06379135774468153,19072254.523207933,-7.702051139265746,2.4192887507182723,126887789.63254037,130.4964653390451,54.78462676010086,14642.247715927004,131.12399940490724,137.9609321474511,124.28706666236339,10.428194340582309,0.8032064979778537,0.0,0.0,132.1773328145345,135.51932805379232,128.8353375752767,5.0568356435927715,0.962698363779424,0.0,0.0,124.16999816894531,138.61000061035156,131.38999938964844,11.012478651460231,0.7686983536572479,3.6395900263070105,7.0072509620586265,-1.1346654224340398,-2.4747888095969124,1.3401233871628726,131.25249989827475,133.03961504422702,133.12595096448305,134.2606163869171,1.116342922251196,0.8589362873804416,0.25740663487075444,-0.2913397266528497,24.585231891352507,-6.053999710083019,-66.1071145867942,-92.0363966133899,25.9292820265957,131.75,137.06999969482422,134.4099998474121,138.87999725341797,99.8046876494532,16.10070543067707,24.686380098762495,21.881012025215643,102.23233458697348,144.7224998474121,145.93499755859375,4.0,56.00000000000001,-52.00000000000001,129.75325536945743,,0.0,0.0,51.859763339564076,0.9363548969933301,0.9582917047156241,0.9785075069165888,-8.053050828854598,59.96877124303298,76.8698353657248,81.01153568295098,-23.130164634275207,-1.2216470381792988,4.109914490647899,-0.84512156503447,-1.8361234749695041,0.9910019099350341,-6.748910165161936,-3.7100929748409293,-3.038817190321007,133.34775626318222,0.04437360817584057,0.04436376600178704,584.7504548078124,20.665652270368156,202839.6542423442
2023-01-20,135.27999877929688,138.02000427246094,134.22000122070312,137.8699951171875,136.92893981933594,80223600,2.5999908447265625,1,12714896380.722654,7254167300,0.09032660500184568,46144878.95289335,5.257811550203396,2.624894500192777,128429747.33892798,131.0577330486863,55.17167520159262,14642.247715927004,131.40249900817872,138.8361048575979,123.96889315875957,11.314253390198429,0.9350174222321811,0.0,0.0,133.26266632080078,136.68366241455078,129.84167022705077,5.134215288045797,1.1733899528274954,1.0,0.0,124.16999816894531,138.61000061035156,131.38999938964844,10.989138372861143,0.9487530908552951,3.6556313288520905,6.372683970842615,-0.6721738632915617,-2.1142658203358424,1.4420919570442807,132.31916618347168,132.7849992605356,133.85580391105296,134.52797777434452,1.123385592634543,0.8446250391095869,0.2787605535249562,-0.25377796712175227,24.48266766526195,-5.04249839782716,-51.76252139935702,-86.12097233492737,34.35845093557035,133.36499786376953,137.06999969482422,135.21749877929688,138.87999725341797,99.9023438247266,15.858140425584072,26.24230779227722,20.32591090436285,125.41637509183609,144.7224998474121,145.93499755859375,0.0,52.0,-52.0,130.99319970318263,,0.0,0.0,56.70092814068026,1.0,0.9582917047156241,0.9653633828274767,-5.091184440203037,61.94603231741484,94.87530908552951,82.73316144303318,-5.124690914470486,-0.31720502516802185,10.234265174378972,-0.49965358463877113,-1.5688294969033576,1.0691759122645865,-5.149406915812147,-3.997955763035173,-1.151451152776974,134.97170893930868,1.9220749335452592,1.9038364081683135,597.9118716570105,23.093707044069987,27895404.81176488
2023-01-23,138.1199951171875,143.32000732421875,137.89999389648438,141.11000061035156,140.14682006835938,81760300,3.2400054931640625,1,12729981269.549982,7335927600,0.08175988457263521,77396156.40572882,29.76487208599959,4.847926794056271,130351150.33091024,131.95205418617226,62.80616638809497,14642.247715927004,131.68549919128418,140.082451559033,123.28854682353537,12.753040265354556,1.0611858330449273,1.0,0.0,134.513666788737,137.936664835612,131.09066874186198,5.089442773500574,1.4635316367820652,1.0,0.0,124.16999816894531,143.32000732421875,133.74500274658203,14.542230748927377,0.8845950048405796,3.835069416670007,5.697349181000853,-0.04370084897266224,-1.7001528260632064,1.6564519770905441,133.54833285013834,132.61730692936823,134.9718341724835,135.01553502145617,1.1907621820767578,0.7431463977879041,0.4476157842888536,-0.21030327086497308,24.444580682041543,-6.665502548217773,-39.446865609794976,-78.92595588894852,39.479090279153546,135.72000122070312,135.41500091552734,135.56750106811523,138.87999725341797,99.9511719123633,16.7957050597799,33.26568947606198,18.315402429645793,192.3892803579395,144.77499771118164,145.93499755859375,0.0,48.0,-48.0,132.05955183018628,,0.0,0.0,61.84964323669894,1.0,0.9787849656644433,0.9651227916985641,-0.8580326839417137,58.31423964075638,88.45950048405795,86.73488164510411,-11.54049951594204,1.360324388391831,11.67299772772529,-0.03236727459970993,-1.2615370524426281,1.2291697778429183,-3.6790604077430378,-3.934176691976746,0.25511628423370825,137.12484395749624,2.350043960188808,2.3228555627555103,614.3131074443266,24.811824501013703,18671091.606777653
2023-01-24,140.30999755859375,143.16000366210938,140.3000030517578,142.52999877929688,141.55711364746094,66435100,1.4199981689453125,1,12767147538.460472,7402362700,0.1121486344942273,79816379.82686737,4.821560498622017,5.687541841721165,131019690.6182439,133.19284350702577,72.03634030516261,14789.593508967379,132.20049934387208,141.83944365353918,122.561555034205,14.582311500344398,1.0358210973926432,1.0,0.0,135.59833374023438,138.95533142089843,132.2413360595703,4.951384855650311,1.5324202901580974,1.0,0.0,124.16999816894531,143.32000732421875,133.74500274658203,14.485580047214173,0.958746309805062,3.737562536038163,4.291005283203353,0.5624667608964558,-1.247628908671274,1.8100956695677297,135.00749969482422,132.5911527780386,136.13462872737787,135.57216196648142,1.3203079008218401,0.7454946156283255,0.5748132851935146,-0.1622112927220431,24.32639132998648,-2.5805042266845817,-27.145068362371305,-70.45565791332342,43.310589550952116,136.89000701904297,133.74500274658203,135.3175048828125,138.87999725341797,99.97558595618165,17.666300791533164,31.504593191806187,17.345779142964496,178.152676082045,144.77499771118164,145.93499755859375,96.0,44.0,52.0,133.86122470923146,,0.0,0.0,63.877002766282345,1.0,1.0,0.979025556793356,3.3466830836598973,60.72400067766647,95.74348963311091,93.02609973423283,-4.256510366889095,2.7141779955695426,14.005761163329526,0.41488366987576614,-0.9262529079789492,1.3411365778547153,-4.156726018714435,-3.9786865573242842,-0.17803946139015103,139.0512217431419,1.0063058343160014,1.0012762907375183,621.5012819198229,24.05912357651161,326399.7942663878
2023-01-25,140.88999938964844,142.42999267578125,138.80999755859375,141.86000061035156,140.89169311523438,65799300,-0.6699981689453125,0,12812225772.438723,7336563400,0.11665999521218039,62116124.06333156,-6.10678899003295,5.442164646495276,130710384.43080649,134.30078103292897,73.12813664850277,14720.071298518213,132.70049934387208,143.21464469529187,122.18635399245231,15.846429219793748,0.9355799240136347,0.0,0.0,136.69800059000653,140.10299784342448,133.29300333658853,4.98178062403482,1.258003551275025,1.0,0.0,124.16999816894531,143.32000732421875,133.74500274658203,14.43100007155908,0.9237594769783628,3.735806404504659,2.9223492506510436,0.977527378958996,-0.80259765114522,1.780125030104216,136.0275001525879,132.7973066476675,137.01545517091228,136.03792779195328,1.2691840395200382,0.7138528740123149,0.5553311655077233,-0.11369839060068032,24.265293751343652,-2.5505054473877067,-13.791906720759062,-60.895262887735356,47.1033561669763,137.3800048828125,133.74500274658203,135.56250381469727,138.87999725341797,99.98779297809082,17.94663280068443,29.329616552662124,18.913475245303154,136.66050422544086,143.78249740600586,145.93499755859375,92.0,40.0,52.0,135.37462992762943,,0.0,0.0,62.19751924444474,0.9447702025396459,0.9815900675132152,0.9867916777258864,6.399213469989919,61.265192086008774,92.13358671466278,92.11219227727725,-7.86641328533722,3.701383141910327,9.442991786952359,0.7185697362679302,-0.5972883791295733,1.3158581153975035,-4.566482516525331,-4.096245749164494,-0.47023676736083697,139.87077250720674,-0.47007519447381796,-0.4711835225971406,618.1096833657072,22.000144677379936,6893696.752989098
2023-01-26,143.1699981689453,144.25,141.89999389648438,143.9600067138672,142.9773712158203,54105100,2.100006103515625,1,12852977617.124132,7390668500,0.14655524572201933,69473969.23018752,10.663078502988721,6.364474112117511,131511322.25501676,135.52333375694175,80.44971612143854,14937.977963103534,133.3969997406006,144.9094185937403,121.88458088746088,17.260386478745964,0.9587657514904357,0.0,0.0,137.7863337198893,141.12133280436197,134.45133463541669,4.840827089938367,1.425588409112576,1.0,0.0,124.16999816894531,144.25,134.20999908447266,15.052813684042068,0.9855581045971658,3.601225703019037,1.8675671291456044,1.45909926314647,-0.35025826828688195,1.809357531433352,137.17833455403647,133.16076865563025,138.08384771598224,136.62474845283577,1.3415132231974884,0.6539874603279112,0.6875257628695772,-0.06373150879559882,24.186023325549076,-2.667004013061529,-0.8630385877758495,-50.45190531707212,49.58886672929627,137.9550018310547,134.20999908447266,136.08250045776367,138.87999725341797,99.99389648904541,18.5996124554037,31.464133288775876,18.05123738392619,148.0947225515069,142.75499725341797,145.61499786376953,100.0,36.0,64.0,136.64589031108372,,0.0,0.0,65.27897136883699,1.0,0.9815900675132152,0.9877267116754771,9.984214510937267,64.60074387544157,98.50210084199193,95.4597257299219,-1.497899158008066,5.359529270845314,10.610843999244974,1.0679611707758538,-0.2642384691484879,1.3321996399243416,-6.18107153324199,-4.513210905979993,-1.6678606272619971,141.03663143545705,1.4803370185255682,1.4694869771427754,628.7401268421864,23.98371813134071,-3219337.567090273
2023-01-27,143.16000366210938,147.22999572753906,143.0800018310547,145.92999267578125,144.93389892578125,70555800,1.9699859619140625,1,12879329614.609186,7461224300,0.22043309812642448,79405392.98753448,12.234281098865404,6.655966944011236,132476826.0689189,136.93738707699129,80.29901646053514,14937.977963103534,134.3914993286133,146.60500685790765,122.17799179931893,18.17601201014949,0.9723660799116319,0.0,0.0,139.02400004069008,142.49199930826822,135.55600077311198,4.9890655808538025,1.495673888927023,1.0,0.0,124.16999816894531,147.22999572753906,135.6999969482422,17.158821557759083,0.9436251869301113,3.656102522365571,1.4712335654825495,1.976921137883096,0.11517761294711365,1.8617435249359824,138.44500096638998,133.6823070232685,139.2909469405667,137.3140258026836,1.3725080368862577,0.6352568169030953,0.7372512199831623,-0.01198029603108955,24.198956599293368,-0.9014938354492301,14.115654067540461,-38.6997460252215,52.81540009276196,140.5,135.6999969482422,138.0999984741211,138.87999725341797,99.99694824452271,19.77896367155639,34.63318915432789,16.633265484293656,152.79593679209265,141.5500030517578,144.41000366210938,100.0,32.0,68.0,138.01463005508865,,0.0,0.0,67.92069472459241,1.0,0.9815900675132152,0.9815900675132152,13.888745174238704,69.80391770052648,93.19726315940763,94.61098357202081,-6.80273684059237,7.064469617955837,11.627015562611403,1.4397080897794636,0.07655084263710238,1.3631572471423612,-5.519693401833552,-4.714507405150705,-0.8051859966828472,142.55268492721748,1.3684258613779976,1.3591474641846624,638.7123952001338,24.59475038861754,20236633.522808656
2023-01-30,144.9600067138672,145.5500030517578,142.85000610351562,143.0,142.02391052246094,64015300,-2.92999267578125,0,12822426844.338427,7397209000,0.16397886963206662,41266856.8267525,-4.027914311221545,4.926259898527467,131191522.36473343,137.84343957355463,73.16012190078703,14638.052188968011,135.0609992980957,147.61590097413,122.50609762206142,18.59145384867785,0.8161713610652497,0.0,0.0,140.02600046793617,143.43799997965493,136.61400095621747,4.873379944176909,0.9358147651911154,0.0,0.0,124.16999816894531,147.22999572753906,135.6999969482422,17.07376494949337,0.8165656472082897,3.5984909273555763,1.1657006610616412,2.1263614116129474,0.5174143726802805,1.608947038932667,139.2375005086263,134.09384536743164,139.86157048817182,137.73520907655887,1.2643807068135076,0.7296549020449202,0.5347258047685873,0.03449604764579227,24.178260071088296,-1.6509956359863338,24.977199834841766,-26.316418876721936,51.2936187115637,140.5,135.6999969482422,138.0999984741211,138.87999725341797,99.99847412226136,20.786619046350033,32.58724249074744,16.091795912986672,115.45632295109381,140.83499908447266,143.69499969482422,96.0,28.000000000000004,68.0,139.85770318957873,,0.0,0.0,60.54260483457486,0.6904704997899032,0.8968234999299676,0.9533345449854663,15.143261585293416,65.7981737021382,77.86501521487264,89.85479307209077,-22.13498478512735,7.726882194070271,7.124124740052497,1.5438038144851027,0.3700014370067025,1.1738023774784003,-5.693340265381358,-4.910273977196836,-0.7830662881845223,142.61004973064354,-2.0078070464177533,-2.0282374229800837,623.8804756765442,20.175015541999187,6283148.3067884445
2023-01-31,142.6999969482422,144.33999633789062,142.27999877929688,144.2899932861328,143.30511474609375,65874500,1.2899932861328125,1,12885103354.108507,7463083500,0.15614824050275503,47511257.669695854,-2.783189680923296,5.415453693681359,131785771.75443521,138.78106809200494,72.51274889966746,14638.052188968011,135.77899932861328,148.71472041922877,122.84327823799778,19.054082228590257,0.8289725365095428,0.0,0.0,140.81100006103514,144.11300048828124,137.50899963378907,4.689975109636064,1.0268008441778402,1.0,0.0,124.16999816894531,147.22999572753906,135.6999969482422,16.983478794672646,0.872506385400262,3.4446415904793937,0.7627015537282468,2.322117655604302,0.8783550292650848,1.4437626263392171,140.14416631062826,134.43384522658127,140.54286630324273,138.22074864763843,1.2967734250591754,0.702791036899954,0.5939823881592213,0.07718205854833624,24.097884112412967,-1.0190048217773438,35.39395051595348,-13.84774564983519,49.24169616578867,140.5,135.6999969482422,138.0999984741211,138.87999725341797,99.99923706113069,21.496457100256208,31.25723247450433,16.56435859687935,101.44557025098605,140.83499908447266,143.69499969482422,92.0,24.0,68.0,141.3321616971708,,0.0,0.0,62.47530545903307,0.7157464782258978,0.8020723260052668,0.8934952978161501,16.766632185447907,65.0418872848609,82.46866805333391,84.51031547587142,-17.531331946666086,8.040675241806923,8.155302694975889,1.6800065679892962,0.6320024632032213,1.0480041047860749,-5.556057954828257,-5.0394307727231205,-0.5166271821051369,142.8278971123145,0.9020932070858745,0.8980486518885833,630.4105522750432,22.60347317894636,10540253.849118441
2023-02-01,143.97000122070312,146.61000061035156,141.32000732421875,145.42999267578125,144.43731689453125,77663600,1.1399993896484375,1,12928119021.957996,7540747100,0.24877263277085973,53372000.37372508,4.461523164457358,5.014310534977666,132399372.5633446,139.7077050116549,72.93157461265679,14638.052188968011,136.79699897766113,149.40173566187897,124.19226229344329,18.428381877406807,0.8424503785521094,0.0,0.0,141.62799987792968,145.1009994506836,138.15500030517578,4.904396836426854,1.0473644206118902,1.0,0.0,124.76000213623047,147.22999572753906,135.99499893188477,16.425794249315313,0.9198930322590722,3.6291767600447358,0.6637293710786739,2.539965175220715,1.210677058456211,1.3292881167645039,141.03333282470703,134.94153741689829,141.29473189901788,138.75476672379716,1.2143455576108586,0.7162161090436475,0.4981294485672111,0.11692906401409109,24.191221712927184,-0.8569965362548828,47.10149782182218,-1.269010937766703,48.37050875958888,140.7249984741211,135.6999969482422,138.21249771118164,138.43499755859375,99.99961853056534,22.610666778927346,32.4392199332461,14.884354284163697,100.56557565258679,140.61249923706055,143.69499969482422,88.0,20.0,68.0,,147.22999572753906,0.0,1.0,64.1466565502113,0.8029922949378828,0.736403090984561,0.8117663056399321,18.615467268944357,67.23672432031896,88.60035581307928,82.97801302709532,-11.399644186920728,8.674823918062117,7.917778720600984,1.83054264382623,0.8717104993278231,0.9588321444984069,-4.020940124569998,-4.835732643092496,0.8147925185224976,143.28208278725077,0.7900751560697472,0.7869704048322212,636.1813445858801,23.113637182308338,21694342.555592388
2023-02-02,148.89999389648438,151.17999267578125,148.1699981689453,150.82000732421875,149.79054260253906,118339000,5.3900146484375,1,13018152118.793186,7659086100,0.3239609074920215,136868706.53197083,14.523566122635225,5.807612051660385,136785324.4000022,141.41852181876556,74.52212549498458,14638.052188968011,138.0199993133545,151.07523708322006,124.96476154348893,18.917892819613087,0.9902250053388366,0.0,0.0,143.1239995320638,146.64999898274738,139.59800008138023,4.92719524637606,1.591322885864737,1.0,0.0,124.76000213623047,151.17999267578125,137.96999740600586,19.142146551941362,0.9863745086878967,3.8412590840402623,0.6635360779002174,3.1116706377560206,1.590875774316173,1.5207948634398476,142.27333323160806,135.6707684443547,142.76015888751033,139.6484882497543,1.2633746972460604,0.6650988248661902,0.5982758723798702,0.1604718197333232,24.29108507530574,-2.809992599487316,60.18723319746576,11.169850684102494,49.017382513363266,144.5399932861328,137.67499542236328,141.10749435424805,138.43499755859375,99.99980926528266,24.392249907273584,37.43114406266929,13.304777324412207,148.5374933442941,140.48749923706055,143.56999969482422,100.0,16.0,84.0,141.32000732421875,,1.0,0.0,70.77462740820033,1.0,0.8395795910545933,0.7926850026814739,22.556983109342163,70.72146573013417,98.15581171018916,89.74161185886747,-1.8441882898108442,9.91923561096192,10.946008986005555,2.2282164860896696,1.1430116966801924,1.0852047894094772,1.6187313318529881,-3.5448398481033996,5.163571179956388,144.99068673380518,3.706260688917107,3.639230051003395,663.466144359408,27.69538554850692,55743567.0597882
2023-02-03,148.02999877929688,157.3800048828125,147.8300018310547,154.5,153.44541931152344,154357300,3.67999267578125,1,13079410018.659292,7813443400,0.3930544991446149,198463710.37788486,18.127801352330657,6.9252225708539665,140551626.6534709,143.49584682225222,77.11352443909715,14638.052188968011,139.49399948120117,152.9946142038479,125.99338475855444,19.3565526443539,1.0557524907968403,1.0,0.0,144.77733306884767,148.87833251953126,140.67633361816405,5.665250718126443,1.685402125514996,1.0,0.0,124.88999938964844,157.3800048828125,141.13500213623047,23.29132838258219,0.9113572054206498,4.412133480812018,0.6635360779002174,3.8176880581777937,2.036238231088497,1.7814498270892964,143.88083267211914,136.61192233745868,144.5662882894318,140.74860023125402,1.2247035955066947,0.6051986385278724,0.6195049569788224,0.20955411561056708,24.579653915150462,-4.223995208740234,73.4016617835256,23.708575950027004,49.69308583349859,148.09500122070312,140.7750015258789,144.43500137329102,140.7750015258789,99.99990463264133,26.77867123233215,41.816785486819605,11.18222104815748,164.62099478139785,139.20000076293945,143.11000061035156,100.0,12.0,88.0,141.32000732421875,,0.0,0.0,74.2716933701803,1.0,0.9343307649792941,0.8367711490061498,27.161653706409854,69.33974932911381,87.80175854146403,91.51930868824418,-12.198241458535971,11.153501241347357,14.266690576352456,2.7124163593138557,1.456892629206925,1.2555237301069306,8.983245255862355,-1.0392228273102488,10.022468083172605,147.2250543506982,2.4399897209064214,2.410697500065151,682.0946398043782,28.172314450335293,68037969.33248293
2023-02-06,152.57000732421875,153.10000610351562,150.77999877929688,151.72999572753906,150.69432067871094,69858300,-2.7700042724609375,0,13066762893.05223,7743585100,0.3451327039724182,142467781.82863593,-2.2084805880412373,5.909256623635618,139299149.05174366,144.47645361902195,70.70320993672269,14375.609036191652,140.59949951171876,154.30434555286115,126.89465347057637,19.494871729611116,0.9060788491314019,0.0,0.0,145.88666636149088,149.67766520182292,142.09566752115887,5.197183450526384,1.2706846680987638,1.0,0.0,128.1199951171875,157.3800048828125,142.75,20.810891836201893,0.8069033742459262,4.342920254801128,0.8184633385665195,4.106360191381157,2.4502626231470295,1.6560975682341272,145.25249862670898,137.5999990609976,145.6683971260637,141.56203693468254,1.206634569072264,0.6997234278079617,0.5069111412643023,0.25568111264552373,24.755195085165916,-2.7295043945312614,83.47111743349234,35.99926326067852,47.47185417281382,148.09500122070312,140.7750015258789,144.43500137329102,140.7750015258789,99.99995231632067,28.9946338913151,39.19381503915854,10.480812869430412,135.4402179578039,136.34250259399414,141.68500137329102,96.0,8.0,88.0,141.9624072265625,,0.0,0.0,67.7045045990587,0.7084817722220133,0.9028272574073376,0.8922458711470753,28.74967972470816,64.90286958873652,76.06942393387212,87.34233139517512,-23.93057606612788,12.318412533928381,12.168249379163468,2.900749579688411,1.7456640193032222,1.1550855603851886,6.5347478045573215,0.47557129906326523,6.059176505494056,147.74053283587838,-1.792883024246561,-1.8091498958964891,668.0725977737831,22.59638480269524,-41893536.36627579
2023-02-07,150.63999938964844,155.22999572753906,150.63999938964844,154.64999389648438,153.59439086914062,83322600,2.9199981689453125,1,13129027846.374262,7826907700,0.4236436449792271,156872647.2005112,5.481134703081371,5.893371740692784,140902667.4481236,145.6679444261966,71.2999723748561,14375.609036191652,141.82449951171876,155.94771267240284,127.70128635103465,19.91646465781057,0.9540572403335584,0.0,0.0,147.03766581217445,151.0016642252604,143.07366739908855,5.391813575372631,1.460183038820111,1.0,0.0,128.1199951171875,157.3800048828125,142.75,20.631139095405224,0.9066982202604944,4.367627863110078,0.8057819609279641,4.518666016440619,2.8639433018057474,1.6547227146348717,146.65083185831705,138.56307572584885,147.05018124458996,142.53151522814935,1.1854307415581744,0.6911191699050685,0.4943115716531059,0.301379167345698,24.96118196636032,-0.7144989013671932,94.23950650471207,48.0027536190642,46.23675288564787,149.35000610351562,140.7750015258789,145.06250381469727,140.7750015258789,99.99997615816034,31.270047498463686,39.748616528244774,9.674462930376949,139.71416238897868,135.30500030517578,141.68500137329102,92.0,4.0,88.0,142.5791111328125,,0.0,0.0,70.6505717588618,0.8384288365003906,0.8489702029074678,0.8953760750980334,31.068865014281766,68.13308719903064,88.4370566888881,84.10274638807478,-11.562943311111901,13.736206570793598,12.170885162528743,3.17029255544475,2.0305897265315282,1.1397028289132218,5.785160475355249,1.537489134321662,4.247671341033587,148.62648636532202,1.9244699473851767,1.9061862285603581,682.8539240920402,26.19571236513673,10702472.550205275
2023-02-08,153.8800048828125,154.5800018310547,151.1699981689453,151.9199981689453,150.88302612304688,64120100,-2.7299957275390625,0,13093113038.664331,7762787600,0.3716512103436325,109455469.16481283,-0.3190760690053654,6.420727102854237,139770772.16226575,146.615432172746,70.4686653527987,14121.84018524786,142.88399963378907,156.69490850075474,129.0730907668234,19.331638115342443,0.8271326536941193,0.0,0.0,148.18999938964845,152.13299865722655,144.24700012207032,5.321545696495289,0.9729900421193752,0.0,0.0,130.4600067138672,157.3800048828125,143.92000579833984,18.840456760687776,0.7971765570115897,4.278864649552977,0.9244017853529134,4.572425439387899,3.205639729322178,1.3667857100657215,147.55166498819986,139.40884516789362,147.79938384833693,143.22695840894903,1.2110538987757806,0.6665554975222614,0.5444984012535192,0.34014919144841527,24.957347423401536,-0.35400085449219887,102.80166431674682,59.52105394178894,43.28061037495788,149.35000610351562,140.7750015258789,145.06250381469727,140.7750015258789,99.99998807908017,33.382931562244515,37.39929193190943,9.102658029883909,117.32993529147402,135.09500122070312,141.68500137329102,88.0,0.0,88.0,143.1711468828125,,0.0,0.0,64.70739458599598,0.45566976399374154,0.6675267909053817,0.8064414170733959,30.95963899312316,68.18383816566289,76.42484520501195,80.31044194259074,-23.575154794988055,14.941294075460974,7.660688478376174,3.1924335266078003,2.2629584865467827,0.9294750400610177,3.2992483226280394,1.8898409719829377,1.4094073506451017,148.90259228346937,-1.7652737376545935,-1.7810405213165126,669.034409365845,21.731056515090387,-9410209.213214755
2023-02-09,153.77999877929688,154.3300018310547,150.4199981689453,150.8699951171875,149.84019470214844,56007100,-1.0500030517578125,0,13049997499.009468,7706780500,0.30021887852290663,85417884.15268172,-3.490632136023268,5.795838268123762,139383676.14706764,147.61309795954713,64.74206828276978,14024.236344610259,143.75299911499025,157.27432903950847,130.23166919047202,18.81189263217014,0.7631766269267642,0.0,0.0,149.04033253987632,153.1393315633138,144.9413335164388,5.50052318534756,0.7231840708974872,0.0,0.0,131.44000244140625,157.3800048828125,144.41000366210938,18.04484261274886,0.749035884621448,4.241978550808617,1.1319235460891446,4.478676305780311,3.460247044613805,1.0184292611665064,148.24666468302408,140.40115268413837,148.27178558200626,143.79310927622595,1.19066701015905,0.7008335624271551,0.48983344773189486,0.37031846719926115,24.969098302555423,-1.8929985046386832,109.05002188302694,70.06931703239854,38.9807048506284,149.35000610351562,141.07000350952148,145.21000480651855,140.7750015258789,99.99999403954008,35.015676218888906,34.903152721085675,9.775354232431688,100.23102260411936,134.01749801635742,140.83499908447266,84.0,4.0,80.0,143.7395012028125,,0.0,0.0,62.528703300620094,0.14466353399167217,0.4795873781619346,0.6653614573249284,30.161873266162033,61.785749589300096,66.5810775456236,77.14765981317458,-33.4189224543764,14.869383217306677,5.851397186079291,3.114666849005117,2.4333001590384495,0.6813666899666675,0.43980535779222985,1.5998338491447963,-1.1600284913525665,149.0025050459192,-0.6911552556695955,-0.693554796366147,663.7191876276054,21.690903253331328,-6253131.420839131
2023-02-10,149.4600067138672,151.33999633789062,149.22000122070312,151.00999450683594,150.20823669433594,57450700,0.1399993896484375,1,13089562463.290863,7764231200,0.310627196699195,74364338.2644237,-7.7307889344994525,3.1175767666595453,139436987.36331463,148.2930688810596,58.64413826125802,14024.236344610259,144.63299865722655,157.6278457739155,131.6381515405376,17.96940841624412,0.7453663283740972,0.0,0.0,149.55133260091148,153.44733174641928,145.65533345540365,5.210249989419446,0.6871999776496802,0.0,0.0,131.66000366210938,157.3800048828125,144.52000427246094,17.782941278607055,0.7523324232640756,4.029780207446505,1.294974463279073,4.365355126136279,3.6412686609183,0.7240864652179795,149.0091641743978,141.3492293724647,148.69304849351852,144.32769336738224,1.1162878174911004,0.8300691748321115,0.2862186426589889,0.3928103642866213,24.940288487019195,-0.6729919433593636,112.46769773374588,79.79048346561012,32.67721426813576,149.35000610351562,141.07000350952148,145.21000480651855,140.7750015258789,99.99999701977003,36.00670803076717,33.593944270638566,11.531875915381553,75.72011588502463,134.01749801635742,140.83499908447266,80.0,0.0,80.0,144.2851213500125,,0.0,0.0,62.70899103500452,0.15779534051450614,0.2527095461666398,0.46660790507798566,29.585549998240317,61.41833562770795,65.69731898991293,69.56774724684952,-34.30268101008706,13.94849994883819,6.450016817366838,3.024613658187127,2.551562858868185,0.4730507993189419,-1.74938417589175,0.929990244137487,-2.6793744200292373,149.07632373134936,0.09279472007650558,0.092751692392401,664.427878709935,22.47571412782571,2515918.699219495
2023-02-13,150.9499969482422,154.25999450683594,150.9199981689453,153.85000610351562,153.0331573486328,62199000,2.8400115966796875,1,13136491465.291868,7826430200,0.30619942659298655,88975987.26977459,12.404352780976236,3.659204786827704,140606750.21165302,148.96215976580234,58.66593408612973,14024.236344610259,145.58749923706054,158.34356325464725,132.83143521947383,17.52357047745696,0.8238658435338524,0.0,0.0,150.4723322550456,154.43233133951824,146.5123331705729,5.263424877020719,0.9264740693645688,0.0,0.0,133.77000427246094,157.3800048828125,145.57500457763672,16.21705210548835,0.8504871373129409,3.960801820490917,1.3023334062751748,4.453376721009164,3.8036902729364725,0.6496864480726914,149.8333307902018,142.45807589017429,149.48642658736424,145.03304986635507,1.1030624395922444,0.7776030736534076,0.32545936593883673,0.41236027697258043,24.83891174749387,0.3424934387207088,118.46175717629603,89.02023976120374,29.441517415092292,149.35000610351562,141.13500213623047,145.24250411987305,140.7750015258789,99.99999850988502,37.327665164732785,36.81485838778824,10.841882939692029,94.40686458765487,133.45499801635742,140.83499908447266,76.0,0.0,76.0,144.8089166913245,,0.0,0.0,66.255855073812,0.41614199110306715,0.23953362186974836,0.3239435153994412,30.168437719004476,60.28785244853659,80.99085952059319,71.08975201870994,-19.009140479406806,13.485557668349315,6.869963134487522,3.070594409421065,2.6553691689787615,0.41522524044230336,-2.9960690037827686,0.14477839455343589,-3.1408473983362044,149.619453242577,1.880677902118011,1.8632118028373057,678.8043049024623,25.32134608503071,8839641.134671852
2023-02-14,152.1199951171875,153.77000427246094,150.86000061035156,153.1999969482422,152.3865966796875,61707600,-0.6500091552734375,0,13174024673.748688,7764722600,0.32567760929596523,70535059.80981378,-1.2968147291861256,4.002774376888191,140346038.45761538,149.6669803106057,58.61514081140819,13964.984595126534,146.45049896240235,158.808220455992,134.0927774688127,16.876311902170027,0.7730882869200856,0.0,0.0,151.36966603597006,155.41466573079427,147.32466634114584,5.3445314385023455,0.726246112529271,0.0,0.0,133.77000427246094,157.3800048828125,145.57500457763672,16.121488678855826,0.8229560429262492,3.8637221877582313,1.3202579184174097,4.419736194964571,3.926899457342093,0.49283673762247826,150.43916447957358,143.36499903752252,150.0577451044224,145.63800890945782,1.1300962613240861,0.770825946663443,0.3592703146606432,0.4272617506833762,24.752186840132747,-3.4504989624023494,123.08111195979055,97.46241910986689,25.61869284992366,152.6050033569336,142.75,147.6775016784668,140.7750015258789,99.99999925494251,38.52752954464339,34.80704851079414,10.360024205142262,79.85336650046413,132.9199981689453,140.83499908447266,72.0,4.0,68.0,145.311760218984,,0.0,0.0,64.73815905134576,0.3055959764473819,0.2931777693549849,0.261806979130458,30.189248208924546,58.98667643892433,73.9725493772969,73.55357596260103,-26.027450622703107,12.735529125438006,4.981843786296221,3.0347408812161745,2.7312435114262446,0.3034973697899299,-4.025426497225832,-0.6892625838024177,-3.336163913423414,149.93037778633789,-0.42249537178183916,-0.42339040535086525,675.5138927590116,23.104688299285556,6871326.3683669865
2023-02-15,153.11000061035156,155.5,152.8800048828125,155.3300018310547,154.5052947998047,65573800,2.1300048828125,1,13231088972.446447,7830296400,0.4076088281276687,80411839.00620759,7.491545167012682,3.776236281461332,141257738.96001002,150.28526311211277,59.22672479822695,13964.984595126534,147.4564987182617,159.25329995923283,135.6596974772906,16.000381595267253,0.8337134767282398,0.0,0.0,152.38133290608727,156.15933278401693,148.60333302815755,4.958612457154541,0.89024206196948,0.0,0.0,133.77000427246094,157.3800048828125,145.57500457763672,16.01150225020743,0.9131722575704209,3.739349480701158,1.3202579184174097,4.512927212846705,4.044105008443015,0.4688222044036898,151.46666463216147,144.33346088115985,150.8688615239043,146.35593431105758,1.1113862692896537,0.7740512609451243,0.33733500834452934,0.44047184263766825,24.679647880053842,-3.1665054321289006,128.74476968001935,105.07992316348395,23.66484651653539,152.6050033569336,142.75,147.6775016784668,140.7750015258789,99.99999962747125,39.87097216807174,36.3353133043605,9.852941792128664,93.80453887971248,133.16749954223633,140.83499908447266,68.0,0.0,68.0,145.79449000553714,,0.0,0.0,67.37540970093204,0.49768816397656496,0.4064753771756712,0.31306225613346844,30.987826598451846,64.63005517416437,87.23534642967084,80.73291844252034,-12.764653570329157,12.288970790189836,8.622378902835445,3.0835286823800088,2.801700545616997,0.28182813676301155,-4.376872100631839,-1.4267844871683022,-2.950087613463537,150.44873479752536,1.3903426404976438,1.380766040157333,686.2961930930234,25.22972170468958,11277317.434595823
2023-02-16,153.50999450683594,156.3300018310547,153.35000610351562,153.7100067138672,152.89390563964844,68167900,-1.6199951171875,0,13179391220.627935,7762128500,0.36193047853903765,53148481.26975997,2.8415159774806207,3.105324487076704,140546790.24535644,150.87343486065137,52.76430668231719,13964.984595126534,148.37849884033204,159.05011191864878,137.7068857620153,14.384311961263752,0.7497985934463854,0.0,0.0,152.8220001220703,156.5970001220703,149.0470001220703,4.940388160061552,0.6176167671254145,0.0,0.0,134.22000122070312,157.3800048828125,145.8000030517578,15.608732965435593,0.8415372371054688,3.6634141053849483,1.3493610286787565,4.405280368929169,4.116340080540246,0.2889402883889236,152.2516657511393,145.2173074575571,151.30596078389857,146.9006804149694,1.1009377230341026,0.808038922588,0.2928988004461026,0.4487456455018285,24.638213657193223,-2.9485061645507926,130.6969943924463,111.44607123114181,19.250923161304485,152.7750015258789,143.92000579833984,148.34750366210938,140.7750015258789,99.99999981373563,41.22478605206849,35.8554991190655,9.295632157918151,85.5562257910787,133.16749954223633,140.83499908447266,64.0,0.0,64.0,146.25791060062815,,0.0,0.0,63.486350298034516,0.21441667127611974,0.33923360390002205,0.34629558347689304,30.503872897216887,56.37068177017636,77.14820219893815,79.45203266863533,-22.851797801061846,12.005795018813188,6.528528564731522,2.9988154966232985,2.841123535818258,0.15769196080504067,-4.317334145312926,-2.004894418797227,-2.312439726515699,150.5214112039427,-1.0429376798369527,-1.0484143872342422,678.0956138201327,22.375516834332018,12481032.864295654
2023-02-17,152.35000610351562,153.0,150.85000610351562,152.5500030517578,151.74005126953125,59144100,-1.160003662109375,0,13213777422.89618,7702984400,0.3401949135030763,35754787.86091382,-10.59655008129324,2.636136217785868,140100447.32950532,151.36913963521073,52.83233649939825,13859.595013680459,149.11249923706055,158.76251782466085,139.46248064946025,12.943272545192345,0.6781086628741966,0.0,0.0,152.7116668701172,155.74666595458984,149.67666778564453,3.9748097138563177,0.47336674347177576,0.0,0.0,137.89999389648438,157.3800048828125,147.63999938964844,13.063969208482387,0.7520534339305772,3.5830727558816093,1.3272614825516642,4.178203143595539,4.1287126931513045,0.04949045044423439,152.84499994913736,145.95038428673377,151.49735190203074,147.3191487584352,1.0669564530674707,0.8311616841335595,0.23579476893391116,0.45080910746071196,24.58953339562868,1.7075080871582031,129.01822826143942,116.50686132313594,12.511366938303482,152.7750015258789,144.41000366210938,148.59250259399414,140.7750015258789,99.99999990686781,41.32845999872369,33.8751273013459,13.610188740033587,49.67948097782612,133.19249725341797,140.83499908447266,60.0,0.0,60.0,146.70279437191553,,0.0,0.0,60.78089366369022,0.0,0.2373682784175614,0.32769241983108516,29.305308180707147,60.9755146911176,69.92526422602013,78.10293761820974,-30.074735773979864,11.663619299495934,4.895833551920595,2.8361575387913063,2.8401303364128676,-0.00397279762156133,-5.260719846343298,-2.656059504306441,-2.6046603420368566,150.55554303707123,-0.7546702305912589,-0.757532274798578,672.2235578570959,21.826372754749514,2468090.9406879246
2023-02-21,150.1999969482422,151.3000030517578,148.41000366210938,148.47999572753906,147.69166564941406,58867200,-4.07000732421875,0,13157761598.525406,7644117200,0.2963363638724997,-3580172.5701095797,-10.162361815432778,2.1090524938923343,138529880.7587858,151.74126984679867,53.0522327559475,13489.823449682217,149.48099899291992,158.416977156757,140.54502082908283,11.956005410775102,0.4439902802453229,0.0,0.0,152.464333597819,155.55633188883462,149.3723353068034,4.056028341909658,-0.1442982005936407,0.0,1.0,138.80999755859375,157.3800048828125,148.09500122070312,12.422988506451116,0.5207320600425307,3.6387654192582923,1.7494401285016383,3.6280058369879953,4.028571321918642,-0.40056548493064703,152.6499989827474,146.52999936617337,151.03314325980125,147.40513742281325,1.0101154042768798,0.8240318289822884,0.1860835752945914,0.44209805648218875,24.553523183499642,5.019001007080078,126.66806926436026,120.11003496309685,6.558034301263405,152.37000274658203,144.52000427246094,148.44500350952148,140.7750015258789,49.99999995343391,40.44078806625419,31.189656746721216,17.203519312491892,3.638356000064607,133.14249801635742,140.83499908447266,56.00000000000001,0.0,56.00000000000001,147.1298827923514,,0.0,0.0,52.35127392230242,0.0,0.07147222375870643,0.21602470202543023,25.544535558231868,57.50044044171164,44.58274901473433,63.88540514656423,-55.41725098526567,10.494120564180264,-1.5515259800043302,2.4612478916399723,2.7643538474582887,-0.30310595581831645,-6.003624465623996,-3.325572496569952,-2.6780519690540436,150.49844439353657,-2.6679824600448265,-2.7042190904412067,651.6207687811343,18.4358476446275,6686166.07248354
2023-02-22,148.8699951171875,149.9499969482422,147.16000366210938,148.91000366210938,148.11940002441406,51011300,0.4300079345703125,1,13170743122.76889,7695128500,0.28260233404942836,64889.76172701456,-7.110188892179702,1.2825016327039727,138677612.8734405,152.13880181200008,47.12425578325714,13528.890874831935,149.79999923706055,158.1574263208663,141.4425721532548,11.158113653365268,0.44675421238937746,0.0,0.0,151.981000773112,154.89299875895182,149.06900278727213,3.8320552845774234,-0.0273006928466151,0.0,1.0,138.80999755859375,157.3800048828125,148.09500122070312,12.39653365740774,0.5438881055444353,3.553888205945744,2.06696771680657,3.1898974025233997,3.860836538039594,-0.6709391355161944,152.18416595458984,147.07423048753006,150.70650639861788,147.51660899609448,1.0052882685080355,0.8820203600841738,0.1232679084238617,0.42634994569952445,24.526783470369097,1.9299964904785156,121.35172055539272,122.17115232294638,-0.8194317675536666,151.74500274658203,145.57500457763672,148.66000366210938,140.7750015258789,24.999999976716953,39.15089215145996,29.492807945017553,18.705046053442445,-15.354352665278848,133.30749893188477,139.80999755859375,52.0,8.0,44.0,,157.3800048828125,0.0,1.0,53.091489981888884,0.03376833465009841,0.011256111550032656,0.10669887124210047,22.7296797218878,55.80763704747961,17.123285625983534,43.87709962224603,-82.87671437401646,9.123884717155903,-3.6181206070489482,2.1623988134162255,2.6439628406498765,-0.481564027233651,-7.497973094802421,-4.160052616216446,-3.337920478585975,150.3826423867924,0.28960664530148783,0.2891880931649382,653.7975124749906,21.266867908875298,-12668.668283253908
2023-02-23,150.08999633789062,150.33999633789062,147.24000549316406,149.39999389648438,148.60679626464844,48394200,0.489990234375,1,13189788419.221458,7743522700,0.26763550957514287,3443146.2815361014,1.5053451458955784,0.352628705793998,138836854.59540161,152.23688263634963,43.30904765792138,13573.40785990726,150.1769989013672,157.70702929238496,142.64696851034944,10.028207310179784,0.4484062504044022,0.0,0.0,151.62466735839843,154.5056640625,148.74367065429686,3.8001688700054195,0.11390558712773423,0.0,0.0,141.32000732421875,157.3800048828125,149.35000610351562,10.694046142939365,0.5031125654151798,3.508498469823826,2.305082665269157,2.8493854864967716,3.6585463277310297,-0.8091608412342581,151.9899991353353,147.5919224665715,150.50550447521272,147.65611898871595,0.9283392031510483,0.9488407816573995,-0.020501578506351148,0.4064635418274962,24.504060755085547,4.472994995117176,116.92624883156735,123.04628865056199,-6.120039818994641,151.74500274658203,145.57500457763672,148.66000366210938,140.7750015258789,12.499999988358477,38.04576465462528,28.45913487561719,17.561790599804567,-19.330443770837103,134.04749870300293,139.80999755859375,48.0,4.0,44.0,,157.17560485839843,0.0,0.0,53.969002328471966,0.07380006619016406,0.03585613361342068,0.03952815630738688,20.66319060548461,53.17046551659488,21.917710047209674,27.874581562642543,-78.08228995279033,7.399178583481728,-1.5356237373384378,1.9297442639099331,2.501119125301888,-0.5713748613919549,-8.985417648737945,-5.125125622720747,-3.8602920260171985,150.35471248441507,0.32905125399556034,0.3285110650314671,656.277892642377,22.078218791735793,2074161.8664706051
2023-02-24,147.11000061035156,147.19000244140625,145.72000122070312,146.7100067138672,145.9310760498047,55469600,-2.6899871826171875,0,13209033326.842543,7688053100,0.25214642154580413,-18364805.047955103,-6.187986761244869,-1.3842133023185395,137838109.48749828,151.69081103801233,30.351094378506147,13573.40785990726,150.3144989013672,157.47686871054356,143.15212909219082,9.529845572483525,0.24837293496895715,0.0,0.0,151.0913345336914,153.72833099365235,148.45433807373047,3.49059920358692,-0.3307420746194552,0.0,1.0,141.32000732421875,157.3800048828125,149.35000610351562,10.684263777596026,0.335616451371391,3.525647890419569,2.741015530259194,2.335545144711631,3.39394609112715,-1.058400946415519,151.32833353678384,148.0342301588792,149.92158174269804,147.5860365979864,0.848230265596047,1.0965030265596047,-0.24827276096355777,0.38023645819821983,24.45014557665587,1.605499267578125,108.91021258149807,122.65101252253446,-13.740799941036386,151.0250015258789,145.57500457763672,148.3000030517578,140.7750015258789,6.249999994179238,36.440639088610205,26.396589353175308,19.282521547163206,-79.33241087940763,134.37750053405762,138.87999725341797,44.0,0.0,44.0,,156.97529283447264,0.0,0.0,48.59452307306017,0.0,0.035856133613420674,0.027656126258958302,17.21534291959933,46.93295655135482,9.330871217841134,16.12395563034481,-90.66912878215886,5.128354555017808,-5.13416585579166,1.5824973680087944,2.3173947738432696,-0.7348974058344753,-9.210312470864773,-5.942162992349552,-3.2681494785152214,150.1799866596946,-1.8005269695533066,-1.8169336930800029,642.6609052205815,19.327176195909516,11707455.733008936
2023-02-27,147.7100067138672,149.1699981689453,147.4499969482422,147.9199981689453,147.13462829589844,44998500,1.209991455078125,1,13188627076.749393,7733051600,0.22307115764365776,-7963004.256628231,7.090447272167448,-0.7200041694464907,138209234.82319215,151.48697039687775,36.55758224724906,13685.35460365467,150.41399917602538,157.38263518659778,143.445363165453,9.265940735233285,0.32105529666807653,0.0,0.0,150.85700124104818,153.45399831136066,148.2600041707357,3.4429917722716077,-0.06546137569371117,0.0,1.0,141.32000732421875,157.3800048828125,149.35000610351562,10.677196036652928,0.41095839651575095,3.419082246885425,2.984812511165109,2.0028713161430574,3.1157311361303317,-1.1128598199872743,150.99500020345053,148.52076838566705,149.61364580827455,147.6107744921315,0.8315585010611066,0.9864628050533534,-0.15490430399224675,0.3518744433686696,24.326457446678422,0.45599594116211506,100.47658708633556,120.65266029031662,-20.176073203981062,151.0250015258789,145.8000030517578,148.41250228881836,140.7750015258789,3.124999997089619,35.45787893139381,29.078802267173348,18.326363942860915,-48.0101764703809,134.4099998474121,138.87999725341797,40.0,0.0,40.0,,156.52508116992186,0.0,0.0,50.9602105667368,0.10725799200831106,0.06035268606615821,0.044021651097666814,14.993939963274219,44.42215232463163,20.735125557823043,17.32790227429131,-79.26487444217696,3.795941655776062,-2.6329647500072566,1.3568598383377644,2.125287786742169,-0.7684279484044045,-10.688252216322077,-6.891380837144057,-3.79687137917802,150.11302613596195,0.8247504598905886,0.8213679785789019,648.7860044518159,22.08799634875919,-1768658.6831329763
2023-02-28,147.0500030517578,149.0800018310547,146.8300018310547,147.41000366210938,146.62734985351562,50547000,-0.5099945068359375,0,13164139945.686567,7682504600,0.24886732300555728,-10508102.55382936,-1.5801934575007235,-1.2243847523452118,138034960.26494348,151.04399703728885,27.623139214334756,13685.35460365467,150.63449935913087,156.89379065910666,144.37520805915509,8.310568065888914,0.24242325987975907,0.0,0.0,150.33333485921224,152.8213322957357,147.8453374226888,3.309974383064757,-0.08748677836013584,0.0,1.0,141.32000732421875,157.3800048828125,149.35000610351562,10.66156665765176,0.37920281841088144,3.3021740221968825,3.2811741358104793,1.6787213608372156,2.828329181071709,-1.1496078202344933,150.706667582194,148.887691791241,149.27462393963376,147.59590257879654,0.8110962086941613,1.0376873195115897,-0.22659111081742833,0.3219660885336736,24.115986233490187,0.37549514770506676,92.89763432009926,117.29894055257313,-24.40130623247387,151.0250015258789,147.63999938964844,149.33250045776367,140.7750015258789,1.5624999985448096,34.3033947388167,27.724656445171863,18.756140151643724,-67.62545822980861,135.21749877929688,138.87999725341797,36.0,0.0,36.0,,156.0928779719531,0.0,0.0,49.91748844912417,0.07044211502244262,0.05923336901025108,0.05181406289661028,12.859132407444404,44.41733499759395,15.928391556899747,15.331462777521336,-84.07160844310025,2.9363825180951153,-2.2933595592619955,1.1373766693428378,1.9277055632623028,-0.790328893919465,-11.055342240304993,-7.724173117776244,-3.331169122528749,149.82974477709075,-0.3447772533457294,-0.34537297979815307,646.2043606322297,21.329873667969196,9205303.255843148
2023-03-01,146.8300018310547,147.22999572753906,145.00999450683594,145.30999755859375,144.53848266601562,55479000,-2.100006103515625,0,13123655414.296093,7627025600,0.17506122333647903,-25650693.419988506,-7.3428092517593795,-1.7260799796847839,137244605.22985375,150.55954138899045,28.013226297215382,13685.35460365467,150.6854995727539,156.7507972499926,144.62020189551524,8.050273841127268,0.05686412273441407,0.0,0.0,149.65733439127604,152.07633158365886,147.23833719889325,3.23271452377788,-0.39858244696845024,0.0,1.0,141.32000732421875,157.3800048828125,149.35000610351562,10.657958200443613,0.24844276718086702,3.2119575355045384,3.6763907585559297,1.2381051384700186,2.5102843725513706,-1.272179234081352,150.23166783650717,149.04923013540414,148.66468141947377,147.42657628100375,0.7471183623393456,1.0648414737421474,-0.31772311140280185,0.2888826047763031,23.97151037723201,3.164506530761713,82.77968986638385,112.1917094621692,-29.412019595785353,150.6699981689453,148.09500122070312,149.38249969482422,140.7750015258789,0.7812499992724048,32.54738998663813,26.31686557121271,21.654382523282823,-125.8459254182378,135.56750106811523,138.87999725341797,32.0,4.0,28.0,,155.6779629019031,0.0,0.0,45.76498117503095,0.0,0.05923336901025108,0.05960647469555375,9.770928376865028,40.94477024791655,2.6502019227140137,13.10457301247896,-97.34979807728598,1.9661461774040845,-3.774582581011987,0.8398113621726636,1.710126723044375,-0.8703153608717115,-10.570662663467104,-8.293471026914418,-2.2771916365526863,149.26324274892738,-1.4246021649447993,-1.4348470370965316,635.5739171557505,19.584254143282067,12321407.283499002
2023-03-02,144.3800048828125,146.7100067138672,143.89999389648438,145.91000366210938,145.1353302001953,52238100,0.600006103515625,1,13146149422.625399,7679263700,0.1630435665454042,-17508711.669124495,-4.3840527658039345,-1.7898957389548316,137460303.93856388,150.1329569473416,28.226638714463974,13741.863422242033,150.70950012207032,156.69469297591706,144.72430726822358,7.942688216733394,0.09905248024913126,0.0,0.0,148.7510009765625,151.18899993896486,146.31300201416016,3.277959739963676,-0.08264941008294809,0.0,1.0,143.89999389648438,157.3800048828125,150.63999938964844,8.944367127095312,0.1491103952113703,3.171763063692366,3.9643579424773416,0.9266472729246402,2.193556952626025,-1.2669096797013846,149.57000096638998,149.17923032320462,148.2408848414177,147.31423756849307,0.7313766642025754,1.073260670242861,-0.3418840060402857,0.25539462671924196,23.876299514387266,2.4904968261718636,72.4905607683485,105.72432794838055,-33.233767180032046,148.4499969482422,148.09500122070312,148.27249908447266,140.7750015258789,0.3906249996362024,30.52432499258765,24.73330660577607,22.72830047382901,-139.5627329807778,135.3175048828125,138.87999725341797,28.000000000000004,0.0,28.000000000000004,,155.03788479819906,0.0,0.0,47.1185514649647,0.06263505086497662,0.04435905529580627,0.05427526443876977,7.567325449522421,49.26011094175983,16.170623351210942,11.583072276941598,-83.82937664878905,0.8773813584271579,-5.16087236035853,0.6290276406540813,1.4939069065663164,-0.8648792659122351,-10.52685726248071,-8.740148274027677,-1.786708988453034,148.5970776681132,0.41291453691869595,0.41206438431027337,638.6112087894687,21.496944852749465,6346781.175424464
2023-03-03,148.0399932861328,151.11000061035156,147.3300018310547,151.02999877929688,150.22811889648438,70732300,5.1199951171875,1,13213887693.343853,7749996000,0.15177468862236115,36728108.65895634,20.922122823150822,0.256740815163045,139942306.6905211,150.077859401817,36.54769822438713,13741.863422242033,150.71999969482422,156.7066677199562,144.73333166969226,7.944092406122194,0.5258907862580051,0.0,0.0,148.28700052897136,150.80499979654948,145.7690012613932,3.3961159893933965,1.0446781271234846,1.0,0.0,143.89999389648438,157.3800048828125,150.63999938964844,8.943744037700547,0.5289316818839382,3.374586452147348,3.9834430323988337,1.0805001537354144,1.9709455928479027,-0.8904454391124883,149.38916778564453,149.53192256047174,148.66997929339914,147.58947913966372,0.8239344116635691,0.8945432488222707,-0.07060883715870159,0.22948266574903753,23.93294919614447,4.610002136230463,65.57641243594878,98.6752373011038,-33.098824865155024,147.5999984741211,149.35000610351562,148.47500228881836,140.7750015258789,0.1953124998181012,29.850715260928713,31.145257862476754,20.294635436989818,-20.07182691726324,135.56250381469727,138.87999725341797,24.0,16.0,8.0,,154.14685352606188,0.0,0.0,56.98423593383396,0.5191592913280835,0.19393144739768656,0.09917462390124826,8.53174922322302,56.59212056343036,57.36122551444674,25.394016929457262,-42.63877448555326,0.9489105673397091,-1.4164479191722406,0.7320983582528526,1.3415451969036238,-0.6094468386507712,-7.842680606866059,-8.560654740595353,0.7179741337292942,148.65352213902003,3.5090089703815774,3.448846612138645,664.529142362135,26.644722026940798,26140930.24827387
2023-03-06,153.7899932861328,156.3000030517578,153.4600067138672,153.8300018310547,153.01327514648438,87558000,2.8000030517578125,1,13149143830.135849,7837554000,0.0570258140977947,66504474.1656498,18.358561950750534,0.6820414701469234,141565578.02196082,150.32782629761343,38.58890258418301,13741.863422242033,150.68649978637694,156.59517537941127,144.7778241933426,7.842342348399967,0.7660073306769104,0.0,0.0,148.52666727701825,151.113666788737,145.93966776529948,3.4835488591334585,1.5249972081581509,1.0,0.0,143.89999389648438,156.3300018310547,150.11499786376953,8.248919413611642,0.7988738210659541,3.564128234178707,3.98940040853475,1.4120888348101346,1.8591742412403491,-0.44708540643021455,149.26416778564453,149.91153775728665,149.4638289145769,148.05174007976677,0.8753023284482863,0.8990115785933369,-0.023709250145050653,0.21302781441001414,23.947666502666916,3.0235069274902457,59.73231084696366,91.23793081028197,-31.50561996331831,150.0999984741211,149.35000610351562,149.72500228881836,140.7750015258789,4.386037449260001,30.255694572308215,38.19117013389722,18.17106450210863,104.57480018426072,136.08250045776367,138.87999725341797,20.0,12.0,8.0,143.89999389648438,,1.0,0.0,61.24268275015223,0.7162144682402083,0.43266960347775596,0.22365336872374988,10.74921914847969,54.33199079345025,79.8873821065954,51.13974365741772,-20.112617893404597,1.627911915498629,-0.9656859475424981,0.953780640504012,1.2639922856237014,-0.31021164511968935,-3.5127716814192738,-7.551078128760138,4.038306447340864,148.70845567381932,1.853938339660255,1.8369623975035942,678.7030412502623,26.746049122306175,32963008.76783809
2023-03-07,153.6999969482422,154.02999877929688,151.1300048828125,151.60000610351562,150.7951202392578,56182000,-2.2299957275390625,0,13111172633.002403,7781372000,0.03672745459896197,39105889.28989989,-11.872120629370782,-0.07333752272340911,140751135.98547047,150.2882218024386,38.85779632336443,13542.654579004286,150.68000030517578,156.58435465541103,144.77564595494053,7.8369449671847935,0.5779090941842936,0.0,0.0,148.81233418782554,151.40033315022785,146.22433522542318,3.478204916987404,1.0385767065962084,1.0,0.0,143.89999389648438,156.3300018310547,150.11499786376953,8.249275225242583,0.6194696131782822,3.497714800409274,4.032915842152762,1.4778969589845588,1.7829187847891912,-0.30502182580463244,149.08833440144858,150.1296151968149,149.79247155902902,148.31457460004447,0.8268811267208523,0.9397270803369288,-0.11284595361607641,0.20016547687437725,24.004637218011776,1.8700027465820312,54.5002565410248,83.80999036424109,-29.30973382321629,150.0999984741211,149.35000610351562,149.72500228881836,140.7750015258789,10.819829365668719,29.845574903440443,35.961241352074026,21.80131676108901,42.855308741051594,138.0999984741211,138.87999725341797,16.0,8.0,8.0,144.14799407958984,,0.0,0.0,56.449602666449344,0.4944196955008267,0.5765978183563727,0.4010662897439387,11.073077560385334,52.651444042037426,61.94696131782822,66.39852297962348,-38.05303868217178,2.0567353641285706,-1.37271518976598,0.9964610443511435,1.21048603736919,-0.21402499301804645,-4.125543122263093,-6.865971127460729,2.7404280051976357,148.789926916552,-1.4496494188358522,-1.4602595001838026,667.4145771383209,22.4030146892822,-9882513.035550758
2023-03-08,152.80999755859375,153.47000122070312,151.8300018310547,152.8699951171875,152.05836486816406,47204800,1.269989013671875,1,13123836971.226614,7828576800,-0.004425101206184046,42083559.01885393,0.24319445646903629,-0.5910768591908125,141146581.73071432,150.08248368287389,37.37860941149881,13656.104591133868,150.59100036621095,156.3038597176146,144.87814101480728,7.587252010426907,0.6994618290765898,0.0,0.0,149.217333984375,151.6903335571289,146.74433441162108,3.3146277402501534,1.2385082417836706,1.0,0.0,143.89999389648438,156.3300018310547,150.11499786376953,8.254150582931722,0.721640828221499,3.334942832087097,4.036363337376453,1.6139235649527564,1.7491197408219044,-0.135196175869148,149.11500040690103,150.50923039362982,150.26593672182264,148.65201315686988,0.7893091495106161,0.9847906889597773,-0.19548153944916113,0.19154818965810694,24.04364963523464,-2.1110046386718864,49.92437367032138,76.36533756854709,-26.44096389822571,150.0999984741211,149.35000610351562,149.72500228881836,140.7750015258789,20.690244619372944,29.464749496634653,34.55994763129436,20.951789683229094,57.258971566773816,138.0999984741211,138.87999725341797,12.0,4.0,8.0,144.3910342590332,,0.0,0.0,58.444276729128376,0.7154805853933047,0.6420382497114464,0.5504352238485253,11.964663484489218,53.00159666663621,72.16408282214991,71.33280874885787,-27.835917177850096,2.897148356718162,0.2097620839254387,1.0857058244139695,1.185529994778146,-0.09982417036417646,-5.753305305073424,-6.643437962983269,0.8901326579098443,148.93703915485204,0.837723590066819,0.8342341603068348,673.84339008462,24.29664793388997,-4806171.582441285
2023-03-09,153.55999755859375,154.5399932861328,150.22999572753906,150.58999633789062,149.79046630859375,53833600,-2.279998779296875,0,13078996475.558556,7774743200,-0.012140504223442919,18537258.832566768,-2.1216853509432823,-0.9455912397925198,140343673.72910768,149.8211446106416,38.121792157778955,13656.104591133868,150.5245002746582,156.20480185907203,144.84419869024438,7.547344882792004,0.5057651924162029,0.0,0.0,149.49666697184244,152.09066721598307,146.9026667277018,3.4703118091980047,0.7107419551169686,0.0,0.0,143.89999389648438,156.3300018310547,150.11499786376953,8.257797177130364,0.5382138512397912,3.4324483047377625,4.06588304727306,1.5202245807964516,1.703340708816814,-0.18311612802036237,149.29083379109701,150.7515382033128,150.31579204737156,148.7955674665751,0.7504344978715901,0.980017406428845,-0.22958290855725494,0.18270929497093358,24.07436719471651,-1.6144966125488338,42.34565394905455,68.9692754982756,-26.623621549221042,150.0999984741211,149.35000610351562,149.72500228881836,140.7750015258789,35.12236132820834,28.57081178475433,31.512101086272367,22.377942633288203,33.570491436030856,138.0999984741211,138.87999725341797,8.0,0.0,8.0,144.6292136348877,,0.0,0.0,53.689918543166215,0.5120228820585184,0.5739743876508832,0.597536818572901,11.228239822697258,49.11845229712319,53.95159275798717,62.68754563265512,-46.04840724201283,3.802118009679475,1.421067262302065,1.0216867388458661,1.1527613435916901,-0.131074604745824,-6.1299619128722265,-6.540742752961061,0.41078084008883486,148.95322331629367,-1.4914625839747453,-1.5026967291677629,662.3018054629462,21.282683641238236,8921715.63473922
2023-03-10,150.2100067138672,150.94000244140625,147.61000061035156,148.5,147.71156311035156,68572400,-2.089996337890625,0,13047078346.182425,7706170800,-0.0024836855138465354,-4584644.554995783,-15.102697763464805,-1.267458931376203,139391976.61531797,149.5815736582154,37.7334602833778,13656.104591133868,150.40600051879883,156.15104222939718,144.6609588082005,7.639378337010279,0.33411778235807404,0.0,0.0,149.74433339436848,152.52433369954426,146.96433308919273,3.7129956668935433,0.27619905435768916,0.0,0.0,143.89999389648438,156.3300018310547,150.11499786376953,8.26430321376488,0.37007266026935487,3.4222036573694554,4.14247854902923,1.2627658445368866,1.6152257359608284,-0.35245989142394185,149.25666681925455,150.86961540809045,150.036439424699,148.77367358016213,0.7505913562579435,1.0012899932350812,-0.2506986369771377,0.170966543881084,24.146409903531797,-1.0060066223144588,36.63527757289865,61.87579666344928,-25.240519090550627,150.0999984741211,150.63999938964844,150.36999893188477,140.7750015258789,55.09469948955131,26.932392540327648,29.357849632831556,26.226798444103277,-38.244042444035586,138.21249771118164,138.43499755859375,4.0,76.0,-72.0,144.8626294232251,,0.0,0.0,49.69882740327098,0.254162170600528,0.49388854601745025,0.5699670611265936,9.347593986248787,48.85751606243722,37.09679602582671,54.404157201987964,-62.90320397417329,3.4262063419117794,-0.2753365469251558,0.8487831308786523,1.0919657010490826,-0.24318257017043032,-4.395644910735038,-6.111723184515857,1.716078273780819,148.94692883177314,-1.38787196275717,-1.3975929537563658,651.7220324333342,20.20452265598172,21943846.55947285
2023-03-13,147.80999755859375,153.13999938964844,147.6999969482422,150.47000122070312,149.6710968017578,84457100,1.970001220703125,1,13048630960.464533,7790627900,-0.03404327223124214,19838960.395295884,7.375086918309071,-0.01478402182321378,140512384.62943947,149.68210073888292,46.80880779352445,13656.104591133868,150.37900085449218,156.1175063916051,144.64049531737925,7.632057008631874,0.5079289255384017,0.0,0.0,149.97000020345052,153.12200063069662,146.81799977620443,4.203507932213195,0.5793148714274527,0.0,0.0,143.89999389648438,156.3300018310547,150.11499786376953,8.2657870207541,0.5285601874755251,3.623983535773135,4.013947341123449,1.2038137600074208,1.532943340770147,-0.32912958076272614,149.3458340962728,150.8561536348783,150.10314123946887,148.89932747946145,0.8364359974786765,0.9458272893378334,-0.10939129185915697,0.1600806297962943,24.068075795735613,-3.6689941406249886,32.03248942250425,55.11300278593871,-23.080513363434463,150.0999984741211,150.63999938964844,150.36999893188477,140.7750015258789,69.96946700689146,25.953363794026835,30.547728507111415,23.411134616556524,0.6334028804677089,141.10749435424805,138.43499755859375,0.0,72.0,-72.0,145.09137689579575,,0.0,0.0,53.22813296253431,0.48218734230536964,0.4161241316548052,0.4946623551077131,8.868277563802533,48.85303474452994,52.98389091450532,48.01075989943976,-47.01610908549468,2.245675659179682,0.7162030575182835,0.8084749477283366,1.0352675503849336,-0.22679260265659695,-0.985801531264872,-5.086538853865661,4.100737322600789,148.97582467273045,1.3266001486216261,1.317877864063366,661.6943780328165,23.466061894642593,29751463.15242108
2023-03-14,151.27999877929688,153.39999389648438,150.10000610351562,152.58999633789062,151.77984619140625,73695900,2.1199951171875,1,13086148848.40912,7864323800,-0.041474040349119196,39324101.50407337,5.955541362689857,0.9184824249531832,141550697.56151408,149.946403581666,54.27552391880577,13848.50756061708,150.31600036621094,155.92694451770214,144.70505621471975,7.465531464144069,0.7026393339769147,0.0,0.0,150.39566650390626,153.6526657104492,147.13866729736327,4.331240762789368,0.8368637348108965,0.0,0.0,143.89999389648438,156.3300018310547,150.11499786376953,8.269251379951175,0.699114794387028,3.5915839614926965,3.8649690585847853,1.3130239736701697,1.4889594673501516,-0.17593549367998196,149.83583323160806,150.7826919555664,150.48573433153376,149.1727103578636,0.9137006433831075,0.9130794916345039,0.0006211517486036655,0.15273115502838672,24.09519904935257,-2.3960021972656307,30.662934002281837,49.32225213437182,-18.659318132089986,150.0999984741211,150.11499786376953,150.1074981689453,140.7750015258789,84.98473350344574,25.107094555053425,29.06203638246783,21.876809382207256,46.47360584699768,144.43500137329102,140.7750015258789,32.0,68.0,-36.0,145.315549418915,,0.0,0.0,56.74533377543432,0.7094304375304078,0.48192665014543495,0.4639797759392304,9.567071187519701,45.368399670739905,70.08061310753624,53.387100015956115,-29.919386892463763,1.7849695093491391,4.00789949896966,0.8802038727594614,1.0042548148598391,-0.1240509421003777,0.2813791822858499,-4.012955246635359,4.294334428921209,149.12425276988205,1.408915464869298,1.3990825020587572,672.4260079199607,24.793576980347012,8559969.672933504
2023-03-15,151.19000244140625,153.25,149.9199981689453,152.99000549316406,152.177734375,77167900,0.4000091552734375,1,13151266766.98451,7941491700,-0.01851297883589608,38116067.93109504,-0.7120231998431401,0.7600989716861319,141752990.41972262,150.18407807876042,55.84375841733877,13848.50756061708,150.30550079345704,155.89556579610252,144.71543579081157,7.4382706862167165,0.7401139073013095,0.0,0.0,151.01600036621093,154.38399963378907,147.64800109863282,4.46045354056629,0.7930530813880774,0.0,0.0,143.89999389648438,156.3300018310547,150.11499786376953,8.269829027515808,0.7312957195625407,3.565425748448896,3.730714885734877,1.4155338574599625,1.4742743453721139,-0.05874048791215136,150.25833384195963,150.8311538696289,150.87100681793842,149.45547296047846,0.9087539899150536,0.9246137058217874,-0.01585971590673374,0.14828125794743188,24.093665607151202,-2.8954971313476676,30.97325171894069,44.70921779554873,-13.73596607660804,151.81500244140625,150.11499786376953,150.9650001525879,140.7750015258789,92.49236675172287,24.26013406853999,27.129807788577963,20.78170156982105,48.46603315275171,144.43500137329102,140.7750015258789,28.000000000000004,64.0,-36.0,145.53523849157185,,0.0,0.0,57.39633111434756,0.7514907741865718,0.647702851340783,0.515251211047008,10.323965745366309,48.21667640284734,73.30649101024184,65.45699834409449,-26.69350898975816,1.2494689043830363,3.42753338762761,0.9471274817980615,0.9928293482474837,-0.0457018664494222,1.664753277418109,-2.8774135418246654,4.542166819242775,149.44044952340232,0.26214638237991306,0.26180337806911425,674.4508947562846,23.89507115842929,15243975.068298467
2023-03-16,152.16000366210938,156.4600067138672,151.63999938964844,155.85000610351562,155.02255249023438,76161100,2.8600006103515625,1,13208150586.117483,8017652800,-0.0185004591799585,63788171.43880238,15.600269923284628,2.3164030205810957,143176748.7350642,150.78738080016436,63.030355285924145,14107.39205407239,150.33150100708008,156.01879459723855,144.6442074169216,7.566336465822454,0.98516091256349,0.0,0.0,151.93033396402993,155.49933268229168,148.36133524576823,4.698204269210253,1.0491277034409723,1.0,0.0,143.89999389648438,156.4600067138672,150.18000030517578,8.3548775427921,0.9514331219863619,3.6908839060258813,3.423225600986015,1.7078646258423191,1.5209924014661549,0.18687222437616424,150.9616673787435,150.87730818528397,151.63700670802723,149.9291420821849,1.0185147539493515,0.8428252679884194,0.17568948596093215,0.14943769378092076,24.19456969210202,-5.021503448486328,32.019318610189494,40.98065181490882,-8.961333204719324,152.03500366210938,150.18000030517578,151.10750198364258,140.7750015258789,96.24618337586143,24.253920722730186,30.83606764507522,18.830173943621407,121.45816594309574,145.06250381469727,140.7750015258789,100.0,60.0,40.0,145.75053378277556,,0.0,0.0,61.82073430870939,1.0,0.8203070705723263,0.6499788573528483,12.362298109305174,55.915375604913415,95.14331219863618,79.51013877213812,-4.8566878013638135,1.2596763162052014,5.725528954433972,1.1391145191147287,1.0220863824209327,0.11702813669379597,2.582361939313921,-1.785458445596948,4.367820384910869,150.10987974942742,1.8694035607962345,1.8521449691434988,688.9285073594768,26.214999252733605,12249756.987081617
2023-03-17,156.0800018310547,156.74000549316406,154.27999877929688,155.0,154.1770477294922,98944600,-0.850006103515625,0,13167124716.485493,7918708200,-0.009653657699305292,42660787.817557454,3.6299177014639317,2.0692223369594163,142637104.77859205,151.3833098152498,65.26087142914514,14107.39205407239,150.39600067138673,156.2615598059531,144.53044153682035,7.80015307372774,0.8924603966126091,0.0,0.0,152.48200073242188,155.91900024414062,149.0450012207031,4.508072421937932,0.8663077720832943,0.0,0.0,143.89999389648438,156.74000549316406,150.31999969482422,8.537468775339939,0.8644856758841236,3.567796186810012,3.1802797125225655,1.84962910419938,1.5867197420128,0.2629093621865799,151.769167582194,150.99576979417068,152.15439029140765,150.30476118720827,1.0517204900375712,0.881464830945022,0.17025565909254914,0.15285410724646933,24.220746825492377,-4.485997009277355,31.873618063838137,37.885241505672646,-6.011623441834509,152.1750030517578,150.31999969482422,151.24750137329102,140.7750015258789,98.12309168793072,24.31146720082097,29.881250450165542,17.905976248009896,137.1290256860653,145.06250381469727,140.7750015258789,100.0,56.00000000000001,43.99999999999999,146.17891270001923,,0.0,0.0,59.831977607892895,0.8761343249202748,0.8758750330356154,0.7812949849829085,13.44646042145162,53.821363266297894,86.44856758841236,84.96612359909683,-13.551432411587637,2.2021175160127484,6.66850361586368,1.2305858374610112,1.0637862734289485,0.16679956403206275,5.796600652409299,-0.2690466259956985,6.065647278404997,150.2886514484353,-0.545400109224925,-0.5468928456854982,684.6256904186317,23.619524412583985,35058580.88777797
2023-03-20,155.07000732421875,157.82000732421875,154.14999389648438,157.39999389648438,156.5642852783203,73641400,2.399993896484375,1,13223910386.96504,7992349600,0.007884617952109218,61814805.34770131,2.367215694130955,2.351180133504536,143777355.8142602,151.95314326120544,71.24739718052034,14325.828536814879,150.63850021362305,157.19996337496673,144.07703705227937,8.711535433556172,1.0152428289696198,1.0,0.0,152.67466684977214,156.19466807047527,149.154665629069,4.611113675023408,1.1712109954564636,1.0,0.0,143.89999389648438,157.82000732421875,150.86000061035156,9.24067446767869,0.9698266506771082,3.578017910902448,2.873531114705169,2.131072250162248,1.6955902436426897,0.43548200651955815,152.72666676839194,151.2469235933744,152.96140623065023,150.83033398048798,1.0598704839788784,0.8618663956648466,0.19800408831403182,0.16047653213914329,24.33088439820466,0.3914985656738281,31.614160011704772,35.342341891303754,-3.7281818795989814,152.71500396728516,150.86000061035156,151.78750228881836,141.2900047302246,99.06154584396536,24.61279765439506,29.84810257743542,16.59721112744381,147.7816976096008,145.21000480651855,140.7750015258789,100.0,52.0,48.0,146.8125782676079,,0.0,0.0,63.41104802523056,1.0,0.9587114416400914,0.8849645150826779,15.484250366220472,61.853288161085224,96.98266506771081,92.85818161825314,-3.017334932289189,2.968500473920045,7.874710400928307,1.412893675908675,1.1336077539248939,0.2792859219837811,5.380182562054692,0.8607992116143798,4.519383350440313,150.52137771910586,1.5483831590221708,1.5365180286955216,696.7747024704354,26.060948399192,-2827696.409364164
2023-03-21,157.32000732421875,159.39999389648438,156.5399932861328,159.27999877929688,158.434326171875,73938300,1.8800048828125,1,13291644328.16803,8066287900,0.10296872726512434,72841885.3018662,7.678133169251494,3.42410459214817,144660483.96176365,152.77355576549502,77.25940628751388,14325.828536814879,151.17850036621093,158.65443972707456,143.7025610053473,9.890215001146473,1.0418381571884532,1.0,0.0,153.28999938964844,156.80600128173828,149.77399749755858,4.587385877864749,1.35181970509238,1.0,0.0,143.89999389648438,159.39999389648438,151.64999389648438,10.25278062849757,0.9922583795362904,3.5062161808473595,2.298880307741079,2.477262315284463,1.8519246579710444,0.6253376573134186,153.41416676839194,151.56500068077673,153.9334973919805,151.45623507669603,1.1444637131242394,0.8000776993650015,0.34438601375923794,0.1727083482412565,24.402704345033175,2.6515014648437614,34.845107706700475,33.66686789534587,1.178239811354608,153.50499725341797,151.64999389648438,152.57749557495117,142.07999801635742,99.53077292198267,25.239743478697886,31.31588067285881,15.63797114686302,165.00466152831765,145.21000480651855,140.7750015258789,100.0,48.0,52.0,147.69317259213676,,0.0,0.0,65.9690309002712,1.0,0.9587114416400914,0.9310993054385998,18.002819267303416,68.18183828350594,99.22583795362904,94.21902353658409,-0.7741620463709677,3.7813228382783564,5.462490939999204,1.635629140015266,1.2340120311429685,0.4016171088722975,5.024537440709168,1.6935468574333374,3.330990583275831,151.41675929354017,1.1944122971497162,1.1873354885857168,706.2914774973201,26.494870698943487,8268049.368799888
2023-03-22,159.3000030517578,162.13999938964844,157.80999755859375,157.8300018310547,156.9920196533203,75701800,-1.4499969482421875,0,13216642001.051447,7990586100,0.03464281724580849,46754847.5478224,11.468254141713558,4.556412228399419,143971336.6751132,153.62898060939906,82.76850433905217,14325.828536814879,151.6245002746582,159.55628976644567,143.69271078287073,10.462411387895141,0.8911791634675647,0.0,0.0,153.94366607666015,157.72866821289062,150.15866394042968,4.917385992802895,1.013386203563016,1.0,0.0,143.89999389648438,162.13999938964844,153.0199966430664,12.029721753491978,0.7637063453621744,3.5885947458680922,1.6483410880207154,2.6045936659872666,2.002458459574289,0.6021352064129775,153.74750010172525,151.71807743952826,154.53295961337653,151.92836594738927,1.1851572741353378,0.7443965134436255,0.4407607606917123,0.1852092295835755,24.536012805109998,-0.024494171142578125,37.52255456006301,33.130967963235705,4.3915865968273025,154.875,153.0199966430664,153.9474983215332,143.51499938964844,99.76538646099134,26.358049159648708,34.06849850483389,14.291274576809492,159.46880853770838,145.24250411987305,140.7750015258789,100.0,44.0,56.0,148.86385472257152,,0.0,0.0,62.348545634714064,0.7774775671229521,0.9258258557076506,0.9477495796626115,19.036414731541225,62.060370592788004,70.89805355104329,89.03551885746107,-29.101946448956713,4.988440524830537,2.6002729977166865,1.7143564006271235,1.3300809050397997,0.38427549558732377,4.8792894049464755,2.330695366935965,2.5485940380105103,151.74933323786576,-0.9103446505241086,-0.9145136079797389,698.9514461642916,23.62813096859557,11317761.831711277
2023-03-23,158.8300018310547,161.5500030517578,157.67999267578125,158.92999267578125,158.086181640625,67622100,1.0999908447265625,1,13192703311.06229,8058208200,0.0021685835654181693,50701825.169731215,-2.060282211611947,2.9148118687735076,144442626.60756093,154.27798134655654,82.78839623407416,14425.671912920816,152.10100021362305,160.56796152769334,143.63403889955276,11.133340743556714,0.903272922176334,0.0,0.0,154.70366617838542,158.44466959635417,150.96266276041666,4.836347464002678,1.0648653616695425,1.0,0.0,143.89999389648438,162.13999938964844,153.0199966430664,11.992035205255922,0.8240128428102599,3.6167363088789393,1.4741387178710166,2.7624212740546454,2.1544510224703606,0.6079702515842849,154.35833231608072,151.93846189058743,155.20942623836186,152.4470049643072,1.1485700051147578,0.8377127157005375,0.3108572894142203,0.19839451160745197,24.694886484034676,0.7689949035644474,41.688165731459,33.692399980853516,7.995765750605486,154.9199981689453,153.0199966430664,153.96999740600586,145.12999725341797,99.88269323049568,27.338860458004035,31.46074198265298,13.454491197048327,142.4319041725847,147.6775016784668,140.7750015258789,96.0,40.0,56.0,150.45699208262076,,0.0,0.0,63.964267848832584,0.8767831605911847,0.8847535759047123,0.9230969577508183,20.37526163834739,56.465848233101305,77.90772895011541,82.67720681826262,-22.092271049884587,5.809086474250336,4.835083296276755,1.8120534901301721,1.4264754220578741,0.385578068072298,3.828828726956595,2.630322038940091,1.1985066880165038,152.66888189590586,0.6969466083539766,0.6945291611907933,704.5197111707287,25.066996015700767,2697078.5002408177
2023-03-24,158.86000061035156,160.33999633789062,157.85000610351562,160.25,159.399169921875,59196500,1.32000732421875,1,13247620703.343395,8117404700,0.02862836014807683,54621537.798071794,-2.1872687796459824,1.447252530888042,144934288.4534626,154.56782125915478,82.3266812332119,14545.48562624979,152.7779998779297,161.5714518185995,143.98454793725986,11.51141126038544,0.9248615999998941,0.0,0.0,155.7499994913737,159.4070017496745,152.0929972330729,4.695990074148717,1.115258098133798,1.0,0.0,143.89999389648438,162.13999938964844,153.0199966430664,11.93889533030797,0.8963816436153615,3.504061701428545,1.4513697984044642,2.9598945281869646,2.315539723613681,0.6443548045732834,154.97333272298178,152.12769258939304,155.98489912476774,153.02500459658077,1.0849326812782987,0.9128218036769374,0.17211087760136123,0.21276498808781938,24.785124413843526,-2.1880035400390625,46.04731356611375,35.24960266347679,10.797710902636958,156.02999877929688,153.0199966430664,154.52499771118164,145.12999725341797,99.94134661524784,28.249613806476845,29.87617972277874,12.776837790513659,126.32195930107969,147.6775016784668,140.7750015258789,92.0,36.0,56.0,151.8589529594641,,0.0,0.0,65.85769967024223,0.993157354789723,0.8824726941679533,0.8976840419267723,22.06286972256507,56.66157573171597,86.99243256412788,78.59940502176222,-13.007567435872124,6.335204001034015,4.827634669023909,1.9342554741234106,1.5280314324709816,0.406224041652429,2.016480899095632,2.5075538109711992,-0.491072911875567,154.54340175280564,0.8305589788276002,0.8271288176609382,711.2017218682951,25.678961377459643,-1229523.670952566
2023-03-27,159.94000244140625,160.77000427246094,157.8699951171875,158.27999877929688,157.43963623046875,52390300,-1.970001220703125,0,13210044297.85814,8065014400,0.015802985948236467,32074324.547918268,1.2454550458266616,2.3842222219735736,144290238.8125702,154.93507646049127,82.44849167434866,14366.673617267377,153.29599990844727,162.10428368950448,144.48771612739006,11.491863827259381,0.7829154347619918,0.0,0.0,156.60366617838542,160.0066691080729,153.20066324869794,4.346006722232374,0.7463019626411833,0.0,0.0,143.89999389648438,162.13999938964844,153.0199966430664,11.898552802458976,0.7883772232525805,3.4436564468130344,1.3425848236072475,2.9237279543805528,2.4371773697670553,0.4865505846134974,155.61416625976562,152.30346151498648,156.33799137931067,153.4142634249301,1.1329112090356406,0.8576970705196801,0.27521413851596044,0.22427099266759568,24.88636340040013,-4.795999908447271,47.65046693952195,37.137106323170144,10.513360616351804,156.02999877929688,153.0199966430664,154.52499771118164,146.3000030517578,99.97067330762391,29.18727257088332,28.98202543222269,12.017654781372102,102.73201406085661,148.34750366210938,140.7750015258789,88.0,32.0,56.0,153.09267853108622,,0.0,0.0,60.72921756053707,0.677950350116997,0.849296955165968,0.8721744084128783,22.019105915163454,49.618721619252874,73.43426748354928,79.44480966593089,-26.56573251645072,6.785145075180964,5.106582527667765,1.9057732241508394,1.6035797908069533,0.30219343334388604,-0.24899139389688027,1.9562447699975833,-2.2052361638944635,155.0067723083215,-1.2293299349161457,-1.2369486995857493,701.2293762688129,22.752847632181982,-2226993.736169845
2023-03-28,157.97000122070312,158.49000549316406,155.97999572753906,157.64999389648438,156.81297302246094,45992200,-0.6300048828125,0,13225252568.738892,8019022200,0.04524483434580699,23352948.10231722,-11.378816545730693,1.554078578959307,144107175.18611863,155.15574525648103,77.69801835709795,14309.489673632954,153.80799942016603,162.3753649157444,145.24063392458766,11.14033799006047,0.7242226317005622,0.0,0.0,157.13799947102865,160.46200459798177,153.81399434407552,4.230682760557822,0.5770146864853114,0.0,0.0,143.89999389648438,162.13999938964844,153.0199966430664,11.858944633521178,0.7538374922723124,3.3502917786942303,1.4009796981910918,2.8118166827764526,2.512105232368935,0.2997114504075178,156.3766657511393,152.49961500901443,156.5398379204143,153.72802123763785,1.083635438862031,0.8988311137584531,0.18480432510357792,0.2320758648221976,24.938264438820706,-3.337998199462902,48.88116176938288,39.126874106552606,9.754287662830272,156.88999938964844,153.0199966430664,154.95499801635742,146.79000091552734,99.98533665381196,29.125624668112952,27.46112046761684,15.33847626339995,66.43943512474355,148.59250259399414,140.7750015258789,84.0,28.000000000000004,56.0,154.17835703411367,,0.0,0.0,59.14305339773901,0.5804614549663919,0.7505230532910372,0.8274309008749864,21.52914628399325,51.8833543393261,69.09837666633761,76.50835890467162,-30.901623333662382,6.51167580099667,6.16161205150463,1.829085328841808,1.6486808984139245,0.18040443042788357,-2.8687651502569396,0.9912427859466789,-3.8600079362036186,155.19882845934183,-0.39803189769477276,-0.3988261529460857,698.0402277775622,22.9126540741114,-3308012.9422938526
2023-03-29,159.3699951171875,161.0500030517578,159.35000610351562,160.77000427246094,159.9164276123047,51305700,3.1200103759765625,1,13259657610.904387,8070327900,0.1010015228023172,42884572.13723487,9.824439966535383,2.4073732444934977,145122553.06460968,155.61541328166518,83.071174792921,14309.489673632954,154.58099975585938,162.72104451272142,146.44095499899734,10.531753281086528,0.8801578923374003,0.0,0.0,157.97166646321614,161.13267110188804,154.8106618245443,4.001989355993675,0.9426342459308321,0.0,0.0,143.89999389648438,162.13999938964844,153.0199966430664,11.79964259641986,0.9248906411952045,3.3552635163521516,1.2829161848635295,2.940983133218367,2.597880812538821,0.34310232067954605,157.2349993387858,152.97230764535757,157.19063274380608,154.2496496105877,1.1523299152763777,0.8667621893190471,0.2855677259573306,0.2406478125282433,24.919422108896956,-1.9910034179687557,51.96276813837799,41.342812943018,10.619955195359992,158.1449966430664,153.0199966430664,155.5824966430664,146.9000015258789,99.99266832690599,29.6760337367541,30.86247854223369,14.24776582032018,112.90642122676697,148.44500350952148,140.7750015258789,80.0,24.0,56.0,155.13375411677785,,0.0,0.0,64.13851397298718,0.8874926839346834,0.7153014963393574,0.7717071682654545,22.587519029966252,54.19496404821312,90.5712647468385,77.70130296557517,-9.4287352531615,6.3412357105928265,6.845220288561171,1.9066384530811262,1.700272409347365,0.20636604373376133,-4.318904143256938,-0.07078659989404446,-4.248117543362893,155.8091993481768,1.9790742129842442,1.959745147439662,713.8340361347487,26.452220433250886,7227543.580901235
2023-03-30,161.52999877929688,162.47000122070312,161.27000427246094,162.36000061035156,161.4979705810547,49501700,1.589996337890625,1,13300083925.80209,8119829600,0.11455167252730415,48002136.363252796,4.048331080153643,3.77530387618053,145612119.0260932,156.41793131288395,89.6303428377418,14451.008835003391,155.40349960327148,163.18936120331412,147.61763800322885,10.020188245334383,0.946739318294714,0.0,0.0,158.70999959309896,161.50900319417318,155.91099599202477,3.527192499842853,1.1520179209222507,1.0,0.0,147.3300018310547,162.47000122070312,154.9000015258789,9.742379951738048,0.9927344375966902,3.1897368595411555,0.8878926066800374,3.1355037565790553,2.7054054013468685,0.43009835523218687,158.04916636149088,153.48961522028998,157.98592010789,154.85041635131094,1.2434150354017808,0.7542481812954919,0.4891668541062889,0.25090760894414027,24.80874196097563,-2.413494110107422,55.24659293990097,43.939810151469416,11.306782788431555,158.30999755859375,153.18499755859375,155.74749755859375,148.12000274658203,99.996334163453,30.485851243475313,32.80470513856501,13.722343779808247,132.02555910702924,148.66000366210938,140.7750015258789,100.0,20.0,80.0,155.97450354952232,,0.0,0.0,66.39356728213716,1.0,0.8226513796336917,0.7628253097546956,24.16450240635418,53.80889986052127,99.25524320560515,86.3082948729271,-0.7447567943948502,6.512971900491152,6.4027816416133465,2.0248597520496823,1.7651898778878286,0.2596698741618537,-5.689623851713411,-1.1945540502579177,-4.495069801455493,156.41802467088488,0.9889881791605992,0.9841296980088288,721.8827585501069,26.42561913716375,4251328.421735153
2023-03-31,162.44000244140625,165.0,161.91000366210938,164.89999389648438,164.02447509765625,68749800,2.5399932861328125,1,13364383623.68956,8188579400,0.11215829573931867,66090978.371784344,7.123862711717709,3.7573592899954322,146687655.0556973,157.5006238572902,89.53027217821358,14451.008835003391,156.09699935913085,164.63556200692202,147.55843671133968,10.940072753284102,1.015484566927126,1.0,0.0,159.56966603597004,162.43166859944662,156.7076634724935,3.587151160461056,1.4312234601983371,1.0,0.0,147.61000061035156,165.0,156.30500030517578,11.140508440933855,0.994249217537342,3.1797628073761026,0.6690124110911401,3.454794264868468,2.8552831740511886,0.5995110908172796,159.04166539510092,154.08576906644382,159.04962376767375,155.59482950280528,1.2684995162767088,0.7339593535983145,0.5345401626783942,0.2645891448849348,24.825501867837687,-0.246993255615223,60.3047261878308,47.127650837705644,13.177075350125158,160.48999786376953,154.4499969482422,157.46999740600586,149.38500213623047,99.9981670817265,31.712723796295368,36.10857372934901,12.798467147326303,148.81877421061535,148.66000366210938,140.7750015258789,100.0,16.0,84.0,156.88387322348763,,0.0,0.0,69.67422940492428,1.0,0.9624975613115611,0.8334834790948703,26.563033945613423,65.6877136458795,99.3368296328076,96.38777919508378,-0.6631703671923933,6.997471932803876,7.7848146778793845,2.2203785793577286,1.8562276181818087,0.36415096117591994,-4.221343686536373,-1.7999119775136088,-2.421431709022764,157.7461100160043,1.5644205941022005,1.5523096822170679,734.74046168424,27.73653644203256,25047840.98181285
2023-04-03,164.27000427246094,166.2899932861328,164.22000122070312,166.1699981689453,165.28775024414062,56976200,1.2700042724609375,1,13414754130.933458,8245555600,0.20256492525873396,66986555.37989928,6.539530965739644,3.7990728330704173,147126466.5784801,158.4305977581789,89.40405993720455,14562.305643015075,156.7139991760254,166.2350024025823,147.1929959494685,12.150801174900337,0.9965862718407832,0.0,0.0,160.47999928792316,163.1819997151693,157.7779988606771,3.3673983539822245,1.5529233866223702,1.0,0.0,147.61000061035156,166.2899932861328,156.9499969482422,11.91979834220131,0.9935762760044828,3.0687857331814614,0.6333757799158306,3.7668906533272093,3.0376046699063926,0.7292859834208167,159.90166473388672,154.83423027625452,160.145065983254,156.3781753299268,1.2740223072738044,0.7027587510817067,0.5712635561920977,0.28100911254888383,24.86055063453696,-1.7139991760253963,64.43885555351423,50.41584504290718,14.023010510607051,161.13499450683594,155.0949935913086,158.11499404907227,150.02999877929688,99.99908354086325,33.06985244753748,37.322669883995886,12.20562234701954,153.44491834565937,148.3000030517578,140.7750015258789,100.0,12.0,88.0,158.1824535077296,,0.0,0.0,71.18869468312342,1.0,1.0,0.9283829803150846,29.021174419508398,71.98203381079745,99.26698135015623,99.28635139618969,-0.7330186498437768,7.811971417595373,6.621746333827633,2.408833998337569,1.966748894212961,0.4420851041246081,-4.541734089747537,-2.348276399960395,-2.1934576897871425,158.9468765062509,0.770166355044366,0.767215714184033,741.1693518720741,27.256991321258056,3251915.6771424413
2023-04-04,166.60000610351562,166.83999633789062,165.11000061035156,165.6300048828125,164.7506103515625,46278300,-0.5399932861328125,0,13396296609.145971,8199277300,0.21910169109348884,53847051.56939366,2.6915401724767674,4.042184502521839,146976078.59286892,159.36315034990653,89.10306931276736,14514.983338360253,157.41549911499024,167.38292307036573,147.44807515961475,12.663840614696277,0.9120676417798064,0.0,0.0,161.22533315022787,163.81433308919273,158.63633321126304,3.2116540104183833,1.3506511850953782,1.0,0.0,147.61000061035156,166.83999633789062,157.2249984741211,12.216075186784352,0.9370779134732042,2.9349067326172213,0.6224223493808607,3.9254066994842844,3.215165075821971,0.7102416236623132,160.7874984741211,155.515384380634,160.98890273703222,157.06349603754794,1.3100233397342498,0.6747018621167599,0.6353214776174899,0.29721849888547897,24.857488447744686,-0.01550521850586506,66.3156422010074,53.615077003012104,12.700565197995303,161.40999603271484,155.3699951171875,158.38999557495117,150.52999877929688,99.99954177043162,34.421802566904056,37.10132469387234,11.717121821127558,140.47265678747507,148.41250228881836,140.7750015258789,100.0,8.0,92.0,159.64181066784218,,0.0,0.0,69.59719314786055,0.8678773925308638,0.9559591308436213,0.9728188973850611,30.571018533781384,66.6137470733139,92.03952830254973,96.88111309517122,-7.960471697450276,9.158206401151745,6.858067666330646,2.4992482648838203,2.073248768347133,0.42599949653668734,-6.173103525677311,-3.1132418251037786,-3.0598617005735322,159.59214238294132,-0.3249643690696802,-0.32549352496520356,738.4358511949555,25.52953935089272,-2948987.25566262
2023-04-05,164.74000549316406,165.0500030517578,161.8000030517578,163.75999450683594,162.89053344726562,51511700,-1.8700103759765625,0,13406915673.353077,8147765600,0.21681244880969341,32393556.561738584,-16.08854905328433,1.7786974327669136,146394496.68956375,160.02153055193688,82.8022557631973,14514.983338360253,157.95999908447266,168.06355402695453,147.85644414199078,12.792548747836818,0.7870274599080147,0.0,0.0,161.6529998779297,164.13399963378907,159.1720001220703,3.069537537481993,0.9246261258047593,0.0,0.0,147.61000061035156,166.83999633789062,157.2249984741211,12.17396545897382,0.8398334625397835,3.024416242460968,0.7332498287492134,3.8556915865723624,3.3432703779720496,0.5124212086003128,161.31749852498373,156.14423018235428,161.41522454777126,157.5595329611989,1.1833287331970699,0.7748716934966506,0.40845703970041924,0.3095314804207252,24.921135786754995,1.3199996948242188,67.4431229710262,56.47673891851957,10.966384052506626,161.40999603271484,155.3699951171875,158.38999557495117,152.3699951171875,99.99977088521581,34.10823143911781,33.86946785371804,18.22466002619286,93.21151674305572,149.33250045776367,140.7750015258789,96.0,4.0,92.0,161.08144780185188,,0.0,0.0,64.24108612163391,0.4232263441283618,0.7637012455530751,0.906553458798899,30.33560339371455,68.41571418714734,75.7289106501277,89.01180676761125,-24.2710893498723,9.531588430965655,4.0406612814319915,2.4471331655456714,2.1480256477868407,0.2991075177588307,-6.72853474263915,-3.836300408610853,-2.8922343340282968,159.93877117463245,-1.1290287513422759,-1.1354506635262496,728.9696693734031,23.524637097265355,8802905.319847718
2023-04-06,162.42999267578125,164.9600067138672,162.0,164.66000366210938,163.7857666015625,45390100,0.9000091552734375,1,13443105004.68198,8193155700,0.280689103068168,33601834.98988691,0.35867132389013623,1.5450369772259283,146643956.30686408,160.80135081428426,81.76544945671732,14594.756288600676,158.6634994506836,168.57393816881608,148.7530607325511,12.492399011043997,0.8025347505784162,0.0,0.0,162.1016672770182,164.49166666666665,159.7116678873698,2.9487659563230944,1.0352169536468987,1.0,0.0,147.61000061035156,166.83999633789062,157.2249984741211,12.119987138892146,0.8866358211063299,3.01797528960159,0.7585445286875299,3.8289275807335628,3.4404018185243523,0.3885257622092104,161.7658322652181,156.88846118633563,161.9144213345925,158.08549375385894,1.1221921787808307,0.7865248901191224,0.33566728866170825,0.31920521067348095,24.974251742799463,-0.8334976196289006,68.29820164957103,58.9490598166815,9.34914183288953,161.40999603271484,155.3699951171875,158.38999557495117,152.8249969482422,99.9998854426079,33.81705824903058,31.579908218425633,16.992681828510083,91.48737114436773,149.38249969482422,140.7750015258789,92.0,0.0,92.0,,166.83999633789062,0.0,1.0,65.61273438896276,0.5370972651388639,0.6094003339326964,0.7763535701097979,30.531134907621567,71.7106410207158,82.82118001279382,83.52987298849044,-17.178819987206186,9.599470923928664,3.3777027398569954,2.4220613098727766,2.202832780204028,0.21922852966874862,-7.96942581542962,-4.662925489974606,-3.306500325455014,160.31845275094324,0.5495903672834368,0.5480856301669057,733.5256068239806,25.27179542319709,1327406.6489023566
2023-04-10,161.4199981689453,162.02999877929688,160.0800018310547,162.02999877929688,161.16973876953125,47716900,-2.6300048828125,0,13490821904.68198,8145438800,0.34766887942641106,10873618.563806526,-9.91000788065806,0.66809243616957,145881805.95339876,161.2400388584717,75.19199403724296,14594.756288600676,159.33999938964843,168.1713926118577,150.50860616743915,11.084967059166445,0.6522975663049185,0.0,0.0,162.29166717529296,164.62766723632814,159.9556671142578,2.878767717028905,0.44399221122448473,0.0,0.0,147.6999969482422,166.83999633789062,157.2699966430664,12.012049367995587,0.7486939544420697,3.1741779437469,1.0093368154729798,3.5545231686328407,3.46322608854605,0.0912970800867905,162.11583201090494,157.50846099853516,161.93220247993162,158.37767931129878,1.0151224902965041,0.8237239429814835,0.1913985473150206,0.3226725380542555,24.899422289653995,-0.41000671386717613,69.31434707248523,61.35615760923297,7.9581894632522605,161.40999603271484,157.08499908447266,159.24749755859375,152.8249969482422,49.99994272130395,32.72373228659156,28.382805784965853,19.516421771007465,44.34418751614776,148.27249908447266,140.7750015258789,88.0,0.0,88.0,,166.7431964111328,0.0,0.0,58.54554682725731,0.0,0.32010786975574185,0.5644031497471714,28.569094160340917,64.4292410989719,55.709048911019906,71.41971319131385,-44.290951088980094,8.850941287769984,2.661089082884237,2.244333408653033,2.2111329058938294,0.0332005027592035,-8.57364000882119,-5.445068393743924,-3.1285716150772664,160.346207566962,-1.597233586979263,-1.6101268371611077,720.2122558757153,22.251018649880166,7055953.730379254
2023-04-11,162.35000610351562,162.36000061035156,160.50999450683594,160.8000030517578,159.94625854492188,47644200,-1.2299957275390625,0,13458115196.066154,8097794600,0.33035531675245045,948506.9915460814,1.475514833164196,0.22504826930619157,145520131.18401337,161.512500019084,68.17476711309111,14483.965151066295,159.85649948120118,167.70617243631492,152.00682652608745,9.82089934483626,0.5600982726256115,0.0,0.0,162.51666717529298,164.74766693115234,160.2856674194336,2.7455642484385696,0.11527021259715439,0.0,0.0,149.9199981689453,166.83999633789062,158.37999725341797,10.584491856044346,0.6430263628976912,3.041760759723773,1.328427283420892,3.200907253039304,3.410762321444701,-0.20985506840539703,162.27166620890299,157.88423039362982,161.75801795252025,158.55711069948094,0.9680459528961392,0.8496727728868753,0.11837318000926389,0.3196401230053371,24.793128606976822,0.39350051879881676,70.58782949289055,63.768009578511595,6.819819914378954,163.09500122070312,157.2249984741211,160.1599998474121,154.0800018310547,24.999971360651976,31.80242175449711,27.938005812438288,18.693191492506635,34.92009803664464,148.47500228881836,140.7750015258789,84.0,16.0,68.0,,166.47666862792968,0.0,0.0,55.532950381975766,0.0,0.17903242171295455,0.36951354180046453,26.016987199114546,59.21462477914529,44.38312203798961,60.971116987267806,-55.61687796201039,7.746353284050429,1.176625220005768,2.018772440364469,2.1726608127879574,-0.1538883724234883,-8.993175932368558,-6.154689901468851,-2.8384860308997073,160.3574638572491,-0.7591160506113748,-0.7620120015641163,713.9858929922812,22.35426940083505,6502839.044840336
2023-04-12,161.22000122070312,162.05999755859375,159.77999877929688,160.10000610351562,159.24998474121094,50133100,-0.6999969482421875,0,13422054874.81627,8047661500,0.27624670963270326,-4200282.150949132,-2.3421611265552564,-0.7614099641415809,145301891.0326458,161.68417743229975,60.38314463172262,14483.965151066295,160.23199996948242,167.33867349118864,153.1253264477762,8.870479708247734,0.4907133861177359,0.0,0.0,162.84400075276693,165.0519994099935,160.6360020955404,2.711796132519223,-0.12137597780472058,0.0,1.0,149.9199981689453,166.83999633789062,158.37999725341797,10.559687311003966,0.6016553803920932,2.9655845616810828,1.6305318564642597,2.831539958591577,3.2949178488740767,-0.46337789028249965,162.2591667175293,158.12538440410907,161.50293920651953,158.67139924792795,0.9154350365048611,0.9192559498939931,-0.0038209133891319302,0.310894691655514,24.69316461828699,-1.9520011901855412,70.07768887503248,65.780778549251,4.296910325781482,163.30999755859375,157.2249984741211,160.26749801635742,154.0800018310547,12.499985680325988,30.63009658564712,26.456834934073914,19.399590892212355,15.321117450367787,149.72500228881836,140.7750015258789,80.0,12.0,68.0,,166.2208019560547,0.0,0.0,53.835136280173614,0.0,0.0,0.16638009715623245,23.404696019549032,53.60673152614669,37.93747830961852,46.00988308620938,-62.06252169038148,6.371676815257359,-0.09359993540366615,1.7845307799720267,2.0950348062247715,-0.31050402625274476,-8.876305343850422,-6.699012989945166,-2.1772923539052567,160.351316144292,-0.43532147696344614,-0.43627175976448385,710.4424375806329,22.57456761378242,9097869.623382717
2023-04-13,161.6300048828125,165.8000030517578,161.4199981689453,165.55999755859375,164.6809844970703,68445600,5.459991455078125,1,13482999423.825497,8116107100,0.27478564095288416,49787242.60457151,17.213997434658943,0.6153242963063398,147636134.48605368,162.13163021792604,60.536372067312385,14483.965151066295,160.8604995727539,167.50225961070927,154.21873953479852,8.25778864991209,0.8537840842625928,0.0,0.0,163.2310002644857,165.70699971516927,160.75500081380207,3.0337367861150177,0.9703145821508687,0.0,0.0,151.63999938964844,166.83999633789062,159.23999786376953,9.449179250725589,0.9157895370863939,3.2390258003371932,1.6324247802998229,2.9454362404568144,3.2250215271906244,-0.27958528673381,162.8658332824707,158.66230715238132,162.12710202991556,159.18166578945875,0.9301530891704962,0.7853491157220442,0.14480397344845197,0.3050094066995933,24.807089031450502,-3.21050567626952,72.25399871252121,67.67049030176435,4.583508410756863,163.30999755859375,157.2249984741211,160.26749801635742,154.0800018310547,6.249992840162994,30.56648721448685,31.347878342103964,16.9764369860933,92.75360384655286,149.72500228881836,140.7750015258789,76.0,8.0,68.0,,165.8343537654492,0.0,0.0,63.26836127176405,0.5435902408342345,0.18119674694474475,0.12007638955256672,23.935986246524347,60.01800559098264,88.21363989540845,56.84474674767222,-11.786360104591546,5.972793983010689,4.599443287492054,1.8503614884597255,2.0461001426717624,-0.19573865421203696,-6.013237696690687,-6.56185793129427,0.5486202346035833,160.60001216395827,3.4103630524210393,3.3534994008364016,738.0814670330233,28.68957962190956,26166745.64613661
2023-04-14,164.58999633789062,166.32000732421875,163.82000732421875,165.2100067138672,164.33285522460938,49386500,-0.3499908447265625,0,13488530687.710995,8066720600,0.23751625551032818,40205518.967762955,7.390717675210774,1.2994661859389651,147531732.3170033,162.5477893017642,60.109467957871736,14453.34631032599,161.3284996032715,167.80920279047166,154.84779641607133,8.034170283783814,0.7994665083768947,0.0,0.0,163.53933410644532,166.14533386230468,160.93333435058594,3.1870005709613145,0.8205435080462902,0.0,0.0,154.14999389648438,166.83999633789062,160.4949951171875,7.865939665101129,0.8715532458287841,3.1651232203034736,1.639710462499218,2.973185496578651,3.17465432106823,-0.20146882448957903,163.49583435058594,159.13692298302283,162.60139505821581,159.62820956163716,0.984427875528442,0.7433086903399293,0.24111918518851272,0.30020949211419157,24.77972234422004,-0.5584953308105582,71.95525641738165,68.96499366060334,2.990262756778307,163.30999755859375,157.2249984741211,160.26749801635742,154.0800018310547,3.124996420081497,30.63171002883599,30.760251852734527,16.03065761921016,104.22991708530367,149.72500228881836,140.7750015258789,72.0,4.0,68.0,159.77999877929688,,1.0,0.0,62.388323415992524,0.49287799869132415,0.34548941317518617,0.17556205337331063,24.081228592406255,60.37337379147989,84.99088828347062,70.38066882949923,-15.00911171652937,5.743294614904073,4.795441236963728,1.8625689686951081,2.0093939078764316,-0.14682493918132344,-6.451231483638853,-6.539732641763187,0.08850115812433401,160.72195014756457,-0.21139819394035975,-0.2116219553296439,736.3097779479666,25.573638163760194,-3189295.7290995046
2023-04-17,165.08999633789062,165.38999938964844,164.02999877929688,165.22999572753906,164.35272216796875,41516200,0.019989013671875,1,13520278150.8644,8108236800,0.31446241863717656,34580425.95656887,-1.179326204677401,1.126267525188675,147536755.42611098,162.94225240799065,60.868891878646295,14455.095043001133,161.83999938964843,167.83894418273874,155.8410545965581,7.413426613586628,0.7825493861683216,0.0,0.0,163.63400065104167,166.0670008341471,161.2010004679362,2.9737098322175144,0.8279890991336252,0.0,0.0,154.14999389648438,166.83999633789062,160.4949951171875,7.84107914561567,0.873128423908077,2.9846109593082826,1.6135554254156947,2.9626384761513407,3.1322511520848524,-0.1696126759335117,163.86750030517578,159.6999998826247,163.00579516118864,160.0431566850373,0.9886245687252783,0.767694654604153,0.22092991412112528,0.2957472986797845,24.651736114448216,0.5200012207031364,69.82353986697488,69.56329191765451,0.2602479493203731,163.30999755859375,157.2249984741211,160.26749801635742,154.0800018310547,1.5624982100407485,30.692274070731624,29.788022474316012,15.523981784194879,88.7724805877752,149.72500228881836,140.7750015258789,68.0,0.0,68.0,159.9107989501953,,0.0,0.0,62.42047374589339,0.4947306636695571,0.5103996343983718,0.3456952648394345,24.206491094066635,63.80691356666934,85.17494917249877,86.12649245045931,-14.825050827501226,5.991941384708184,2.7741440172631124,1.851149738305757,1.9777450739622968,-0.1265953356565399,-7.910934718058231,-6.813973057022196,-1.096961661036035,160.7492296644817,0.01209915432451858,0.012098422435879996,736.4109643586318,25.268265211235473,-2769311.5165032223
2023-04-18,166.10000610351562,167.41000366210938,165.64999389648438,166.47000122070312,165.58615112304688,49923000,1.2400054931640625,1,13516874467.343801,8158159800,0.2664956764905813,38483907.13923468,6.416315598672245,2.3973483926460277,147911413.75592968,163.5416342499001,67.33271732154114,14455.095043001133,162.2934997558594,168.25247130615062,156.33452820556815,7.3434506733238365,0.8504381108045076,0.0,0.0,163.7290008544922,166.1310028076172,161.32699890136718,2.934119112178171,1.0705658071270288,1.0,0.0,155.97999572753906,167.41000366210938,161.69499969482422,7.042800821822592,0.917760123458603,2.904150656834486,1.5541982509626207,3.019530696340695,3.1097070609360213,-0.09017636459532641,164.21000035603842,160.39115377572867,163.53874993957547,160.51921924323477,1.0672950138040855,0.6586793041402922,0.40861570966379335,0.29264772089622026,24.374770100057408,2.6064941406249886,68.46202377699048,69.80177875943042,-1.339754982439942,163.59500122070312,157.55500030517578,160.57500076293945,155.65499877929688,6.164647676914307,31.239778254478136,33.040922672449156,14.720799877753773,119.4088154447308,150.36999893188477,140.7750015258789,100.0,0.0,100.0,160.03898311767577,,0.0,0.0,64.45055089650197,0.611713999505941,0.5331075539556074,0.4629988671763887,24.901450452551195,61.01806908707745,88.33743515959259,86.16775753852069,-11.662564840407406,6.464618189194624,2.53141204416177,1.8811022820670467,1.958416515583247,-0.07731423351620026,-7.747880390413102,-7.000754523700377,-0.7471258667127252,160.78280332986213,0.7504723871135432,0.747670353355101,742.6879976889334,26.334187165841485,11228416.128204912
2023-04-19,165.8000030517578,168.16000366210938,165.5399932861328,167.6300048828125,166.74000549316406,47720200,1.160003662109375,1,13545288142.469162,8205880000,0.2363650339526236,40894149.941714264,1.7569132584288973,1.821096484924136,148243939.77473593,164.00214572363285,67.26242507368269,14555.821678809767,162.71100006103515,168.93125212061793,156.49074800145237,7.645767105173558,0.8954023707286303,0.0,0.0,163.8540008544922,166.34500427246093,161.36299743652344,3.0405158311402296,1.2579283113548299,1.0,0.0,155.97999572753906,168.16000366210938,162.06999969482422,7.485669641266678,0.9564861712616304,2.8757366287486934,1.5541982509626207,3.122229671570807,3.1122115830629786,0.01001808850782826,164.43750127156576,161.05115391657904,164.16817377699653,161.04594410542572,1.0223663219385204,0.698309429888962,0.32405689204955834,0.2914299118766277,24.187526189666883,3.458998107910162,68.69841729041785,69.94125590602948,-1.2428386156116318,163.97000122070312,159.04000091552734,161.50500106811523,156.02999877929688,30.774530314495625,31.918070755018906,32.76382717719462,13.796905943334878,120.66886198485415,150.36999893188477,140.7750015258789,100.0,4.0,96.0,160.3338239394531,,0.0,0.0,66.28539733222559,0.7174471519302718,0.6079639383685899,0.55049037557419,26.021360952586125,65.03741091647602,93.67543591312328,89.06260674840492,-6.324564086876721,7.040912269143519,1.6555555411614409,1.938719841045421,1.9544771806756818,-0.015757339630260825,-7.876144813959949,-7.175832581752292,-0.7003122322076569,160.9207019165367,0.6968244450070493,0.6944078432907119,748.5600536519702,26.717389811260375,5770461.190035418
2023-04-20,166.08999633789062,167.8699951171875,165.55999755859375,166.64999389648438,165.7651824951172,52456400,-0.980010986328125,0,13542335936.693275,8153423600,0.31022703921575956,27708150.192437563,-0.5945024917785506,1.4894655155004077,147937265.27252397,164.33181324028718,60.110445549203874,14555.821678809767,163.15199966430663,169.17295630153035,157.1310430270829,7.380794166926716,0.7904849214950235,0.0,0.0,164.16966705322267,166.5666702270508,161.77266387939454,2.9201535421900235,1.017380800814817,1.0,0.0,155.97999572753906,168.16000366210938,162.06999969482422,7.465435887780282,0.8760255515647766,2.819162721733199,1.5620325603854586,3.088933352154328,3.1075559368812486,-0.0186225847269208,164.47750091552734,161.59192305344803,164.54999225691773,161.4610589047634,0.9861749009800234,0.7483359292017422,0.23783897177828117,0.2896906193151974,24.042440391973514,2.4780052185058707,68.4482118568319,69.95792370683624,-1.5097118500043365,163.97000122070312,159.04000091552734,161.50500106811523,156.02999877929688,54.23387558535854,32.54791379123534,30.921188917826292,13.020967692452187,99.59696090392879,150.1074981689453,140.7750015258789,96.0,0.0,96.0,160.8033947228125,,0.0,0.0,63.312286408720034,0.5461214298812324,0.6250941937724815,0.58872189536556,26.129985021846615,66.02651105849286,81.98080088566476,87.99789065279357,-18.01919911433524,7.032205648983222,0.28885823724391574,1.9131135229184346,1.9462044491242325,-0.0330909262057979,-7.170989669403008,-7.174863999282436,0.003874329879427485,161.11286424543903,-0.5846274281344988,-0.5863430642707002,743.5991388341279,24.87279461563716,11370578.281674102
2023-04-21,165.0500030517578,166.4499969482422,164.49000549316406,165.02000427246094,164.14385986328125,58337300,-1.6299896240234375,0,13515548465.859488,8095086300,0.3102574217093483,10165672.494440414,-4.182880920614236,0.6818409703338404,147366673.03024277,164.45069512672697,51.3373427561945,14555.821678809767,163.4565002441406,169.20226877897016,157.71073170931106,7.030333484746832,0.6360569973227006,0.0,0.0,164.31433359781903,166.6113352457682,162.0173319498698,2.7958627803845957,0.6536069151870156,0.0,0.0,155.97999572753906,168.16000366210938,162.06999969482422,7.4515286430200725,0.7422005464597252,2.75324528989191,1.6165106101979532,2.897617310214713,3.0655682115479417,-0.16795090133322876,164.4266675313314,162.05461531419022,164.62230179777052,161.7246844875558,0.9357462199186198,0.8405454746271142,0.09520074529150568,0.28506400039607754,23.83361324526099,0.30349426269532387,67.00161162879866,69.70095310198218,-2.699341473183523,163.97000122070312,159.9000015258789,161.93500137329102,156.02999877929688,59.13666276008857,32.5294910299223,29.2638854900914,14.978138195377818,58.26855209506871,150.9650001525879,140.7750015258789,92.0,0.0,92.0,161.2447912591703,,0.0,0.0,58.60403799482393,0.2748082902604972,0.5127922906906671,0.5819501409439132,24.867548221290196,65.48794093605387,62.529862051887136,79.39536628355843,-37.470137948112864,6.634263251809529,-0.3682911262262859,1.7916976121463233,1.9153030817286507,-0.12360546958232743,-5.643530883441779,-6.868597376114304,1.2250664926725259,161.1369977440477,-0.9780916193947831,-0.9829063562230012,735.3479663559046,23.520157309126347,14784978.792263612
2023-04-24,165.0,165.60000610351562,163.88999938964844,165.3300018310547,164.4521942138672,41949600,0.30999755859375,1,13544250666.143246,8137035900,0.2898687736543626,10571186.935803838,-2.9553374961633403,0.003636080197912918,147445477.25547183,164.38958826100793,44.24530282556654,14583.165449667433,163.71050033569335,169.31420132217553,158.10679934921117,6.845866300563033,0.64450284724935,0.0,0.0,164.6703338623047,166.9433364868164,162.39733123779297,2.760670451318057,0.6451093724301591,0.0,0.0,155.97999572753906,168.16000366210938,162.06999969482422,7.439967448388978,0.767651889370093,2.648921432289438,1.6575815250569328,2.7394336944493887,3.0003413081282315,-0.26090761367884285,164.55750147501627,162.41923053448016,164.73117872596808,161.9917450315187,0.8580884871950668,0.8956839909247217,-0.03759550372965492,0.27852772855743,23.689669431083416,0.9495033264160213,65.53784669666898,69.139843902402,-3.601997205733028,163.97000122070312,161.15499877929688,162.5625,156.02999877929688,45.15384715844541,32.181909645959784,27.985082859529186,15.856916425085899,43.525662339428294,151.10750198364258,140.7750015258789,88.0,4.0,84.0,161.65970400334666,,0.0,0.0,59.22508229668358,0.3419570213301061,0.3876289138239452,0.508505132762365,23.993262388025574,60.384351270788514,66.22911477224723,70.24659256993307,-33.77088522775277,6.351116988238147,0.9587245828548268,1.6910946257887263,1.870461390540666,-0.1793667647519397,-6.874784023763887,-6.869834705644221,-0.004949318119665591,161.33341585962643,0.1878545331279513,0.18767830716424072,736.9172053780962,24.67969386885767,-5339166.614923693
2023-04-25,165.19000244140625,166.30999755859375,163.72999572753906,163.77000427246094,162.90049743652344,48714100,-1.55999755859375,0,13497047402.480429,8088321800,0.28147250761466924,-1795250.7791812513,1.4564258735326132,-0.08458636972666952,146985827.60793388,164.30735062948276,37.44798188215104,14583.165449667433,163.98500061035156,169.00522987360688,158.96477134709625,6.122790797414449,0.4785870000535381,0.0,0.0,165.00833384195965,167.35433603922525,162.662331644694,2.843495407344158,0.23607663902829623,0.0,0.0,155.97999572753906,168.16000366210938,162.06999969482422,7.427513424542713,0.639573355515773,2.642029472165963,1.7660054603251862,2.4598377948656776,2.892240605475721,-0.43240281061004326,164.48333485921225,162.75653839111328,164.58330573312082,162.12346793825515,0.8340238371996546,0.8938373023806382,-0.05981346518098363,0.2685236047614329,23.592421962240266,-1.9550018310546875,63.79967154175985,68.44228642092726,-4.642614879167411,164.79000091552734,161.15499877929688,162.9724998474121,156.02999877929688,22.576923579222704,32.0796079309523,27.95418534009673,14.805665598207888,28.37653071853718,151.24750137329102,140.7750015258789,84.0,0.0,84.0,162.04972198287243,,0.0,0.0,54.771878540482014,0.07523876458429855,0.2306680253916339,0.3770297433020824,21.96192300661729,53.85162167986597,47.61340296289822,58.79079326234423,-52.38659703710178,5.6832343606388065,-0.5405073301679023,1.517262014036431,1.7998215152398191,-0.28255950120338813,-6.747205105260543,-6.845308785567486,0.09810368030694328,161.42882281887705,-0.94356592349637,-0.9480457088450578,729.0203398202705,23.082980493876278,9481707.756222025
2023-04-26,163.05999755859375,165.27999877929688,162.8000030517578,163.75999450683594,162.89053344726562,45498800,-0.010009765625,0,13486773227.048351,8042823000,0.2566052815002116,-1603848.142758037,-5.3416468506936665,0.6830495018869492,146983046.68155947,164.34086734658763,37.76434375445138,14582.2741138647,164.29050064086914,168.39087188228567,160.19012939945262,4.99161086663158,0.43530998746226535,0.0,0.0,165.33833363850914,167.70433553059894,162.97233174641926,2.862012504931612,0.1664543809221035,0.0,0.0,159.35000610351562,168.16000366210938,163.7550048828125,5.362450978131697,0.5005663592969524,2.625826097703273,1.8300923947862224,2.211950339018159,2.7561825521842085,-0.5442322131660493,164.62750116984049,163.00115379920373,164.45664246753853,162.24469212852037,0.9042127664452567,0.8851624218842118,0.01905034456104493,0.2561068031634756,23.561283762351174,-3.490497589111328,62.102263740656085,67.31431586849781,-5.21205212784173,165.4800033569336,162.06999969482422,163.7750015258789,156.02999877929688,11.288461789611352,31.454430024523614,26.158941745967958,16.26310189080959,-6.076418130509371,151.78750228881836,141.2900047302246,80.0,20.0,60.0,162.41633888362665,,0.0,0.0,54.7434350027366,0.07295419098166478,0.1633833256320231,0.2605600882825344,20.28168473816615,50.43363841475163,47.49395475534968,53.778824163498406,-52.50604524465032,4.786234866871553,1.067700882905956,1.3633421901198386,1.712525650215823,-0.34918346009598444,-7.0836488929772345,-6.892976807049436,-0.19067208592779838,161.56062134089456,-0.006112087295517821,-0.006112274091130132,728.9696693734031,23.924070395336145,4107502.5105919316
2023-04-27,165.19000244140625,168.55999755859375,165.19000244140625,168.41000366210938,167.51585388183594,64902300,4.6500091552734375,1,13545898100.95171,8107725300,0.27716285230851473,41739028.62025072,14.720484592847841,1.7088933068124994,148825964.97248372,164.64730326230466,39.57696792998265,14582.2741138647,164.67250061035156,168.813108114463,160.53189310624012,5.028899772292835,0.9513230302614574,0.0,0.0,165.65100046793617,167.91600138346354,163.38599955240886,2.734666146451385,1.1090512315600596,1.0,0.0,159.77999877929688,168.55999755859375,164.1699981689453,5.331794165239604,0.9829164103259264,2.8432437931087273,1.8139064056860448,2.3634700103386876,2.6776400438151047,-0.31417003347641703,165.26166788736978,163.35230783315805,165.06485188208788,162.7013818717492,0.9281514595137009,0.7678343608594858,0.16031709865421517,0.2478231357830932,23.563957797880164,-4.5724945068359375,60.5540452608238,66.04751462888028,-5.493469368056481,165.68000030517578,162.2699966430664,163.9749984741211,156.22999572753906,5.644230894805676,31.845329196832616,31.137921670022546,14.343126592754396,129.77366404115156,152.57749557495117,142.07999801635742,100.0,16.0,84.0,162.7609587703356,,0.0,0.0,64.07641318837278,0.822575274958694,0.32358941017488574,0.23921358706618126,21.498647132143063,58.345259572799954,98.29164103259264,64.46633291694688,-1.7083589674073612,4.3920589671415655,4.732587354430633,1.4526428621249903,1.6605490925976567,-0.20790623047266643,-4.249675704221173,-6.364316586483784,2.114640882262611,161.85868746948518,2.839526936524983,2.7999596404121974,752.5084864308831,28.801907302093127,25284207.726022847
2023-04-28,168.49000549316406,169.85000610351562,167.8800048828125,169.67999267578125,168.7790985107422,55209200,1.269989013671875,1,13591578062.862078,8162934500,0.2806986089105923,45792749.88215966,7.100833286370981,2.9239533901717167,149242300.55783463,165.2066540601699,46.86395166367725,14692.239837493069,165.03850021362305,169.57218213583516,160.50481829141094,5.4940900654620455,1.011889954103075,1.0,0.0,166.0529998779297,168.26500091552734,163.84099884033202,2.6642108714973705,1.3198442804056416,1.0,0.0,159.77999877929688,169.85000610351562,164.81500244140625,6.1016110248119695,0.9831168516307346,2.755919535868167,1.687271597438159,2.556557537274898,2.6534235425070634,-0.09686600523216526,166.06000010172525,163.8080767118014,165.77487354265608,163.21831600538118,1.1213700296605653,0.7076709872014347,0.4136990424591306,0.24369599899205532,23.516025680052902,0.5214973449706974,59.66193161122657,64.91844704490825,-5.2565154336816775,166.32500457763672,162.91500091552734,164.62000274658203,156.875,9.710187242776739,32.523120248605444,32.841145709822584,13.631821661982876,183.62189249728914,153.9474983215332,143.51499938964844,100.0,12.0,88.0,162.8000030517578,,0.0,0.0,66.13076531459728,0.9875800180428492,0.627703161327736,0.37155863237821524,23.152148246710365,59.60988691422291,98.31168516307345,81.3657603170053,-1.6883148369265457,4.494883234360657,5.983751534694825,1.5663423075573273,1.6417077355895908,-0.07536542803226354,-3.4823559584787556,-5.787924460882779,2.305568502404024,162.44719205773737,0.7541054486406518,0.7512762878370438,758.9372993771822,27.625437072116654,5285275.147641107
2023-05-01,169.27999877929688,170.4499969482422,168.63999938964844,169.58999633789062,168.6895751953125,52472900,-0.089996337890625,0,13594187109.938456,8110461600,0.2248164723689266,38576304.35063671,2.345563296531531,2.986099708983669,149214469.52858934,165.7821800610183,53.77653734892633,14684.44724061742,165.27300033569335,170.22009010005544,160.32591057133126,5.9865673816217235,0.936316724359451,0.0,0.0,166.52066650390626,168.7776672363281,164.26366577148437,2.710775520909805,1.17995765129656,1.0,0.0,159.77999877929688,170.4499969482422,165.11499786376953,6.455983825109366,0.9194001164072767,2.661327338140725,1.4495268677961075,2.6715231848458814,2.657043470974827,0.0144797138710544,166.39583333333334,164.21807685265173,166.3618155111537,163.69029232630783,1.130554275619883,0.6999451336566723,0.43060914196321065,0.24190103853227873,23.49064863856993,-0.06299362182616619,58.81614826364522,63.84668309898099,-5.0305348353357715,166.625,163.21499633789062,164.9199981689453,157.17499542236328,20.824859510762536,33.29420399443561,32.855531714997404,12.994207488932796,170.9635306035109,153.96999740600586,145.12999725341797,100.0,8.0,92.0,163.5050033569336,,0.0,0.0,65.84341142874894,0.9644998685867873,0.9248850538627768,0.6253925417884666,24.396894878605213,60.42972809642193,91.94001164072768,96.18111261213129,-8.059988359272326,4.892382318833313,2.4341621398433566,1.632059633396184,1.6397781151509097,-0.007718481754725559,-3.2543279668966028,-5.281205162085544,2.0268771951889413,162.96034532300183,-0.05303886243240852,-0.05305293301249847,758.4817288045849,26.33055399292104,5602384.671021104
2023-05-02,170.08999633789062,170.35000610351562,167.5399932861328,168.5399932861328,167.64515686035156,48425700,-1.0500030517578125,0,13580227943.116125,8062035900,0.16324839375417202,25801527.61718743,-3.481629388300847,2.904709118858984,148914645.63636988,166.33956884633005,53.72256562649584,14593.529646720523,165.39150009155273,170.5287421467,160.25425803640545,6.212220159202323,0.8064380810541559,0.0,0.0,166.75066630045572,169.11266733805337,164.38866526285807,2.832973432731879,0.8787735392989043,0.0,0.0,159.77999877929688,170.4499969482422,165.11499786376953,6.451358239715413,0.8209930656156643,2.676195886064934,1.0863977577141244,2.6473903497844162,2.6551128467367446,-0.007722496952328406,166.67333221435547,164.53692274827225,166.69691978422742,164.049529434443,1.1186806414380461,0.6988372966011571,0.419843344836889,0.23995933496308128,23.529592360667557,-0.1615043640136662,57.11476581860997,62.55961071322455,-5.444844894614583,166.625,163.21499633789062,164.9199981689453,157.17499542236328,30.707372636073547,33.36948401988673,30.47251361391119,14.890998174842418,123.7824755983708,154.52499771118164,145.12999725341797,96.0,4.0,92.0,164.33840258789064,,0.0,0.0,62.43470204413925,0.6663742977008293,0.8728180614434886,0.8084687588780008,24.47597550187079,61.31431254050419,78.84824008516534,89.69997896298885,-21.151759914834653,5.171647644042963,2.0156082785184686,1.6137750342297439,1.6345774989666766,-0.020802464736932702,-3.6544490694951843,-4.955853943567472,1.301404874072288,163.10783577064106,-0.6191420923589042,-0.6210667252656066,753.1665070663453,24.952773298737554,3233013.618603535
2023-05-03,169.5,170.9199981689453,167.16000366210938,167.4499969482422,166.56094360351562,65136000,-1.089996337890625,0,13525139299.648804,7996899900,0.12478834222171944,11973023.462611549,0.5483973040813966,1.7143091095320167,148493392.49591017,166.73271129773573,44.49773108383262,14593.529646720523,165.4824996948242,170.69730910425625,160.26769028539218,6.302550927196489,0.6886451736720577,0.0,0.0,166.89066619873046,169.36666564941407,164.41466674804687,2.96721141700666,0.6129504995159206,0.0,0.0,159.77999877929688,170.9199981689453,165.3499984741211,6.7318292932439086,0.6885097476820747,2.784575748142035,1.1375443331743962,2.511361892513804,2.6263626558921565,-0.1150007633783523,166.85833231608072,164.88961498553937,166.81277780946047,164.30141591694667,1.105278188693439,0.810270879280186,0.29500730941325304,0.2361916102135305,23.689175371794473,0.9875015258789119,54.464482904741615,61.00586305188119,-6.541380147139577,166.86000061035156,163.4499969482422,165.15499877929688,157.40999603271484,32.29420724030471,33.59764534178022,29.023493650276983,13.481922667919182,100.86692313006371,154.52499771118164,146.3000030517578,100.0,0.0,100.0,165.07179391113283,,0.0,0.0,59.01893546592415,0.37043098401594327,0.6671017167678532,0.8216016106913733,23.563103846845955,51.24026281279002,57.26596912160436,76.01807361583249,-42.73403087839564,5.658265237247235,1.343582447562283,1.5285089775387461,1.6133637946810906,-0.08485481714234444,-1.411681190699139,-4.247019392993806,2.8353382022946674,163.13103315020436,-0.6467285993302041,-0.6488289493430166,747.6488352652407,24.258805351830688,22455122.439472362
2023-05-04,164.88999938964844,167.0399932861328,164.30999755859375,165.7899932861328,164.90975952148438,81235400,-1.660003662109375,0,13531983191.284403,7915664500,0.11774235399129056,-9001845.816750087,-11.30843280082743,0.3786555041007164,147688071.12266105,166.72873043317907,36.12698014263313,14593.529646720523,165.58399963378906,170.73943694438373,160.4285623231944,6.226975217408199,0.5199782908736397,0.0,0.0,166.79266611735028,169.31066538492837,164.27466684977213,3.0193165277501244,0.30089890332219266,0.0,0.0,159.77999877929688,170.9199981689453,165.3499984741211,6.727702805999384,0.5394968434576911,2.820118112292675,1.2828019181162789,2.2437454370763703,2.549839212128999,-0.3060937750526289,166.80166498819986,165.20269188514123,166.65542634433314,164.41168090725677,0.9515271821361525,0.925469253491157,0.026057928644995454,0.2288863599432312,23.892087324542434,2.0460052490234375,49.85681761645978,59.1008859393991,-9.24406832293932,166.86000061035156,165.13500213623047,165.99750137329102,157.40999603271484,19.740620461269163,32.3094750907615,26.747260231591994,19.542987739278075,7.700410233159592,154.95499801635742,146.79000091552734,96.0,0.0,96.0,,170.9199981689453,0.0,1.0,54.15929813476672,0.0,0.3456017605722575,0.6285071795945335,21.333423643427192,54.01827352429587,36.822561974774125,57.645590393847975,-63.177438025225875,5.076352781407991,-0.40848677214146795,1.3647116948716362,1.5636333747192,-0.1989216798475637,2.5715627847583513,-2.883302957443375,5.454865742201726,163.15945815480669,-0.9913429037699317,-0.9962894260163502,739.2457286879502,23.204739298064737,29990095.81053172
2023-05-05,170.97999572753906,174.3000030517578,170.75999450683594,173.57000732421875,172.6484832763672,113316400,7.7800140380859375,1,13598564965.18935,8028980900,0.13755816803139903,118227443.97783725,21.415055948665028,1.9925399436251756,153005660.95586544,167.66569720307416,46.95674443620191,14593.529646720523,166.02949981689454,172.22378446211937,159.83521517166972,7.461667537463146,1.1086665320697835,1.0,0.0,167.54833272298177,170.22433369954427,164.87233174641926,3.194303319015304,1.625125635972713,1.0,0.0,159.77999877929688,174.3000030517578,167.04000091552734,8.745436376351376,0.9497248269462569,3.389107277625908,1.273861638203526,2.629132576884956,2.5656978850801906,0.06343469180476546,167.2966651916504,165.69499969482422,167.71920803354632,165.09007545666137,0.9892625778076652,0.8043880745015964,0.1848745033060688,0.22849472744348384,24.196524579536586,0.6204940795898324,50.440373191365204,57.42338888325423,-6.98301569188903,168.5500030517578,167.04000091552734,167.79500198364258,159.0999984741211,38.21948990734378,32.902752430696296,37.65579480639437,15.902785681810686,199.48118194666486,155.5824966430664,146.9000015258789,100.0,32.0,68.0,164.30999755859375,,1.0,0.0,67.61732140854915,1.0,0.4568103280053144,0.4898379351151421,23.90370671241558,64.25931364222541,93.65221106487772,62.58024738708543,-6.347788935122282,5.308763302073743,3.5435198164903787,1.5925442941451335,1.5694155586043868,0.023128735540746792,9.439286974638236,-0.4187849710270526,9.858071945665289,164.28591366120193,4.692692172716728,4.585913167512157,778.628947307949,31.994946203377452,51499060.5447482
2023-05-08,172.47999572753906,173.85000610351562,172.11000061035156,173.5,172.57882690429688,55962800,-0.07000732421875,0,13632013673.542196,7973018100,0.12402805908420753,100778122.5690335,1.3991623668523814,1.6341718556380425,152983089.04989973,168.10450776530644,47.47956755464796,14587.643526317443,166.60299987792968,173.3123982021646,159.89360155369477,8.054354758498826,1.0139805231981667,1.0,0.0,168.36966603597006,171.04866689046224,165.69066518147787,3.182284454873068,1.457508833083671,1.0,0.0,159.77999877929688,174.3000030517578,167.04000091552734,8.71533182661763,0.9449033873030519,3.2241970991797233,1.2739072470962236,2.8955278135279627,2.6316638707697453,0.26386394275821745,167.86749903361002,166.1234612098107,168.60856064376998,165.713032830242,0.9926891009123598,0.8582545682772837,0.1344345326350761,0.23215738140785852,24.344723568008185,-1.5829956054687386,52.55007294206732,56.17343348328839,-3.623360541221075,168.5500030517578,167.04000091552734,167.79500198364258,159.0999984741211,69.10974495367189,33.453652817778604,36.17220198663137,15.276235139641337,180.08242888269504,155.74749755859375,148.12000274658203,96.0,28.000000000000004,68.0,164.30999755859375,,0.0,0.0,67.42549784280257,0.9857465274175691,0.6619155091391896,0.4881091992389209,25.767483564025746,61.65877432027084,93.04345172384511,74.50607492116569,-6.956548276154892,5.495911317713109,4.110414854122675,1.7473144773677327,1.604995342357056,0.14231913501067672,7.383820502258638,1.1417361236300856,6.242084378628553,165.23146334591775,-0.04033376808469935,-0.040341904336749224,778.2745631460168,27.88092438642053,-26402995.226731002
2023-05-09,173.0500030517578,173.5399932861328,171.60000610351562,171.77000427246094,170.85801696777344,45326900,-1.7299957275390625,0,13594630630.154251,7927691200,0.12016480177434531,75179056.01023011,-1.7548119313659123,1.3833343420812703,152531127.4168012,168.39135215971046,41.822594865879516,14442.187843462158,167.15149993896483,173.66435254401688,160.6386473339128,7.792754007508405,0.8545684674265093,0.0,0.0,169.1396662394206,171.75466562906902,166.52466684977213,3.092118422353822,1.002932819688722,1.0,0.0,159.77999877929688,174.3000030517578,167.04000091552734,8.686732860765773,0.8257577110982437,3.0957761075234695,1.3037096114561146,2.933239205128018,2.6919789376414,0.24126026748661822,168.42999903361002,166.3876923781175,169.0949365866455,166.16169738151748,0.9829823543740276,0.881351946227034,0.10163040814699353,0.23578939764695223,24.454667141312267,-1.8214981079101449,54.86715625437405,55.36953265147928,-0.5023763971052304,169.30500030517578,167.04000091552734,168.17250061035156,159.0999984741211,84.55487247683595,33.72815197805392,34.53833310133732,15.773652442187972,138.4483862720867,157.46999740600586,149.38500213623047,92.0,24.0,68.0,164.50979766845703,,0.0,0.0,62.692403587491754,0.6340534028759168,0.8732666434311619,0.6639974935252223,25.720119281360894,56.38068920916759,78.00001061480978,88.23189113451089,-21.99998938519022,5.791499373492059,4.09041317733529,1.7652920326115353,1.637054680407952,0.12823735220358334,4.323577608062036,1.7781044205164758,2.54547318754556,165.87132286019985,-0.9971156931060876,-1.0021201864830687,769.517149648329,25.320942477995573,-10941504.135894671
2023-05-10,173.02000427246094,174.02999877929688,171.89999389648438,173.55999755859375,172.6385040283203,53724500,1.7899932861328125,1,13624645719.170815,7981415700,0.17776431559184863,78177261.48031756,1.5660355674338364,1.5376584891678695,153090983.57275906,168.80744390355565,48.29394340360097,14442.187843462158,167.82449951171876,174.059448640726,161.5895503827115,7.430320539787312,0.9599474613346382,0.0,0.0,170.06133270263672,172.6413330078125,167.48133239746093,3.0341997962430236,1.1780357445962883,1.0,0.0,161.4199981689453,174.3000030517578,167.86000061035156,7.674686902261921,0.9425461791438022,3.0121979474547165,1.294313567176871,3.0721494270118512,2.7680130355154904,0.30413639149636085,169.11583201090494,166.6719231238732,169.7818690438683,166.70971961685646,0.9865614992941849,0.8593712294732294,0.1271902698209555,0.24090200389832872,24.569045295242216,-4.054495239257818,57.40126550588154,55.01922378981903,2.38204171606251,169.30500030517578,167.04000091552734,168.17250061035156,159.0999984741211,92.27743623841798,34.08981227666572,33.84884957947365,14.927732422467146,140.5509648296644,158.11499404907227,150.02999877929688,88.0,20.0,68.0,164.70560177612305,,0.0,0.0,65.3988681881361,0.8351575729004119,0.8183191677312993,0.7845004401005506,26.57245919972589,58.255111306451695,93.56516962466033,88.2028773211051,-6.434830375339674,6.194439697265636,4.977920302661719,1.8428136248279179,1.6782064692919454,0.1646071555359725,2.915114934131826,2.005506523239546,0.9096084108922802,166.77658180389042,1.0420872338650744,1.0366949341425347,778.5782768610817,27.6548762961568,7513160.342283741
2023-05-11,173.85000610351562,174.58999633789062,172.1699981689453,173.75,172.82749938964844,49514700,0.19000244140625,1,13639786701.698227,8030930400,0.13989759510326752,68353068.96677192,2.028289489155342,1.981313518437125,153145189.1156136,169.33820732640896,54.83611291446969,14457.99823173195,168.23399963378907,174.88234879952856,161.58565046804958,7.903692690195302,0.9148398518715128,0.0,0.0,170.67299906412762,173.15799967447919,168.18799845377606,2.912002043648233,1.1191147243696375,1.0,0.0,162.8000030517578,174.58999633789062,168.69499969482422,7.008091890935965,0.9287534507013999,2.952977969603776,1.2255964984447,3.1611288619673132,2.8466362008058548,0.31449266116145846,169.9474983215332,166.9842306283804,170.39235072942702,167.2312218674597,1.0233725447383026,0.8177916063939155,0.20558093834438718,0.24649925117851676,24.6112073389928,-4.474005126953131,57.63798757149164,54.79434111873737,2.843646452754271,169.4499969482422,167.18499755859375,168.31749725341797,159.2449951171875,96.13871811920899,34.550256041149275,33.22517904996403,14.058325737973195,129.21118865854092,158.38999557495117,150.52999877929688,100.0,16.0,84.0,164.89748980163574,,0.0,0.0,65.68344611597735,0.8563031692522645,0.7751713816761977,0.8222523976128867,27.331049573839593,60.62267712999506,92.87534507014,88.14684176987005,-7.124654929860005,7.330587140251623,6.093909426133702,1.8902743319502195,1.7206200418236004,0.16965429012661914,1.199207748042956,1.8442467682002281,-0.6450390201572722,167.2365585758839,0.10947363682816125,0.10941375813926513,779.5400884531438,26.860045738513577,1721498.577377051
2023-05-12,173.6199951171875,174.05999755859375,171.0,172.57000732421875,171.89120483398438,45497800,-1.17999267578125,0,13640976441.716179,7985432600,0.13649737357697536,50918763.290924475,-5.716745107717207,1.784070117611849,152836198.78028032,169.73863668225007,54.471446117368515,14359.809270466327,168.60199966430665,175.35404649782987,161.84995283078342,8.009450477416424,0.7938373916640619,0.0,0.0,171.01366577148437,173.607666015625,168.41966552734374,3.0336759725469458,0.7999887059089277,0.0,0.0,162.8000030517578,174.58999633789062,168.69499969482422,6.992795642760561,0.8286691972888779,2.9636799285027733,1.183453070056908,3.100687364084166,2.8974464334615173,0.2032409306226488,170.6816660563151,167.32307727520282,170.72737482093345,167.62668745684928,1.0094736352232656,0.8160815231148802,0.19339211210838536,0.25024903421480266,24.66188066098731,-0.1919960021972713,56.94862765667064,54.58683882907353,2.3617888275971097,169.4499969482422,167.18499755859375,168.31749725341797,159.2449951171875,98.0693590596045,34.3728345326812,30.783764194705366,15.834868102290548,94.6313103301632,158.38999557495117,152.3699951171875,96.0,12.0,84.0,165.28519006308593,,0.0,0.0,62.25879427039387,0.6018340116416486,0.7644315845981083,0.7859740446685355,26.925993382765945,64.22552708593112,82.8669197288878,89.76914480789607,-17.13308027111221,6.935440153234168,5.379832140269796,1.8497575840257237,1.7464475502640253,0.10331003376169834,-0.7482218728480249,1.3257530399905777,-2.0739749128386027,167.38917531814144,-0.6791324752697836,-0.6814490743398238,773.5668460794418,25.323680872973,435690.58790685236
2023-05-15,173.16000366210938,173.2100067138672,171.47000122070312,172.07000732421875,171.39317321777344,37266700,-0.5,0,13629411094.436882,7948165900,0.09808903091898996,40982747.1065067,-0.8870976409852872,1.6166755808605704,152728223.18076035,170.16120130032584,55.10079260364327,14318.203520159184,168.94400024414062,175.67108075291935,162.2169197353619,7.963680863549386,0.7323450028581298,0.0,0.0,171.2826665242513,173.86966756184898,168.69566548665364,3.0207388641177992,0.6521724940432522,0.0,0.0,162.8000030517578,174.58999633789062,168.69499969482422,6.978639826862818,0.7862603521041999,2.841312484968902,1.0433589874224727,2.9781114057531113,2.9135794279198364,0.06453197783327491,170.98666636149088,167.6080774160532,170.93393366759273,167.95582226183961,1.024505743258305,0.8491986619437769,0.175307081314528,0.2514932054723032,24.691463004467593,0.735992431640625,55.23910090329608,54.378431616260876,0.8606692870352006,169.4499969482422,167.18499755859375,168.31749725341797,159.2449951171875,97.39766135468764,34.20808598910371,29.45821776647068,15.153019946171659,78.66872862076558,158.38999557495117,152.8249969482422,92.0,8.0,84.0,165.65738231407812,,0.0,0.0,60.81194019230667,0.49432534943671574,0.6508208434435429,0.7301412699059501,26.17206028077436,65.14958982779741,78.62603521041999,84.78943333648262,-21.373964789580015,6.424498973173229,2.173269747949563,1.7731516333564776,1.7517883668825158,0.021363266473961806,-3.517256148412099,0.3571512023100424,-3.8744073507221417,167.4975396635822,-0.2897374855299284,-0.29015803710938926,771.0357954651881,25.308675527483217,-4721669.639214665
2023-05-16,171.99000549316406,173.13999938964844,171.8000030517578,172.07000732421875,171.39317321777344,42110300,0.0,0,13604270931.732197,7990276200,0.07910771610983858,35128068.948434316,0.41366564359768904,2.02776933045281,152728223.18076035,170.62332057058094,60.43175723042907,14318.203520159184,169.2240005493164,175.98197815414335,162.46602294448945,7.987020260589446,0.710566455034533,0.0,0.0,171.63533376057944,174.0753331502279,169.195334370931,2.843236688142659,0.5890724738463838,0.0,0.0,162.8000030517578,174.58999633789062,168.69499969482422,6.967092875633142,0.7862603521041999,2.6911808702610744,0.8801522190384758,2.8481375192458245,2.900491046185034,-0.052353526939209694,171.1858342488607,167.99423159085788,171.10871423015055,168.26057671090473,1.0556905118787632,0.8217917659442326,0.23389874593453053,0.2505017169606779,24.685820831220852,0.36599578857422443,54.546214231344656,54.38751287477232,0.15870135657233675,169.4499969482422,167.18499755859375,168.31749725341797,160.95999908447266,93.354313398092,34.05510519863889,28.44248732404706,14.630538111866755,72.38556980479677,159.24749755859375,152.8249969482422,88.0,4.0,84.0,166.01468687503063,,0.0,0.0,60.81194019230667,0.49432534943671574,0.5301615701716934,0.6484713327377819,25.558077000051572,54.920994875507795,75.48648528298526,78.99314674076437,-24.51351471701474,5.956411025103392,1.4085424042917414,1.6926944950030238,1.7399695925066176,-0.04727509750359382,-5.031000815715094,-0.720479201294985,-4.310521614420109,167.67580266368142,0.0,0.0,771.0357954651881,25.614394127669584,5613871.321643591
2023-05-17,171.7100067138672,172.92999267578125,170.4199981689453,172.69000244140625,172.01072692871094,57951600,0.6199951171875,1,13651140580.733078,8048227800,0.09493412186831462,35242588.96054415,-3.4433219906537986,0.7303545744884071,152937031.84876665,170.9851698038575,52.91486475443824,14318.203520159184,169.47700042724608,176.35513207331394,162.59886878117823,8.116890939452915,0.7335664813857555,0.0,0.0,171.9856669108073,174.3006663004557,169.67066752115886,2.69208409192493,0.6521243447727075,0.0,0.0,162.8000030517578,174.58999633789062,168.69499969482422,6.956692209804645,0.8388469059843219,2.673062233918561,0.8951271682202094,2.7633070190030082,2.873054240748629,-0.10974722174562057,171.4441680908203,168.4515392596905,171.35198933957452,168.5886823205715,0.9989751850045315,0.9374522551601586,0.06152292984437291,0.24829175917844898,24.709178126526638,-0.9370071411132699,54.8028429907337,54.93707124969165,-0.13422825895794688,172.50499725341797,167.18499755859375,169.84499740600586,161.0999984741211,87.54680433156665,33.14383037306198,26.592833487214318,17.25454444117439,58.54974086893369,160.1599998474121,154.0800018310547,84.0,0.0,84.0,166.35769925354504,,0.0,0.0,62.07926632406034,0.5884941665038216,0.5257149551257511,0.5688991229136628,25.377275241040802,56.01152149630765,81.5175669056419,78.54336246634908,-18.482433094358107,5.360911111270667,1.8279416064961647,1.639082161961844,1.7197921063976631,-0.08070994443581903,-3.7881394461742253,-1.3340112502708332,-2.454128195903392,168.03545810666793,0.36031562201266354,0.35966804036773325,774.1742735095714,26.272701432412788,20494191.245548368
2023-05-18,173.0,175.24000549316406,172.5800018310547,175.0500030517578,174.36143493652344,65496700,2.3600006103515625,1,13707280501.95768,8113724500,0.14622100893640205,52289683.67703973,9.076991821831081,0.8715087555926999,153832116.97118688,171.3767298905785,53.61656641150767,14318.203520159184,169.89700088500976,177.05356234063373,162.7404394293858,8.424588330982605,0.8600194170552796,0.0,0.0,172.8433344523112,175.15133463541667,170.53533426920572,2.670626773567912,0.9780477522487634,0.0,0.0,162.8000030517578,175.24000549316406,169.02000427246094,7.322084778780723,0.9847264948458666,2.671756376737642,0.8951271682202094,2.853615855034491,2.869166563605801,-0.015550708571310246,171.9866689046224,169.02653914231522,171.92091452606425,169.06729867102976,0.985642900492317,0.9128465561448532,0.07279634434746374,0.24765329421167692,24.62946303683023,-2.4470039367675724,56.46472913010643,55.606444131774005,0.8582849983324223,172.8300018310547,168.3300018310547,170.5800018310547,161.4250030517578,79.11949999000339,33.01809931727963,30.755565777070814,16.062403602537202,98.54565757612252,160.26749801635742,154.0800018310547,100.0,0.0,100.0,166.68699113691886,,0.0,0.0,66.5179590405744,0.9183117501277905,0.6670437553561093,0.5743067602178517,26.48598993665614,63.33850897620782,98.26164406701577,85.08856541854767,-1.7383559329842289,5.112794719022844,3.8625904977774987,1.6878579580235924,1.713405276722849,-0.025547318699256527,-1.6713047050317942,-1.4014699412230254,-0.2698347638087688,169.20475507545873,1.3666110237923634,1.357357110022317,786.12083549851,28.276763388590666,19833334.719135165
2023-05-19,176.38999938964844,176.38999938964844,174.94000244140625,175.16000366210938,174.4710235595703,55772400,0.1100006103515625,1,13668432270.103575,8169496900,0.13583817768493056,45696157.157572836,4.562723966746053,1.0298773748937375,153867164.0887751,171.77478669430465,53.91099954593893,14327.201012869251,170.40400085449218,177.5433983393288,163.26460336965556,8.379377771690873,0.8330815252770613,0.0,0.0,173.10533447265624,175.20433349609374,171.00633544921874,2.425111889049333,0.9894402442570541,0.0,0.0,162.8000030517578,176.38999938964844,169.59500122070312,7.975162713166055,0.9094925637242683,2.5495804338880967,0.8950149217062133,2.9006257797591672,2.8754584068364744,0.025167372922692888,172.62916946411133,169.39577014629657,172.41923593160965,169.51861015185048,1.0261827501972316,0.8980682541911251,0.12811449600610647,0.2477065126219125,24.520997379656315,-4.614007568359369,55.226258352923566,55.903798066313584,-0.6775397133900185,173.40499877929688,169.59500122070312,171.5,162.0,65.32570811445024,33.21645035499467,32.64815497692964,15.436313005267888,113.61708875154761,160.26749801635742,154.0800018310547,100.0,32.0,68.0,167.20017199829357,,0.0,0.0,66.71353420248926,0.93284398550413,0.8132166340452472,0.6686584481757029,27.45079496328533,59.09802044296227,89.8179177061294,89.86570955959571,-10.182082293870591,5.38067752613739,4.604363603691378,1.7110957771308177,1.7129433768044429,-0.0018475996736251332,-1.4241243779018775,-1.406000828558796,-0.01812354934308158,169.39026375327325,0.06283953638037687,0.0628198006111802,786.6776697233073,27.051536444911306,4752492.236642145
2023-05-22,173.97999572753906,174.7100067138672,173.4499969482422,174.1999969482422,173.5147705078125,43570900,-0.9600067138671875,0,13676731087.135159,8125926000,0.11754032827247829,33192655.20231446,-4.583596677925476,0.9511654256348352,153628363.24580455,172.0774842779036,54.137969310292256,14248.677326663972,170.84750061035157,177.76971502219166,163.9252861985115,8.103383879905204,0.7421549043725331,0.0,0.0,173.2020009358724,175.253000386556,171.1510014851888,2.36833228207679,0.7432950462363963,0.0,0.0,162.8000030517578,176.38999938964844,169.59500122070312,7.954460140968086,0.8388518740582551,2.4656230618860056,0.8889690396584546,2.8278196207619715,2.865930649621574,-0.03811102885960249,173.33000310262045,169.74153900146484,172.69319916493774,169.86537954417577,1.0169985507338906,0.9246864445735519,0.09231210616033869,0.24657722734874477,24.45194519823907,2.722506713867176,53.29371612590946,55.72897138537308,-2.4352552594636165,173.40499877929688,169.59500122070312,171.5,162.0,32.66285405722512,32.60213650583172,31.10816987363022,18.81825334285094,77.66516166419346,160.26749801635742,154.0800018310547,96.0,28.000000000000004,68.0,167.93535818960197,,0.0,0.0,63.241622759960606,0.6748631979918747,0.8420063112079318,0.7740889002030964,27.33650281206859,57.91754661412131,81.87084346480563,89.98346841265031,-18.129156535194365,5.469118140725527,5.07268472325393,1.664741590281826,1.7033030194999197,-0.0385614292180938,-3.006241757274826,-1.726049014302002,-1.2801927429728241,169.44758341831104,-0.5480741572254533,-0.5495815940721016,781.8180185576649,25.729671674817695,-3809692.0167056397
2023-05-23,173.1300048828125,173.3800048828125,171.27999877929688,171.55999755859375,170.88516235351562,50747300,-2.6399993896484375,0,13639516302.139591,8075178700,0.1261747772477333,9311870.026797231,-7.2417856342157005,0.3947237871850426,152859288.369953,172.36859736139255,55.021664107979944,14248.677326663972,171.23700027465821,177.3520270045415,165.12197354477493,7.1421792253718435,0.5264101285409836,0.0,0.0,173.1790008544922,175.24600219726562,171.11199951171875,2.3871269987406447,0.10836907495035544,0.0,0.0,162.8000030517578,176.38999938964844,169.59500122070312,7.936366740887041,0.6445913809713081,2.511060572591936,0.9841831301980593,2.5279536517663814,2.7983352500505356,-0.2703815982841542,173.16250228881836,169.98500061035156,172.5188604562694,169.99090680450303,0.9513371026084374,0.9518719762909387,-0.000534873682501269,0.24110891974181248,24.44723137050358,2.2629997253417855,51.79205335756325,55.10572559111549,-3.3136722335522393,173.40499877929688,169.59500122070312,171.5,162.0,16.33142702861256,31.013856867653846,28.62517683636424,23.247898872512387,24.322736635170155,160.26749801635742,154.0800018310547,92.0,24.0,68.0,168.61172948560568,,0.0,0.0,54.79623406695699,0.047327599249370016,0.5516782609151248,0.735633735389435,24.726907638613174,52.77722655677415,60.01654719424006,77.23510278839173,-39.98345280575994,5.254206399356605,-1.1580397999698289,1.4871111045213956,1.660064636504215,-0.1729535319828195,-3.1687005602875558,-2.014579323499113,-1.1541212367884426,169.46002156343403,-1.5154991021227304,-1.5271001481647062,768.4540744040671,23.447116493560685,10307523.874110565
2023-05-24,171.08999633789062,172.4199981689453,170.52000427246094,171.83999633789062,171.1640625,45143500,0.279998779296875,1,13657098331.85417,8120322200,0.15089255766011717,9787335.007710267,-3.619559650095376,0.9439290122373324,152932965.94673702,173.0326946228507,57.40861130066382,14271.932236403047,171.64100036621093,176.70383409953993,166.57816663288193,5.899329090982931,0.5196526275759056,0.0,0.0,173.0220011393229,175.06600138346352,170.9780008951823,2.3627055873601996,0.2108599167684405,0.0,0.0,164.30999755859375,176.38999938964844,170.3499984741211,7.037946531004223,0.6233441753244703,2.44995390498118,0.9218551583867691,2.2865434231038932,2.6959768846612073,-0.4094334615573141,173.02416865030924,170.19153888408954,172.41441982267267,170.12787639956878,1.0121682130120884,0.8808079733950099,0.13136023961707843,0.2328409687441473,24.414911377584602,0.12900390625000568,50.457005665602495,54.30783871268336,-3.8508330470808687,173.40499877929688,169.59500122070312,171.5,162.0449981689453,8.16571351430628,29.213082799326106,27.108937213213625,24.13522809700248,1.7107940613591812,160.57500076293945,155.65499877929688,88.0,20.0,68.0,169.2339910779291,,0.0,0.0,55.475365751414536,0.05296989766651169,0.2583868983025855,0.5506904901418811,22.775144501965155,55.83475880383124,23.78555910543131,55.224316588159034,-76.2144408945687,4.976589965820324,-0.9567744450198127,1.3440145562821408,1.5968546204598004,-0.2528400641776596,-4.117894799584457,-2.4352424187161823,-1.6826523808682747,169.5385760810901,0.163207497832496,0.16307445912886465,769.8714565687263,25.20853919260469,2289040.7195711136
2023-05-25,172.41000366210938,173.89999389648438,171.69000244140625,172.99000549316406,172.30955505371094,56058300,1.1500091552734375,1,13666991382.850483,8176380500,0.10812479409501655,17598795.467903793,5.223547509681576,-0.2126073048329143,153308126.32617688,173.04405508967966,53.94827987770574,14271.932236403047,171.87000045776367,176.73812291613874,167.0018779993886,5.664889096886213,0.6150345995788942,0.0,0.0,172.9576680501302,174.98066762288414,170.9346684773763,2.339300240990263,0.5079924492988938,0.0,0.0,164.30999755859375,176.38999938964844,170.3499984741211,7.028569150451185,0.718543594277955,2.4259576599908743,0.9795125117015263,2.163085502229393,2.589398608174845,-0.4263131059454519,173.12583541870117,170.39769275371845,172.5029714642867,170.3398859620573,1.0043538182526166,0.9665113702620927,0.03784244799052394,0.22395245691230384,24.40946051126667,1.6899971008300838,49.296320046745116,53.45758231158052,-4.161262264835408,173.40499877929688,169.59500122070312,171.5,163.15499877929688,4.08285675715314,28.07779853186525,29.5890657933398,22.633489796447183,39.64127016643754,161.50500106811523,156.02999877929688,84.0,16.0,68.0,169.80647174286665,,0.0,0.0,58.2497601155417,0.2734542654172633,0.124583920777715,0.31154969333180876,21.869539295688284,55.441189629558984,43.048690095846645,42.283598798506034,-56.951309904153355,4.479618431540075,0.7102527742666662,1.269864359725598,1.5314565683129602,-0.2615922085873621,-3.1581163682353517,-2.5798172086200166,-0.5782991596153351,169.58126463088595,0.6692325301335345,0.6670031103772622,775.6929193264307,26.530738564974314,16061483.914753377
2023-05-26,173.32000732421875,175.77000427246094,173.11000061035156,175.42999267578125,174.73992919921875,54835000,2.4399871826171875,1,13707807954.102047,8231215500,0.10381693620863354,34198495.709462315,7.97978916555423,0.25743746650293203,154081562.32195815,173.16997886274044,53.907943434503586,14473.234800841547,172.15750045776366,177.15184459600408,167.16315631952324,5.802063953020404,0.8276198162798745,0.0,0.0,173.18033447265626,175.16333465576173,171.19733428955078,2.2900985716927043,1.0672360048908116,1.0,0.0,164.30999755859375,176.38999938964844,170.3499984741211,7.016831563500971,0.9205292575867623,2.4613617719214744,0.9794531942171227,2.2363515160866427,2.5187891897572046,-0.28243767367056183,173.28166834513345,170.73538501446063,172.95328241990126,170.7169309038146,1.0025890590896072,0.8886739158345925,0.11391514325501462,0.21743567680433054,24.4791582443888,1.5924995422363395,47.46433173314888,52.59371907045306,-5.1293873373041805,173.40499877929688,169.59500122070312,171.5,163.15499877929688,2.04142837857657,27.62999846879963,32.51805667715879,20.87399824309587,108.62087638624912,161.50500106811523,156.02999877929688,80.0,12.0,68.0,170.3331539546092,,0.0,0.0,63.45317460409395,0.7264179334819039,0.35094736552189293,0.24463939486739816,22.6150131444609,56.13295509314486,83.91948881789138,50.251246006389806,-16.080511182108626,3.8409422032973453,1.0774343993385864,1.3099764061167716,1.4871605358737225,-0.17718412975695097,-2.557431127026884,-2.57533999230139,0.01790886527450608,169.86492285061007,1.4104787011603337,1.4006240077884868,788.0443814410992,28.445440818958332,9442589.764455631
2023-05-30,176.9600067138672,178.99000549316406,176.57000732421875,177.3000030517578,176.6025848388672,55964400,1.8700103759765625,1,13685607028.32161,8287179900,0.08140271950785789,44263568.991725236,14.44275912026245,1.4144068273335293,154678119.42766765,173.57399161749922,61.00554880278816,14473.234800841547,172.54300079345703,177.86462483510374,167.2213767518103,6.16846121508803,0.9469502374719417,0.0,0.0,173.7173344930013,175.7683339436849,171.6663350423177,2.361306609578702,1.3733957870057982,1.0,0.0,164.30999755859375,178.99000549316406,171.6500015258789,8.508028646228917,0.8848772801119255,2.571226876467608,0.9394197586081261,2.4174427932198057,2.498519910449725,-0.08107711722991917,173.57750193277994,171.2076926598182,173.62200867095612,171.20456587773631,1.0894830684628125,0.7998155994425754,0.2896674690202371,0.21451564039181714,24.593963609533823,0.027006530761724434,47.10981904396512,51.767452938522005,-4.657633894556888,174.7050018310547,170.89500427246094,172.8000030517578,165.31500244140625,5.694914282216356,28.072623415369947,38.12737103869001,18.852824158519603,202.01235539086036,161.93500137329102,156.02999877929688,100.0,8.0,92.0,170.81770158941234,,0.0,0.0,66.86194404864573,1.0,0.6666240662997224,0.3807184508664438,24.3255295003242,52.873015966132,80.28003503998974,69.08273798457596,-19.719964960010255,4.100207564410027,2.043167224033273,1.4120200479619178,1.4721324382913616,-0.06011239032944382,-1.8890612558854152,-2.4380842450181954,0.5490229891327802,170.6161938717823,1.0659581907596527,1.060316910155823,797.5105632626515,28.891574317869356,10113362.924202658
2023-05-31,177.3300018310547,179.35000610351562,176.75999450683594,177.25,176.5527801513672,99625300,-0.0500030517578125,0,13623678041.589626,8187554600,0.03700220835278936,37228549.274009116,0.7149161718064234,1.353612584788714,154650022.59209776,174.15558436572158,63.48438209843611,14473.234800841547,172.9785011291504,178.34388972238546,167.61311253591535,6.203532298189022,0.8980605315554697,0.0,0.0,174.26233418782553,176.438335164388,172.08633321126302,2.4973853204756544,1.1865037847763766,1.0,0.0,164.30999755859375,179.35000610351562,171.8300018310547,8.694727059574069,0.8603720139358116,2.573105348488816,0.9394487321030494,2.527785370397936,2.504373002439367,0.023412367958568936,173.96750132242838,171.66615412785455,174.18016118311672,171.6523758127188,1.0891925988616062,0.8097412834473987,0.27945131541420754,0.213618769268885,24.686059757847374,-0.908493804931652,46.82111128974091,50.880593860633915,-4.059482570893003,174.93500518798828,171.07500457763672,173.0050048828125,166.75,13.996471383412894,28.56951414498233,36.41897074455404,17.523434948196538,185.74364194843938,162.5625,156.02999877929688,100.0,4.0,96.0,171.6349319797875,,0.0,0.0,66.68284253661962,0.9851561563888145,0.9038580299569062,0.6404764872595075,25.643316805404492,50.48020528530461,76.48371514446283,80.22774633411468,-23.516284855537158,4.741236608168663,2.7119386203586564,1.4726189243986199,1.4722297355128133,0.000389188885806524,4.773683108539709,-0.9957307743066146,5.769413882846323,171.27212261042445,-0.02820251037627397,-0.028206488032100907,797.2574427529192,27.481387902573232,52803103.42084891
2023-06-01,177.6999969482422,180.1199951171875,176.92999267578125,180.08999633789062,179.38160705566406,68901800,2.839996337890625,1,13691283936.693424,8256456400,0.14103687224755504,59864593.616875276,2.1759673966713575,1.3641610067541439,155754004.87516728,174.62968913201996,64.48988928344797,14705.132876056334,173.61050109863282,179.19543619546585,168.0255660017998,6.43386783805211,1.080086887932865,1.0,0.0,174.96566721598307,177.2096689860026,172.72166544596354,2.5650766870159405,1.6417836630901892,1.0,0.0,164.30999755859375,180.1199951171875,172.21499633789062,9.106590591321236,0.9981025437109844,2.6347950577805594,0.9394487321030494,2.8119818510342043,2.5658947721583347,0.24608707887586956,174.63583374023438,172.2938461303711,175.0893665915435,172.2773847405093,1.0841752064270254,0.8078527822319126,0.27632242419511277,0.2169586155274419,24.807800234783347,-1.5404937744140739,47.24848950781225,49.85656723593456,-2.6080777281223106,175.31999969482422,171.45999908447266,173.38999938964844,167.13499450683594,32.92577175650167,29.217335003453655,35.368540803472726,16.024653305235102,197.25920082420475,162.9724998474121,156.02999877929688,100.0,0.0,100.0,172.56074087463486,,0.0,0.0,71.37313565965727,1.0,0.9950520521296049,0.8551780494620781,28.33772258618057,56.943511277918184,99.6907341367534,85.48482810706868,-0.30926586324659944,5.713558870203343,4.660887239087754,1.632240851153921,1.5042319586410349,0.12800889251288616,5.520063761066261,0.30742813276796066,5.2126356282983,172.46393279380632,1.6022546335066945,1.5895540184740042,811.6337917039116,29.9615443589405,-2174200.6559192836
2023-06-02,181.02999877929688,181.77999877929688,179.25999450683594,180.9499969482422,180.23822021484375,61945900,0.8600006103515625,1,13712424183.315607,8318402300,0.155722639198741,58923010.50143264,8.115816292858806,2.3522011067952877,156049820.92765263,175.21893941749423,70.97400107531206,14775.35567302381,174.36850128173828,179.606326622631,169.13067594084555,6.007765510847213,1.1282660491865668,1.0,0.0,175.60299987792968,177.83300170898437,173.372998046875,2.5398220219527725,1.6988772824871707,1.0,0.0,170.4199981689453,181.77999877929688,176.0999984741211,6.514938493390207,0.9269364624594857,2.623315979248597,0.921748104904647,3.071201571434983,2.6669561320136643,0.40424543942131885,175.37583287556967,172.95500007042517,175.99100203103558,172.9198004596006,1.191353326580354,0.7385130160909106,0.4528403104894434,0.22351310041790856,24.834419700926397,-1.6784988403320256,48.43355740616332,49.10182268629453,-0.6682652801312159,176.1500015258789,173.0449981689453,174.5974998474121,168.87999725341797,58.380934349184656,30.198876284628852,37.437605557698426,14.937730527062563,213.4854955964161,163.7750015258789,156.02999877929688,100.0,20.0,80.0,173.61903646859224,,0.0,0.0,72.62967934470063,1.0,0.9950520521296049,0.9646540447387056,30.94763829179998,62.25718719332606,92.69364624594856,89.62269850905496,-7.306353754051437,6.804147114473238,5.160684166934177,1.7760843832066016,1.5586024435541483,0.21748193965245322,5.123599574239988,1.270662421062366,3.8529371531776215,173.40867011973384,0.47753935689909266,0.47640275475755445,815.9872018500894,29.078937463774906,2304779.2097476795
2023-06-05,182.6300048828125,184.9499969482422,178.0399932861328,179.5800018310547,178.8736114501953,121946500,-1.3699951171875,0,13644833270.144917,8196455800,0.039634880551379634,26638850.492927205,5.524753089861382,2.8101904447129065,155126548.68462577,176.12584825337402,78.04327598223468,14775.35567302381,174.66900100708008,180.35917174591054,168.97883026824962,6.51537560302393,0.9315336963846532,0.0,0.0,176.13899943033854,178.91500193277994,173.36299692789711,3.152058898278572,1.119776530764993,1.0,0.0,170.4199981689453,184.9499969482422,177.68499755859375,8.31859041702993,0.6304201260609218,3.051984747534675,0.9076261574153607,3.130007137085215,2.7595663330279745,0.37044080405724067,175.9499994913737,173.3846153846154,176.54315584642313,173.41314870933792,1.121306327348566,0.6687587488675589,0.452547578481007,0.22987064332268495,25.170174998135163,0.3810020446777287,48.63206562539412,48.583861519570604,0.04820410582351542,177.73500061035156,174.62999725341797,176.18249893188477,170.46499633789062,79.19046717459233,31.718422002554274,38.84565250037876,12.445041600611647,174.0155555385195,163.9749984741211,156.22999572753906,100.0,16.0,84.0,174.924790438305,,0.0,0.0,67.54349295720326,0.7147950769868905,0.9049316923289635,0.9650119321960581,31.61808078542656,53.188313967021934,63.04201260609217,85.14213099626473,-36.95798739390783,7.721469295726109,3.98980791721641,1.8049422205760752,1.607870398958534,0.19707182161754133,11.97005968163439,3.410541873176771,8.55951780845762,173.78999630552377,-0.7571125395372968,-0.7599931855572173,809.0521478843253,26.772070260070734,67222810.8666609
2023-06-06,179.97000122070312,180.1199951171875,177.42999267578125,179.2100067138672,178.5050811767578,64848400,-0.3699951171875,0,13665807143.441492,8131607400,0.028729863126159143,19405644.51430591,-11.282945954440489,1.9747181877101798,154992939.2007591,176.5032923917488,71.360731335499,14744.913477913075,174.95450134277343,180.9463988022784,168.96260388326846,6.8496636708598375,0.8551049896842976,0.0,0.0,176.618999226888,179.53800099690756,173.69999745686852,3.305422160466119,0.9438173888058015,0.0,0.0,170.4199981689453,184.9499969482422,177.68499755859375,8.305015685666463,0.6049559038811726,3.0157865169218327,0.9072226636619842,3.110894996698363,2.8298320657620524,0.28106293093631063,176.29666646321616,173.75115438608023,176.95344059526067,173.8425455985623,1.093433445320968,0.8002529258519582,0.2931805194690098,0.2349143247872101,25.422848205283646,0.20550231933594887,49.62262794885619,48.34281425193649,1.2798136969197031,177.73500061035156,174.62999725341797,176.18249893188477,170.46499633789062,89.59523358729616,32.80482154674509,36.30574502082426,13.1140267869145,102.74246608329449,164.62000274658203,156.875,96.0,12.0,84.0,176.7293276100937,,0.0,0.0,66.1952546622567,0.6391934041778135,0.7846628270549014,0.8948821905044904,31.770346066642425,54.42706420965836,60.49559038811726,72.07708308005269,-39.50440961188274,7.560319878073301,2.3764659180722023,1.7894900157997287,1.644194322326773,0.14529569347295568,10.292936446231243,4.787020787787666,5.505915658443577,174.22107889216738,-0.2060335858196427,-0.20624612699977618,807.1791951470689,26.79373313705571,-21945597.849936306
2023-06-07,178.44000244140625,181.2100067138672,177.32000732421875,177.82000732421875,177.12054443359375,61944600,-1.3899993896484375,0,13619786607.636679,8069662800,0.021088676204386765,4332987.270545552,3.0771863046539245,2.44046878023216,154512480.78344822,176.9459883154035,70.86875294537958,14630.548096701734,175.25700149536132,181.18581506839038,169.32818792233226,6.765850747692935,0.7161482898127268,0.0,0.0,177.28999989827474,180.38800099690755,174.19199879964194,3.49484020577627,0.5855402256277292,0.0,0.0,170.4199981689453,184.9499969482422,177.68499755859375,8.290680917350656,0.5092917946983843,3.103207804194493,1.0050800943389957,2.949586160506527,2.8537828847109474,0.09580327579557979,176.5183334350586,174.06769327016977,177.0867585535619,174.13717239305538,1.1212782522926334,0.7752562026490998,0.34602204964353367,0.23678137341147093,25.61813772969585,-1.057004547119135,51.28028641673359,48.43428989095106,2.8459965257825317,178.31999969482422,174.62999725341797,176.4749984741211,170.46499633789062,93.34057206304621,34.02053916285414,35.54009514039663,11.902089289936903,86.67123245317788,164.9199981689453,157.17499542236328,92.0,8.0,84.0,,184.9499969482422,0.0,1.0,61.24890544573783,0.3618297686333136,0.5719394165993393,0.7538446453277351,30.43672756418992,46.309918856503636,50.589097415204236,58.042233469804586,-49.410902584795764,7.437173910701972,1.5186136141219932,1.6938291347977332,1.654121284820965,0.03970784997676824,8.528302513102075,5.535277132850548,2.9930253802515265,174.69584521863555,-0.7756259904993845,-0.7786496137041965,800.1428775291051,25.5356130262046,-509757.2786709815
2023-06-08,177.89999389648438,180.83999633789062,177.4600067138672,180.57000732421875,179.8597412109375,50214900,2.75,1,13661979310.629759,8119877700,0.031389726935600104,23441271.231896184,-0.7741076325955635,1.7368188192016856,155289058.0487287,177.29191583932425,70.42721990728579,14856.810640896612,175.60750198364258,181.91060199314632,169.30440197413884,7.178622710652596,0.893655925901046,0.0,0.0,178.09300028483074,181.33900095621743,174.84699961344398,3.645287199603887,0.8815475241922608,0.0,0.0,170.4199981689453,184.9499969482422,177.68499755859375,8.274133288821744,0.6985554031660152,3.1308859861773874,1.0066458697149445,3.0089642955641693,2.884819166881592,0.12414512868257743,177.04916763305664,174.53038611778845,177.62264297981682,174.61367868425265,1.0707429454650306,0.8434057168115946,0.22733722865343597,0.23911881117823897,25.678528061444712,-4.047504425048828,53.60784482405079,48.91334819954058,4.694496624510208,179.02999877929688,174.62999725341797,176.82999801635742,170.46499633789062,96.6702860315231,35.14941980638397,32.71135407395291,10.9547668751284,93.98604837690331,164.9199981689453,157.17499542236328,88.0,4.0,84.0,,184.79739715576173,0.0,0.0,66.57101568968505,0.6602639837307901,0.5537623855139725,0.6367882097227381,30.892161275146023,49.600562635320706,69.64662614573156,60.24377131635104,-30.353373854268444,7.19643998987533,3.656722438330009,1.7232122467365034,1.6679394772040728,0.055272769532430654,5.644739118181872,5.557169529916813,0.08756958826505912,175.6972037778685,1.546507640721173,1.5346710907507166,814.0636559075002,29.00826919158345,-7060771.068991706
2023-06-09,181.5,182.22999572753906,180.6300048828125,180.9600067138672,180.24818420410156,48870700,0.3899993896484375,1,13633268001.588875,8168748400,-0.005483830082914856,22815310.08043843,7.464548641338754,1.9440920102440213,155394610.1470762,177.6250542093797,70.25239284802767,14888.898733309816,175.96800231933594,182.61999648764623,169.31600815102564,7.560458811413525,0.8752261553620162,0.0,0.0,178.93433380126953,182.11933441162108,175.74933319091798,3.5599658742842717,0.8180019661556781,0.0,0.0,170.4199981689453,184.9499969482422,177.68499755859375,8.257182321663642,0.7253963819969378,2.9837962278916796,1.0066458697149445,3.0523064974694307,2.9183166329991597,0.13398986447027106,177.83250172932944,175.05000187800482,178.1360835542861,175.08377705681667,1.0882839743771786,0.8370320693042416,0.25125190507293704,0.24161768474699746,25.626600837786306,-4.1280059814453125,54.49674855445784,49.69472784635268,4.802020708105161,180.76000213623047,174.62999725341797,177.69499969482422,170.46499633789062,98.33514301576156,36.46537252943135,34.77253712732454,10.512235505839909,114.34749266651207,165.15499877929688,157.40999603271484,84.0,0.0,84.0,,184.64784935913087,0.0,0.0,67.257805113264,0.6987752984477542,0.573623016937286,0.5664416063501997,31.466390129214826,50.395086371376486,72.34932599049999,64.19501651714529,-27.6506740095,6.9090289845186135,5.4791380794133,1.7433405588908004,1.6830196935414183,0.06032086534938208,3.0946644981354905,5.064668523560549,-1.9700040254250584,176.53680402303368,0.2159823746078704,0.2157494679750016,816.0378722969566,28.01007035641311,-264082.5082254857
2023-06-12,181.27000427246094,183.88999938964844,180.97000122070312,183.7899932861328,183.06704711914062,54274900,2.829986572265625,1,13683825213.457817,8223023300,0.03578215113564451,41498442.67052717,5.380015751194958,2.655778612324052,156243401.21975738,178.11438772900257,75.44616101228242,14888.898733309816,176.52900161743165,183.80344868266906,169.25455455219424,8.241645280476206,0.9990751601863636,0.0,0.0,179.74566701253255,182.95666707356773,176.5346669514974,3.572826109695631,1.1297611642362342,1.0,0.0,170.4199981689453,184.9499969482422,177.68499755859375,8.23094145787209,0.9201649167540048,2.9784158726806367,0.9959316319184267,3.277233858032133,2.9901000780057547,0.28713378002637846,178.8283348083496,175.7423095703125,179.00591582072406,175.72868196269192,1.1277532073359662,0.7744033663451105,0.35334984099085565,0.2468394400273207,25.527637949040553,-3.538996124267584,57.029550238204166,50.79692020126813,6.232630036936037,180.85499572753906,177.68499755859375,179.2699966430664,172.1500015258789,99.16757150788078,37.97798836552446,36.33304000852561,9.762596100244176,130.38853233481885,165.99750137329102,157.40999603271484,80.0,32.0,48.0,,184.50129251843262,0.0,0.0,71.7873038200593,0.9527642857831495,0.7706011893205647,0.6326621972572747,33.44720825765106,51.210007809831545,91.96116250248497,77.9857048795722,-8.038837497515026,6.575883035098798,6.954141761470242,1.8649396452696927,1.7194036838870734,0.14553596138261926,1.7058580216823573,4.392906423184911,-2.6870484015025538,177.73532975810457,1.5638740424785524,1.5517715478083893,830.3635508010816,30.341363405501,8133790.285795838
2023-06-13,182.8000030517578,184.14999389648438,182.44000244140625,183.30999755859375,182.5889434814453,54929100,-0.4799957275390625,0,13684788847.48241,8168094200,0.045572677540907054,31803560.386513874,2.6928148389591864,3.3653929318365443,156099945.45893955,178.77187067800958,81.08050507651551,14888.898733309816,177.09100112915038,184.63249046943878,169.549511788862,8.517077990641065,0.9123188503509537,0.0,0.0,180.31366628011068,183.45366566975912,177.17366689046224,3.4828190834637716,0.9771229077879767,0.0,0.0,170.4199981689453,184.9499969482422,177.68499755859375,8.204820508468591,0.8871301082292452,2.8515734309203853,0.8336837991118488,3.377821346213068,3.0676443316472173,0.3101770145658507,179.6883341471354,176.11692457932693,179.66808224193477,176.2902608957217,1.2344944140870129,0.7495231626474009,0.48497125143961195,0.2525787646397445,25.447572576105884,-1.661008453369135,58.422687371578185,52.08598421036116,6.336703161217024,180.93999481201172,177.68499755859375,179.31249618530273,172.36499786376953,99.58378575394039,39.42663740022318,35.42668381851068,9.343808934332808,124.74378058615072,167.79500198364258,159.0999984741211,76.0,28.000000000000004,48.0,,184.35766681454834,0.0,0.0,70.01805039506209,0.8477567210464959,0.8330987684258,0.7257743248945506,34.497699926181966,51.32034013951033,88.63478709590096,84.31509186296199,-11.365212904099044,6.942383844712197,5.965657978915722,1.9160566948228066,1.75873428607422,0.1573224087485865,0.6678133492693215,3.6478878084017934,-2.9800744591324717,178.36470128426694,-0.2611653218746124,-0.26150695344648867,827.933763839028,28.13259989595076,7146206.327048957
2023-06-14,183.3699951171875,184.38999938964844,182.02000427246094,183.9499969482422,183.2264404296875,57462900,0.6399993896484375,1,13720915149.692041,8225557100,0.09479377042796773,32513940.463787492,-0.371180155135814,3.59742003861937,156300568.56415603,179.42229838845788,86.13865860695817,14888.898733309816,177.68500061035155,185.41997371350107,169.95002750720204,8.706388357576301,0.9049785470708144,0.0,0.0,180.88033294677734,183.99833068847656,177.76233520507813,3.447580719145028,0.9922492342460728,0.0,0.0,170.4199981689453,184.9499969482422,177.68499755859375,8.17739186165745,0.9311768696481342,2.8034155995470966,0.6621289821066756,3.4691895991335002,3.147953385144474,0.32123621398902635,180.39833450317383,176.5188475388747,180.32683835059746,176.85764875146396,1.2399151209292782,0.7239914760967147,0.5159236448325636,0.25860744445192424,25.405213059886297,-0.38499755859373863,60.480633268504356,53.556222405993616,6.92441086251074,181.13500213623047,177.68499755859375,179.4099998474121,172.36499786376953,99.7918928769702,40.492399331851246,33.29489635630554,9.847932054536919,117.5671119421653,167.79500198364258,159.0999984741211,72.0,24.0,48.0,177.32000732421875,,1.0,0.0,71.0428184142155,0.8896474378474,0.8967228148923486,0.833474257546238,35.66772122660921,59.537689164682334,92.45851874610906,91.01815611483168,-7.541481253890935,7.1667063095990216,4.856640613448053,1.9615717067508416,1.7993017702095446,0.16226993654129696,0.17219266672670483,2.9527487800667758,-2.780556113340071,179.06599262894878,0.3491350161869189,0.3485269547818248,831.1735055356112,28.586595842368155,9810778.68484947
2023-06-15,183.9600067138672,186.52000427246094,183.77999877929688,186.00999450683594,185.2783203125,65433200,2.05999755859375,1,13761989587.580542,8290990300,0.0895397396817443,47125125.004814506,8.144657219914027,3.8060707322074023,157033334.17702472,180.24884262468518,86.3426388826674,14888.898733309816,178.35100021362305,186.53187366050895,170.17012676673716,9.173902514801837,0.968103702064254,0.0,0.0,181.5193333943685,184.5923314412435,178.44633534749352,3.385863080709532,1.2306644918037142,1.0,0.0,170.52000427246094,186.52000427246094,178.52000427246094,8.971073882869016,0.9681243896484375,2.797074588908793,0.5733994780343673,3.6655697780429364,3.2514766637241665,0.41409311431876983,181.12416712443033,177.06653947096603,181.20117006694184,177.5356002888989,1.250698857546115,0.7122552043245088,0.5384436532216063,0.26635149784594514,25.398038691297863,-1.1010002136230526,62.327255639221846,55.09996665411123,7.227288985110619,181.92000579833984,178.47000122070312,180.19500350952148,173.1500015258789,99.8959464384851,41.869887803121806,36.39247728960611,9.1615424959058,142.8583368285855,168.17250061035156,159.0999984741211,100.0,20.0,80.0,177.46140716552733,,0.0,0.0,74.1101899743761,1.0,0.912468052964632,0.8807632120942605,37.65118965758981,60.81973105287526,96.19679622410501,92.43003402203836,-3.8032037758949886,7.829206264720227,4.912572648143432,2.0646956284137112,1.852380541850378,0.2123150865633332,0.8304262273104062,2.5282842695155017,-1.6978580422050955,179.84903396671,1.1198682211304156,1.1136441216671678,841.6014217076906,30.140127178409728,16578568.73573608
2023-06-16,186.72999572753906,186.99000549316406,184.27000427246094,184.9199981689453,184.19261169433594,101235600,-1.089996337890625,0,13709138173.297873,8189754700,0.0014584548981276166,24629188.109246705,1.2896744986950963,3.328205398860321,156440105.6596178,181.09758154471163,76.34776230256492,14888.898733309816,178.84449996948243,187.35352768671942,170.33547225224544,9.515559850807767,0.8570030796324455,0.0,0.0,181.992333984375,185.08533172607423,178.8993362426758,3.399041788171991,0.9732729263103038,0.0,0.0,170.52000427246094,186.99000549316406,178.7550048828125,9.209118101766354,0.8743165045053726,2.7893672520882262,0.5944024282178026,3.690704742792178,3.339322279537769,0.35138246325440914,181.76333363850912,177.5034625713642,181.77329746725007,178.0825927244579,1.2321511154117684,0.7473168064202262,0.4848343089915421,0.2731021640955162,25.39443954662039,1.2454963684081974,63.58862393272739,56.76180646603714,6.826817466690244,182.1550064086914,178.7050018310547,180.43000411987305,173.38500213623047,99.94797321924256,43.227955751345654,35.067079972172955,8.52623324020245,129.0397132315259,168.17250061035156,159.0999984741211,100.0,16.0,84.0,177.82375104980468,,0.0,0.0,69.89150124521151,0.6719854288449326,0.8538776222307777,0.8876894966959198,38.03031730197286,62.31357088319748,80.13428322484752,89.59653273168722,-19.865716775152478,8.17611896290498,4.327220405610896,2.072467997196503,1.896398032919603,0.17606996427690014,5.7635425278963694,3.1753359211916754,2.588206606704694,180.14924684925057,-0.5859880490725833,-0.5877116959156936,836.083749906586,27.73953926782434,47830358.31392269
2023-06-20,184.41000366210938,186.10000610351562,184.41000366210938,185.00999450683594,184.28224182128906,49799100,0.089996337890625,1,13694698790.353382,8239553800,0.020718968721101568,21750980.75510418,-1.272615198923964,2.2056786617755777,156464341.74373326,181.51111982739735,70.96614073192337,14896.144820128387,179.33699951171874,188.073182400516,170.60081662292149,9.742755719771475,0.824683850334217,0.0,0.0,182.4240010579427,184.9949986775716,179.8530034383138,2.818705438668984,1.0029163444473552,1.0,0.0,170.52000427246094,186.99000549316406,178.7550048828125,9.183827802152392,0.8797807626244003,2.6794307710200287,0.6115214719720572,3.6755172607289524,3.406561275776006,0.26895598495294637,182.17333348592123,177.93653928316556,182.27125085795558,178.59573359722663,1.1895585782780904,0.8248354626403407,0.36472311563774973,0.27842422982641846,25.291477104734458,1.6129974365234432,64.67464285569146,58.43425256679662,6.240390288894837,182.1550064086914,178.7050018310547,180.43000411987305,173.38500213623047,99.97398660962128,44.48901884612495,33.51211251632516,8.14815741467026,111.45585289289654,168.31749725341797,159.2449951171875,96.0,12.0,84.0,178.37372631640625,,0.0,0.0,70.04312961947458,0.6837749490849552,0.7852534593099626,0.8505330448351245,38.37951324910714,57.359576008362,80.64507468296655,85.65871804397305,-19.354925317033445,8.279060857436235,2.7319663884684933,2.0580095541464987,1.9287203371649824,0.1292892169815163,3.1953846691942664,3.179345670792194,0.01603899840207257,180.69461826465457,0.04866771511018442,0.04865587621871725,836.5393204791833,28.054386625626847,-23809088.66324325
2023-06-21,184.89999389648438,185.41000366210938,182.58999633789062,183.9600067138672,183.2364044189453,49515700,-1.04998779296875,0,13693294329.066236,8190038100,0.013004066611344005,11216429.138617478,-7.147476379131354,1.6440791938514503,156183325.1386634,182.05278082591244,63.969730937051736,14811.604683444844,179.825,188.44851399436757,171.2014860056324,9.591006805914178,0.739751841103752,0.0,0.0,182.93066813151043,185.5146662394206,180.34667002360027,2.825111977454216,0.69917556812556,0.0,0.0,170.52000427246094,186.99000549316406,178.7550048828125,9.158905169305227,0.8160292316500799,2.693488426339901,0.6787180445537522,3.5379722897505133,3.4328434785709074,0.10512881117960582,182.42416763305664,178.37461618276743,182.53105945117275,178.99308716142224,1.139738275771056,0.8512859846753138,0.2884522910957421,0.28080367946181467,25.279717914041832,-0.24499816894530113,64.92666905716102,59.95051730462189,4.976151752539131,182.22500610351562,178.7050018310547,180.46500396728516,173.38500213623047,88.22871803056462,44.397305509281956,31.038825238433915,12.309966038938507,80.98516306312851,168.31749725341797,159.2449951171875,92.0,8.0,84.0,178.8907030670117,,0.0,0.0,65.87486564172535,0.35968104007705265,0.5718138060023136,0.7369816291810184,37.47840641698539,58.69814912384436,69.88076621471788,76.886708040844,-30.119233785282113,7.977267097024367,1.6634483649568474,1.9765971668837947,1.9382957031087449,0.03830146377504984,1.0532168073746602,2.754119898108687,-1.700903090734027,180.9663965621386,-0.5675303087098627,-0.5691468812271339,831.2241759824784,26.87768931985528,-734414.6504044235
2023-06-22,183.74000549316406,187.0500030517578,183.6699981689453,187.0,186.26443481445312,51245300,3.0399932861328125,1,13743023405.583084,8241283400,0.0812333240360846,31869134.682509527,8.970205469801643,2.1293819133607568,157030168.81261572,182.50554532155587,63.34901864229822,14811.604683444844,180.5970001220703,188.88042506504274,172.31357517909788,9.1733804408417,0.8864947121517606,0.0,0.0,183.64300079345702,186.1759994506836,181.11000213623046,2.7586117045380134,1.162653175311709,1.0,0.0,170.52000427246094,187.0500030517578,178.78500366210938,9.152975280942547,0.9969750117694842,2.7621400719871607,0.6787180445537522,3.632396950245237,3.472754172905774,0.1596427773394633,183.0425008138021,178.94884667029748,183.21858876637694,179.5861918161317,1.1610725741521715,0.8309586582874114,0.33011391586476,0.28394436809425855,25.389163243471636,-1.386993408203125,67.79069026248096,61.52638902000303,6.264301242477934,183.84000396728516,178.73500061035156,181.28750228881836,173.41500091552734,84.79061653725417,44.703032452813055,32.559345307146344,11.23927801060959,109.2562187185941,168.31749725341797,159.2449951171875,100.0,4.0,96.0,179.37666121258084,,0.0,0.0,71.21579640575044,0.7749529946110201,0.6061363279243427,0.65440119774554,38.302405576672584,59.706393729417705,99.4860937953314,83.33731156433863,-0.5139062046685956,7.928266861859498,4.1318621746790605,2.022648241221266,1.955166210731249,0.06748203049001678,-0.45831230772877324,2.111633456941195,-2.5699457646699684,182.17658461648512,1.6525294494369236,1.639023768652148,846.6129297308655,30.393898788818547,5057786.903309777
2023-06-23,185.5500030517578,187.55999755859375,185.00999450683594,186.67999267578125,185.9456787109375,53079300,-0.32000732421875,0,13759467421.445623,8188204100,0.07984293147560145,24889863.33295041,4.443806059779187,1.8670954681407839,156939335.84596115,182.86914943747524,63.055342945569684,14811.604683444844,181.33899993896483,188.9859869599585,173.69201291797117,8.433913304438086,0.8492220349108426,0.0,0.0,184.32233327229818,186.7723332722982,181.87233327229816,2.658386486873132,0.9811549803026638,0.0,0.0,171.69000244140625,187.55999755859375,179.625,8.751562059197983,0.9445491396617105,2.740926369964226,0.6802572515404588,3.639453898270716,3.506094117978763,0.13335978029195328,183.66499964396158,179.51076918381912,183.75111244474684,180.11165854647612,1.137065870931372,0.8588322235972975,0.2782336473340744,0.28650135787116665,25.445555240997034,-3.5189926147460824,68.85304641068932,63.12153322625097,5.731513184438349,184.26499938964844,178.98999786376953,181.62749862670898,173.6699981689453,83.39439323124945,45.10151677473687,31.7303822550937,10.497458399973194,111.49390177769101,168.31749725341797,160.95999908447266,100.0,0.0,100.0,179.990528559715,,0.0,0.0,69.97427850805931,0.6784215871200628,0.6043518739360453,0.5941006692875676,38.59399583266042,60.601981536737505,91.40619412059223,86.92435137688052,-8.593805879407768,7.5490892746869065,4.168286190536724,2.020665362609822,1.968266041106964,0.052399321502857976,-1.4208124058978626,1.4051442843733835,-2.825956690271246,182.79766553844814,-0.17112691134693048,-0.17127350070564873,844.9930202618064,28.47221068143591,7431463.675168797
2023-06-26,186.8300018310547,188.0500030517578,185.22999572753906,185.27000427246094,184.54124450683594,48088700,-1.4099884033203125,0,13712743227.769888,8140115400,0.03590741997846181,11647810.095278995,2.081803140186733,1.6211704717354518,156576123.33261746,183.36830991641006,53.77926921991616,14699.733076108256,181.9529998779297,188.74401189101297,175.16198786484642,7.464578234642234,0.744220183099429,0.0,0.0,184.8133331298828,187.38533477783204,182.2413314819336,2.7833507511513518,0.5887773814107471,0.0,0.0,173.11000061035156,188.0500030517578,180.5800018310547,8.210912956329016,0.8139224682057546,2.7488344653896783,0.6949382148799289,3.4910298806666162,3.5030812705163337,-0.012051389849717431,184.28583272298178,179.99461540809045,183.984788110549,180.4937582298824,1.1906295079315083,0.9151272035882471,0.2755023043432613,0.28639339589859186,25.470809135946972,-1.3829925537109489,68.79728300812886,64.42905908957593,4.368223918552928,185.03500366210938,179.28500366210938,182.16000366210938,173.91500091552734,41.697196615624726,45.58280544382777,30.684278378559114,9.732433516586601,97.73774172837598,169.84499740600586,161.0999984741211,100.0,16.0,84.0,180.74747545960287,,0.0,0.0,64.62815812458035,0.2627461254992008,0.572040235743428,0.594176145867939,37.22637788865728,54.30040485998261,74.09133377227847,88.32787389606739,-25.90866622772152,7.336088158102598,4.189628074111272,1.9341554605009297,1.9614439249857574,-0.02728846448482769,-2.8585334749908275,0.5524087325005413,-3.410942207491369,182.96997689761534,-0.7552970101992296,-0.7581638224881893,837.8555162331775,26.879202710740145,1967680.3739785105
2023-06-27,185.88999938964844,188.38999938964844,185.6699981689453,188.05999755859375,187.32025146484375,50730800,2.7899932861328125,1,13751164285.580477,8190846200,0.03413730884889258,30203635.995974347,2.0910350633485453,2.576454830148954,157340081.81556755,183.98531362778286,61.032404930901784,14699.733076108256,182.58450012207032,189.17781745638047,175.99118278776018,7.222209256428728,0.9152308435110629,0.0,0.0,185.26233317057293,187.8143351236979,182.7103312174479,2.755014372808687,1.0481313179629481,1.0,0.0,176.57000732421875,188.38999938964844,182.4800033569336,6.473710560056964,0.9720810446210151,2.7859505305694605,0.6456723880669396,3.5575230078686673,3.5139696179868007,0.04355338988186652,184.90999857584634,180.49499981219952,184.61174341024818,181.0542204023795,1.2056649793675072,0.7686608245969525,0.43700415477055465,0.2870258272744753,25.55194746862066,-1.6244934082031364,68.7622092510943,65.57789485396661,3.184314397127693,185.2050018310547,179.4550018310547,182.3300018310547,174.90499877929688,46.111681859203074,46.10841205314403,29.103408788536022,8.954864776573903,116.09127472951205,170.5800018310547,161.4250030517578,100.0,12.0,88.0,181.62377877066146,,0.0,0.0,69.58063787465427,0.6478149527260783,0.5296608884484474,0.5686843327093073,37.57157929116328,56.238947371654845,97.01895151230283,87.50549313505788,-2.9810484876971617,7.277851777918187,4.147970277769609,1.9648937207662642,1.9621338841418587,0.0027598366244054873,-3.6195360273113915,-0.28198021946184526,-3.3375558078495464,183.32140032496744,1.5059066345298966,1.4946804244222456,851.9787446744376,30.32616271827135,7511051.527016625
2023-06-28,187.92999267578125,189.89999389648438,187.60000610351562,189.25,188.50559997558594,51216800,1.19000244140625,1,13773432577.680363,8242063000,0.06941032953498884,34595704.716694534,7.723992540550241,2.9083695612844056,157664170.49913794,184.71652398703412,68.28388773409176,14699.733076108256,183.18199996948243,189.9158254103142,176.44817452865067,7.35206018271839,0.9505611322891706,0.0,0.0,185.82400004069012,188.43500162760418,183.21299845377604,2.8101876897950064,1.156070064545434,1.0,0.0,176.75999450683594,189.89999389648438,183.32999420166016,7.173193540761385,0.9505331867065052,2.7373542568093896,0.45074946425919166,3.6640061597446447,3.5439769263383694,0.12002923340627536,185.60083134969076,181.03692274827225,185.32532134713307,181.66131518738842,1.2710699206407432,0.7468919521736307,0.5241779684671125,0.288840833383701,25.657308144167686,0.6079933166503793,69.30788130972194,66.55870019187968,2.749181117842255,186.2449951171875,180.20999908447266,183.22749710083008,176.3499984741211,60.9504662566877,46.92798219184179,31.283326028500618,8.420761763833042,140.32246407446283,171.5,162.0,100.0,8.0,92.0,182.57104965731963,,0.0,0.0,71.41876443500007,0.7161551888866516,0.542238755703977,0.5479799599652845,38.44030087430671,61.55740021969065,94.77496329423367,88.62841619293835,-5.225036705766332,7.751969416001259,4.581119019983734,2.016943539115703,1.9730958151366278,0.043847723979075326,-4.123193874585078,-1.050222950486492,-3.072970924098586,183.95137952005697,0.6327780797909854,0.6307844450687661,858.0026574950068,30.07421169707186,7318841.144924194
2023-06-29,189.0800018310547,190.07000732421875,188.94000244140625,189.58999633789062,188.84423828125,46347300,0.339996337890625,1,13780404449.264029,8288410300,0.12930885680314497,31904591.510183625,1.8407959128695832,3.0951483859604876,157747435.5573737,185.32887643478136,68.23238541583694,14726.14182334126,183.79899978637695,190.50693603647062,177.0910635362833,7.299208654987311,0.9316526227744643,0.0,0.0,186.43200022379557,188.91900278727212,183.94499766031902,2.667999657238155,1.1349000520692127,1.0,0.0,176.92999267578125,190.07000732421875,183.5,7.1491219558918555,0.9634695242607508,2.5766193194097005,0.4472417339116234,3.7328002896245494,3.5817415989956056,0.15105869062894373,186.08416493733725,181.62884580172025,185.981425191865,182.24862490224044,1.3243964031684703,0.7142015141004482,0.6101948890680221,0.2911323919418373,25.642528142058634,-0.4890022277832031,69.56064322699373,67.36240992385433,2.1982333031394035,186.3300018310547,180.29500579833984,183.31250381469727,176.43500518798828,74.68562934327772,47.724815363809505,30.786569856891532,8.163151406699768,141.1508408625591,171.5,162.0,100.0,4.0,96.0,183.743680735586,,0.0,0.0,71.94045974071213,0.7711745469711001,0.7117148961946101,0.5945381801156785,39.29586367286645,61.77279726415288,94.91513917175831,95.56968465943163,-5.084860828241684,8.094499430936906,3.1557773892118806,2.0481911957507783,1.988114891259458,0.0600763044913204,-5.189503655304024,-1.8780790914499983,-3.3114245638540254,184.52279242036025,0.17965460390521049,0.17949341804461838,859.7237533747309,29.44478899285113,2299798.9222013876
2023-06-30,191.6300048828125,194.47999572753906,191.25999450683594,193.97000122070312,193.20703125,85069600,4.3800048828125,1,13838526836.685484,8373479900,0.11988518475141471,80576116.06285828,12.736950288165918,3.471748503590999,159712756.8853769,186.3930007087596,69.81080070018668,14726.14182334126,184.49300003051758,192.3037859128145,176.68221414822065,8.467297817266692,1.1066611819218526,1.0,0.0,187.21200002034504,189.74700215657552,184.6769978841146,2.7081620152073285,1.8329379695133496,1.0,0.0,177.32000732421875,194.47999572753906,185.9000015258789,9.301159610652883,0.9702800203094976,2.8079573264335744,0.4472417339116234,4.093561888704983,3.684105656937481,0.4094562317675017,186.97249857584634,182.49076901949368,187.2104368886093,183.11687499990433,1.2300243065091443,0.6785038257813203,0.551520480727824,0.2978467766368673,25.693667160553613,-0.5430030822753906,70.04174030198429,68.07942285377176,1.9623174482125307,188.53499603271484,182.5,185.51749801635742,178.63999938964844,84.71109633049669,49.20778455055507,38.19811968419871,7.144558794948088,197.7044367362675,171.5,162.0,100.0,0.0,100.0,184.8824195215399,,0.0,0.0,77.6102835345688,1.0,0.829109911952584,0.694354521283724,42.0695888202288,68.51538838732166,96.22505762990588,95.30505336529932,-3.7749423700941165,8.838264016544116,5.815287657020442,2.2354913432785053,2.0375901816632678,0.19790116161523752,-0.5076762961006926,-1.6039985323801373,1.0963222362794447,185.81479573416485,2.3102510509079632,2.283968772545286,881.895781472884,33.35129277747433,43846887.86133058
2023-07-03,193.77999877929688,193.8800048828125,191.75999450683594,192.4600067138672,191.70297241210938,31458200,-1.5099945068359375,0,13827843180.301655,8342021700,0.09636626796137521,62279283.883171916,-0.33692587039781974,3.063395530620086,159467864.84590685,186.8817993453841,64.94919145671679,14611.503512673668,185.06850051879883,193.4271868857674,176.70981415183024,9.033072990310988,0.9421452050335161,0.0,0.0,187.94266662597656,190.41766967773438,185.46766357421876,2.6337851816089177,1.412592831892124,1.0,0.0,177.32000732421875,194.47999572753906,185.9000015258789,9.272236147813409,0.8822849429617898,2.7481622651769357,0.4932664363532253,4.209104185003838,3.7891053625507527,0.4199988224530853,187.6816660563151,183.28384634164664,188.01806301557207,183.80895883056823,1.2367627432823673,0.731961145149758,0.5048015981326094,0.3049092993412806,25.69348281982977,0.9414939880371094,71.00354514103284,68.7826342188097,2.2209109222231405,188.53499603271484,183.08499908447266,185.80999755859375,178.63999938964844,91.30277254606806,50.58482736681881,36.0111197624914,6.735503332156596,162.99112584552034,171.5,162.0449981689453,96.0,0.0,96.0,186.80193476273973,,0.0,0.0,72.1942995169332,0.5828122247634013,0.7846622572448338,0.7751623551306763,42.50895394883186,61.78926504654993,83.7881990452841,91.64279861564945,-16.2118009547159,9.477499344769654,4.626262520688952,2.2899341858977147,2.0880589825101574,0.20187520338755727,-4.330021208034379,-2.149203067510986,-2.1808181405233933,186.61110711858555,-0.7784680606965799,-0.7815139410722871,874.2520364247905,29.22558004337617,-30014098.05649309
2023-07-05,191.57000732421875,192.97999572753906,190.6199951171875,191.3300018310547,190.577392578125,46920300,-1.1300048828125,0,13809154845.895681,8295101400,0.14636475699315588,45807933.59942917,-5.130424796024352,2.5045926995498333,159192378.16683877,187.41526318629394,58.601805726380256,14611.503512673668,185.65600051879883,194.0407228725175,177.27127816508016,9.032535797699321,0.8383535597776474,0.0,0.0,188.58966623942058,191.1316691080729,186.04766337076822,2.6958029242442083,1.0390111131320088,1.0,0.0,177.32000732421875,194.47999572753906,185.9000015258789,9.242894576727002,0.8164337980627727,2.7093460996943985,0.6088967495957257,4.161518937207262,3.863588077482055,0.29793085972520705,188.125,183.98923081618088,188.52759206410784,184.36607312690057,1.1622641726718124,0.7679242341922532,0.39433993847955917,0.310010020407958,25.64077489646295,-0.7360023498535213,71.2912330781688,69.48980799892168,1.8014250792471245,189.0749969482422,183.7949981689453,186.43499755859375,178.63999938964844,95.65138627303403,51.03007920779937,33.786512486738246,9.303485348473613,126.46643103827297,171.5,163.15499877929688,92.0,0.0,92.0,188.3375469556996,,0.0,0.0,68.35025943464647,0.28670970218808234,0.6231739756504946,0.7456487149493044,41.60605071029176,58.93469471917658,74.71913277114984,84.9107964821133,-25.280867228850152,9.859145983527696,2.860065309030068,2.2572043037131113,2.1218880467507484,0.13531625696236294,-5.177643607799973,-2.7548911755687837,-2.422752432231189,186.99787103604191,-0.5871375056598072,-0.5888679345684267,868.5318373192862,28.255146310155,10398251.443109535
2023-07-06,189.83999633789062,192.02000427246094,189.1999969482422,191.80999755859375,191.05551147460938,45094300,0.4799957275390625,1,13847532776.277908,8340195700,0.1647660491967307,42356096.13327711,-7.441725640835674,1.999553736285558,159305507.68719217,187.9180352378962,52.14126796782112,14648.159861348133,186.28600006103517,194.53100703147464,178.0409930905957,8.851987769062692,0.8349904686171624,0.0,0.0,189.2919993082682,191.83400217692056,186.7499964396159,2.6858006444451967,0.9952784045559437,0.0,0.0,177.32000732421875,194.47999572753906,185.9000015258789,9.211636085211973,0.8444055959601529,2.720412222146834,0.6777391699159282,4.115102588142378,3.91389097961412,0.2012116085282578,188.69916661580405,184.61923100398138,189.032577524798,184.91747493665562,1.133688409710514,0.8026627883776488,0.33102562133286517,0.31345626098360174,25.604140541962604,-1.2760055541992301,72.59584427866868,70.0237140007203,2.572130277948375,189.7449951171875,185.5250015258789,187.6349983215332,178.63999938964844,97.82569313651702,50.49141034770423,31.298444274472793,12.326511511300472,102.01944158147636,171.5,163.15499877929688,88.0,0.0,88.0,,194.47999572753906,0.0,1.0,69.10282697167125,0.34467921898582865,0.4047337153124375,0.6041899827359223,41.11659626390619,67.17652240043519,77.54416899911836,78.68383360518413,-22.45583100088165,9.697616711784804,3.725935246524091,2.2253724746955506,2.142584932339709,0.08278754235584174,-6.085469746350927,-3.4210068897252124,-2.6644628566257142,187.5854705916514,0.2508732153585047,0.2505590538293134,870.96162428134,29.18141586529066,4537418.380365089
2023-07-07,191.41000366210938,192.6699981689453,190.24000549316406,190.67999267578125,189.92994689941406,46778000,-1.1300048828125,0,13817694514.931112,8293417700,0.18193999795583626,28753886.91306565,4.3895565807319885,1.7313322620582696,159029925.76194838,188.33535015559494,51.069861111068896,14648.159861348133,186.9289993286133,194.40249752730813,179.45550112991845,7.996082176160102,0.7509529839602443,0.0,0.0,189.8209991455078,192.26800079345702,187.3739974975586,2.578220174758907,0.6755196060029927,0.0,0.0,177.4600067138672,194.47999572753906,185.97000122070312,9.105055435380283,0.7767329315720867,2.6913702675102753,0.8153669786447643,3.9416979070478533,3.919452365100867,0.022245541946986247,189.17166646321616,185.13384598952072,189.28602600956464,185.34432810251678,1.1154676668734496,0.8407624965069521,0.27470517036649744,0.31376951382889795,25.542510200099297,-2.9689926147460994,71.91138673924242,70.36352959278176,1.5478571464606574,189.85499572753906,185.6199951171875,187.73749542236328,178.63999938964844,59.10238668261856,50.153551353776194,31.007421293597886,11.538032585391507,93.73446015148225,172.8000030517578,165.31500244140625,84.0,0.0,84.0,,194.37439575195313,0.0,0.0,65.17387686659109,0.04203616316869492,0.22447502811420203,0.41746090635904504,39.50214910657151,59.929235776253144,68.04034275168982,73.43454817398604,-31.959657248310176,9.505851207059948,3.0646983067370512,2.1266892531330335,2.139405796498374,-0.01271654336534045,-6.501446278837047,-4.03709476754758,-2.4643515112894674,187.72913259037676,-0.5891272077553245,-0.5908694079767685,865.2414251758355,27.805187424828688,7216298.7461842
2023-07-10,189.25999450683594,189.99000549316406,187.0399932861328,188.61000061035156,187.86810302734375,59922200,-2.0699920654296875,0,13821553944.484419,8233495500,0.1454020092126804,6926406.13361473,-14.473839563384045,0.6053669719097592,158379419.76599947,188.7694533873268,53.89540581732422,14648.159861348133,187.33099899291992,194.23639960439317,180.42559838144666,7.372405686828415,0.5926087919726625,0.0,0.0,190.03399963378905,192.52100219726563,187.5469970703125,2.61742905824139,0.21371179017867525,0.0,0.0,180.6300048828125,194.47999572753906,187.55500030517578,7.393325674438973,0.5761733575858267,2.786233179724092,1.0889067183436487,3.595792332229564,3.8547203585266065,-0.25892802629704237,189.55916595458984,185.57076908991888,189.18202210199337,185.5862297697638,1.0110066357305802,0.9090670990521241,0.10193953667845612,0.30910054976409973,25.45874719159604,-0.3309989929199162,69.61580125197233,70.45447606431993,-0.8386748123476053,190.0749969482422,185.70499420166016,187.88999557495117,178.63999938964844,29.55119334130928,48.01002795116392,28.10709478246851,18.681829250412218,30.870919367419425,173.0050048828125,166.75,80.0,0.0,80.0,,194.27090777587892,0.0,0.0,58.600955450292425,0.0,0.12890512738484122,0.2527046236038272,36.01541716938245,57.328926441046974,50.630820702160996,65.40511081765641,-49.369179297839004,8.205293363683381,2.527720008032513,1.9375318614373835,2.099031009486176,-0.1614991480487924,-4.758950135867086,-4.181465841211481,-0.5774842946556049,187.74524591517093,-1.0855843008916843,-1.091519762644566,854.7629157984236,26.266644142600228,19822557.22711563
2023-07-11,189.16000366210938,189.3000030517578,186.60000610351562,188.0800018310547,187.34019470214844,46638100,-0.529998779296875,0,13826044930.971333,8186857400,0.17601350844615085,2405757.247566114,-3.270897116744269,0.46263254920830893,158248365.5483613,188.97010772569638,54.07716322764201,14606.998168859203,187.6869987487793,193.94574517491006,181.42825232264855,6.669344672625026,0.5313963097014577,0.0,0.0,190.21499989827475,192.69000142415365,187.73999837239583,2.6023200349105142,0.0686875250588211,0.0,0.0,180.97000122070312,194.47999572753906,187.7249984741211,7.198151495255771,0.5262770911382655,2.7776095565759014,1.3504411017745608,3.241526895693198,3.732081665959925,-0.4905547702667268,189.64916610717773,185.8780769935021,189.01248052184894,185.77095362615574,0.9959159282693025,0.9063059251762532,0.08961000309304934,0.3001325553425239,25.397177883413857,-1.0070060729980526,67.69351408448941,70.33573215691939,-2.6422180724299835,190.54000091552734,185.9000015258789,188.22000122070312,178.63999938964844,14.77559667065464,45.80195305546361,26.152984187513166,18.51594633312512,11.766363518917897,173.38999938964844,167.13499450683594,76.0,12.0,64.0,,193.98167119628908,0.0,0.0,57.01544796358973,0.0,0.01401205438956501,0.12246406996286975,32.70370924601961,57.386283264696594,46.173303406085296,54.94815561997873,-53.826696593914704,6.869970703125006,0.5775410861255014,1.7449051277501788,2.0282058331389767,-0.2833007053887979,-5.348894909049979,-4.4149516547791805,-0.9339432542707984,187.75530298815562,-0.2810024800285138,-0.2813980331806576,852.0800083266374,26.93757385058524,-687593.639033094
2023-07-12,189.67999267578125,191.6999969482422,188.47000122070312,189.77000427246094,189.02354431152344,60750200,1.69000244140625,1,13814196000.234043,8247607600,0.11833443520017205,16728932.828759236,11.351441041180845,1.7839837935163232,158794239.56641954,189.39606239718267,61.542007781138096,14606.998168859203,187.9859992980957,194.03949032392512,181.93250827226626,6.440363695628425,0.6473534004389481,0.0,0.0,190.47566680908204,193.00166778564454,187.94966583251954,2.6523083172554176,0.36032021698158573,0.0,0.0,182.02000427246094,194.47999572753906,188.25,6.628148639580281,0.6219907957353737,2.861848112637061,1.4393830628315583,3.0618430373716023,3.598033940242261,-0.5361909028706586,189.90666707356772,186.2173080444336,189.12902263732772,186.06717959995612,1.0785596650319873,0.8211159950432797,0.2574436699887076,0.2899221699098581,25.108459478500116,-2.7159950256347543,66.3607243277642,70.0082702700352,-3.6475459422709946,190.54000091552734,185.9000015258789,188.22000122070312,179.3949966430664,7.38779833532732,44.519462980895014,29.815276174408112,16.826811189965312,53.98978773406071,174.5974998474121,168.87999725341797,72.0,8.0,64.0,,193.53877129072268,0.0,0.0,60.66961922089852,0.17743143637708939,0.0591438121256965,0.06735366463336791,30.947422911770055,51.68377387052276,56.42930139855797,51.07780850226811,-43.57069860144203,6.056236222211055,1.655245188511606,1.6455578269926785,1.9516762319097172,-0.3061184049170387,-3.6198156644765076,-4.255924456718646,0.6361087922421387,187.7924433644135,0.8985550962107736,0.8945421112454,860.6349717614604,29.202587257272228,19171965.110830016
2023-07-13,190.5,191.19000244140625,189.77999877929688,190.5399932861328,189.79049682617188,41342300,0.769989013671875,1,13817420848.170324,8288949900,0.12189008359027971,18886673.396068882,1.3642289285758067,1.2406997548573349,158961985.34332442,189.71086586970227,61.07288598026572,14666.265850049738,188.34749908447264,194.09672545175167,182.59827271719362,6.104913943880434,0.6906773243560617,0.0,0.0,190.63433329264322,193.0713358561198,188.19733072916668,2.5567299671413393,0.480644253739348,0.0,0.0,182.02000427246094,194.47999572753906,188.25,6.615427077951217,0.6837877091961821,2.7176631182678865,1.5149842451988513,2.947595912570705,3.4679463347079498,-0.5203504221372448,190.34583282470703,186.63884617732123,189.3460950448362,186.3984991322655,1.0883986217710555,0.8681927063700335,0.22020591540102197,0.2795769892218959,24.851386743756517,-0.2875015258788949,65.24465448274125,69.52871596511825,-4.284061482376998,190.54000091552734,185.9000015258789,188.22000122070312,179.3949966430664,3.69389916766366,43.328579340224174,28.708908082243944,16.202411573991668,60.70511060731634,176.18249893188477,170.46499633789062,68.0,4.0,64.0,,193.12244537949024,0.0,0.0,62.24446837664487,0.2538995951209993,0.14377701049936295,0.07231095900487515,29.960380649118985,51.70155749335389,58.39491094475578,53.66583858313303,-41.60508905524422,5.497265669878772,2.844491224775786,1.5813410120213127,1.8776091879320362,-0.2962681759107235,-5.159276080432611,-4.436594781461439,-0.722681298971172,187.83192974248368,0.4057485357729984,0.40492759628563135,864.532734093506,29.250105819015175,-7070998.598727092
2023-07-14,190.22999572753906,191.17999267578125,189.6300048828125,190.69000244140625,189.93992614746094,41573900,0.1500091552734375,1,13832709631.478062,8330523800,0.10426266178742585,17079500.85669081,-0.2982685327811773,0.9019801411030232,158994715.8242742,190.0067090934743,54.55826293877402,14666.265850049738,188.68449935913085,194.1461096042469,183.2228891140148,5.789145651780059,0.683599981714988,0.0,0.0,190.7309997558594,193.21000061035159,188.2519989013672,2.599473454934315,0.4917310810161995,0.0,0.0,182.58999633789062,194.47999572753906,188.53499603271484,6.301524200468486,0.6812452917842517,2.6008955857379727,1.580294255742676,2.8364617626479856,3.341649420295957,-0.5051876576479715,190.56499989827475,187.08038447453424,189.5528500289239,186.7163882662759,1.050528017890023,0.8786816332891635,0.17184638460085944,0.2691922242706247,24.557687519111397,0.5655006408691463,62.73515279635189,68.71687290893686,-5.9817201125849735,190.24000549316406,185.9000015258789,188.07000350952148,179.3949966430664,1.84694958383183,42.13772817021756,27.50896609355556,15.929674165290846,54.64645214534891,176.18249893188477,170.46499633789062,64.0,0.0,64.0,,192.73109902293177,0.0,0.0,62.55900851392719,0.26917236271354816,0.233501131403879,0.14547398467631315,29.246002505078962,53.986202630057846,59.027099609375,57.95043731756294,-40.972900390625,4.730353366627412,1.3984924582342775,1.5191284434031105,1.8059130390262512,-0.28678459562314074,-6.327709013901517,-4.814817627949455,-1.512891385952062,187.86802201025765,0.07872843526774975,0.07869746069131267,865.292095622703,28.886179648467476,2421273.2517425567
2023-07-17,191.89999389648438,194.32000732421875,191.80999755859375,193.99000549316406,193.22694396972656,50520200,3.3000030517578125,1,13869945613.437502,8381044000,0.1021028860230905,38456259.90222284,13.215773430217604,1.6972637332480853,159868997.7060768,190.5092116775894,61.50682001499344,14666.265850049738,189.08349990844727,194.86203471779132,183.3049650991032,6.1121513110789385,0.9245458188451889,0.0,0.0,190.74466705322266,193.15266876220704,188.33666534423827,2.524843023068626,1.1738654768875103,1.0,0.0,182.58999633789062,194.47999572753906,188.53499603271484,6.288226839150683,0.9587897174493053,2.7038065154454256,1.560831988980827,2.9803146035878,3.269382456954326,-0.2890678533665261,190.96000035603842,187.70230748103216,190.2354893311147,187.2551747275269,1.071656237265843,0.8149130345320084,0.25674320273383455,0.26221543382862883,24.342003686484873,0.5064964294433594,60.62447936554698,67.56364337832733,-6.939164012780346,190.4600067138672,185.97000122070312,188.21500396728516,179.3949966430664,1.0150399271675643,41.940869241170105,33.134705925873384,14.410567483495825,122.62845157051166,176.4749984741211,170.46499633789062,60.0,0.0,60.0,186.60000610351562,,1.0,0.0,68.73058953684615,0.5688388010130393,0.36397025294919566,0.24708279828414623,30.502857899681775,57.574788904033575,94.43824778479039,70.62008611297375,-5.561752215209605,5.044177380730133,2.50462641646714,1.5915793023741136,1.7630462916958236,-0.17146698932171,-5.7811207789053425,-5.008078258140633,-0.7730425207647098,187.89425489324927,1.7305590274832694,1.71575540102058,881.9970451250839,32.02123823637757,13287633.909553513
2023-07-18,193.35000610351562,194.3300018310547,192.4199981689453,193.72999572753906,192.96795654296875,48353800,-0.260009765625,0,13887919811.86529,8332690200,0.17799063040682805,31166442.744036995,1.2245086676931867,1.635368990701274,159804187.87129632,190.94138496632928,61.46389760811672,14646.608278843578,189.52399978637695,195.3090096658307,183.7389899069232,6.104778166326544,0.8635253896540678,0.0,0.0,190.8240000406901,193.21100107828778,188.43699900309247,2.5017828334891496,1.1087126987120235,1.0,0.0,182.58999633789062,194.47999572753906,188.53499603271484,6.273611470341654,0.9369217797729277,2.6244262301118204,1.5612429960045897,3.0383146018972127,3.2231688859429033,-0.1848542840456906,191.30500030517578,188.20846088115985,190.7731056997954,187.73479109789818,1.0895938434658512,0.8287355497834343,0.26085829368241686,0.25699437138490605,24.238536956700933,4.446001434326178,59.56132145939126,66.26031986512982,-6.698998405738557,190.46500396728516,187.55500030517578,189.01000213623047,179.3949966430664,1.357678447449051,41.76064520088082,31.462818597819915,13.671782279222299,114.38905900432212,176.82999801635742,170.46499633789062,56.00000000000001,0.0,56.00000000000001,186.75440612792968,,0.0,0.0,67.78254881727045,0.5228058663820089,0.4536056767028655,0.35035902035198035,31.232808184772704,60.578697477182345,90.48222097001876,81.31585612139475,-9.517779029981236,5.572264772302958,2.183659195957817,1.6184078529763941,1.7341186039519378,-0.11571075097554373,-5.630939867074025,-5.132650579927311,-0.4982892871467133,187.9943349118696,-0.13403255748356546,-0.13412246145865225,880.6808493710898,29.89375413910261,6751600.10850428
2023-07-19,193.10000610351562,198.22999572753906,192.64999389648438,195.10000610351562,194.33258056640625,80507300,1.3700103759765625,1,13878109215.460402,8413197500,0.1771820679015265,42470641.82943998,14.312583867728543,2.1059826569282953,160373515.4858851,191.56597384161802,63.12803375084374,14646.608278843578,190.02850036621095,195.90994377086733,184.14705696155457,6.190064535921752,0.9311446517779571,0.0,0.0,191.1923334757487,193.90133463541667,188.48333231608075,2.833796847833942,1.2212386406371767,1.0,0.0,182.58999633789062,198.22999572753906,190.40999603271484,8.230344058658579,0.7998727783777877,2.919983790206107,1.5612429960045897,3.158420105187332,3.2102191297917892,-0.05179902460445707,191.3991673787435,188.75230701153095,191.43878268498312,188.2803625797958,1.0396093535728097,0.7829032705985048,0.25670608297430486,0.2540976513268714,24.374973669809787,2.4315063476562386,58.92919258094936,64.74180300982768,-5.812610428878315,192.41500091552734,189.5999984741211,191.00749969482422,181.2699966430664,4.2758332094509015,42.45812077871754,36.8003963793804,11.772872348951664,149.97630533760773,177.69499969482422,170.46499633789062,100.0,0.0,100.0,187.05742995605468,,0.0,0.0,70.12116755435343,0.6363595157434252,0.576001394379491,0.4645257746771844,32.56333000721586,59.07123666011849,73.08690957420987,86.00245944300637,-26.91309042579013,6.123852494183723,0.5825668277058765,1.677509041256892,1.722796691412929,-0.04528765015603686,-0.5294648521240078,-4.212013434366651,3.682548582242643,188.46627879043353,0.7071751438550322,0.7046863867935294,887.6159805783885,30.967267116385415,39385107.81903475
2023-07-20,195.08999633789062,196.47000122070312,192.5,193.1300048828125,192.37033081054688,59581200,-1.970001220703125,0,13837438058.474031,8353616300,0.1379078402681205,19635544.892240413,-6.363296050356868,1.5199760881264062,159771900.7598011,191.88996652848445,55.752460774236184,14498.71573509259,190.48700027465821,195.80762344018916,185.16637710912727,5.586337291110973,0.7483735951529786,0.0,0.0,191.49466705322266,194.31866760253908,188.67066650390626,2.9494299687536745,0.7895427605326931,0.0,0.0,183.6699981689453,198.22999572753906,190.9499969482422,7.64356493492998,0.649725844787907,3.024985533255809,1.5843946326416458,3.059375372436193,3.18005037832067,-0.12067500588447677,191.45500055948892,189.11153822678787,191.6989707154184,188.6395953429822,1.0021068772401194,0.8424998562681205,0.15960702097199886,0.2502635462455195,24.613272624060855,0.843001556396473,56.848947064945186,63.068198601572426,-6.21925153662724,192.41500091552734,190.125,191.27000045776367,184.3249969482422,4.906888659957739,43.01692147693293,33.260806167385745,11.003915265185487,106.94880477719344,179.2699966430664,172.1500015258789,96.0,4.0,92.0,187.72778390234373,,0.0,0.0,63.03550003101257,0.2923088192025147,0.4838247337759829,0.5044772682861135,31.55335514977698,53.209550047186084,56.14793297672606,73.2390211736516,-43.85206702327394,6.440617191090297,0.34812332202679774,1.621809762088216,1.7025993055479862,-0.0807895434597703,0.25601619439846707,-3.3184075086136273,3.5744237030120942,188.53862520871255,-1.0097391896840224,-1.0148716346076725,877.6436349789063,28.065016483103875,747926.2991645187
2023-07-21,194.10000610351562,194.97000122070312,191.22999572753906,191.94000244140625,191.18499755859375,71917800,-1.19000244140625,0,13792826165.344965,8281698500,0.046724095117369364,4604415.967553727,-7.20255013021243,0.09572605824223863,159328767.35009348,191.8142877222904,45.059445137750465,14498.71573509259,190.7340003967285,195.83844977982514,185.62955101363187,5.3524273307111825,0.6181324325275334,0.0,0.0,191.6463338216146,194.6013356526693,188.69133199055992,3.0838073154117502,0.5496900910018778,0.0,0.0,185.00999450683594,198.22999572753906,191.6199951171875,6.931119356383969,0.5242063006558277,3.0964875292466343,1.642464727141451,2.851982576551052,3.1144368179667463,-0.2624542414156945,191.5058339436849,189.4434614915114,191.73605251941652,188.88406994286547,0.9559891478381365,0.9632042281302626,-0.0072150802921261414,0.24420880574646422,24.854572380249387,1.0759971618652457,54.25965035758244,61.36195961330688,-7.1023092557244425,192.41500091552734,190.125,191.27000045776367,184.3249969482422,2.4534443299788693,42.78821071990361,30.303727835597144,13.044602668904224,61.70069199969734,179.31249618530273,172.36499786376953,92.0,0.0,92.0,188.35791661185544,,0.0,0.0,59.14743443268825,0.14045769283703846,0.3563753425943261,0.47206715691660034,29.51273422499538,48.22448939048758,45.91574464400282,58.38352906497962,-54.08425535599718,6.550940524830537,0.3188212013347473,1.5099116497297695,1.6640617743843429,-0.15415012465457334,2.5932972765112923,-2.1360665515886437,4.729363828099936,188.58888872339674,-0.6161665258219817,-0.6180726657911251,871.6197221583369,27.667138158559283,20597017.33739966
2023-07-24,193.41000366210938,194.91000366210938,192.25,192.75,191.9918212890625,45377800,0.80999755859375,1,13764507665.167137,8327076300,0.004763085492413262,9197486.14566826,2.8137342208484166,0.3207732076169698,159520264.20716774,191.86756545665494,50.33986355275551,14559.90112739639,191.03750076293946,195.85546804958778,186.21953347629113,5.044001588595942,0.6777200980386753,0.0,0.0,192.12200063069662,195.0480016072591,189.1959996541341,3.045982206053485,0.607313595301868,0.0,0.0,185.22999572753906,198.22999572753906,191.72999572753906,6.8049466455970045,0.5784618671123798,3.0838388983922833,1.6607336116751525,2.7216093072234457,3.0358713158180866,-0.3142620085946408,191.58416748046875,189.78192314734827,191.8920444395063,189.17043513228285,0.9638647049114276,0.9459149039532304,0.017949800958197204,0.23730533394104547,25.007177757835414,-0.3575080871582088,52.12282010214366,59.63188250415736,-7.509062402013697,193.3499984741211,190.40999603271484,191.87999725341797,184.3249969482422,1.2267221649894346,42.57583644551925,28.162465850355456,12.122870796210467,73.29824297320629,179.4099998474121,172.36499786376953,88.0,12.0,76.0,188.95024135879646,,0.0,0.0,60.914624301507125,0.2975171497386036,0.24342788725938558,0.3612093212098985,28.342406635743632,46.00659454053027,52.88047621109366,51.64805127727421,-47.11952378890634,6.269822603113511,0.49006957581504573,1.4387075365768875,1.618990926822852,-0.1802833902459644,0.6511855557862871,-1.5786161301136576,2.229801685899945,188.89576602392154,0.42200559981810937,0.4211176534325567,875.7200117947823,29.190810663556505,-11966189.189581186
2023-07-25,193.3300018310547,194.44000244140625,192.9199981689453,193.6199951171875,192.85838317871094,37283200,0.8699951171875,1,13761564008.408617,8364359500,0.046612143461452205,12517302.689590652,0.40768525208039275,0.7163524967673087,159688545.4105562,191.9727103155171,56.0840715003912,14625.618600224238,191.4550003051758,195.60188317891988,187.3081174314317,4.331966119593674,0.7610388185448083,0.0,0.0,192.68866678873695,195.49666849772137,189.88066507975262,2.914547861876131,0.6658347153904254,0.0,0.0,185.6699981689453,198.22999572753906,191.9499969482422,6.560287032761403,0.6329616634999004,2.94445525269368,1.6330416420326566,2.6578508371016767,2.9602672200748046,-0.3024163829731279,191.82916768391928,190.07461547851562,192.1578830053034,189.50003216820173,1.0026405359434762,0.9306462923191566,0.07199424362431961,0.23057648677135223,25.036433665359517,-2.8449996948242244,51.429595848881505,57.97286822872596,-6.543272379844453,193.93000030517578,190.40999603271484,192.1699981689453,184.3249969482422,0.6133610824947173,42.37863176216234,26.993637985117267,11.619734839700673,77.62247517803807,180.19500350952148,173.1500015258789,84.0,8.0,76.0,189.507026620921,,0.0,0.0,62.77710513307598,0.4396292114739578,0.29253468468319993,0.2974459715123042,27.904531239531156,45.71823607294475,60.36109438284507,53.05243841264721,-39.63890561715493,5.972440158619605,1.5418515598567395,1.4025595704081713,1.575704655539916,-0.17314508513174465,-2.1220176342663843,-1.6872964309442031,-0.4347212033221812,189.42270417245794,0.4513593344682265,0.45034376299524226,880.1240151462925,29.74719915092669,-6942166.345589325
2023-07-26,193.6699981689453,195.63999938964844,193.32000732421875,194.5,193.7349395751953,47471900,0.8800048828125,1,13762382354.862581,8411831400,0.010743996866756264,16697045.704847233,3.909682849006803,1.5271673888989141,159904305.68764484,192.193240409538,62.348352738246255,14625.618600224238,191.7770004272461,195.81817564647815,187.73582520801403,4.214452421540662,0.8369068928012673,0.0,0.0,193.13933359781902,195.85633494059246,190.42233225504555,2.813514256429161,0.7503985516606437,0.0,0.0,186.60000610351562,198.22999572753906,192.41500091552734,6.064329715301535,0.6792778112343099,2.8820089339672803,1.6077952446222876,2.6478085410528536,2.8977754842704146,-0.24996694321756108,192.32000096638998,190.44307708740234,192.5182086967952,189.87040015574235,1.0468797486838965,0.8773388542227243,0.16954089446117226,0.2247158042196227,25.09108663852092,-3.6969985961914062,50.54812831267637,56.339920876496514,-5.791792563820145,193.93000030517578,190.40999603271484,192.1699981689453,184.3249969482422,0.30668054124735866,42.522008106368794,28.423308485266812,10.947999060529243,97.86023056361338,180.43000411987305,173.38500213623047,80.0,4.0,76.0,190.0304047673181,,0.0,0.0,64.61391010962484,0.5797821396537547,0.4389761669554387,0.32497957963267504,28.066870262925832,40.74511090820463,67.92778112343099,60.38978390578993,-32.07221887656901,5.318529824649573,3.122845750802237,1.3945346609481901,1.5394706566215708,-0.14493599567338067,-2.8089083682079243,-1.9116188183969474,-0.897289549810977,189.91278830483273,0.45450103553605903,0.4534712985109657,884.5786889446701,30.104625473889655,10295223.32955411
2023-07-27,196.02000427246094,197.1999969482422,192.5500030517578,193.22000122070312,192.45997619628906,47460200,-1.279998779296875,0,13728598838.232777,8364371200,-0.043094124450590465,5633325.166271124,3.8700468590326342,1.4900595516346746,159591971.5073611,192.39320307251805,55.932939636043656,14529.367834390054,191.97550048828126,195.888656769563,188.0623442069995,4.076724656353339,0.6590149540378485,0.0,0.0,193.5213338216146,196.5623341878255,190.48033345540364,3.1428063316410286,0.45045502061433346,0.0,0.0,186.60000610351562,198.22999572753906,192.41500091552734,6.058059280711898,0.569217628837169,3.05880743021899,1.5639173028480438,2.5076580242495936,2.8197519922662506,-0.312093968016657,192.7483342488607,190.75884657639725,192.62617677739644,190.11851875314684,1.0027662060074427,0.8626420115866966,0.14012419442074608,0.2178946815660956,25.224946128473647,-2.205496215820318,48.2442397073998,54.729819422168504,-6.485579714768704,194.72999572753906,190.40999603271484,192.56999588012695,184.3249969482422,0.15334027062367933,43.03692734699995,28.991878808218747,9.733438637435992,84.1302691110874,180.43000411987305,173.38500213623047,76.0,0.0,76.0,190.52238022493134,,0.0,0.0,59.9778114129151,0.22603592491122027,0.4151490920129776,0.38221998121720574,26.853731198418107,36.07002699003899,56.9217628837169,61.736879463331015,-43.0782371162831,4.937412261962891,2.732879274568228,1.3189972448215737,1.4953759742615715,-0.17637872943999788,-3.330002606970295,-2.195295576111617,-1.134707030858678,190.04258295153082,-0.6580970587644619,-0.6602720651452287,878.0992055515036,28.21572082238646,6667156.588975169
2023-07-28,194.6699981689453,196.6300048828125,194.13999938964844,195.8300018310547,195.05970764160156,48291400,2.6100006103515625,1,13745859569.842913,8412662600,-0.03314255495031544,22834362.067479737,2.6296775838747144,2.7117393478674434,160244287.9480942,192.91878477530227,63.404810204749204,14529.367834390054,192.28750076293946,196.38099871776615,188.19400280811277,4.257684913044175,0.9326985266889198,0.0,0.0,194.02466735839843,197.1596694946289,190.88966522216796,3.2315500692904746,0.7879319365994105,0.0,0.0,186.60000610351562,198.22999572753906,192.41500091552734,6.04822964460982,0.7936374860105775,3.0939270534080285,1.3785555895562287,2.5774813657650952,2.7712978669660195,-0.1938165012009243,193.25333404541016,191.21538485013522,193.1190729394977,190.5415915737326,1.0968494976017604,0.8076928923933361,0.28915660520842434,0.213021062294945,25.248804130318252,-1.7475074768066463,47.2397340978878,53.242625503539706,-6.0028914056519085,194.72999572753906,190.9499969482422,192.83999633789062,184.3249969482422,0.3060841382710475,43.51506664187174,26.6564144099952,8.94935356449546,119.19246051278533,180.46500396728516,173.38500213623047,72.0,0.0,72.0,190.9848371550878,,0.0,0.0,65.42534852448168,0.6416969707499961,0.482505011771657,0.4455434235800247,27.44863807024644,39.11035713004505,79.36374860105775,68.07109753606858,-20.63625139894225,4.916912976433252,3.193337947072579,1.35271325513606,1.4668434304364693,-0.11413017530040914,-3.5812484046447275,-2.472486141818239,-1.1087622628264886,190.48786670600302,1.3507921508448373,1.341750287192145,891.3112928475691,31.35703850051135,7249878.916185319
2023-07-31,196.05999755859375,196.49000549316406,195.25999450683594,196.4499969482422,195.67726135253906,38824100,0.6199951171875,1,13782158008.257502,8451486700,-0.056591436502610774,23010989.262011092,1.552393373481511,3.0562600971692846,160367204.51963142,193.40807858786988,69.4035110722657,14575.367614959501,192.4115005493164,196.83804943739403,187.98495166123877,4.601127142026605,0.9561676038191944,0.0,0.0,194.29400024414062,197.3010025024414,191.28699798583983,3.0953114913711497,0.8584960234316369,0.0,0.0,186.60000610351562,198.22999572753906,192.41500091552734,6.044331856890535,0.8469475178533239,2.907535446700038,1.1143598706777424,2.6522715558931793,2.747492604751452,-0.09522104885827254,193.74583435058594,191.57884627122147,193.63152278699684,190.97925123110366,1.137683021276658,0.787719475469549,0.349963545807109,0.20986981394596876,25.17981007073314,-1.7214981079101506,45.40450493122802,51.669645889299346,-6.265140958071328,194.72999572753906,191.6199951171875,193.17499542236328,184.3249969482422,4.484703007866769,43.95905312996698,25.84758724455592,8.677806155127055,125.91691100475182,181.28750228881836,173.41500091552734,68.0,0.0,68.0,191.41954666943488,,0.0,0.0,66.58873659304878,0.6781012512204566,0.5152780489605576,0.4709773842483977,28.28843130719225,43.685833403253454,81.76229732455118,72.68260293644197,-18.237702675448812,4.951059678021608,3.1017129580950265,1.3887747170417324,1.4512296877575221,-0.06245497071578976,-5.2513489111019735,-3.028258695674986,-2.2230902154269874,190.70177295016921,0.3165986372825502,0.31609851909708553,894.4497708919524,30.632425692699314,-2598244.7258095294
2023-08-01,196.24000549316406,196.72999572753906,195.27999877929688,195.61000061035156,194.84056091308594,35175100,-0.839996337890625,0,13762993765.965311,8416311600,-0.06486347025034936,15502711.48387572,0.5358779953317004,2.2837198796086313,160216800.062294,193.8333061427809,63.22089123409925,14513.04511248982,192.56900024414062,197.21019840857522,187.92780207970603,4.820296266325783,0.8276094080095586,0.0,0.0,194.5320002237956,197.49300181070961,191.5709986368815,3.044230855085666,0.6820330646427462,0.0,0.0,186.60000610351562,198.22999572753906,192.41500091552734,6.039388276035519,0.7747207691591127,2.761781596854253,0.9591498251186417,2.613634286949349,2.7207209411910314,-0.1070866542416824,194.15583419799805,191.92230811485877,193.93590399058988,191.32226970364053,1.108299938648246,0.8405877567536157,0.2677121818946302,0.2067019605701507,25.046160659407626,1.4210052490234375,43.6001888055555,49.96642324758892,-6.366234442033424,194.21499633789062,191.72999572753906,192.97249603271484,184.3249969482422,3.6967505360918738,44.436430817913184,25.502760390039548,8.35592802540995,106.24189205711963,181.62749862670898,173.6699981689453,64.0,0.0,64.0,191.82817361292112,,0.0,0.0,63.47252884542773,0.3941315471031958,0.5713099230245495,0.5230309945855883,28.069785670811253,45.111677928345436,69.53490806569803,76.88698466376901,-30.46509193430197,5.016794451545252,2.580102840188012,1.3660899439453054,1.434201738995079,-0.0681117950497736,-7.176188442947715,-3.857844645129532,-3.3183437978181827,190.82048044665632,-0.4275878599845129,-0.42850463114261217,890.1976243979746,29.16279533570267,-1060500.1444853544
2023-08-02,195.0399932861328,195.17999267578125,191.85000610351562,192.5800018310547,191.82247924804688,50389300,-3.029998779296875,0,13734697031.755243,8365922300,-0.07421644001258705,-8523321.226624241,-16.45519872536953,1.010903618612536,159436269.8388227,193.9840402141882,56.58092469264917,14513.04511248982,192.63150024414062,197.2378107194569,188.02518976882436,4.782510097754768,0.49441001498250053,0.0,0.0,194.31966705322264,197.0556671142578,191.5836669921875,2.8159785394092784,0.18207873111125572,0.0,0.0,186.60000610351562,198.22999572753906,192.41500091552734,6.037428774257388,0.5141875376385986,2.8616028878524213,0.986819064338303,2.3118686119417475,2.6389504753411748,-0.32708186339942724,194.03833389282227,192.20346186711237,193.7273036583537,191.41543504641194,0.9837559147855331,0.8643101449074613,0.11944576987807187,0.20009927159799376,24.99286974074446,1.0984954833984375,40.29262299477539,48.12683168423671,-7.83420868946132,194.21499633789062,191.9499969482422,193.0824966430664,184.375,1.8662493624052185,42.531997566766904,23.109065894367934,16.1338811342788,15.211794400835643,182.16000366210938,173.91500091552734,60.0,0.0,60.0,,198.22999572753906,0.0,1.0,53.708702759773345,0.0,0.3574109327745509,0.48133296825321964,24.71957305320275,42.55953821561817,34.30232661295331,61.86651066773421,-65.69767338704669,4.523205386891078,-0.7268434569733859,1.2077754395204314,1.3889164791001494,-0.18114103957971794,-6.10465235930633,-4.307206187964892,-1.7974461713414378,190.87261573543816,-1.5489999334607263,-1.5611222838356476,874.8594638549204,26.39166940071479,17623215.1246648
2023-08-03,191.57000732421875,192.3699951171875,190.69000244140625,191.1699981689453,190.41802978515625,61235200,-1.410003662109375,0,13708453215.70438,8304687100,-0.13643367502699558,-19640254.801392205,-5.4458652650957875,0.6432181377329209,158987927.04398906,193.96635331154297,55.045976509709774,14513.04511248982,192.5995002746582,197.23698068254228,187.9620198667741,4.815672316149071,0.3458751326169898,0.0,0.0,194.05733337402344,196.5643325805664,191.55033416748046,2.5837716750554494,-0.07585483025732774,0.0,1.0,186.60000610351562,198.22999572753906,192.41500091552734,6.038431879334261,0.39294893745990134,2.764442538032023,1.133821257096934,1.936617507628597,2.498483881798659,-0.5618663741700622,193.82500076293945,192.32307727520282,193.33387204459856,191.39725453696997,0.9549764609743927,0.9267773591455081,0.028199101828884632,0.18964136351410724,24.919623632724107,2.5005058288574276,37.23667714921176,46.23539021663998,-8.99871306742822,193.94499969482422,192.41500091552734,193.18000030517578,184.375,0.9331246812026093,40.14430983926963,21.991690062402505,18.321434310176425,-47.027282973118645,182.3300018310547,174.90499877929688,56.00000000000001,32.0,24.000000000000007,,198.10239593505858,0.0,0.0,49.86464885557836,0.0,0.13137718236773194,0.35336601272227774,20.680943247283338,40.470942737928674,6.36599674991551,36.73441047618898,-93.63400325008449,3.609352291331561,-1.3214254968518753,1.0118313934615624,1.313499461972432,-0.3016680685108697,-3.4294772651845022,-4.131660403408815,0.7021831382243127,190.87945769931574,-0.7321651514710981,-0.7348586357380782,867.7218825847566,26.62463230683747,21208270.379828423
2023-08-04,185.52000427246094,187.3800048828125,181.9199981689453,181.99000549316406,181.27415466308594,115799700,-9.17999267578125,0,13595623045.80468,8188887400,-0.20403200022935458,-168697418.09514558,-32.43948921719998,-2.6178720513683347,153427219.7779974,192.50438328157279,44.42448728907564,14513.04511248982,192.16500091552734,198.68623084403382,185.64377098702087,6.787115132763535,-0.28014389416672625,0.0,1.0,193.1623336791992,195.8413330078125,190.48333435058595,2.7738320174392905,-1.585168157137665,0.0,1.0,181.9199981689453,198.22999572753906,190.0749969482422,8.487496412399969,0.004292295199140792,3.41299828422882,2.270570068737958,0.8882405314504922,2.176435211729026,-1.2881946802785338,192.7325007120768,192.0438467172476,191.58866180591633,190.70042127446584,0.8138855597377352,1.0232120543776955,-0.20932649463996023,0.16721258970415362,25.135164522197712,0.9650039672851562,30.59566212058308,43.84348377424436,-13.247821653661283,189.55999755859375,190.0749969482422,189.81749725341797,184.375,0.46656234060130464,39.54705952722701,17.525378289014565,33.85573877372334,-238.69830271668187,183.22749710083008,176.3499984741211,52.0,100.0,-48.0,,197.8059001953125,0.0,0.0,33.20272074431135,0.0,0.0,0.16292937171409458,9.292879083206637,28.251002371784455,0.42922951991407926,13.699184294260995,-99.57077048008593,1.4770580516142218,-6.719631061106012,0.46577795975190367,1.1439551615283265,-0.6781772017764229,6.502578652111499,-2.004812592304752,8.507391244416251,189.83485629156849,-4.802004898105661,-4.921130426658404,821.2518303829963,18.549679283566718,68674155.25142668
2023-08-07,182.1300048828125,183.1300048828125,177.35000610351562,178.85000610351562,178.146484375,97576100,-3.1399993896484375,0,13548691991.102701,8091311300,-0.24231374972978434,-188367629.00216407,-26.12296626509551,-4.571263117996098,151743671.86219835,190.96327351188867,36.29471327658761,14262.641511085072,191.67700119018554,200.30857559973174,183.04542678063933,9.006374636445603,-0.2430275450376542,0.0,1.0,191.80966746012368,194.8006663004557,188.81866861979168,3.1187154223640223,-1.6664437280707034,0.0,1.0,177.35000610351562,198.22999572753906,187.79000091552734,10.893320270232065,0.07183911615905103,3.6496983337356257,3.299598235952785,-0.19374412235274008,1.7023993449126729,-1.896143467265413,191.5425008138021,191.63077016977164,189.6288686209316,189.82261274328434,0.7276071598521175,1.1038884670836437,-0.3762813072315262,0.1342350720873192,25.4017764251704,0.2630012512207145,22.515310905173866,40.63078544716573,-18.115474541991862,187.2750015258789,187.79000091552734,187.53250122070312,184.375,0.23328117030065232,39.83914551584962,15.41822766429585,39.291515108602034,-272.3759366611793,183.31250381469727,176.43500518798828,48.0,100.0,-52.0,,196.85274607373046,0.0,0.0,29.56385921886617,0.0,0.0,0.043792394122577606,-1.076006547938805,28.528854004602106,7.183911615905103,4.6597126285782595,-92.8160883840949,-1.491411455939783,-7.393982508291084,-0.10206588116809832,0.8947509529890416,-0.99681683415714,10.801029348026814,0.556355795761561,10.244673552265253,187.9401812988591,-1.7253691383433578,-1.7404270864717297,805.3568356151449,20.780416266403364,18504435.923573494
2023-08-08,179.69000244140625,180.27000427246094,177.5800018310547,179.8000030517578,179.09275817871094,67823000,0.9499969482421875,1,13592814720.574259,8159134300,-0.20329436322329944,-152253447.28462207,-5.215575509543948,-5.966131644944134,152103927.0527033,189.57044842185172,27.059591809782518,14338.400333824842,191.26300125122071,201.2351338750784,181.29086862736304,10.427665108903575,-0.07475159185300186,0.0,1.0,190.3653345743815,193.47333323160805,187.25733591715493,3.2652989728150015,-1.1997001427361802,0.0,1.0,177.35000610351562,198.22999572753906,187.79000091552734,10.916899498297596,0.11733707690272736,3.5537287445026884,4.002284131777527,-0.9634617541353236,1.1692271251030735,-2.132688879238397,190.53083419799805,191.0857702401968,188.11673545644334,189.08019721057866,0.7114757030377182,1.2485653456037336,-0.5370896425660153,0.09638540457996644,25.586623014872913,1.4869987487792855,14.604854148543483,36.63708831781763,-22.032234169274147,187.2750015258789,187.79000091552734,187.53250122070312,184.375,0.11664058515032616,40.11036821957062,14.541914420109874,37.05833527603703,-230.9262590736953,185.51749801635742,178.63999938964844,44.0,96.0,-52.0,,195.29252687611327,0.0,0.0,31.992298683795482,0.06558939926760322,0.021863133089201073,0.0072877110297339875,-7.806138020099606,28.477988671269493,12.342559588097062,6.6519002413054436,-87.65744041190294,-4.7212337718290485,-6.324892797349229,-0.5095519088454916,0.613890380622135,-1.1234422894676266,10.190903415371327,2.4832653196835146,7.7076380956878126,186.55760648023102,0.5311696482092065,0.5297639179111968,810.1658163339199,24.766780841652178,-9025653.28940767
2023-08-09,180.8699951171875,180.92999267578125,177.00999450683594,178.19000244140625,177.4890899658203,60378500,-1.6100006103515625,0,13568786803.40967,8098755800,-0.21397946504032173,-144390015.07997775,0.2920954191623246,-5.490746539978477,151563273.9926245,188.45331112849343,27.19369310737828,14210.008604697463,190.68400115966796,202.16604436740317,179.20195795193274,12.043006374846104,-0.044066874345358546,0.0,1.0,188.78766733805338,192.0556666056315,185.51966807047526,3.462089779123404,-1.121430121142737,0.0,1.0,177.00999450683594,198.22999572753906,187.6199951171875,11.128359532866474,0.055608287779882276,3.590355686946951,4.70283378127951,-1.6839703547436216,0.5985876291337344,-2.282557983877356,189.31750106811523,190.53692392202524,186.58954576182225,188.27351611656587,0.7025641025641025,1.1991796248998396,-0.49661552233573714,0.05507413814806449,25.76337737763444,2.9359939575195426,4.89005074613052,31.819956211009938,-26.92990546487942,186.8699951171875,187.6199951171875,187.2449951171875,184.95999908447266,0.05832029257516308,40.072070564179235,14.729816308629426,34.023585593023256,-188.61266832332572,185.80999755859375,178.63999938964844,40.0,100.0,-60.0,,193.85712521430546,0.0,0.0,30.098371648300613,0.014436575279710656,0.026675324849104624,0.01617948597943553,-13.72929860484618,27.350640064170875,5.844516056869402,8.456995753623884,-94.1554839431306,-7.482293566535503,-7.553824933122569,-0.8944276335185795,0.3122267777939921,-1.2066544113125715,8.688875124127124,3.7243872805722367,4.964487843554887,184.76683928394095,-0.895439701348677,-0.8994728570124622,802.0158302663617,23.688635801231328,-1699411.8840945885
2023-08-10,179.47999572753906,180.75,177.60000610351562,177.97000122070312,177.26995849609375,54686900,-0.220001220703125,0,13526946840.031803,8044068900,-0.2503597212290443,-125481610.74804804,1.1808651599132405,-4.891931162112358,151495755.13863927,187.41868893235906,34.38488721114646,14192.464302568262,190.05550155639648,202.8062772369235,177.30472587586945,13.417949573791635,0.02608764209732282,0.0,0.0,187.2326675415039,190.35066680908204,184.1146682739258,3.3306145861399536,-0.9853541527601873,0.0,1.0,177.00999450683594,198.22999572753906,187.6199951171875,11.165160201587938,0.045240653093392126,3.5463195079006935,5.3150781425993365,-2.2468308046809398,0.029503942370799563,-2.2763347470517394,188.01333491007486,190.02307774470404,185.26346198626547,187.5102927909464,0.737541794549354,1.1742109927308455,-0.4366691981814915,0.012883963876595845,25.859590689572055,4.444498443603521,-4.025988257065878,26.123764838237307,-30.149753095303183,186.8699951171875,187.6199951171875,187.2449951171875,185.6699981689453,0.02916014628758154,40.03650845560151,13.755034985664832,31.77199228856797,-149.78754339756833,186.43499755859375,178.63999938964844,36.0,96.0,-60.0,,192.17241214355852,0.0,0.0,29.838429032312902,0.0074158196574660076,0.02914726473492663,0.02589524089107774,-18.319248537995172,26.081247644719216,4.754861801791453,7.647312482252667,-95.24513819820855,-9.771381019143519,-8.082839733061814,-1.198243985030684,0.010132625229056863,-1.2083766102597409,6.703211500751102,4.3201521246080095,2.383059376143093,183.3692755134426,-0.12346440186814522,-0.12354068195312706,800.9021618167673,24.832682129896966,-926389.9281997159
2023-08-11,177.32000732421875,178.6199951171875,176.5500030517578,177.7899932861328,177.32980346679688,51988100,-0.1800079345703125,0,13537243748.153639,7992080800,-0.2523967072772662,-108892562.14164616,-6.330863401974678,-5.545116706599721,151443171.72323754,186.46739821414127,28.5034614546734,14178.109320447425,189.4105010986328,203.22810575515786,175.59289644210776,14.590114673029378,0.07950353547666185,0.0,0.0,185.44466705322264,188.52066497802736,182.36866912841796,3.3174293698312547,-0.7442586039091467,0.0,1.0,176.5500030517578,198.22999572753906,187.38999938964844,11.446035225096471,0.057195140834166186,3.3986867636535933,5.881407565593707,-2.676573034544191,-0.5117114530121986,-2.1648615815319925,186.62083435058594,189.48384681114783,184.11369757086047,186.79027060540466,0.6953025768186412,1.2278884680827706,-0.5325858912641295,-0.02831693437061022,25.8721454690419,3.809500122070318,-14.02542293582853,19.520439519675463,-33.54586245550399,186.63999938964844,187.38999938964844,187.01499938964844,187.38999938964844,0.01458007314379077,40.21753408143261,13.139662965254391,32.619910019967946,-133.09542169866546,187.6349983215332,178.63999938964844,32.0,100.0,-68.0,,190.65617037988625,0.0,0.0,29.613072991828673,0.0013292082635449735,0.007727201066907212,0.02118326355031312,-21.98133433139711,28.332647226718162,6.00479709868634,5.534724985782426,-93.99520290131366,-10.928499244241152,-8.591263091962563,-1.4329295770433699,-0.27847981522542853,-1.1544497618179412,4.709248749746762,4.397971449635761,0.3112773001110014,181.50921742557216,-0.10114509936260951,-0.10119628553599824,799.9909434300378,25.337687812041622,1204138.652151987
2023-08-14,177.97000122070312,179.69000244140625,177.30999755859375,179.4600067138672,178.9954833984375,43675600,1.670013427734375,1,13572478019.759527,8035756400,-0.25560110410910125,-82916647.76936021,4.986094402213102,-5.218087481590243,151853424.50021452,185.7337407658305,28.780078884202865,14311.286854837264,188.68400115966796,202.98166129687579,174.38634102246013,15.155137742822061,0.17742993058715578,0.0,0.0,183.72000071207682,186.91099802652994,180.52900339762368,3.473761487138257,-0.16750197170562325,0.0,1.0,176.5500030517578,198.22999572753906,187.38999938964844,11.490106496859386,0.1342253065131403,3.296818575569484,6.316048545478094,-2.849542963597372,-0.9792777551292333,-1.8702652084681388,185.47416814168295,189.05230888953577,183.39774513132303,186.2472880949204,0.7051093891708698,1.1960374866744101,-0.4909280975035403,-0.06535111140273858,25.812964509384813,7.14600067138673,-23.65155939345697,12.048023053118525,-35.6995824465755,185.86499786376953,187.38999938964844,186.62749862670898,187.38999938964844,0.007290036571895385,39.85999466242878,14.809734561815127,30.907776386113778,-102.37830083489509,187.73749542236328,178.63999938964844,28.000000000000004,96.0,-68.0,,188.96343030051082,0.0,0.0,34.55168297860034,0.1347154700696503,0.04782016599688709,0.028231543932907277,-23.543214569700183,32.22482158380137,14.092031584594308,8.283896828357395,-85.90796841540569,-11.037088596119617,-7.121413114535051,-1.5299782309555618,-0.5287794983714552,-1.0011987325841067,1.9562880498881583,3.9096347696862406,-1.9533467197980823,180.94498720025942,0.9393180104611876,0.9349338515835193,808.4447204541957,27.51132944598453,-4248534.914636612
2023-08-15,178.8800048828125,179.47999572753906,177.0500030517578,177.4499969482422,176.9906768798828,43622600,-2.010009765625,0,13543216593.702711,7992133800,-0.2973976594604967,-83597391.23115921,-1.3090686065443606,-5.59085544270104,151364837.35699797,184.81177834439384,22.944689444401135,14150.995841459848,187.87000122070313,202.76700963465092,172.97299280675534,15.858847412735471,0.15026520819089792,0.0,0.0,181.93200073242187,185.22099761962892,178.64300384521485,3.615633174995262,-0.18136333628241058,0.0,1.0,176.5500030517578,198.22999572753906,187.38999938964844,11.539890634435219,0.04151264762601878,3.210135985590661,6.824018691587177,-3.1129299495595717,-1.406008194015301,-1.7069217555442706,183.94250106811523,188.62307797945462,182.4827069493106,185.59563689887017,0.692051425249527,1.2249272064055188,-0.5328757811559918,-0.09998899384936069,25.72782761921167,8.579995727539057,-34.105373930370604,3.781578950324525,-37.88695288069513,184.45999908447266,187.38999938964844,185.92499923706055,187.38999938964844,0.0036450182859476925,39.589665121473054,14.001669161276586,29.805143925184712,-95.93595862376915,187.88999557495117,178.63999938964844,24.0,92.0,-68.0,,187.47381903066045,0.0,0.0,31.67135308939295,0.056921022296115245,0.06432190020977017,0.03995642242452179,-25.767129922553394,37.44123361533939,4.358325242108655,8.151717975129797,-95.64167475789135,-10.911295228845916,-9.385694076982745,-1.6772646176244899,-0.7584765222220622,-0.9187880954024277,-0.30796180813728935,3.066115454121535,-3.374077262258824,179.956469041947,-1.120032146677552,-1.1263517386749022,798.2698475503137,24.89219308611544,1238924.038063094
2023-08-16,177.1300048828125,178.5399932861328,176.5,176.57000732421875,176.1129608154297,46964900,-0.8799896240234375,0,13499475122.920397,7945168900,-0.3364073653785423,-77558996.0114648,-3.236034998856271,-6.098432718264533,151131934.424318,183.82118554936406,23.08233068999691,14150.995841459848,186.9435012817383,202.22651896244,171.6604836010366,16.350413441405504,0.16062023305062176,0.0,0.0,180.33200073242188,183.49199829101562,177.17200317382813,3.5046442625372687,-0.09525258144143625,0.0,1.0,176.5,197.1999969482422,186.8499984741211,11.072862552759025,0.003381996837670786,3.093121715644876,7.3359163504711,-3.3540108920496436,-1.7956087336221696,-1.558402158427474,182.28583526611328,188.18038588303787,181.57306085314264,184.92707174519228,0.6792077512665303,1.29284934919308,-0.6136415979265496,-0.13229597903618465,25.574777051380483,8.66649932861327,-43.60383105729258,-5.200699739287068,-38.403131318005514,181.94000244140625,187.36499786376953,184.6525001525879,187.36499786376953,0.0018225091429738462,39.47318547626684,13.34344233656207,29.671440086010325,-91.16598208908121,188.22000122070312,178.63999938964844,20.0,100.0,-80.0,,186.16296111319213,0.0,0.0,30.473617102270524,0.024571529952958762,0.0720693407729081,0.061403802326522074,-27.948886668402796,37.793791431063894,0.34605703907020174,6.265471288591083,-99.6539429609298,-10.871000402113964,-10.11961818928464,-1.813693830977368,-0.9695199839731234,-0.8441738470042446,-1.6582642764125106,2.121239508014726,-3.7795037844272366,179.04715812882307,-0.49590850332903447,-0.4971422099414369,793.815250993471,25.120363614339425,6273176.124756068
2023-08-17,177.13999938964844,177.50999450683594,173.47999572753906,174.0,173.54962158203125,66062900,-2.57000732421875,0,13450460858.482094,7879106000,-0.34185135161760277,-90733730.41827424,-12.353005510454887,-7.168624367859505,150170377.36583424,182.44433721372337,16.556832288235796,14150.995841459848,185.98700103759765,201.97960364897165,169.99439842622365,17.197548777229933,0.12523294898003492,0.0,0.0,178.69066721598307,182.0856653849284,175.29566904703773,3.7998606439157876,-0.19082028657474015,0.0,1.0,173.47999572753906,197.1999969482422,185.33999633789062,12.753580136446244,0.021922607322931796,3.186809422010076,7.94631520279858,-3.7096844552823995,-2.1784238779542155,-1.531260577328184,180.48500188191733,187.57384725717398,180.40797456804378,184.11765902332618,0.6034292713204175,1.3188628139115712,-0.7154335425911538,-0.1641036788691493,25.604208009280452,6.593000793457037,-53.24524354143859,-14.516355923956143,-38.72888761748245,178.30500030517578,185.85499572753906,182.07999801635742,185.85499572753906,0.0009112545714869231,40.022586505400895,12.130258333165537,33.7870782400525,-98.71876147615721,188.22000122070312,179.3949966430664,16.0,100.0,-84.0,,184.81014655734523,0.0,0.0,27.23430848776239,0.0,0.027164184083024668,0.05451847502190127,-30.870307207449553,29.768755906660623,2.2365775159610215,2.313653265713321,-97.76342248403898,-11.194942878274361,-11.047492737039526,-2.014844461395424,-1.1785848794575835,-0.8362595819378407,0.024401181351712837,1.7018718426821235,-1.6774706613304107,177.65142677487555,-1.4555174817995509,-1.4662140580715466,780.8056137602705,23.338057737140844,24536183.641222104
2023-08-18,172.3000030517578,175.10000610351562,171.9600067138672,174.49000549316406,174.03834533691406,61114200,0.4900054931640625,1,13487830022.46454,7940220200,-0.2720263578861694,-73493726.9713312,-10.095956987645762,-8.00064939365431,150342482.5021005,181.21360745946694,11.331006002884138,14190.846793736038,185.11450119018554,201.60895027214593,168.62005210822514,17.820807096051432,0.1779372368174078,0.0,0.0,177.69933420817057,180.862331644694,174.53633677164711,3.559942923385479,-0.007323951317199988,0.0,1.0,171.9600067138672,197.1999969482422,184.5800018310547,13.634799041725849,0.10023770832728786,3.182128418773912,8.45403529784496,-3.9069817152803523,-2.524135445419443,-1.3828462698609094,178.9775021870931,186.9565400343675,179.49751778729308,183.40449950257343,0.5641933396196113,1.3534806951372513,-0.7892873555176401,-0.19345468777403002,25.69538670893659,6.055496978759777,-59.75251629887101,-23.65722561329446,-36.09529068557654,176.44499969482422,185.09500122070312,180.77000045776367,185.09500122070312,0.00045562728574346156,40.81367723035413,11.270435778706515,34.823395729398044,-97.75016453951093,188.22000122070312,179.3949966430664,12.0,100.0,-88.0,,182.99732242457625,0.0,0.0,28.78858822903146,0.04289062006711649,0.02248738334002508,0.04057363606531958,-32.76800729732632,35.09716016122011,10.213968112381616,4.265534222470975,-89.78603188761838,-11.437118216121888,-9.393496814773371,-2.1302540155104164,-1.36891870666815,-0.7613353088422663,0.626598517401421,1.486817177625983,-0.8602186602245621,177.16145900533127,0.28161235239314575,0.2812165676862932,783.2860711691916,25.461093073105246,9788948.051659212
2023-08-21,175.07000732421875,176.1300048828125,173.74000549316406,175.83999633789062,175.3848419189453,46311900,1.3499908447265625,1,13522902717.308474,7986532100,-0.21530831042639742,-54063102.97515644,7.250720063258754,-7.521017817373806,150700787.4997145,180.30024386935048,16.430074300844865,14300.638258274743,184.26900100708008,200.84460017920566,167.6934018349545,17.990653969507004,0.2457405737898114,0.0,0.0,177.24533386230468,180.06933135986327,174.42133636474608,3.1865408651631446,0.25117939629390684,0.0,0.0,171.9600067138672,197.1999969482422,184.5800018310547,13.697360975764564,0.15372389561146416,3.1029155158613646,8.766684515469445,-3.909343755126457,-2.801177107360846,-1.1081666477656111,177.70000203450522,186.38538595346304,178.9348221796927,182.84416593481916,0.6085444284640859,1.3305395258106705,-0.7219950973465846,-0.2181910319716426,25.721123957965677,-2.2789955139160156,-64.1186943943914,-32.40428656250944,-31.714407831881957,176.44499969482422,185.09500122070312,180.77000045776367,185.09500122070312,0.00022781364287173078,40.99217263249373,13.018039201066923,32.911187238625125,-79.06754994551149,188.07000350952148,179.3949966430664,8.0,96.0,-88.0,,181.01060559664862,0.0,0.0,33.032636221421555,0.21901644562985245,0.08730235523232298,0.0456513075517912,-33.1145008468434,42.351155575736584,16.709698405449007,9.720081344597244,-83.290301594551,-11.624087928323206,-8.019041679075025,-2.1380740999524543,-1.522749785325011,-0.6153243146274434,-0.9905454007991468,0.9913446619409572,-1.981890062740104,177.0995522675287,0.7736780344014926,0.770700493754628,790.1198614827555,26.959954530556928,-4131653.812519707
2023-08-22,177.05999755859375,177.67999267578125,176.25,177.22999572753906,176.771240234375,42084200,1.3899993896484375,1,13538500401.831928,8028616300,-0.1979381669982347,-37983086.50529941,6.897772741934286,-5.852948426852104,151033459.3237143,179.3846152655133,21.507256172555998,14413.683520243401,183.44950103759766,199.712510230569,167.18649184462632,17.730229955368767,0.3087836870698387,0.0,0.0,177.02899983723958,179.72699635823568,174.3310033162435,3.0480842387141345,0.5372491010895115,0.0,0.0,171.9600067138672,197.1999969482422,184.5800018310547,13.758549405485768,0.20879520810965052,2.9766235980642906,8.965243360577638,-3.7557602879669503,-2.9920937434820667,-0.7636665444848836,177.30333455403647,185.7407701932467,178.6725411870537,182.42830147502065,0.7151058863251942,1.2836169197354708,-0.5685110334102765,-0.23695694788972865,25.689110870456545,-4.599494934082031,-68.28774654750273,-40.535152928468705,-27.75259361903403,176.3550033569336,185.09500122070312,180.72500228881836,185.09500122070312,0.00011390682143586539,40.3690267429054,16.119300573890882,31.47808782336947,-58.991314423620416,188.21500396728516,179.3949966430664,4.0,92.0,-88.0,,179.38149779774795,0.0,0.0,37.18380854178068,0.43965313346184126,0.2338533997196034,0.11454771276398411,-32.1743892950928,44.0185614372957,25.82063698191298,17.581434499914565,-74.17936301808702,-11.447765036190248,-2.6155336128080924,-2.058759664810679,-1.6299517612221446,-0.4288079035885346,-2.9066199008511355,0.2117517493825386,-3.1183716502336742,177.1042424320459,0.7904910251348207,0.7873830131237547,797.1561791007193,27.773178837729716,-534350.9527006149
2023-08-23,178.52000427246094,181.5500030517578,178.3300018310547,181.1199951171875,180.65118408203125,52722800,3.8899993896484375,1,13577141702.615719,8081339100,-0.16361316755166197,-3258122.7444628365,18.16960268597184,-4.166129287490131,152190665.5797921,178.57790571843998,28.07824767162876,14413.683520243401,182.78050079345704,198.2516945679226,167.30930701899146,16.92871362897524,0.44633556723301737,0.0,0.0,177.19133351643882,179.81933034261067,174.5633366902669,2.966281447312512,1.2474631555151967,1.0,0.0,171.9600067138672,197.1999969482422,184.5800018310547,13.808907473613022,0.36291568729868545,3.1109619706797362,8.937333455228117,-3.282317332038531,-3.0501384611933595,-0.2321788708451713,177.49250030517578,185.25577016977164,179.04907256092042,182.33138989295895,0.7766535790257769,1.1428282578208662,-0.36617467879508925,-0.24643898002086623,25.483128526503133,-2.9804977416992244,-69.28117820109715,-47.78572958891662,-21.49544861218053,176.7550048828125,185.09500122070312,180.9250030517578,185.09500122070312,50.00005695341072,38.16869085638524,23.40545537363998,28.356098240371047,-25.571972282757987,189.01000213623047,179.3949966430664,0.0,88.0,-88.0,171.9600067138672,,1.0,0.0,47.07191909400949,1.0,0.5528898596972313,0.2913485382163861,-28.07910774162543,47.94923999495762,59.403304092265216,33.97787982654243,-40.596695907734784,-10.64994040096505,1.2692138306990275,-1.800193227269027,-1.6640000544315212,-0.13619317283750587,-2.8333256061783265,-0.3972637217296345,-2.436061884448692,177.2416009507715,2.1948877071738204,2.1711468095650943,816.8477497899513,30.836274684960244,13982652.982557446
2023-08-24,180.6699981689453,181.10000610351562,176.00999450683594,176.3800048828125,175.92344665527344,54945800,-4.739990234375,0,13530184299.392494,8026393300,-0.1740978865944911,-39998755.98381413,-12.830238043379524,-2.765468489360099,150752709.7359251,177.76575383757933,30.379400599291117,14413.683520243401,181.9385009765625,196.86896037293744,167.00804158018755,16.41264418057209,0.31385381567362974,0.0,0.0,177.0970001220703,179.91899871826172,174.2750015258789,3.1869524545827934,0.372963218297579,0.0,0.0,171.9600067138672,196.72999572753906,184.34500122070312,13.614484499277463,0.17844166852499127,3.3108658346469184,8.746153444390155,-3.252099794585604,-3.0905307278718084,-0.16156906671379545,177.20750045776367,184.5357701228215,178.63844676428843,181.89054655887404,0.8357251920741856,1.138883011626199,-0.3031578195520134,-0.25374525707800843,25.390018264894216,-3.7484985351562443,-72.22106181420044,-54.251911686513495,-17.969150127686945,176.7550048828125,184.5800018310547,180.6675033569336,185.09500122070312,49.991772451497646,36.769950256697356,20.780079639458084,30.268049538691667,-45.97267130993745,191.00749969482422,181.2699966430664,20.0,84.0,-64.0,172.151806640625,,0.0,0.0,39.013202071771886,0.5937657421453864,0.6778062918690759,0.4881831837619705,-27.11785769518698,44.94467273224178,39.570267623084625,41.59806956575431,-60.429732376915375,-9.658527553782733,-1.9021124087305052,-1.7879432747391133,-1.6887886984930398,-0.09915457624607349,-2.414170403922663,-0.8006450581682403,-1.6135253457544225,177.23031317921067,-2.617044148719283,-2.6518981912310835,792.853439401409,23.77897739199824,11523725.117437951
2023-08-25,177.3800048828125,179.14999389648438,175.82000732421875,178.61000061035156,178.14767456054688,51449600,2.2299957275390625,1,13564947682.81396,8077842900,-0.1583015915561875,-17894306.81704158,-6.92538837249068,-1.394212925602611,151403193.83280346,177.50847949919424,39.24058879520986,14595.917627162711,181.07750091552734,194.62646239255173,167.52853943850295,14.964820486831199,0.4089413491447285,0.0,0.0,177.11766713460287,180.06566518147787,174.16966908772787,3.328858260801991,0.75310964458247,0.0,0.0,171.9600067138672,196.72999572753906,184.34500122070312,13.67921960952348,0.2684697959621173,3.312777908408789,8.420168339973852,-3.013472722366231,-3.075119126770693,0.06164640440446201,177.24250030517578,183.97730842003455,178.63407043291355,181.64754315527978,0.9285714285714286,1.0931378136175185,-0.1645663850460899,-0.25648077139822634,25.292028540373106,-3.107499694824213,-71.7341569065655,-59.594422521303336,-12.139734385262166,176.7550048828125,184.5800018310547,180.6675033569336,185.09500122070312,37.48350218793725,35.52183601728641,19.263660034492002,28.47559401535279,-42.30648365270267,191.27000045776367,184.3249969482422,16.0,80.0,-64.0,172.33977056884765,,0.0,0.0,43.88092420320773,0.8391441915995226,0.8109699779149696,0.6805553764937593,-24.637269846813187,51.652539018051336,69.34302852869577,56.105533414681894,-30.65697147130424,-8.543116984647838,0.23570243178116537,-1.658966958771466,-1.6828243505487253,0.023857391777259318,-2.577033870340935,-1.1559228206027794,-1.4211110497381556,177.24094536225857,1.264313224744873,1.2563875190107154,804.1419035133505,28.058010989176893,6083362.350369394
2023-08-28,180.08999633789062,180.58999633789062,178.5500030517578,180.19000244140625,179.7235870361328,43820700,1.5800018310546875,1,13591584000.238955,8121663600,-0.16603023923946927,-5447007.8091644775,9.706335439455051,-0.3283621435312539,151790836.10368136,177.4856115459115,46.72050818946483,14725.034566292848,180.26450119018554,191.8327891683357,168.6962132120354,12.83479320861426,0.49678004433672457,0.0,0.0,177.2133336385091,180.12733052571616,174.29933675130206,3.288688077107338,1.010753600315297,1.0,0.0,171.9600067138672,196.72999572753906,184.34500122070312,13.740913407869831,0.33225673709408954,3.1854994461811916,8.11092702456974,-2.6661325884080327,-2.993321819098161,0.3271892306901285,177.42750040690103,183.52538534311148,178.8734445880663,181.53957717647432,0.9867267567245975,0.9926526992604959,-0.005925942535898399,-0.25388078894240673,25.187119273223004,-2.4745079040527287,-70.31436216624532,-63.61764343640053,-6.69671872984479,176.7550048828125,184.5800018310547,180.6675033569336,185.09500122070312,68.74175109396862,33.79658692106946,21.621153340529602,27.167632643134144,-10.853321767934862,191.27000045776367,184.3249969482422,12.0,76.0,-64.0,172.52397521850585,,0.0,0.0,47.10246492416547,1.0,0.8109699779149696,0.7665820825663386,-21.553492111640264,57.33101018180581,85.8185492211491,64.91061512430986,-14.181450778850897,-7.369647351433258,1.2474019247491435,-1.4686233326500975,-1.6399841469689997,0.17136081431890227,-3.833750585003817,-1.6914883734829869,-2.1422622115208303,177.2624125955206,0.8846099466185864,0.8807201954166288,812.1400327233763,28.73863434756862,-229793.30923467875
2023-08-29,179.6999969482422,184.89999389648438,179.5,184.1199951171875,183.64341735839844,53003900,3.92999267578125,1,13629275669.117771,8174667500,-0.11471489729305086,25088984.561836414,26.79419649540449,1.5646450762003294,152946865.4946881,177.7801943781656,54.77725610140383,14725.034566292848,179.69000091552735,189.09112747974558,170.28887435130912,10.463716975145122,0.7356097522674154,0.0,0.0,177.6980000813802,180.90899709065758,174.48700307210288,3.6139934133268934,1.5000001584013578,1.0,0.0,171.9600067138672,195.17999267578125,183.56999969482422,12.922247116482474,0.5236862943528646,3.40694889121151,7.721136136324754,-2.0501130382256747,-2.804680062923664,0.7545670246979892,177.95500055948892,183.1934620783879,179.6806062079311,181.73071924615678,1.021983232434903,0.9093199960586369,0.11266323637626607,-0.24317496531479194,25.319272133907283,-0.22999420166016193,-66.6359189203821,-66.17676431007713,-0.45915461030496374,178.43000030517578,184.5800018310547,181.50500106811523,185.09500122070312,84.37087554698431,31.97390190730996,28.358795005792874,24.022176119967906,62.098974801368776,191.87999725341797,184.3249969482422,8.0,72.0,-64.0,172.7044957751709,,0.0,0.0,54.15244837342144,1.0,0.9463813971998408,0.8561071176765936,-16.381293558742076,61.02167523126538,93.97218275189114,83.04458683391204,-6.027817248108863,-6.090735401826748,3.560381388207416,-1.1281048392532735,-1.5376082854258546,0.40950344617258105,-3.3914825832045583,-2.031487215427301,-1.3599953677772572,177.65334203081144,2.181027039532446,2.1575829141522007,832.0340534754732,31.635883065315,13258547.866473734
2023-08-30,184.94000244140625,187.85000610351562,184.74000549316406,187.64999389648438,187.16427612304688,60813900,3.529998779296875,1,13682267369.78013,8235481400,-0.04457999429045187,52172414.30504296,20.94172553182539,2.9761351027654825,154112806.1771634,178.4634498050324,55.334510045916346,14725.034566292848,179.44350051879883,187.66420631727004,171.2227947203276,9.162444752475166,0.9991355717420084,0.0,0.0,178.65233357747394,181.97033131917317,175.33433583577477,3.714474561016945,1.8558870468673911,1.0,0.0,171.9600067138672,192.3699951171875,182.16500091552734,11.374047176025819,0.7687406221193506,3.4392551007231718,7.3003526709403745,-1.2625181827459926,-2.49624768688813,1.2337295041421372,178.6374994913737,182.96384664682242,180.90666585232393,182.16918403506992,1.112768218661874,0.8257624399734341,0.2870057786884398,-0.22325229660367565,25.432648204482895,-1.9935035705566406,-59.8089921431442,-66.90606971026665,7.097077567122447,179.9050064086914,184.5800018310547,182.24250411987305,185.09500122070312,92.18543777349215,31.035321115143653,32.38148140791965,22.1173048971805,171.49207676385203,192.1699981689453,184.3249969482422,4.0,68.0,-64.0,173.19231570002344,,0.0,0.0,59.38812911572604,1.0,1.0,0.9191171250382705,-10.145270484205238,64.41969719812327,98.74126988852153,92.84400062052062,-1.2587301114784701,-4.696499588910285,4.563683760290606,-0.6930470647016466,-1.368696041281013,0.6756489765793664,-1.8290707013167824,-1.9910039126051975,0.1619332112884151,178.70352933698518,1.9172272827023162,1.8990800625655169,849.9032646327812,32.72430148958614,16988132.004845798
2023-08-31,187.83999633789062,189.1199951171875,187.47999572753906,187.8699951171875,187.3837127685547,60794500,0.220001220703125,1,13650387292.606915,8296275900,-0.049390913013887566,46629907.14889913,5.408682955941553,3.814674128330928,154184081.76814163,179.33150232481808,63.16920803522277,14742.29822568453,179.27850036621095,186.6385354503093,171.9184652821126,8.210728078452297,1.083658545972072,1.0,0.0,179.96833343505858,183.04733123779297,176.88933563232422,3.4217106353828983,1.7831548101644703,1.0,0.0,171.9600067138672,189.1199951171875,180.54000091552734,9.571693409007619,0.9271561279284934,3.259329529615698,6.844751089097141,-0.6135190597614439,-2.119701961462793,1.506182901701349,179.50583267211914,182.70884645902194,181.97794727768755,182.591466337449,1.2003648600557284,0.7464626542506997,0.4539022058050287,-0.1972706764471059,25.324924180898833,-2.708493041992199,-51.69486458576227,-66.0107750754768,14.315910489714533,181.43000030517578,184.5800018310547,183.00500106811523,185.09500122070312,96.09271888674607,30.457421853618307,34.01199797073504,21.316925145452522,225.58408233698572,192.1699981689453,184.3249969482422,0.0,64.0,-64.0,174.07177712423297,,0.0,0.0,59.69703714821587,1.0,1.0,0.9821271323999472,-5.283407348168499,62.1471836866536,92.71561279284936,95.14302181108735,-7.28438720715065,-2.685588702033556,5.872075710423692,-0.33600642574806516,-1.1621581181744236,0.8261516924263584,-0.606697383587156,-1.7141426068015893,1.1074452232144334,180.33744983904592,0.1172401960345848,0.11717152338617254,851.0169330823755,30.346205127009114,12149673.521118268
2023-09-01,189.49000549316406,189.9199981689453,188.27999877929688,189.4600067138672,188.9696044921875,45732600,1.5900115966796875,1,13670465486.451294,8342008500,0.06769563018932619,50356401.03424404,2.8688605428068814,3.663443138373341,154571133.27309832,179.9820889531355,63.405827110521884,14867.067618082328,179.6520004272461,188.18864318347994,171.11535767101225,9.503532090855778,1.0744650775891285,1.0,0.0,181.50533294677734,184.43433074951173,178.57633514404296,3.2274509571498418,1.8579173326220495,1.0,0.0,171.9600067138672,189.9199981689453,180.94000244140625,9.99710073495753,0.9743879914292463,3.1383968818299097,6.442670167994943,0.02878623871953323,-1.6900043214263278,1.718790560145861,180.5799992879232,182.5642312856821,183.1290333447921,183.10024710607257,1.1933776326162857,0.7413196947959746,0.4520579378203111,-0.16622503324177254,25.198830808700137,-5.652000427246094,-41.65862630700479,-63.51521195465605,21.856585647651265,182.87000274658203,184.34500122070312,183.60750198364258,185.09500122070312,98.04635944337303,30.103630997571564,34.24483657296696,20.326716697849832,216.36804687758567,192.56999588012695,184.3249969482422,8.0,60.0,-52.0,175.27563456366934,,0.0,0.0,61.94969009429083,1.0,1.0,1.0,-0.5776426408999769,60.10766639824144,97.43879914292462,96.29856060809853,-2.5612008570753746,-0.24597136553595078,7.300220227085201,0.015721572840290573,-0.9265821799714808,0.9423037528117714,-1.8666473362546534,-1.7446435526922022,-0.12200378356245123,182.04937063109125,0.8463361036912254,0.8427747595417756,859.0657327392687,31.031636795920292,-4052460.9497259706
2023-09-05,188.27999877929688,189.97999572753906,187.61000061035156,189.6999969482422,189.20896911621094,45280000,0.239990234375,1,13705046439.322784,8387288500,0.14844576269907103,44715023.43113775,-1.5963984849984518,3.64291957562662,154628489.7463772,180.66525327066734,63.02286868534491,14885.8998302416,180.19449996948242,189.7736885766863,170.61531136227853,10.632054373275778,0.9961535558247228,0.0,0.0,182.8913324991862,185.81832987467448,179.9643351236979,3.2008049102067844,1.6630800399881072,1.0,0.0,171.9600067138672,189.97999572753906,180.97000122070312,10.00029913050827,0.9844617674802999,3.0615567053656685,5.901396558823119,0.5508333574941844,-1.2418367856422254,1.7926701431364098,181.88833236694336,182.32846186711237,184.13995082224596,183.58911746475178,1.1842042113998636,0.7347453312754042,0.44945888012445945,-0.13249784075725968,25.17302277584163,-5.704494476318359,-31.437954892308582,-59.42079065963449,27.98283576732591,182.9000015258789,184.34500122070312,183.62250137329102,185.09500122070312,99.02317972168652,29.514345500606748,32.37261405830811,20.76099055403254,167.26878938347258,192.83999633789062,184.3249969482422,4.0,56.00000000000001,-52.00000000000001,176.74007092419694,,0.0,0.0,62.29227295324302,1.0,1.0,1.0,3.260447080718031,71.04156448185115,98.44617674802998,96.20019622793468,-1.5538232519700108,1.733734265495741,9.022986751863327,0.30003595262117955,-0.6812585534529488,0.9812945060741284,-2.928904870897975,-1.9814958163333567,-0.9474090545646181,183.4124168843274,0.12667065653462206,0.12659049694381252,860.2805875995282,29.94290114684017,3119749.027635388
2023-09-06,188.39999389648438,188.85000610351562,181.47000122070312,182.91000366210938,182.43655395507812,81755800,-6.7899932861328125,0,13655195374.744654,8305532700,0.058452122114362834,-40975884.64508435,-32.81268999807455,1.5303013613967427,151702177.980258,181.27727596909529,59.956926364115084,14885.8998302416,180.35,189.99923830318934,170.70076169681064,10.700569230040866,0.6326531474128495,0.0,0.0,183.6269999186198,187.14899851481118,180.10500132242836,3.8360356567958913,0.3982117344842587,0.0,0.0,171.9600067138672,189.97999572753906,180.97000122070312,9.991676747253605,0.6076583587223254,3.5784006075830077,5.33168216770411,0.411915443594836,-0.9110863397948132,1.3230017833896492,182.58999888102213,181.80769289456882,183.95072818222496,183.53881273863013,1.0314388994724615,0.7545342023650825,0.27690469710737897,-0.10534710851008906,25.467703262944706,-4.510003662109369,-24.816786483652887,-54.480302691029564,29.663516207376677,182.9000015258789,184.34500122070312,183.62250137329102,185.09500122070312,99.51158986084326,27.786557105904226,26.877380588219186,29.90100445486499,70.67059267274774,193.17499542236328,184.3249969482422,0.0,52.0,-52.0,178.32886190059799,,0.0,0.0,48.88250306044022,0.6174971908022054,0.8724990636007351,0.9574996878669121,2.3660039906278256,57.50062473273782,60.76583587223254,85.55027058772907,-39.23416412776746,2.62808828914865,4.8254902308861345,0.22442961107165238,-0.5001209205480286,0.724550531619681,1.6596587945706134,-1.2532648941525628,2.9129236887231764,183.395495481976,-3.579332311737149,-3.6449612244476626,825.9089542442389,22.538040034597316,41255553.1795149
2023-09-07,175.17999267578125,178.2100067138672,173.5399932861328,177.55999755859375,177.10040283203125,112488800,-5.350006103515625,0,13736370025.0116,8193043900,0.14971881724401967,-121095867.77823636,-38.54703026311386,-0.34070040665032714,148411949.1544531,181.11773397663748,56.580044850069676,14885.8998302416,180.31849975585936,189.99979799546531,170.6372015162534,10.737997768075775,0.35753448922890063,0.0,0.0,183.2373331705729,186.90433298746743,179.5703333536784,4.002459273385039,-0.27411179376430156,0.0,1.0,171.9600067138672,189.97999572753906,180.97000122070312,9.993422215729323,0.31076549716416674,4.157561584422363,4.6929635267582706,-0.1283986845964762,-0.7545488087551459,0.6261501241586697,182.73333231608072,181.11346200796274,182.96753885551246,183.09593754010893,0.972161312300485,0.8677218813179198,0.10443943098256514,-0.08926476494675592,25.694883573914737,-3.088504028320301,-22.18315304465241,-48.92053504996867,26.73738200531626,181.75999450683594,183.56999969482422,182.66499710083008,185.09500122070312,95.82235700144098,27.783370094414444,22.24710333742729,39.32970349249369,-64.07768480827932,192.97249603271484,184.3249969482422,0.0,48.0,-48.0,,189.97999572753906,0.0,1.0,41.33248073810319,0.3744033712210419,0.6639668540077491,0.8454886392028284,-1.2079057483397655,53.98942707813918,31.07654971641667,63.429520778893085,-68.92345028358332,1.0914400886086923,0.9781626800071157,-0.07012645191450477,-0.4141220268213239,0.3439955749068191,8.88373908790828,0.7741359022596057,8.109603185648675,183.28835727436515,-2.9249390390909014,-2.9685682393126633,798.8266817751108,20.623626427631052,52645728.88024016
2023-09-08,178.35000610351562,180.24000549316406,177.7899932861328,178.17999267578125,177.71878051757812,65551300,0.6199951171875,1,13691687981.84003,8258595200,0.1457648730045195,-97990531.53487504,11.735902773414633,1.2187181477111295,148640837.90464517,181.47044543643636,64.06820343168926,14937.877670614382,180.3289993286133,190.0005373693009,170.65746128792568,10.726547673081885,0.38890047044268994,0.0,0.0,183.32799936930337,186.73099924723306,179.9249994913737,3.7124715151388656,-0.2563924299424444,0.0,1.0,171.9600067138672,189.97999572753906,180.97000122070312,9.992840353333339,0.345171462490622,4.0098062194371575,4.041198071697606,-0.5008001866846996,-0.7037990843410566,0.20299889765635704,182.81249872843424,180.5596155019907,182.23099328939998,182.73179347608468,1.073577600881594,0.7809176663739965,0.29265993450759753,-0.08048352106882226,25.862473980648485,0.7909957885742074,-16.91359478619688,-42.82936148103882,25.915766694841942,181.75999450683594,182.16500091552734,181.96249771118164,185.09500122070312,88.2292505181529,27.221313634641117,24.942922512984904,37.34787250648129,-25.025303725944326,193.0824966430664,184.375,0.0,44.0,-44.0,,189.65119567871093,0.0,0.0,42.44196070768675,0.32158035906276444,0.43782697369533724,0.6580976304346075,-3.5494295396601316,48.14674953045331,28.223836378284258,40.022073988977844,-71.77616362171574,-0.35129443897920964,0.5360249230624854,-0.2740629734749704,-0.3861102161520532,0.11204724267708283,8.219367131827008,2.2631821481730863,5.956184983653921,183.23087807147323,0.3491749975851999,0.34856679706871674,801.9651598194943,24.784356656247155,-15286070.792511314
2023-09-11,180.07000732421875,180.3000030517578,177.33999633789062,179.36000061035156,178.89573669433594,58953100,1.1800079345703125,1,13713197884.384531,8317548300,0.15473268741178503,-74054009.06310475,-0.9790840615366116,0.630874995940032,149031258.42674106,181.64292932353138,64.64945551127317,15036.80468207206,180.40749969482422,190.02064071162695,170.7943586780215,10.657141230895872,0.44551733493549367,0.0,0.0,183.4419993082682,186.80800120035806,180.07599741617838,3.669826871471659,-0.10635716033158259,0.0,1.0,171.9600067138672,189.97999572753906,180.97000122070312,9.988492188048907,0.4106547396266421,3.9048262688801607,3.6133554638903154,-0.692728933577996,-0.7015850541884446,0.008856120610448603,182.66583251953125,180.10538482666016,181.78930210800792,182.4820310415859,1.0323221950930268,0.800799264519261,0.23152293057376583,-0.0755739376248397,25.785628812796304,-4.027494812011724,-13.063742048267091,-36.46818146793013,23.40443941966304,181.75999450683594,180.97000122070312,181.36499786376953,185.09500122070312,79.115068005549,26.781874614466073,23.53248137823736,36.09562740718399,-21.965071382720808,193.18000030517578,184.375,84.0,40.0,44.0,,189.32897163085937,0.0,0.0,44.58975723576862,0.294958248844841,0.33031399304288245,0.4773692735819899,-4.7146077393670165,45.82070805463919,35.401499147958255,31.56729508088642,-64.59850085204174,-1.9731764849494482,-0.9717284420735508,-0.3796148747490265,-0.38481114787144793,0.005196273122421435,6.791631293072875,3.168871977153044,3.622759315919831,183.204494218736,0.6622561359722834,0.6600728540022693,807.9384794347311,26.525278865511268,-1803634.3421340287
2023-09-12,179.49000549316406,180.1300048828125,174.82000732421875,176.3000030517578,175.84365844726562,90370200,-3.05999755859375,0,13673203417.48836,8227178100,0.0850833583257937,-102979520.82117963,-7.902951068131832,-0.42631956192183346,147489484.39446738,181.3935209338769,56.49655327453907,15036.80468207206,180.24949951171874,190.02228729833607,170.4767117251014,10.843622659803238,0.29793399047458635,0.0,0.0,183.17266642252605,186.86566874186198,179.4796641031901,4.0322635374180384,-0.43049811189991677,0.0,1.0,171.9600067138672,189.97999572753906,180.97000122070312,9.99724773854383,0.24084345082551623,4.04534339785152,3.5808353560652773,-1.0793084814468443,-0.7771297396401247,-0.30217874180671966,182.6591657002767,179.88653857891376,180.94479456089252,182.02410304233936,0.9514862329459468,0.844892633295434,0.10659359965051285,-0.0765886557718199,25.662491304837822,-1.6394989013671761,-12.39273170262027,-30.441160665956595,18.048428963336324,181.75999450683594,180.97000122070312,181.36499786376953,185.09500122070312,63.35437354351823,26.82480494243316,21.21490032294711,37.2145882988337,-52.54715703245985,189.81749725341797,184.375,80.0,36.0,44.0,,189.01319206396485,0.0,0.0,40.38160399831998,0.05878249752816675,0.2251070351452574,0.33108266729449265,-7.092292020191694,44.185681425490905,16.788378076353336,26.804571200865308,-83.21162192364666,-3.760557421515955,-0.04535765327132234,-0.5929481114903744,-0.4264385405952333,-0.16650957089514112,9.400812276364585,4.4152600369953525,4.985552239369232,183.04313320042905,-1.7060646455066664,-1.7207856012938727,792.4484620341442,23.189386666249504,35989209.09167181
2023-09-13,176.50999450683594,177.3000030517578,173.97999572753906,174.2100067138672,173.75906372070312,84267900,-2.089996337890625,0,13600611722.328878,8142910200,0.04687271884530397,-113428103.90411589,-7.229604309624,-2.240548633035822,146490507.65395066,180.8775793207891,48.910817073624315,14858.546791118528,180.0875,190.14384414116515,170.03115585883486,11.16828668415647,0.2077718699943057,0.0,0.0,182.40500030517578,185.89000396728517,178.9199966430664,3.821171191884799,-0.6757510731492884,0.0,1.0,171.9600067138672,189.97999572753906,180.97000122070312,10.006240862731659,0.12486134138555309,3.9728097904882427,4.1914923947779394,-1.5366077384243226,-0.9290253393969643,-0.6075823990273583,182.29249954223633,179.70807706392728,179.90867335365783,181.44528109208215,0.9190128090010401,0.9551618667165923,-0.03614905771555221,-0.08362198012901989,25.593068577695234,0.10250244140624432,-14.292772384130187,-25.38380291495504,11.091030530824854,181.75999450683594,180.97000122070312,181.36499786376953,185.09500122070312,31.677186771759114,27.009454798456566,19.895571555442842,36.47372776653041,-80.5773690374504,187.53250122070312,184.375,76.0,32.0,44.0,,188.7037280884082,0.0,0.0,37.76039248763327,0.0,0.11791358212433593,0.2244448701041589,-9.903543464148996,39.3869127173358,4.075506862741459,18.75512802901771,-95.92449313725854,-5.110440512264489,-2.4634644652867035,-0.8468711499002862,-0.5105250624562438,-0.3363460874440424,10.476803723399932,5.627568774276268,4.849234949123664,182.21386418170127,-1.1854771989295187,-1.1925600122853375,781.8686890045324,22.902231267343893,14336011.954127818
2023-09-14,174.0,176.10000610351562,173.5800018310547,175.74000549316406,175.28512573242188,60895800,1.529998779296875,1,13644108722.328878,8203806000,0.11678882050303144,-83914017.68005553,-3.310559812507038,-1.5605716165449302,147025324.8060867,180.678773616191,48.64629301179204,14989.041926738813,180.04599990844727,190.16670933060288,169.92529048629166,11.242359649536182,0.28726815306757053,0.0,0.0,181.2443339029948,184.67033793131512,177.81832987467448,3.780536422345737,-0.30331610300665063,0.0,1.0,171.9600067138672,189.97999572753906,180.97000122070312,10.008547272827485,0.20976698578611602,3.827529238685512,4.576853542240781,-1.7553282480961343,-1.0942859211367983,-0.661042326959336,181.92166646321616,179.55192331167368,179.26733983665878,181.0226680847549,0.9505004437404824,0.9670610162601174,-0.016560572519635053,-0.09261070765342816,25.45888005104945,4.073995208740229,-17.700207169987408,-21.606618757646725,3.906411587659317,181.75999450683594,180.97000122070312,181.36499786376953,185.09500122070312,15.838593385879557,27.252071395259264,18.93311522530944,35.477146968518305,-77.87084575966108,187.53250122070312,184.375,72.0,28.000000000000004,44.0,,188.4004533923627,0.0,0.0,40.79038118560566,0.12351228851860788,0.06076492868225821,0.13459518198395082,-11.254439001273782,41.689687350929475,13.382067398543919,11.415317445879596,-86.61793260145608,-4.7281751296099515,-2.469613678866133,-0.9696731722428755,-0.6023546844135702,-0.3673184878293053,8.505583833204083,6.203171786061831,2.3024120471422522,181.2747831022205,0.8782496529087691,0.8744154734032783,789.6136977048258,26.105289351470276,-8730145.548464656
2023-09-15,176.47999572753906,176.5,173.82000732421875,175.00999450683594,174.55697631835938,109205100,-0.730010986328125,0,13631883491.304487,8094600900,0.14156366891810626,-83315004.12048495,0.7853084136007764,-1.0098075603955403,146571694.89672515,180.2027764162395,40.66006974575497,14989.041926738813,180.09649963378905,190.10549585824103,170.08750340933707,11.115147984335533,0.24590333471568396,0.0,0.0,179.93966776529948,183.46967112223308,176.40966440836587,3.923541041031476,-0.19825333859537442,0.0,1.0,171.9600067138672,189.97999572753906,180.97000122070312,10.005740839113471,0.16925580757317366,3.7127755823950856,5.00936478119335,-1.964921224690272,-1.2684129818474932,-0.6965082428427789,181.16249974568686,179.42961531419022,178.61236363207064,180.5772848567609,0.9578267445173756,0.9233885403441685,0.03443820417320709,-0.10313811180648594,25.334419845919225,7.553494262695324,-20.030197147423976,-19.203459962137742,-0.826737185286234,181.75999450683594,180.97000122070312,181.36499786376953,185.09500122070312,7.919296692939779,27.337914268551508,18.722716604524436,33.61475302188693,-78.52420146523765,187.2449951171875,184.95999908447266,68.0,24.0,44.0,,188.1032441902381,0.0,0.0,39.79491896366325,0.08293397967930348,0.06881542273263712,0.08249797784641072,-12.64672572383157,44.5333336239539,8.941611936752142,8.799728732679199,-91.05838806324786,-4.9043213788201,-4.947860553957374,-1.0881331094599767,-0.6995103694228515,-0.38862274003712516,12.230282003668455,7.408593829583157,4.821688174085298,180.27950965387933,-0.41539260470577766,-0.41625775646814134,785.9183081941103,25.097639701581954,51781504.64806168
2023-09-18,176.47999572753906,179.3800048828125,176.1699981689453,177.97000122070312,177.50933837890625,67257600,2.9600067138671875,1,13640054945.537247,8161858500,0.11821408161470591,-42972439.59490229,12.480612896458615,-0.8116448848952859,147709246.77266,180.0620233785385,42.01058539649809,15242.556960909338,180.270499420166,190.0006970290975,170.5403018112345,10.795108062859251,0.3817856382818362,0.0,0.0,178.80166778564453,182.488671875,175.11466369628906,4.124127179591652,0.3872164846056917,0.0,0.0,173.5399932861328,189.97999572753906,181.75999450683594,9.119629941829064,0.2694651628160815,3.778499061753233,5.273137078221044,-1.870614089865029,-1.3888532034510004,-0.4817608864140286,180.35583368937174,179.42961531419022,178.5135386457064,180.38415273557143,0.932367743322701,0.8806285442375271,0.05173919908517388,-0.11089800288592352,25.298338595941814,7.599495697021496,-22.411849643555744,-18.200559378942984,-4.21129026461276,181.19499969482422,180.97000122070312,181.08250045776367,185.09500122070312,3.9596483464698893,26.463339431406606,22.704969651634983,30.777549758133244,-38.821499354952856,187.2449951171875,185.6699981689453,64.0,20.0,44.0,,187.811979172156,0.0,0.0,45.59282507800012,0.31927567074798113,0.17524064631529748,0.10160699924339789,-12.081242104733372,46.93029595539178,26.94651628160815,16.423398538968097,-73.05348371839185,-4.580968116311482,-5.158536099458197,-1.0370168673337938,-0.7670116690050399,-0.2700051983287539,10.359229883894807,7.998721040445487,2.3605088434493204,180.00248505853412,1.6913358132535583,1.6771919860582685,800.9021618167673,28.621137295613664,-14456471.661275476
2023-09-19,177.52000427246094,179.6300048828125,177.1300048828125,179.07000732421875,178.6064910888672,51826900,1.100006103515625,1,13668663495.56166,8213685400,0.11271146587390718,-28689247.32044569,2.918384839405761,-2.5170600031809096,148029581.13201976,179.8384518056338,41.8698256666713,15336.768938069421,180.43199996948243,189.96797294245243,170.89602699651243,10.57015715015394,0.4285865926254043,0.0,0.0,177.7530019124349,181.45300649007163,174.05299733479816,4.163085335075733,0.677973484106478,0.0,0.0,173.5399932861328,189.97999572753906,181.75999450683594,9.1114671700069,0.3363754998088011,3.6506491555779093,5.481682127136461,-1.687659419395402,-1.4486144466398807,-0.23904497275552128,179.62250137329102,179.47884662334735,178.59914921163139,180.2868086310268,0.9289036967533139,0.9497485553433835,-0.02084485859006968,-0.1150827610895131,25.27086739558779,9.028006744384754,-24.365017624877687,-18.150362839079076,-6.214654785798611,176.9199981689453,180.97000122070312,178.94499969482422,185.09500122070312,1.9798241732349446,25.572072932597212,22.076968165500105,29.25622798266482,-29.610778697063132,187.01499938964844,187.38999938964844,60.0,16.0,44.0,,187.52653945443552,0.0,0.0,47.61192385383747,0.40158076670945225,0.267930139045579,0.17066206936450481,-11.011858072642472,49.87404668071435,33.63754998088011,23.17522606641349,-66.36245001911989,-3.8815862319048904,-4.68408368642347,-0.9360970068804918,-0.8008287365801303,-0.13526827030036148,7.063117634375521,7.811600359231494,-0.7484827248559727,179.90912453449857,0.6180851244426799,0.6161828129163105,806.4705040647393,28.343820078740578,-11875176.847280346
2023-09-20,179.25999450683594,179.6999969482422,175.39999389648438,175.49000549316406,175.03575134277344,58436200,-3.5800018310546875,0,13612673775.530434,8155249200,0.056639379414660955,-54476740.98893601,-6.107589495756904,-4.449153933722502,146861313.4465156,179.24018343752843,35.7282634029021,15336.768938069421,180.34500045776366,190.02687013922315,170.66313077630417,10.737053599361584,0.24927389417889095,0.0,0.0,176.998334757487,180.39033915201824,173.60633036295573,3.8328093867987927,0.27766401677504876,0.0,0.0,173.5399932861328,189.97999572753906,181.75999450683594,9.115862596510658,0.11861386359164368,3.7155845451958998,5.835821574196533,-1.8106704712837427,-1.521025651568653,-0.2896448197150896,178.45833460489908,179.32615426870493,178.12081940879025,179.931489880074,0.8127070508207285,1.0147332931116024,-0.20202624229087396,-0.12030242506176636,25.334416052421663,9.354996490478527,-26.773851799699106,-18.660440478528706,-8.1134113211704,176.94000244140625,180.97000122070312,178.9550018310547,185.09500122070312,0.9899120866174723,25.155833785032787,20.225173870444056,30.176930755949293,-59.55139654248082,186.62749862670898,187.38999938964844,56.00000000000001,12.0,44.00000000000001,,187.24680853106946,0.0,0.0,42.13186848246478,0.1781957156101306,0.2996840510225213,0.2476182787944662,-11.762225892492525,41.83280349488472,11.861386359164367,24.148484207217567,-88.13861364083563,-3.0300280851476202,-7.37358847548305,-1.0063110534407131,-0.8419251999522469,-0.16438585348846624,5.102480211575418,7.269776329700279,-2.1672961181248604,179.59697373020595,-1.999219123598317,-2.019473922271686,788.3481723976988,23.917924379273927,6293304.060765699
2023-09-21,174.5500030517578,176.3000030517578,173.86000061035156,173.92999267578125,173.47979736328125,63047900,-1.5600128173828125,0,13553242964.322739,8092201300,-0.01810650939359085,-60745139.720383696,-9.559066032414655,-5.51827886146223,146300851.14649644,178.4075457444165,29.370288471070268,15336.768938069421,179.98550033569336,190.05187906897385,169.91912160241287,11.185766313959236,0.1992211489176353,0.0,0.0,176.82433471679687,179.99333801269535,173.65533142089845,3.5843520078545152,0.043335589968979744,0.0,0.0,173.5399932861328,189.97999572753906,181.75999450683594,9.134070472756852,0.023722587088319046,3.5880263348169352,6.2444460557852475,-2.0108576971266814,-1.6189920606802588,-0.3918656364464226,177.144167582194,179.1907694889949,177.47607683448118,179.48693453160786,0.7377497759645708,1.0992740033608084,-0.3615242273962376,-0.12744429893813686,25.386872288594045,2.9245033264160156,-29.060264640636724,-20.010070462355355,-9.05019417828137,176.94000244140625,180.97000122070312,178.9550018310547,185.09500122070312,0.49495604330873616,25.115080195942944,19.239024852638543,31.78291292067475,-88.27387355866341,185.92499923706055,187.38999938964844,52.0,8.0,44.0,,186.97267222617072,0.0,0.0,39.97281428936996,0.09018557728740742,0.22332068653566342,0.26364495886792155,-13.04497646507578,40.639618933295424,2.3722587088319047,15.957065016292153,-97.62774129116809,-2.4982050727395517,-8.313128374358188,-1.1203365316669147,-0.8976074662951805,-0.2227290653717342,4.033646873878083,6.62255043853584,-2.588903564657757,179.40668293403064,-0.8889468166570769,-0.892921521746981,780.4512295983383,24.065732077756138,10700136.530205108
2023-09-22,174.6699981689453,177.0800018310547,174.0500030517578,174.7899932861328,174.33755493164062,56725400,0.8600006103515625,1,13524224665.941278,8148926700,-0.004509144480371868,-45098137.099980816,2.590640625404975,-5.538151712705224,146581331.11359087,177.7412047614808,29.880135183086836,15412.601923770439,179.90599975585937,190.10920702814997,169.70279248356877,11.342820457502045,0.24929420067646904,0.0,0.0,176.48133494059246,179.70833689371744,173.25433298746745,3.6570461734225637,0.23793916473744992,0.0,0.0,173.5399932861328,189.97999572753906,181.75999450683594,9.138106824517294,0.07603405196897751,3.5442246168625857,6.5882993879333664,-2.0761797462106415,-1.7104295977863353,-0.3657501484243062,176.46750005086264,179.12230741060696,177.06283321165833,179.13901295786897,0.7371887358727341,1.1028468751815712,-0.36565813930883706,-0.13441598080707037,25.351170509435246,-2.3460021972656193,-31.28152687843817,-22.034268776818806,-9.247258101619366,176.8550033569336,180.97000122070312,178.91250228881836,185.09500122070312,0.24747802165436808,24.793796647598516,19.589637956678324,29.76517410618282,-74.68774848391787,184.6525001525879,187.36499786376953,48.0,4.0,44.0,,186.70401864736996,0.0,0.0,41.745127029538466,0.1624308640950389,0.14360405233085896,0.22220292996301486,-13.576428658726122,41.6195138146689,7.603405196897751,7.279016754964701,-92.39659480310225,-2.1499994614544846,-4.43934733661517,-1.1589768816572248,-0.9498813493675894,-0.2090955322896354,2.390012431185941,5.7760428370658605,-3.3860304058799193,179.26695873706197,0.49445216268977354,0.49323376260366203,784.804639744516,26.097322956305334,2483625.613851838
2023-09-25,174.1999969482422,176.97000122070312,174.14999389648438,176.0800018310547,175.6242218017578,46172700,1.290008544921875,1,13541252991.410404,8195099400,-0.0179996095439609,-30146520.722538665,-0.030567426613792432,-5.426306637106321,146922101.0651327,177.13851220163482,34.5042246544284,15526.3520750654,179.77949981689454,190.1058330949842,169.45316653880488,11.487776179828108,0.32087068632147375,0.0,0.0,176.15466817220053,179.36767018636067,172.94166615804036,3.647932862067866,0.4883805953409361,0.0,0.0,173.5399932861328,189.97999572753906,181.75999450683594,9.144536756499154,0.15450171336498944,3.4718028875982023,6.663455670014994,-2.0007911571947545,-1.7685019096680192,-0.2322892475267353,176.34416707356772,179.20230748103216,176.91162838387314,178.9124195410679,0.7528684610159192,1.1050307357234168,-0.3521622747074976,-0.1393399598778953,25.29727484381558,-1.5995071411132926,-34.078821696387756,-24.44383433168186,-9.634987364705896,176.63999938964844,180.97000122070312,178.80500030517578,185.09500122070312,0.12373901082718404,24.49546192413583,18.459787289428697,28.04843988684483,-65.01922647576365,182.07999801635742,185.85499572753906,44.0,0.0,44.0,,186.4407381401452,0.0,0.0,44.39709555588574,0.5967125596178575,0.28310966700010126,0.21667813528887483,-13.256262005804606,40.72997296160706,16.59050567245756,8.855389859395766,-83.40949432754245,-2.4553529627182797,-0.8335186685563412,-1.1183075844186934,-0.9835665963778103,-0.13474098804088308,-0.2635748825507574,4.568119293142537,-4.831694175693294,179.17507668902164,0.738033408360006,0.7353232681253097,791.3347935845499,27.252148343892202,-4730842.398074679
2023-09-26,174.82000732421875,175.1999969482422,171.66000366210938,171.9600067138672,171.514892578125,64588900,-4.1199951171875,0,13487611494.720793,8130510500,-0.0777557245165149,-63855010.994249105,-11.674104957014194,-3.916407705602009,145410822.3857979,176.26391693121758,35.27684083503604,15526.3520750654,179.36800003051758,190.23772968079595,168.4982703802392,12.12003216675104,0.1592374624303249,0.0,0.0,175.7403345743815,178.77633616129557,172.70433298746744,3.455099359252774,-0.12258331431849126,0.0,1.0,171.66000366210938,189.97999572753906,180.81999969482422,10.213634573788376,0.01637571952467852,3.566622415732913,6.685984261906503,-2.247585563670839,-1.8643186404685832,-0.38326692320225564,175.82583491007486,179.1049998356746,176.14984043464145,178.3974259983123,0.8035577427874577,1.1241481914427278,-0.3205904486552701,-0.14685207405379352,25.309782217057506,-0.007999420166015625,-37.566209974051866,-27.02977184167316,-10.536438132378706,175.68000030517578,180.81999969482422,178.25,184.94499969482422,0.06186950541359202,24.816550984328522,16.82209860751081,30.557894391641018,-99.34217646863159,180.77000045776367,185.09500122070312,40.0,100.0,-60.0,,186.18272324306497,0.0,0.0,38.38666855938438,0.06357144371478754,0.2742382891425613,0.23365066949117416,-14.821865165529358,36.94729553982885,3.4722577887823167,9.222056219379235,-96.52774221121769,-3.283736150404991,-3.490844212364535,-1.2598755565520894,-1.0388283884126661,-0.22104716813942327,-0.05862240257887997,3.642770953998254,-3.701393356577134,178.89685761331768,-2.3398427273646605,-2.3676516945927872,770.4789612403908,22.470395170965617,20559624.410261035
2023-09-27,172.6199951171875,173.0399932861328,169.0500030517578,170.42999267578125,169.98883056640625,66921800,-1.5300140380859375,0,13466981231.389397,8063588700,-0.12012143540810857,-69360194.20278202,-14.219783736425326,-2.17874723940997,144815385.7176408,175.85891542303233,37.06442313880856,15526.3520750654,178.68349990844726,189.98563088608154,167.38136893081298,12.650447280722835,0.13486942201436047,0.0,0.0,175.3080006917318,178.41100056966147,172.2050008138021,3.540055063871412,-0.2860148578550889,0.0,1.0,169.0500030517578,189.97999572753906,179.51499938964844,11.713444546645453,0.06593359326017666,3.608959197597122,6.599066095540745,-2.537381895843623,-1.9989312915435913,-0.5384506043000319,175.081667582194,178.89692277174728,175.26986385635527,177.8072457521989,0.8550358304764655,1.0585755709743723,-0.2035397404979068,-0.15716732673661576,25.440810349111363,-2.3834968566894474,-39.53150808288915,-29.455471943106684,-10.076036139782463,174.375,179.51499938964844,176.94499969482422,183.63999938964844,0.03093475270679601,25.654391713081687,15.486453564822733,33.32538478557699,-122.8837345555183,180.77000045776367,185.09500122070312,36.0,100.0,-64.0,,185.60181445982676,0.0,0.0,36.41508368871687,0.0,0.22009466777754835,0.2591475413067373,-16.72539164751936,33.188254999748175,12.26657443576389,10.776445965667948,-87.73342556423611,-4.351647500430829,-4.978817966203178,-1.4270407739062816,-1.1164708655113893,-0.3105699083948923,0.3942924750715823,2.9930752582129196,-2.5987827831413375,178.61425419959005,-0.8897499292564004,-0.8937318409064865,762.7338752985628,23.072805665730726,14672397.36545217
2023-09-28,169.33999633789062,172.02999877929688,167.6199951171875,170.69000244140625,170.24818420410156,56294400,0.260009765625,1,13489065097.510761,8119883100,-0.1434776632853284,-57360581.63809888,-9.557273638370226,-3.6996884116803175,144901269.03852928,175.31121051860157,30.40023679466016,15550.039238930558,177.83550033569335,188.86098667406654,166.81001399732017,12.399646097163716,0.1759554329400482,0.0,0.0,174.80533345540363,178.09733327229816,171.51333363850912,3.7664752577293332,-0.125050310282149,0.0,1.0,167.6199951171875,189.97999572753906,178.79999542236328,12.573417887960185,0.13729907157504684,3.689063644048347,6.525528333092929,-2.7147727514750954,-2.1420995835298924,-0.5726731679452031,174.6141675313314,178.6453845684345,174.56526979251694,177.28004254399204,0.749339117131213,1.1229921475761837,-0.37365303044497067,-0.16836613070660852,25.563169375344124,-3.625493621826166,-40.49982090809047,-31.729874583180745,-8.769946324909725,173.65999603271484,178.79999542236328,176.22999572753906,182.92499542236328,0.015467376353398005,26.700131746955105,14.149254002154219,33.24776559164695,-128.46631851954066,180.72500228881836,185.09500122070312,32.0,100.0,-68.0,,184.60870577534263,0.0,0.0,37.00719712247677,0.052882190424080336,0.03881787804628929,0.17771694498879995,-18.094101846638896,35.5762538991053,24.21139907845636,13.316743767667548,-75.78860092154363,-5.127648297478174,-3.182076297925298,-1.5313470780566991,-1.1994461080204513,-0.33190097003624786,-0.5926590809846116,2.2759283903734135,-2.8685874713580253,178.1820352131899,0.15256103784480057,0.15244478171947407,764.0500710525569,24.63828015699343,1353501.191492267
2023-09-29,172.02000427246094,173.07000732421875,170.33999633789062,171.2100067138672,170.76683044433594,51814200,0.5200042724609375,1,13470275593.637392,8171697300,-0.1346542339535418,-45317126.3506354,9.905458319203314,-2.9222210987703225,145059120.14280468,174.86622611742558,29.686245954413835,15597.4121765691,177.00250091552735,187.36720124425227,166.63780058680243,11.711360319898949,0.22056624803677458,0.0,0.0,174.44833374023438,177.7453353881836,171.15133209228514,3.7799176148723705,0.008898178989164117,0.0,0.0,167.6199951171875,189.97999572753906,178.79999542236328,12.632590214656144,0.16055507596979635,3.593158378276325,6.4681162716954965,-2.781334787554414,-2.2699466243347968,-0.5113881632196171,174.3641675313314,178.2642311683068,174.04907547272467,176.83041026027908,0.8129082525489731,1.1035533691012873,-0.2906451165523142,-0.17881770259833976,25.491061282446083,-1.262495422363287,-41.84581043039557,-33.88920355949628,-7.956606870899286,173.65999603271484,178.79999542236328,176.22999572753906,182.92499542236328,0.0077336881766990025,27.228030382121094,15.45267022027153,31.438051373179153,-103.11303483705979,180.9250030517578,185.09500122070312,28.000000000000004,96.0,-68.0,,183.24960892269021,0.0,0.0,38.245764104343905,0.16349973641043916,0.07212730894483983,0.11034661825622612,-18.885676051684776,37.75690976781563,28.69711266368728,21.725028725969207,-71.30288733631272,-5.726707323859728,-1.722059516895248,-1.5728826186969365,-1.2741334101557484,-0.298749208541188,-1.9541087707708047,1.42992095814457,-3.3840297289153747,177.92177169872207,0.3046483478957418,0.304185235154808,766.6823853190105,25.42176866659537,2281883.529764965
2023-10-02,171.22000122070312,174.3000030517578,170.92999267578125,173.75,173.30026245117188,52164500,2.5399932861328125,1,13505413063.454966,8223861800,-0.12280517194988552,-19915039.76133391,5.878894789265748,-1.9378035375276388,145833008.78586695,174.53118451918724,36.83261127776882,15597.4121765691,176.21700057983398,184.93691067643127,167.4970904832367,9.896786425719226,0.3585420862999115,0.0,0.0,173.963666788737,177.27666880289715,170.6506647745768,3.8088436227129137,0.4677532962817809,0.0,0.0,167.6199951171875,189.97999572753906,178.79999542236328,12.688900921464446,0.274150479225596,3.570843578046349,6.2372193973147665,-2.599167860944391,-2.3357908716567155,-0.2633769892876754,174.19833374023438,178.16307713435248,174.00306386153625,176.60223172248064,0.8713307713825642,1.0780514462733481,-0.20672067489078394,-0.1852447473952435,25.426571164135332,-1.2070060729980412,-42.986603764861556,-35.958268686161155,-7.028335078700401,173.65999603271484,178.79999542236328,176.22999572753906,182.40999603271484,0.0038668440883495012,27.20753061849866,16.872773323193655,29.316693009863776,-73.76297695205764,180.6675033569336,185.09500122070312,24.0,92.0,-68.0,,181.99923981825,0.0,0.0,44.03420475552513,0.6804706465796191,0.29895085780471287,0.13663201493194763,-17.926516602492285,44.67129771501094,50.7450658414122,34.551192527851974,-49.2549341585878,-6.142618964700148,-1.1323577051108433,-1.4717638818001013,-1.313659504484619,-0.15810437731548221,-2.9832312531448064,0.5472905158866949,-3.5305217690315014,177.73623194713716,1.4835542237771948,1.4726572013952222,779.5400884531438,27.891488085156766,5987730.387413099
2023-10-03,172.25999450683594,173.6300048828125,170.82000732421875,172.39999389648438,171.95375061035156,49594600,-1.350006103515625,0,13511589901.275074,8174267200,-0.14347829779429822,-26634750.18134564,-2.2096677746874773,-1.57923664217503,145447667.70557103,174.33848090179364,38.3687631736448,15476.223102396914,175.35200042724608,181.64482179980035,169.0591790546918,7.177359091680481,0.26544650197471914,0.0,0.0,173.33099975585938,176.6750015258789,169.98699798583985,3.8585155277816816,0.360794652125802,0.0,0.0,167.6199951171875,188.85000610351562,178.23500061035156,12.107082288540246,0.22515291124319894,3.506758487819839,5.927172086103118,-2.5345171334141696,-2.3755361240082062,-0.15898100940596338,173.98083368937174,177.92423072228064,173.75643771306673,176.2909548464809,0.8833369437810746,1.0298087727989957,-0.1464718290179211,-0.18980948351506413,25.410604108639237,2.6180007934570426,-44.19028378047754,-37.89342779513654,-6.296855985341004,172.3499984741211,178.79999542236328,175.5749969482422,182.40999603271484,0.0019334220441747506,27.215152969318698,15.870103030938987,27.797607953081922,-87.47389856656169,180.6675033569336,185.09500122070312,20.0,88.0,-68.0,,180.848900242165,0.0,0.0,41.79199723139563,0.4802170490410715,0.44139581067704325,0.27082465914219894,-17.744949617060648,47.27122850347208,39.56952032083873,39.67056627531276,-60.43047967916127,-6.205970943675311,-1.4913437473707338,-1.4376898324824992,-1.3384655700841952,-0.09922426239830395,-4.129444185504781,-0.38805642439160026,-3.7413877611131805,177.27940939872107,-0.7769819300809333,-0.7800161618532364,772.7062208980449,25.24127830816829,4035716.473305136
2023-10-04,171.08999633789062,174.2100067138672,170.97000122070312,173.66000366210938,173.2104949951172,53020300,1.260009765625,1,13546609412.778486,8227287500,-0.08228717752000105,-13286057.901672382,2.2304571713219827,-1.1834497147586713,145835174.0753014,174.19374250917778,44.97211169419138,15476.223102396914,174.8895004272461,180.17077525988657,169.60822559460564,6.0395561994729,0.383598486719728,0.0,0.0,172.939333597819,176.17733561197915,169.70133158365886,3.744668083075094,0.6112831402109701,0.0,0.0,167.6199951171875,180.3000030517578,173.95999908447266,7.250296846633847,0.4763410698233568,3.4800831883542616,5.649348737090563,-2.3544678683373377,-2.3713224728740325,0.01685460453669485,173.6216672261556,177.67307692307693,173.74160170522714,176.09606957356448,0.8967262752599632,0.9917631605745421,-0.09503688531457888,-0.19120205192521458,25.271062442845647,4.180506896972645,-41.85700481104934,-39.31528781407127,-2.5417169969780744,172.3499984741211,178.79999542236328,175.5749969482422,182.40999603271484,50.000966711022095,26.96584869980885,16.004343641862036,25.960444904486295,-63.00359580181078,180.6675033569336,185.09500122070312,16.0,84.0,-68.0,,179.7905878321668,0.0,0.0,44.62608775961612,0.7333322571199543,0.6313399842468816,0.45722888424287955,-16.787186919656186,49.105305039175825,50.000063157229924,46.77154977316031,-49.999936842770076,-5.751969999425569,-2.4217550873918694,-1.3370360133755024,-1.3381796587424566,0.0011436453669542157,-4.537870170695765,-1.2180191736524333,-3.3198509970433316,177.21188773536127,0.730864159068112,0.7282062893941621,779.0845178805464,26.991003380175044,9268096.161240898
2023-10-05,173.7899932861328,175.4499969482422,172.67999267578125,174.91000366210938,174.45726013183594,48527900,1.25,1,13576216951.93237,8275815400,-0.1275473017627085,-2722353.2014334723,8.419344215870346,-0.6381614431679876,146184476.58434677,174.075940033056,54.65543256537866,15587.620536866836,174.7570007324219,179.8946473018336,169.61935416301017,5.879760522187252,0.514890371264387,0.0,0.0,172.90433349609376,176.1753356933594,169.63333129882812,3.783597705305089,0.8065834330059827,0.0,0.0,167.6199951171875,180.3000030517578,173.95999908447266,7.255793977595913,0.5749214497765937,3.4090752967649296,5.293137672406237,-2.0868569869428484,-2.3144293756877956,0.22757238874494723,173.27500025431314,177.318846482497,173.92135585243977,176.00821283938262,0.9279084061882947,0.9740723074166838,-0.04616390122838909,-0.18867465306379175,25.155436013282287,0.7330047607421761,-38.067659222083755,-40.06930251892078,2.001643296837024,172.2949981689453,178.79999542236328,175.5474967956543,182.40999603271484,75.00048335551105,26.195674751480272,17.654037396565915,24.47136550418718,-16.37236291475929,181.50500106811523,185.09500122070312,12.0,80.0,-68.0,,178.81694041496846,0.0,0.0,47.36409085320701,0.977865808837525,0.730471704999517,0.6010691666411475,-15.195815865857437,56.40955386231074,60.347743707960966,49.97244239534323,-39.652256292039034,-4.861911594166486,-2.3231158161385443,-1.185658869706962,-1.3076755009353578,0.12201663122839568,-5.44993618675903,-2.0644025762737526,-3.385533610485277,177.18703387509794,0.7197972898999483,0.717219113576828,785.4121444161806,27.60277844146117,3494638.73765634
2023-10-06,173.8000030517578,177.99000549316406,173.17999267578125,177.49000549316406,177.0305938720703,57224100,2.5800018310546875,1,13621544181.347492,8333039500,-0.05623608293894793,18757737.653122243,12.776505061702581,-0.6170262885077044,147028557.99586892,173.90788681390447,54.02502522019335,15587.620536866836,174.722501373291,179.77632563662402,169.668677109958,5.784972426116567,0.7738029634263415,0.0,0.0,172.99566701253255,176.44467061360677,169.54666341145833,3.9873872688665246,1.1515415755483278,1.0,0.0,167.6199951171875,180.3000030517578,173.95999908447266,7.257226650779076,0.778391498404928,3.5491690488267182,5.034068309103924,-1.647596384091571,-2.1810627773685507,0.5334663932769796,173.44166692097983,176.9280776977539,174.47037887408968,176.11797525818125,0.9141601603892071,1.005638862322718,-0.09147870193351082,-0.18043384994392508,25.23187921931475,-0.7925086975097599,-33.470786816092826,-40.001743087776894,6.530956271684069,172.80500030517578,178.79999542236328,175.80249786376953,182.40999603271484,87.50024167775553,24.496893925790836,21.05939643020834,22.10073967568709,49.5157794585471,182.24250411987305,185.09500122070312,8.0,76.0,-68.0,167.6199951171875,,1.0,0.0,52.5762676859901,1.0,0.903732688652493,0.7551814592996308,-12.239520149364495,62.96370303993781,81.70537152240503,64.01772612919866,-18.294628477594973,-4.1463531045352795,1.139666042165522,-0.9355072255834573,-1.2332418458649776,0.2977346202815203,-4.891718031563166,-2.6298656673316354,-2.261852364231531,177.19497230618353,1.4750453244736894,1.4642723393322399,798.4723748547134,29.367281445731095,14543118.61473316
2023-10-09,176.80999755859375,179.0500030517578,175.8000030517578,178.99000549316406,178.52670288085938,42390800,1.5,1,13662369846.266363,8375430300,-0.04129852021452324,25161803.702676207,14.106864918040609,0.18215085996621333,147386810.2806853,173.81336766907208,53.43404822539893,15719.354325145978,174.70400161743163,179.69206829387707,169.7159349409862,5.710306152423863,0.9296257602140447,0.0,0.0,173.21700083414711,176.70900370279946,169.7249979654948,4.031940111924556,1.3266036535710097,1.0,0.0,167.6199951171875,180.1300048828125,173.875,7.160688736265773,0.9088730216037938,3.5192521439440467,4.806139765286347,-1.1650121922953929,-1.9778526603539193,0.8128404680585264,173.86333465576172,176.58653963529147,175.16570604625497,176.33071823855036,0.9496193778574901,0.9888955792230921,-0.03927620136560206,-0.1666985439854504,25.355198432502778,0.08599166870118324,-30.586744890588548,-39.226246967392086,8.639502076803538,173.33499908447266,178.79999542236328,176.06749725341797,182.40999603271484,93.75012083887776,22.944735007790765,21.820332776661623,20.645445229617657,111.57690359403507,183.00500106811523,185.09500122070312,4.0,72.0,-68.0,167.82739532470703,,0.0,0.0,55.34489234014914,1.0,0.9926219362791749,0.8756087766437286,-8.901375072394773,65.80209465414882,94.12258818328228,78.72523447121611,-5.877411816717719,-3.257587298224962,2.909223843190209,-0.6606972420535923,-1.1187329251027007,0.45803568304910847,-6.5277877727248175,-3.409450088410272,-3.1183376843145454,177.24571897786427,0.8451180086631815,0.8415668798789078,806.0655266974745,29.248077477413688,-4604504.321518168
2023-10-10,178.10000610351562,179.72000122070312,177.9499969482422,178.38999938964844,177.92825317382812,43698000,-0.600006103515625,0,13640397473.694185,8331732300,-0.02770596777583684,17821679.357804496,5.7112430821965425,1.026353186962888,147240326.86872503,173.85953321177226,60.43732829529362,15719.354325145978,174.80850143432616,180.00898219300845,169.60802067564387,5.949917442243001,0.8443429676518759,0.0,0.0,173.79166717529296,177.10667114257814,170.4766632080078,3.81491704540877,1.1935636065197968,1.0,0.0,167.6199951171875,179.72000122070312,173.6699981689453,6.921863641775729,0.8900825487461317,3.3443273567957363,4.3702438641171195,-0.8215064070683411,-1.7465834096968036,0.9250770026284625,174.16333516438803,176.1607701228215,175.6617511760078,176.48325758307615,1.0310193289913687,0.9752708597507028,0.0557484692406659,-0.15017247852295015,25.396058488955813,1.271500396728527,-26.745603871392742,-37.80559094389249,11.059987072499748,173.6699981689453,178.79999542236328,176.2349967956543,182.17499542236328,96.87506041943888,21.734580713865878,22.416497331332298,19.87775326398214,129.43329188141885,183.60750198364258,185.09500122070312,0.0,68.0,-68.0,168.27629963378905,,0.0,0.0,53.98717901973962,0.9282764371573936,0.9760921457191313,0.9574822568836,-6.504872232171596,67.32472565200159,89.00825487461317,88.27873819343353,-10.99174512538683,-1.9905887828153936,2.059617965441753,-0.46548687865285604,-0.9880837158127318,0.5225968371598757,-7.610820210540409,-4.2497241128363,-3.3610960977041087,177.38885082413648,-0.335217657467779,-0.3357807706459326,803.0282350637561,27.373630528724675,4154190.6319105625
2023-10-11,178.1999969482422,179.85000610351562,177.60000610351562,179.8000030517578,179.3345947265625,47551100,1.410003662109375,1,13685835062.481348,8379283400,0.0742778847551455,24853900.18345087,-0.5204594786520613,1.6719679408030732,147616173.19064176,174.12507041144656,68.25307569316566,15719.354325145978,175.0880012512207,180.71329217917543,169.46271032326598,6.425672676317109,0.9188229427495875,0.0,0.0,174.61600138346353,177.7570063273112,171.4749964396159,3.5976141006114086,1.3252138664169066,1.0,0.0,167.6199951171875,179.85000610351562,173.73500061035156,6.985065166618811,0.9959114467015843,3.234894621116163,3.76334137889444,-0.4305371218695484,-1.4833741521313526,1.0528370302618042,174.47333526611328,175.7800011268029,176.2984053107386,176.72894243260814,1.0570680090575488,0.8982790590545411,0.15878895000300774,-0.13062585979404204,25.14021946788675,-3.1279945373535156,-20.916242399586224,-35.6296377762809,14.713395376694677,175.09500122070312,178.23500061035156,176.66500091552734,182.17499542236328,98.43753020971943,20.47171664880906,21.33067152964831,19.66837195226051,125.12785047580745,183.62250137329102,185.09500122070312,0.0,64.0,-64.0,168.9629217290039,,0.0,0.0,56.676853829777,1.0,0.9760921457191313,0.9816020759058127,-3.671329600597875,69.61923854745092,99.59114467015843,94.24066257601798,-0.40885532984157325,-0.7278531691607384,2.1126767276345175,-0.24361438253597012,-0.8391898491573795,0.5955754666214094,-7.831357738147236,-4.966050837898488,-2.865306900248749,177.96705127494081,0.7904051050695804,0.787297766885775,810.1658163339199,28.675633201194046,8881116.740585491
2023-10-12,180.07000732421875,182.33999633789062,179.0399932861328,180.7100067138672,180.24224853515625,56743100,0.910003662109375,1,13686523266.298353,8436026500,0.03710141699762367,28679975.70002053,11.427766080293026,2.3031911875807913,147903361.33259398,174.5402509889598,68.32935334063698,15719.354325145978,175.33650131225585,181.4710963340071,169.2019062905046,6.99751047367618,0.9379674112601298,0.0,0.0,175.67433471679686,178.70433959960937,172.6443298339844,3.4495703515224774,1.3309676373188104,1.0,0.0,167.6199951171875,182.33999633789062,174.97999572753906,8.395286269849969,0.8892670184204252,3.2414054641803274,3.1225239875248136,-0.046722864159562505,-1.1960438945369947,1.1493210303774322,175.20250193277994,175.6953858595628,176.97711321891222,177.02383608307179,1.0866258462971632,0.8640905641075588,0.2225352821896044,-0.10861948335619273,24.907207777167706,-4.906508636474598,-15.277274586954565,-32.67757823812079,17.400303651166222,176.5800018310547,174.97999572753906,175.77999877929688,182.17499542236328,99.21876510485971,20.14492725210241,25.177275202023786,18.270524061922842,147.9517461189543,183.62250137329102,185.09500122070312,100.0,60.0,40.0,169.83388847896484,,0.0,0.0,58.36827927591229,1.0,0.9760921457191313,0.9760921457191313,-0.7910416874067886,69.44835151375052,88.92670184204252,92.50870046227139,-11.07329815795748,0.5343528747558537,5.088392450786281,-0.026393544052246677,-0.676630588136353,0.6502370440841063,-6.529601335973681,-5.2787609375135265,-1.2508403984601548,178.64720588963226,0.5061199369654101,0.5048434552199055,814.7723469898298,28.62967528877951,16487145.305541843
2023-10-13,181.4199981689453,181.92999267578125,178.13999938964844,178.85000610351562,178.38705444335938,51427100,-1.8600006103515625,0,13654364583.690182,8384599400,0.020711740199780927,10917916.687358908,-4.827106673252709,1.9605812413922972,147374035.7068135,174.81948067977945,61.48149923041155,15557.559141963904,175.52850189208985,181.84779149101732,169.20921229316238,7.200300271248708,0.7628067727731225,0.0,0.0,176.48433430989581,179.6203374226888,173.34833119710288,3.5538600352894,0.8771794396455311,0.0,0.0,167.6199951171875,182.33999633789062,174.97999572753906,8.386103146799819,0.7629082917828526,3.296264246375576,2.9715105845002525,0.1061426493363058,-0.9356065857623346,1.0417492350986404,175.90416971842447,175.74500157282904,177.26525058577428,177.15910793643798,1.0635765177667609,0.8732726399667765,0.19030387779998437,-0.08772885258409961,24.829316838366704,-4.838499450683599,-10.852228801778056,-29.10709213111151,18.254863329333453,176.5800018310547,174.97999572753906,175.77999877929688,181.39999389648438,99.60938255242985,19.461992637278005,23.142955929647187,18.71298862101093,104.380755396084,182.66499710083008,185.09500122070312,96.0,56.00000000000001,39.99999999999999,171.0844992648574,,0.0,0.0,53.749159935814916,0.7895923934285195,0.9298641311428398,0.9606828075270344,0.4506182835634818,61.77745257717716,76.29082917828525,88.26955856349542,-23.709170821714746,1.3493523990406686,4.9404528484327574,0.059913741140753644,-0.5293217222809318,0.5892354634216854,-6.234596532723877,-5.469928056555597,-0.7646684761682803,178.67437003866414,-1.029273721015711,-1.0346073731311023,805.3568356151449,25.959718494298784,5945184.113837369
2023-10-16,176.75,179.0800018310547,176.50999450683594,178.72000122070312,178.2574005126953,52517000,-0.1300048828125,0,13692168666.823627,8332082400,0.04867316606412504,8382861.95621277,-10.96180458922263,2.0114598390916947,147335861.4479504,175.22207822449988,62.35476543260529,15557.559141963904,175.56600189208984,181.9513559021426,169.18064788203708,7.274021098888461,0.7469713757176024,0.0,0.0,176.99533437093098,180.05133717854818,173.93933156331383,3.453201541700166,0.782176908586821,0.0,0.0,167.6199951171875,182.33999633789062,174.97999572753906,8.384311918061819,0.754076439063326,3.2236385541598933,2.775001794079647,0.21432871456497082,-0.7056195256968736,0.9199482402618444,176.57333628336588,175.76577113224909,177.48905837576334,177.27472966119836,1.1046921580765972,0.911465325461453,0.19322683261514417,-0.06845352603314808,24.765745863013723,-4.355995178222656,-8.044806907355923,-25.090928034098,17.046121126742076,176.65499877929688,174.97999572753906,175.81749725341797,179.9949951171875,99.80469127621492,18.179562260987705,21.853484610852455,21.2041889437071,65.29786626665127,181.96249771118164,185.09500122070312,92.0,52.0,40.0,172.21004897216073,,0.0,0.0,53.43088246345097,0.7750943914816145,0.8548955949700446,0.9202839572773388,1.3892469024078833,64.46710893458253,75.40764390633261,80.20839164222015,-24.592356093667394,1.4755573497099022,4.70443415808924,0.12090201179524504,-0.39927697546569646,0.5201789872609415,-5.769671765676265,-5.529876798379731,-0.23979496729653427,178.67840622790382,-0.07268933652552212,-0.07271576803313806,804.6987377381477,26.571536160182745,8805238.27290973
2023-10-17,176.64999389648438,178.4199981689453,174.8000030517578,177.14999389648438,176.6914520263672,57549400,-1.57000732421875,0,13709337910.767313,8274533000,0.03778712375203607,-5722258.252445415,-7.453918504777606,2.494735927066532,146830305.3888229,175.75432095781494,62.974582085272026,15557.559141963904,175.47000122070312,181.69752694432637,169.24247549707988,7.098108714081983,0.6348844429022937,0.0,0.0,177.4460006713867,180.58300323486327,174.30899810791016,3.5357264199895835,0.4528201254361917,0.0,0.0,167.6199951171875,182.33999633789062,174.97999572753906,8.38889902450537,0.6474183416434295,3.2932745156384358,2.491431273393816,0.17140463479717027,-0.5302146935980648,0.7016193283952351,177.06833521525064,175.68077087402344,177.4368946097204,177.26548997492324,1.1181555386878064,0.8714254691286364,0.24673006955916998,-0.05268597002890242,24.657330912932085,-1.720001220703125,-4.586248075021495,-20.949732841206014,16.36348476618452,177.50999450683594,174.97999572753906,176.2449951171875,178.79999542236328,99.90234563810746,17.388555932454654,20.021098670275848,23.083913991774864,36.10480119040915,181.36499786376953,185.09500122070312,88.0,48.0,40.0,173.2230437087337,,0.0,0.0,49.61027392292675,0.5900017943811436,0.7182295264304258,0.8343297508477704,1.1621096770826012,61.55603188852568,64.74183416434295,72.14676908298696,-35.25816583565705,1.1949693118824598,3.4694158925794123,0.0966937415858089,-0.30008283205539543,0.39677657364120433,-4.583500228029899,-5.340601484309765,0.7571012562798662,178.5556910607541,-0.87847320585005,-0.8823545293605406,796.7512017334545,25.119521410090186,13342705.49644816
2023-10-18,175.5800018310547,177.5800018310547,175.11000061035156,175.83999633789062,175.3848419189453,54764400,-1.30999755859375,0,13686944165.231897,8219768600,0.06923444251554688,-15153539.97321772,-1.1952085952137221,3.0920262872919966,146425330.8882888,176.2281623574803,62.93890564428297,15442.513332221683,175.48750076293945,181.71711960727018,169.25788191860872,7.099786386206647,0.5282919054728338,0.0,0.0,177.7690002441406,180.8290023803711,174.70899810791016,3.4426723804802695,0.18480350333573775,0.0,0.0,167.6199951171875,182.33999633789062,174.97999572753906,8.388062486904929,0.5584239496625859,3.2109471861449053,2.2487733119461417,0.03132009885425191,-0.4179077351076015,0.4492278339618534,177.24250157674155,175.66307830810547,177.1912179525158,177.15989785366156,1.1637711403114388,0.8617096329976898,0.30206150731374903,-0.04129245716718009,24.559214237168824,-3.0875068664550724,-2.057257159444198,-16.948577056468288,14.89131989702409,177.75999450683594,174.97999572753906,176.3699951171875,178.79999542236328,99.95117281905374,16.654050055959676,18.943275966376714,21.84120663565318,21.473775934802774,181.36499786376953,185.09500122070312,84.0,44.0,40.0,174.1347389716494,,0.0,0.0,46.61511127173853,0.4159195357059482,0.5936719071895687,0.72226567619668,0.12676944315702884,55.260700253338946,45.833333333333336,61.99427046800298,-54.166666666666664,1.0116155287798847,1.2028755901528778,0.01767900028940132,-0.2365304655864361,0.2542094658758374,-4.017771129901471,-5.076035413428106,1.0582642835266354,178.4821428702769,-0.7394849583563845,-0.7422327028601572,790.1198614827555,24.678200441752523,7672255.235105902
2023-10-19,176.0399932861328,177.83999633789062,175.19000244140625,175.4600067138672,175.00584411621094,59302900,-0.3799896240234375,0,13639725848.815706,8160465700,0.08090129388451195,-16207960.93054369,0.7596493765373998,2.4387542199587164,146297177.52646095,176.55724277518223,55.24441827920697,15442.513332221683,175.56400146484376,181.7526787396988,169.3753241899887,7.050052656830472,0.49159798238315766,0.0,0.0,177.95066731770834,180.99866841634113,174.9026662190755,3.425669759575546,0.09142721356656844,0.0,0.0,167.6199951171875,182.33999633789062,174.97999572753906,8.38440745134803,0.5326094393017446,3.154851857178852,2.0697069787766744,-0.1091022295000812,-0.35614663398609747,0.24704440448601628,177.49750264485678,175.7111552311824,176.9248777619545,177.03397999145457,1.1028081961849157,0.8795547935018634,0.22325340268305227,-0.033662790020904956,24.515816024647325,-1.9039978027343807,-0.14450555014602073,-13.24565691580753,13.10115136566151,178.56999969482422,174.97999572753906,176.77499771118164,178.79999542236328,99.48259247313895,15.85922433536987,18.408517109321323,20.56223162866462,19.209260321121615,181.36499786376953,185.09500122070312,80.0,40.0,40.0,174.8000030517578,,0.0,0.0,45.75223790679998,0.2389100682993249,0.41494379946213883,0.5756150776940446,-0.9766698473867689,52.953820799842916,40.2778108915009,50.28432612972575,-59.7221891084991,0.523233974681176,1.7749494928753666,-0.06162784653282244,-0.20154994177571336,0.13992209524289093,-2.8595211371395735,-4.6327325581703995,1.773211421030826,178.45681225885446,-0.2160996541954341,-0.2163334864326849,788.1963155401663,25.205448545680497,13015482.477826968
2023-10-20,175.30999755859375,175.4199981689453,172.63999938964844,172.8800048828125,172.43251037597656,64189300,-2.5800018310546875,0,13586619851.957481,8096276400,0.0579634997012916,-37550896.7310544,-10.762383548861466,1.2500914815210586,145353324.19694304,176.55599949502601,47.424229554135636,15442.513332221683,175.46850204467773,181.7600992706314,169.17690481872407,7.171198423238037,0.2942893458605914,0.0,0.0,177.6933339436849,180.53833363850913,174.84833424886068,3.202145664874373,-0.3459278694526876,0.0,1.0,167.6199951171875,182.33999633789062,174.97999572753906,8.388970697974685,0.3573375903139869,3.121367403882842,2.2347806651506317,-0.42368850485325993,-0.36965500815952995,-0.05403349669372998,177.43250274658203,175.60115520770734,176.3025896267019,176.72627813155515,1.0293840926316302,0.9628584638705149,0.06652562876111534,-0.03166707147281237,24.508694281407703,-0.5584983825683594,-1.2243079815034543,-9.983163925909189,8.758855944405735,177.48999786376953,174.97999572753906,176.2349967956543,178.79999542236328,91.989015473377,16.03037076660344,17.250844303542387,24.955779233691658,-42.79271299526242,181.36499786376953,185.09500122070312,76.0,36.0,40.0,,182.33999633789062,0.0,1.0,40.29796998995497,0.0,0.21827653466842437,0.40896408044004423,-3.578697891230519,45.51926466109377,17.881940305229055,34.664361510021116,-82.11805969477095,-0.23453019086051086,-0.4491528059705217,-0.23974278716935687,-0.2091885108544421,-0.03055427631491478,-1.224093772422151,-3.95100480102075,2.726911028598599,177.98416949876432,-1.4704215959948308,-1.4813394522040113,775.1360851016335,23.0970459874099,15444345.568391412
2023-10-23,170.91000366210938,174.00999450683594,169.92999267578125,173.0,172.5522003173828,55980100,0.1199951171875,1,13614884477.389908,8152256500,0.06778415998129339,-31226863.103808355,-15.013951277283077,0.33549980276422986,145392179.6948025,176.52162636405657,47.02684282446329,15453.231900850978,175.314501953125,181.68892315132038,168.9400807549296,7.271983922812916,0.3184539520403651,0.0,0.0,177.1299997965495,180.05799967447916,174.2019999186198,3.306046272559999,-0.20525955750205005,0.0,1.0,167.6199951171875,182.33999633789062,174.97999572753906,8.396339753250368,0.3654894318382071,3.217230846600027,2.302922397063055,-0.6557586143161416,-0.4268757293908523,-0.2288828849252893,177.2733357747396,175.52384772667517,175.7944989149016,176.45025752921774,0.9718465251268654,0.9835202408435111,-0.01167371571664566,-0.033342433149856576,24.56906249629786,2.175503540039074,-3.220555268038715,-7.369269636647628,4.148714368608913,176.13499450683594,174.97999572753906,175.5574951171875,178.79999542236328,56.94691235351795,16.96937569464318,15.711358883322147,28.656246557281595,-68.65920683548744,181.36499786376953,185.09500122070312,72.0,32.0,40.0,,182.14599639892577,0.0,0.0,40.652339195010434,0.019610577740960283,0.08617354868009507,0.23979796093688635,-5.623399270384759,49.27179029739916,24.738166142466145,27.63263911306539,-75.26183385753386,-0.9046780305750133,-1.0919922372188124,-0.3716393636929416,-0.241678681422142,-0.1299606822707996,-1.112601741294412,-3.3833241890754824,2.27072244778107,177.20124521446965,0.06940948276166203,0.06938540552079431,775.7435125317631,24.833063523977984,3848062.3326354176
2023-10-24,173.0500030517578,173.6699981689453,171.4499969482422,173.44000244140625,172.99105834960938,43816600,0.44000244140625,1,13649622135.71969,8196073100,0.15205248075057387,-24011681.092675578,2.9892997804319217,0.3897028462720828,145503621.37673384,176.56079148493131,46.376023170361485,15492.535136480987,175.38850173950195,181.63858683974766,169.13841663925623,7.127132096183515,0.34412217859088867,0.0,0.0,176.54666646321613,179.51966603597003,173.57366689046225,3.3679475600558257,-0.022479728937899842,0.0,1.0,167.6199951171875,182.33999633789062,174.97999572753906,8.392797175818401,0.39538089956359035,3.1175078840103367,2.409884157746761,-0.79500698265133,-0.5005019800429479,-0.2945050026083821,176.93583552042642,175.34961700439453,175.43226868821,176.22727567086133,1.0032806195629203,1.0046870591466313,-0.0014064395837110055,-0.03685837762156851,24.60716533893556,3.601503753662115,-3.683714873354982,-5.454544355955267,1.7708294826002855,176.13499450683594,174.97999572753906,175.5574951171875,178.79999542236328,28.473456176758976,17.841308842108653,14.930594721386498,27.232195939275066,-55.50563568142885,181.08250045776367,185.09500122070312,68.0,28.000000000000004,40.0,,181.65735625,0.0,0.0,42.01154313014476,0.09482810244545331,0.03814622672880453,0.1141987700257749,-6.993457787057027,54.59997907652939,28.283712569254718,23.634606338983332,-71.71628743074528,-1.3440902261173164,-2.281820342787581,-0.45112595631118985,-0.2835681363999516,-0.16755781991123825,-2.7759930282082412,-3.2618579569020345,0.4858649286937933,176.75920139502105,0.2543366713330997,0.25401378298752775,777.970849430952,25.641892827543558,-4790260.389294192
2023-10-25,171.8800048828125,173.05999755859375,170.64999389648438,171.10000610351562,170.65713500976562,57157000,-2.339996337890625,0,13613810620.062044,8138916100,0.13907896311114526,-39688179.60583827,-2.9726140186427066,-0.4240084561931353,144732477.6451717,176.32445671445595,39.45309493014387,15492.535136480987,175.42200241088867,181.57179518116595,169.27220964061138,7.011426942753404,0.1486063458705644,0.0,0.0,175.79866587320964,178.78766581217445,172.8096659342448,3.400480799007388,-0.28599194808302403,0.0,1.0,167.6199951171875,182.33999633789062,174.97999572753906,8.391194387477494,0.23641377022670496,3.0847579501014906,2.7280148826144983,-1.0817111730288502,-0.6167438186401284,-0.46496735438872183,176.27833557128906,175.04307849590595,174.76576675210316,175.847477925132,0.9355817958390612,1.0391188011440686,-0.10353700530500742,-0.043972294547221805,24.55262097832299,2.9679969787597713,-6.286987845428691,-4.455623606896838,-1.8313642385318536,175.92999267578125,174.97999572753906,175.45499420166016,178.79999542236328,14.236728088379488,18.872232674164145,13.989678696721159,27.32304842881434,-87.58203258971612,178.94499969482422,185.09500122070312,64.0,24.0,40.0,,181.18826170703124,0.0,0.0,37.13998869800604,0.0,0.03814622672880453,0.054155334045901636,-9.656283849582012,48.15927923079391,9.427986160122563,20.816621623947835,-90.57201383987744,-2.1238559049718617,-4.4080670135237074,-0.6151417044999613,-0.34988285001995356,-0.26525885448000774,-2.1122652720089214,-3.031939419923412,0.9196741479144905,175.26070617796987,-1.3491676112499795,-1.3583515757294329,766.1255510942132,23.29075427008712,15730575.456941664
2023-10-26,170.3699951171875,171.3800048828125,165.6699981689453,166.88999938964844,166.45802307128906,70625300,-4.2100067138671875,0,13573364952.601974,8068290800,0.07878066303453891,-76494580.68627341,-26.922773069450038,-3.259671179846894,142994704.55012578,175.5545701972677,31.344422976761905,15492.535136480987,175.23200225830078,182.14258843127303,168.32141608532854,7.88735628642272,-0.10356695219853153,0.0,1.0,174.5269994099935,177.7569997151693,171.2969991048177,3.701433378325579,-0.6821980338682062,0.0,1.0,165.6699981689453,182.33999633789062,174.00499725341797,9.513101462124993,0.07318544419374179,3.34728282647806,3.400592629857366,-1.6298507617752591,-0.8193652072671546,-0.8104855545081046,175.32000223795572,174.7123090303861,173.55411023480244,175.1839609965777,0.8111950925468265,1.1351222872697182,-0.32392719472289166,-0.057764757507389936,24.702500094432512,4.568000793457031,-11.280322603013868,-4.503189584811928,-6.7771330182019405,172.375,174.00499725341797,173.18999862670898,177.8249969482422,7.118364044189744,20.92637715660785,12.283544353190816,34.62729874397609,-166.56527752507546,178.9550018310547,185.09500122070312,60.0,100.0,-40.0,,180.73793094578124,0.0,0.0,30.326449132630742,0.0,0.03160936748181777,0.03596727364647587,-14.4437967255447,40.63126714070017,7.318544419374179,15.010081049583844,-92.68145558062582,-3.4133261287913683,-6.446549716546117,-0.9303652871549691,-0.4659793374469567,-0.46438594970801245,0.3504206709487343,-2.355467401748983,2.705888072697717,172.02715038978883,-2.460553222493822,-2.4913307472257173,744.8140709359222,20.477368745392482,23581879.543206424
2023-10-27,166.91000366210938,168.9600067138672,166.8300018310547,168.22000122070312,167.78457641601562,58499100,1.3300018310546875,1,13591216582.077875,8126789900,0.11232116983249686,-54451939.14322703,-2.293876702271894,-4.43115272415493,143460903.30619022,174.85267164706227,32.50373566832913,15616.000294216956,175.08250198364257,182.44898974946074,167.7160142178244,8.414876052555375,0.0342080933886368,0.0,0.0,173.36333312988282,176.42733459472657,170.2993316650391,3.5347745218398736,-0.33931616355183564,0.0,1.0,165.6699981689453,182.33999633789062,174.00499725341797,9.521224554183455,0.15296960599001358,3.2255550321115036,3.8699117812622474,-1.9346340455035431,-1.0424189749144324,-0.8922150705891108,174.35500208536783,174.49269397442157,172.73347807878716,174.6681121242907,0.7718386988757295,1.2206256853336093,-0.44878698645787973,-0.07387446367360137,24.763255053032662,5.627504730224615,-16.214631692928933,-5.4109478943200395,-10.803683798608894,172.0449981689453,174.00499725341797,173.02499771118164,177.8249969482422,3.559182022094872,22.833797033162714,11.709843822815703,33.01003754609421,-152.42545072699616,178.9550018310547,185.09500122070312,56.00000000000001,96.0,-39.99999999999999,,179.8338549791711,0.0,0.0,34.41961293081033,0.1459663573049727,0.0486554524349909,0.03947034888187133,-17.129093813521145,41.708715618581536,15.296960599001359,10.681163726166057,-84.70303940099863,-4.3190016353831595,-6.440490341772258,-1.107605745533502,-0.5943046190642658,-0.5133011264692362,0.5383792840833209,-1.776698064582522,2.315077348665843,171.04190651665954,0.7969332110484562,0.7937744692775084,751.546674838821,24.492942005311306,3187717.0670116246
2023-10-30,169.02000427246094,171.1699981689453,168.8699951171875,170.2899932861328,169.8491973876953,51131000,2.0699920654296875,1,13603221086.459795,8177920900,0.09092423128597714,-31552981.50883955,9.558758751744826,-4.156330176330052,144090083.92400882,174.3278282970699,32.94463300560476,15808.159350620519,174.9095016479492,182.55044014758442,167.268563148314,8.7370193473132,0.19771328731169988,0.0,0.0,172.56399943033855,175.60100046793622,169.52699839274086,3.5198547178128736,0.12561650192841076,0.0,0.0,165.6699981689453,182.33999633789062,174.00499725341797,9.53064185300694,0.2771443086175096,3.197999223724572,4.164502861885286,-1.9862496837121455,-1.2311851166739751,-0.7550645670381704,173.48666763305664,174.31961705134466,172.35755734145573,174.34380702516788,0.7605955014388348,1.1644900036635055,-0.4038945022246707,-0.08843008200454802,24.78391069653903,3.940504455566412,-20.17567833255447,-7.143106811823704,-13.032571520730766,171.75499725341797,174.00499725341797,172.87999725341797,177.8249969482422,1.779591011047436,23.503007117778758,15.826020458959084,30.860291179400367,-98.17451408296665,178.91250228881836,185.09500122070312,52.0,92.0,-40.0,,178.98402357055755,0.0,0.0,40.29828348852962,0.35560568996200115,0.1671906824223246,0.08248516744637802,-17.551056091338207,47.09107015650826,27.714430861750962,16.776645293375523,-72.28556913824904,-4.489736040900738,-5.766151867966685,-1.13927171696177,-0.7032980386437667,-0.4359736783180034,-0.35557967379348304,-1.4924743864247145,1.1368947126312314,170.93617819105737,1.2305267212035398,1.2230172821554142,762.025184216233,26.557857632417978,503421.7774871588
2023-10-31,169.35000610351562,170.89999389648438,167.89999389648438,170.77000427246094,170.32797241210938,44846000,0.480010986328125,1,13644180743.340492,8222766900,0.12380553910757483,-23970188.05145232,-4.147545466142117,-4.415407746865056,144216495.18445617,173.7798294504016,26.869290244496113,15852.71916306454,174.82800216674804,182.60777943649464,167.04822489700143,8.899921263558662,0.23919575370958712,0.0,0.0,171.87066599527995,174.84566752115887,168.89566446940105,3.4619072529347283,0.31501493137993325,0.0,0.0,165.6699981689453,182.33999633789062,174.00499725341797,9.535084747491277,0.30593921198002716,3.178199301352115,4.416357361718313,-1.9657624875734996,-1.37810059085388,-0.5876618967196197,172.8133341471354,174.11538637601413,172.1133184077642,174.0790808953377,0.7506753041446147,1.1707206680871538,-0.4200453639425391,-0.10062987225601097,24.7784540298398,3.8919990539550895,-23.20088817224139,-9.492399146578947,-13.708489025662445,171.75499725341797,174.00499725341797,172.87999725341797,177.8249969482422,0.889795505523718,24.352362481778272,14.772417118873566,30.95836036923398,-97.22928747633279,178.80500030517578,185.09500122070312,48.0,88.0,-40.0,,178.18518204646082,0.0,0.0,41.6054904221226,0.40222201018481546,0.3012646858172631,0.17237027355819312,-17.491399402353352,54.05389139196253,30.593921198002718,24.535104219585037,-69.40607880199728,-4.9382071999942525,-4.5177531760206415,-1.1292353322771638,-0.7884854973704462,-0.3407498349067176,-1.9730422418065177,-1.588587957501075,-0.3844542843054426,170.91955669431954,0.28187856318813154,0.2814820305517607,764.4550484198217,26.113843363492776,-1159033.9333423525
2023-11-01,171.0,174.22999572753906,170.1199951171875,173.97000122070312,173.51968383789062,56934900,3.1999969482421875,1,13693912354.26556,8279701800,0.13704191443924454,5481482.562822882,20.032103270733455,-3.8008122332621688,145283377.55073982,173.20224570591466,26.643490454249346,15852.71916306454,174.84350204467773,182.6151403793738,167.07186370998167,8.88982231974532,0.44380201533086583,0.0,0.0,171.53033243815105,174.66933390299477,168.3913309733073,3.659995780601154,0.8886058687573032,0.0,0.0,165.6699981689453,182.33999633789062,174.00499725341797,9.534239462148058,0.49790065767493374,3.27137943225206,4.4761585628718334,-1.6720390019917488,-1.4368882730814536,-0.2351507289102952,172.4175008138021,174.19269385704627,172.3989619174471,174.07100091943886,0.7723954093376588,1.1490817730292513,-0.3766863636915925,-0.10699532697130987,24.791911118541176,2.3064918518066406,-24.327704136356726,-12.17942121171347,-12.148282924643256,170.5449981689453,174.00499725341797,172.27499771118164,177.8249969482422,2.357852352701132,23.707542871526048,20.697618397933592,28.189517134497677,-37.89427643294674,178.25,184.94499969482422,44.0,84.0,-40.0,,177.4342710138099,0.0,0.0,49.53791238290272,0.8202066537772518,0.5260114513080228,0.3314889398492038,-14.85482270175893,57.47578003690027,51.04554646847126,36.45129950940834,-48.95445353152874,-4.795824656766996,-2.657788701631765,-0.9605500015281574,-0.8228983982019885,-0.13765160332616888,-1.4767098334220887,-1.566212332685278,0.0895024992631892,170.97124667514862,1.8738635990994235,1.8565230655253728,780.653756902738,28.95157131687148,15439231.36031127
2023-11-02,175.52000427246094,177.77999877929688,175.4600067138672,177.57000732421875,177.11038208007812,77334800,3.600006103515625,1,13757247410.54043,8357036600,0.16402411075659645,44470663.91301392,13.33472346597437,-2.503538651888806,146883686.51240367,173.14970846671108,35.61467399548923,15852.71916306454,174.97650222778321,182.8386576526869,167.11434680287954,8.986527133419065,0.6649360103096226,0.0,0.0,171.607666015625,174.7136672973633,168.5016647338867,3.6198864000113877,1.4598098596496554,1.0,0.0,165.6699981689453,182.33999633789062,174.00499725341797,9.526992457103995,0.7138578561719383,3.3252412448862287,4.471006395702352,-1.1356792144094072,-1.3766464613470444,0.24096724693763716,172.45250193277994,174.4673098050631,173.19450736464276,174.33018657905217,0.8775148058747821,1.0829095251830598,-0.20539471930827768,-0.10497072259926366,24.704994653282306,0.8634941101074105,-23.408674003552203,-14.644350769718885,-8.764323233833318,171.7249984741211,174.00499725341797,172.86499786376953,177.8249969482422,11.8510909393723,22.11746931468758,26.638543273906894,25.878871994976887,42.46322898412627,176.94499969482422,183.63999938964844,40.0,80.0,-40.0,165.6699981689453,,1.0,0.0,56.66921274327787,1.0,0.7408095546540224,0.5226952305931031,-10.040941546008602,60.98072008155266,88.73979049608688,56.79308605418697,-11.260209503913122,-3.219765562169698,0.23709480226107438,-0.6514529908418468,-0.7886093167299603,0.13715632588811344,1.795847348179281,-0.8938003965123662,2.689647744691647,171.07749228371512,2.0693257908003027,2.0482061044476474,798.8773522219782,30.72723252908679,30488948.57381443
2023-11-03,174.24000549316406,176.82000732421875,173.35000610351562,176.64999389648438,176.1927490234375,79763700,-0.920013427734375,0,13829195032.572002,8277272900,0.18437832414554223,27634329.776043884,-6.677772103469325,-2.1975363314778553,146470420.3524728,173.0725674315527,34.463555237080755,15852.71916306454,174.93450164794922,182.75134288150022,167.11766041439822,8.93687769984011,0.6097305290768871,0.0,0.0,171.8036661783854,174.9786677042643,168.62866465250653,3.696081226325227,1.2632008486606054,1.0,0.0,165.6699981689453,182.33999633789062,174.00499725341797,9.529279822966664,0.6586680823993006,3.414717242467918,4.463457513136915,-0.7759034808874219,-1.25649786525512,0.4805943843676981,172.52000172932944,174.69654024564304,173.72612067723378,174.5020241581212,0.8555887081103619,1.023677477249344,-0.16808876913898207,-0.09820840038977706,24.69767236262888,0.5255050659179688,-21.622046934148862,-16.688960954842237,-4.933085979306625,171.7249984741211,174.00499725341797,172.86499786376953,177.8249969482422,31.3430868351796,21.051404994824992,24.265988903496886,28.027213481937768,17.028931735449127,176.22999572753906,182.92499542236328,36.0,76.0,-40.0,165.91219818115235,,0.0,0.0,54.54765332568409,0.9194632936410554,0.9132233158061024,0.7266814405893829,-6.90500547638276,65.83700876849807,86.11761354932598,75.30098350462806,-13.88238645067402,-1.7026475794175155,0.46064466302494395,-0.4446386708869084,-0.7198151875613499,0.2751765166744415,4.514089332153359,0.18777754922077883,4.326311782932581,171.2699612552679,-0.5181130764130404,-0.5194599363988139,794.2201511192009,27.399789262717235,20930173.81553638
2023-11-06,176.3800048828125,179.42999267578125,176.2100067138672,179.22999572753906,178.7660675048828,63841300,2.5800018310546875,1,13885105822.735727,8341114200,0.19407631889750188,47216664.221882135,13.794579691540013,-0.6797864603123112,147402832.90038058,173.2147215559058,42.01655053965396,16084.250699328672,174.94650115966797,182.78890273745426,167.10409958188168,8.965485477904798,0.7730983950123228,0.0,0.0,172.40133310953777,175.4903330485026,169.3123331705729,3.5834989013712604,1.6053193190236277,1.0,0.0,165.6699981689453,182.33999633789062,174.00499725341797,9.528626213410892,0.8134372554314246,3.395244114412533,4.432295322813783,-0.27937358940133095,-1.0610730100843622,0.7816994206830312,172.83416748046875,175.0050013615535,174.57287068497305,174.85224427437439,0.9588564567168233,0.9597231478565833,-0.0008666911397600119,-0.0854876607722647,24.697684425541443,-2.0664962768554744,-18.230166617596105,-18.30523337086903,0.07506675327292456,172.54999542236328,174.00499725341797,173.27749633789062,177.8249969482422,65.6715434175898,19.81405985544544,28.138805653353426,26.115880066751856,69.61435205177659,176.22999572753906,182.92499542236328,32.0,72.0,-40.0,166.14955419311525,,0.0,0.0,59.164604843337436,1.0,0.9731544312136852,0.875729100557937,-2.676889613499831,75.5077515120317,98.54653322613734,91.13464575718342,-1.4534667738626597,-0.12617622824276964,2.148631522521149,-0.15977695371352735,-0.6078075407917855,0.4480305870782581,4.450971612171218,1.0404163618108666,3.410555250360351,171.73505173043222,1.4605162299448304,1.4499534151946492,807.2803815577339,29.838756099499278,833074.895841971
2023-11-07,179.17999267578125,182.44000244140625,178.97000122070312,181.82000732421875,181.349365234375,70530000,2.5900115966796875,1,13930432226.06012,8411644200,0.24694230728180097,66567643.320730165,14.19390462845718,0.4194359128070391,148422045.76802754,173.67410817530651,49.74304026531405,16084.250699328672,175.11800155639648,183.39224438277043,166.84375873002253,9.449905495534384,0.9049920886089896,0.0,0.0,173.22366689046223,176.4376668294271,170.0096669514974,3.710809263721701,1.8373274108594395,1.0,0.0,165.6699981689453,182.44000244140625,174.05500030517578,9.576402267850336,0.9630295194256073,3.402719825041592,4.373383222550653,0.3194399126594192,-0.7849704255356059,1.104410338195025,173.57916768391928,175.31538625863882,175.68781478331857,175.36837487065915,1.011657221290244,0.87897434305232,0.1326828782379239,-0.06625286383327818,24.74196943283162,-2.1180015563964787,-13.451076803874889,-19.101243255140826,5.650166451265937,174.05500030517578,174.05500030517578,174.05500030517578,177.8249969482422,82.83577170879491,19.43749561660102,32.43686025434639,24.20055623834277,118.52089105836234,176.22999572753906,182.40999603271484,100.0,68.0,32.0,166.6807717324219,,0.0,0.0,63.20525440004229,1.0,0.9731544312136852,0.9531773927444913,2.2767014719636722,77.20085819081268,96.30295194256072,93.65569957267469,-3.697048057439272,2.042031052533332,5.17121829529463,0.1821536596293478,-0.4498153007075588,0.6319689603369066,5.19889956283595,1.8721130020158834,3.326786560820067,172.53078972381553,1.4450770844278482,1.4347353570872912,820.3912824431344,30.793046344942354,14501022.549315691
2023-11-08,182.35000610351562,183.4499969482422,181.58999633789062,182.88999938964844,182.41659545898438,49340300,1.0699920654296875,1,13950062377.16392,8460984500,0.22462706765614682,64599941.347185925,6.842057016529522,0.8538936013779049,148712408.3649874,174.02355066877155,56.36480202931975,16178.904862420719,175.27250137329102,183.99397923198106,166.55102351460098,9.951906648625103,0.936709130022464,0.0,0.0,174.32766672770182,177.4866663614909,171.16866709391275,3.624209160928434,1.8552284986618495,1.0,0.0,165.6699981689453,183.4499969482422,174.55999755859375,10.14420324921904,0.9685040721574282,3.2484479035725897,4.303906057199477,0.8703109418562462,-0.45391415205723556,1.3242250939134819,174.4033342997233,175.71884800837591,176.79584318429238,175.92553224243613,1.0666087541148392,0.8607460785681017,0.20586267554673754,-0.04214138467117006,24.70926478683828,-1.8324989318847713,-7.803484024293766,-18.71492785750526,10.911443833211493,175.13999938964844,174.55999755859375,174.8499984741211,177.8249969482422,91.41788585439747,19.325925222998773,33.324886473122035,23.217624253841628,138.72220987332997,175.5749969482422,182.40999603271484,100.0,64.0,36.0,167.62632557496096,,0.0,0.0,64.75676148935727,1.0,1.0,0.9821029541424572,6.757987114218868,78.73492707452081,96.85040721574282,97.23329746148032,-3.149592784257185,3.8922079198500796,5.716762652975976,0.49470416872572237,-0.26091140682090264,0.755615575546625,3.004114097450865,2.0985132211028796,0.9056008763479855,174.0781249256266,0.5884897273828127,0.5867648902712297,825.8076905920391,29.94765435958746,-9358399.493824631
2023-11-09,182.9600067138672,184.1199951171875,181.80999755859375,182.41000366210938,181.93783569335938,53763500,-0.4799957275390625,0,13924228281.700607,8407221000,0.20259289174093317,51684771.11222417,1.9119815648514495,1.7592053952145417,148571305.7875711,174.61734958948875,63.62705648390784,16178.904862420719,175.3575012207031,184.3191289223095,166.39587351909674,10.220980156791084,0.8934833423253065,0.0,0.0,175.80766652425132,178.626665242513,172.98866780598956,3.206912160309989,1.6710429478182376,1.0,0.0,165.6699981689453,184.1199951171875,174.8949966430664,10.521361686730021,0.9073175209798047,3.1546028690747057,4.145783354100727,1.2536967221713553,-0.11239197721151739,1.3660886993828727,175.15083440144858,176.05538646991437,177.6595601808796,176.40586345870824,1.1285961915556513,0.7927206138635463,0.33587557769210497,-0.016244150456533293,24.67340057912284,-4.257495117187489,-1.303039423267515,-17.058084271987326,15.75504484871981,176.00999450683594,174.8949966430664,175.45249557495117,177.8249969482422,95.70894292719873,19.38135322976593,33.102272532361035,22.02136457792154,135.82158980239348,175.5749969482422,182.40999603271484,100.0,60.0,40.0,168.89221928482345,,0.0,0.0,63.463946050514345,0.9624512428046458,0.9874837476015487,0.9868793929384115,9.942352558468395,74.7910533039882,90.73175209798046,94.62837041876135,-9.268247902019537,4.943559758803417,5.171817974191673,0.7106888045503155,-0.06659136454665901,0.7772801690969745,1.8023088450496807,2.03927234589224,-0.23696350084255946,176.82935074301267,-0.26245050529877245,-0.26279551041472615,823.3779036299852,28.242717968846108,6309050.090581253
2023-11-10,183.97000122070312,186.57000732421875,183.52999877929688,186.39999389648438,186.16244506835938,66133400,3.989990234375,1,13982964619.583456,8473354400,0.2765947003360829,81997178.11990866,9.58432233391256,3.5162249388713733,150017891.03436932,175.62323909134952,70.78048192635723,16178.904862420719,175.73500061035156,185.81907512084095,165.65092609986218,11.4764554305813,1.0288037724750625,1.0,0.0,177.55733286539714,180.4673319498698,174.64733378092447,3.277813467358934,2.0193580434905334,1.0,0.0,165.6699981689453,186.57000732421875,176.12000274658203,11.892912102133817,0.9918653897961821,3.2551429483781726,3.9858874706438714,1.8580728739106291,0.2817009930129119,1.5763718808977172,176.42583338419595,176.49730917123648,179.00424229097266,177.14616941706203,1.2003917617159163,0.6847261071003491,0.5156656546155672,0.014208655027446742,24.576678935076824,-8.845001220703125,7.9301446704535055,-13.935215049430884,21.86535971988439,177.23500061035156,176.12000274658203,176.6775016784668,177.8249969482422,97.85447146359937,19.983332890064506,35.44542115217795,20.02078570685026,167.31520226649857,175.5474967956543,182.40999603271484,100.0,56.00000000000001,43.99999999999999,170.41499686805986,,0.0,0.0,69.00359105509051,1.0,0.9874837476015487,0.9916558317343661,14.691389462704988,75.8349626694819,99.1865389796182,95.58956609778052,-0.8134610203817908,6.657441217759072,8.942131646513353,1.04889249371015,0.15650540710470282,0.8923870866054472,2.4752899387204224,2.1264758644578765,0.34881407426254585,180.11926985867458,2.187374680264753,2.163794873223157,843.5756380971471,31.998099975540157,18577096.628011897
2023-11-13,185.82000732421875,186.02999877929688,184.2100067138672,184.8000030517578,184.5644989013672,43627500,-1.5999908447265625,0,13967623028.868721,8429726900,0.2336080374861753,60311352.591591984,0.2920151032320845,3.323561747642813,149643408.18638664,176.2527789228778,65.44921942178053,16040.030932671822,176.03900070190429,186.80801656382158,165.269984839987,12.234806854139116,0.9067689407365092,0.0,0.0,179.04766693115235,181.9096649169922,176.1856689453125,3.196911788792365,1.5049511126608022,1.0,0.0,165.6699981689453,186.57000732421875,176.12000274658203,11.872374344287762,0.9153108374589236,3.148627371802074,3.844980623224391,2.1827777359627873,0.661916341602887,1.5208613943599003,177.91833368937174,176.77846292349008,179.89589779263193,177.71312005666914,1.1741784570979792,0.6808191708625851,0.49335928623539405,0.0445774303500163,24.453625083940913,-7.8189994812011605,15.8497045460078,-9.59626030295875,25.44596484896655,178.34500122070312,176.12000274658203,177.23250198364258,177.8249969482422,98.92723573179968,20.5423140031989,33.7092479151722,19.040135704729327,141.72473239678527,175.80249786376953,182.40999603271484,96.0,52.0,44.0,172.35359812279893,,0.0,0.0,64.76308056658394,0.8903613277059618,0.9509375235035359,0.9753016729022114,17.213332514900053,70.22058855485646,91.53108374589236,93.81645827449704,-8.468916254107642,7.773618226892808,10.731621863269217,1.2282591939563852,0.37085616447503933,0.8574030294813458,-0.03210810671925525,1.6947590702224502,-1.7268671769417054,181.24547060511242,-0.8583642151914983,-0.8620693785883482,835.4763224764563,27.96127634242964,-10279111.769395694
2023-11-14,187.6999969482422,188.11000061035156,186.3000030517578,187.44000244140625,187.2011260986328,60108400,2.6399993896484375,1,13983231349.023838,8489835300,0.2317812236264468,74364893.55175658,6.278395785889678,3.9843481622522696,150502099.4022537,177.35000317492361,72.31622581621232,16040.030932671822,176.5535011291504,188.41362620576004,164.69337605254074,13.435162713577531,0.9589538998086136,0.0,0.0,180.7903340657552,183.53333180745443,178.04733632405598,3.0344517652161342,1.7121169978673993,1.0,0.0,165.6699981689453,188.11000061035156,176.88999938964844,12.7100297065144,0.9701426873417343,3.1647643904812415,3.5726547468464034,2.622899414112794,1.0541129561048685,1.5687864580079256,179.52000045776367,177.10346280611478,181.05652927705876,178.43362986294596,1.2103341955346425,0.613994203957366,0.5963399915772765,0.076409631817343,24.386260405106988,-6.263507843017578,24.439919583756858,-4.177635445168352,28.61755502892521,180.7300033569336,176.88999938964844,178.81000137329102,177.8249969482422,99.46361786589983,21.508639809202652,35.860252207723576,17.63421798334779,149.38602143011923,176.06749725341797,182.40999603271484,100.0,48.0,52.0,174.0595672269693,,0.0,0.0,68.23209449451608,0.9800529066464855,0.956804744784149,0.9650753386297448,20.50723985909736,71.37412725423367,97.01426873417343,95.91063048656135,-2.9857312658265722,8.59832400153664,11.425514850333794,1.469957998459949,0.5906765312720212,0.8792814671879277,0.21912346700945443,1.399631949579851,-1.1805084825703966,182.83963679066443,1.428571074703422,1.4184631503116663,848.8402666300542,30.803067416468508,17297119.508472614
2023-11-15,187.85000610351562,189.5,187.77999877929688,188.00999450683594,187.7703857421875,53790500,0.5699920654296875,1,13943826402.979588,8543625800,0.21756487146243347,68121359.92943358,4.588538036432556,6.23515609838674,150665672.58725235,178.86602338381488,79.98850365631303,16088.807555814088,177.16200103759766,190.02006887703857,164.30393319815676,14.515604660292974,0.9218360645120833,0.0,0.0,182.356000773112,184.85999857584636,179.85200297037758,2.7462740925645464,1.6289933496646345,1.0,0.0,165.6699981689453,189.5,177.58499908447266,13.45096673749888,0.9374735468453753,3.0542877072924925,2.9302369140035918,2.98330295162512,1.439950955208919,1.5433519964162012,180.9966672261556,177.4734626183143,182.12629315856293,179.1429902069378,1.3712622627443949,0.5014027043012343,0.8698595584431605,0.10829723688745041,24.327726942388786,-6.391996765136724,32.68077877429411,2.0545259745923485,30.626252799701764,181.4250030517578,177.58499908447266,179.50500106811523,177.8249969482422,99.73180893294992,22.682639016451706,37.351108816646054,16.802661671920564,138.05125583967094,176.2349967956543,182.17499542236328,100.0,44.0,56.0,176.02662790064284,,0.0,0.0,68.94300864414201,0.9982482521030175,0.9562208288184882,0.954654365702058,23.348742713028898,67.62913643022523,93.42741237974532,93.99092161993705,-6.572587620254681,9.268942126105799,10.405779505157872,1.6653193899347916,0.8056051030045754,0.8597142869302161,-0.4516939745520339,1.029366764753474,-1.481060739305508,184.06277520199725,0.3040930740533243,0.30363164627482675,851.7256241647052,29.760484270179063,4213247.536769405
2023-11-16,189.57000732421875,190.9600067138672,188.64999389648438,189.7100067138672,189.46824645996094,54412900,1.70001220703125,1,13939351209.815619,8598038700,0.2548212600575403,71604393.39951032,4.945825433180138,6.752277679490456,151157681.50657928,180.35465967802344,80.05544554858197,16088.807555814088,177.87450103759767,191.81044075899433,163.938561316201,15.669406958393658,0.9246396695480024,0.0,0.0,183.63966725667316,186.14266713460285,181.1366673787435,2.725990430413081,1.7126128152700975,1.0,0.0,165.6699981689453,190.9600067138672,178.31500244140625,14.21789430041818,0.950573365850009,3.0438601572663684,2.2746651207765036,3.3672861505033893,1.8254179942678133,1.541868156235576,182.57500076293945,177.8546166053185,183.29301832091744,179.92573217041405,1.3429622563428774,0.40715344395085984,0.9358088123920175,0.14047780707567825,24.25882714378689,-3.9044998168945426,41.90596192840851,9.113193625987613,32.792768302420896,183.5850067138672,178.31500244140625,180.95000457763672,178.31500244140625,99.86590446647496,24.049020244720786,38.17415402858491,15.663547198366516,130.269696823406,176.66500091552734,182.17499542236328,100.0,40.0,60.0,178.18236743653998,,0.0,0.0,71.02563077571156,1.0,0.992767052916501,0.9685975421730464,26.383942679699864,64.73966508698545,94.57936120895067,95.00701410762315,-5.420638791049329,10.10459002326516,11.090942183960928,1.8714867016987393,1.0187814227434082,0.8527052789553311,-0.8918538306871162,0.645122645665356,-1.5369764763524723,185.2970071184676,0.9042137421952035,0.9001502067323308,860.3312580463955,30.70269365860483,7515486.054944783
2023-11-17,190.25,190.3800048828125,188.57000732421875,189.69000244140625,189.44825744628906,50922700,-0.0200042724609375,0,13951448678.084038,8547116000,0.3138153213097644,61229669.83311649,-1.1729321095601302,5.985728332254388,151152311.88173506,181.55645540827243,73.74110320419467,16087.111045991052,178.71500091552736,193.35456621152744,164.07543561952727,16.383141002158762,0.8748404171836152,0.0,0.0,185.0336675008138,187.37066701253255,182.69666798909503,2.526026255960667,1.4962207773778977,1.0,0.0,165.6699981689453,190.9600067138672,178.31500244140625,14.151027286666116,0.9497823707649182,2.9204738973991065,1.6730857630833136,3.6281582743227716,2.185966050278805,1.4421922240439664,183.8850008646647,178.20000105637772,184.27716972406955,180.64901144974678,1.317561839791262,0.47222274106598927,0.8453390987252728,0.1711095800472142,24.129086305944345,-1.1449935913086051,51.15130969080472,16.82224654914326,34.329063141661464,184.96500396728516,178.31500244140625,181.6400032043457,178.31500244140625,99.93295223323747,25.280694460411134,36.53746360123326,15.181451606923114,111.93147415371662,175.77999877929688,182.17499542236328,96.0,36.0,60.0,180.48234250645888,,0.0,0.0,70.96532586150485,0.9979502166379246,0.9987328229136473,0.9825735682162126,28.788015828736953,64.33319482720391,94.49261246071988,94.16646201647198,-5.507387539280111,10.493708038330084,9.036041334942741,2.0084019531610107,1.2167055288269288,0.7916964243340818,-1.7216101575394593,0.171776085024393,-1.8933862425638524,186.48474338118885,-0.01054465855937492,-0.010545214547530435,860.2299943941956,29.41476319769538,4293628.966450006
2023-11-20,189.88999938964844,191.91000366210938,189.8800048828125,191.4499969482422,191.2060089111328,46505100,1.7599945068359375,1,13976877254.839552,8593621100,0.31393443795044096,64175248.50550784,6.198448233769591,6.724727882248081,151583798.62055326,182.7264333931111,79.00232254865314,16236.371558972223,179.63750076293945,195.02634821424996,164.24865331162894,17.13322372661883,0.8838005485036108,0.0,0.0,186.3126678466797,188.53066864013672,184.09466705322265,2.3809446980623696,1.6580990224884722,1.0,0.0,165.6699981689453,191.91000366210938,178.79000091552734,14.607198041455701,0.9824692600012211,2.850426629729508,0.7988039251776834,3.9315971550761333,2.535092271238271,1.3965048838378622,185.04166666666666,178.6846160888672,185.38068160471147,181.44908444963534,1.3736216770038605,0.41462868434052363,0.9589929926633369,0.20093568654461916,24.039870042353627,-2.987506866455078,60.06739592413409,24.990965741144255,35.07643018298984,186.75,178.79000091552734,182.77000045776367,178.79000091552734,99.96647611661874,26.718640996462398,38.27297970538896,14.36778436851619,112.35922911740629,175.77999877929688,181.39999389648438,100.0,32.0,68.0,182.36832206379236,,0.0,0.0,73.12716937506934,1.0,0.9993167388793083,0.9969388715698191,31.50369563055413,67.61398895695164,97.8889098968509,95.65362785550717,-2.1110901031490936,11.099590750301587,7.81662952723793,2.166777069722511,1.4067198370060454,0.7600572327164656,-3.002689730887116,-0.46311707815790876,-2.5395726527292073,187.7896400187269,0.9278267089376957,0.9235488373931844,869.1392647494158,30.779397347280053,1949373.4054148793
2023-11-21,191.41000366210938,191.52000427246094,189.74000549316406,190.63999938964844,190.3970489501953,38134500,-0.80999755859375,0,13977305497.29159,8555486600,0.2855872572390736,50594662.73355053,-1.2369339838955162,5.20551093548887,151422457.00451475,183.800666826566,73.74565372798955,16167.677792804423,180.49750061035155,196.3211356240447,164.6738655966584,17.53335637356262,0.8204857408086059,0.0,0.0,187.2683344523112,189.3173350016276,185.2193339029948,2.188304344468009,1.3227584268979573,1.0,0.0,165.6699981689453,191.91000366210938,178.79000091552734,14.537600467836725,0.9516004570657657,2.743383844686245,0.34509476870297395,4.05991445406832,2.840056707804281,1.2198577462640388,186.20750045776367,179.14307755690353,186.1898074177787,182.12989296371038,1.335789261946297,0.47447339322388493,0.8613158687224121,0.22757194920783042,23.90947693438253,-1.2675048828124886,67.33466803814943,33.33964930363795,33.99501873451148,186.86000061035156,178.79000091552734,182.82500076293945,178.79000091552734,99.98323805830937,27.982550985381945,36.58008698016577,14.080158998502293,97.45953427123415,175.81749725341797,179.9949951171875,96.0,28.000000000000004,68.0,184.27665838345575,,0.0,0.0,70.52458442274026,0.8599218114502399,0.9526240093627215,0.9835578570518927,33.02348286160233,61.444241955021006,93.15730366638495,95.17960867465193,-6.842696333615051,11.254003098431753,7.919618441290241,2.229131301843604,1.5712021299735572,0.6579291718700468,-5.261426364564666,-1.4227789354392604,-3.8386474291254054,188.31004349307355,-0.4230856994020926,-0.4239832394175025,865.0389751129707,28.781561324059737,-3386260.486913264
2023-11-22,191.49000549316406,192.92999267578125,190.8300018310547,191.30999755859375,191.06619262695312,39617700,0.6699981689453125,1,13955798663.615295,8595104300,0.3026810902080076,47158823.26558971,6.62575700823,4.726299045649986,151561692.14164656,184.89527056877193,72.62348863248874,16167.677792804423,181.50800018310548,197.3832143533263,165.63278601288465,17.49257790753674,0.8087201618317418,0.0,0.0,188.17300109863282,190.24600067138672,186.1000015258789,2.2032911848680463,1.256632201277673,1.0,0.0,165.6699981689453,192.92999267578125,179.29999542236328,15.018618727183389,0.940572434202756,2.698044788830902,0.299829789659473,4.167628266424572,3.1055710195283392,1.0620572468962326,187.21416727701822,179.6876930823693,186.9775289779041,182.80990071147951,1.271334501897977,0.479260530788507,0.79207397110947,0.2511518937887104,23.83755492301186,0.3120071411132699,73.26358666835148,41.624829980484506,31.638756687866973,188.22999572753906,179.29999542236328,183.76499557495117,179.29999542236328,99.99161902915469,29.431410272705797,38.023199198887134,13.267117122438302,98.5529349394346,176.2449951171875,178.79999542236328,100.0,24.0,76.0,185.8033274391865,,0.0,0.0,71.43032947991931,0.908671469663701,0.9228644270379803,0.9582683917600038,34.54850423712368,60.27703000129151,91.7262705405418,94.25749470125923,-8.273729459458195,11.378032011144313,6.739944272173282,2.279760696879404,1.7129138433547266,0.5668468535246773,-6.841239597144513,-2.506471067780311,-4.334768529364203,188.8406564778007,0.35144679557825853,0.35083066448766687,868.4305736670863,29.535345953865203,3423969.9586327523
2023-11-24,190.8699951171875,190.89999389648438,189.25,189.97000122070312,189.7279052734375,24048300,-1.339996337890625,0,13952738084.106537,8571056000,0.35020601354302655,35818329.38014902,-12.384407574308675,4.318682226304318,151393250.16608998,186.10490135800876,77.77552085495401,16054.434212693466,182.6620002746582,197.43628411441586,167.88771643490054,16.17663642962677,0.7473216646338914,0.0,0.0,188.8990010579427,190.90600026448567,186.89200185139975,2.1249442244825127,0.766816289530379,0.0,0.0,166.8300018310547,192.92999267578125,179.87999725341797,14.288681173687756,0.886590325924341,2.6342400658071865,0.33676283919060424,4.0976307959725204,3.3039829748171754,0.793647821155345,187.8933334350586,180.23115480863132,187.43790932295008,183.34027852697756,1.312132478373033,0.4872516971087372,0.8248807812642958,0.2696367149086951,23.76541045977287,0.22799911499024006,78.0275131137497,49.413426474184085,28.61408663956562,188.56999969482422,179.29999542236328,183.93499755859375,179.29999542236328,99.99580951457735,29.959250340642285,36.008863058161666,16.627527547291006,77.43969792333044,176.3699951171875,178.79999542236328,96.0,20.0,76.0,187.22866048650545,,0.0,0.0,66.99617592135074,0.5608977534331139,0.776497011515685,0.8839951493054626,34.6205252767761,54.60265672130006,82.29668696002139,89.06008705564939,-17.703313039978607,11.005854931999664,4.482451637982517,2.2349866755381718,1.8173284097914157,0.417658265746756,-10.65086690632335,-4.135350235488919,-6.5155166708344305,188.99193118099348,-0.7004319455287344,-0.7028964851045316,861.6473765588548,27.710316232801404,-11526730.297886938
2023-11-27,189.9199981689453,190.6699981689453,188.89999389648438,189.7899932861328,189.54812622070312,40552600,-0.1800079345703125,0,13952967068.433989,8530503400,0.33956369981737794,29658598.0733483,-1.2657705288957597,3.24294292484462,151354824.15292713,187.04232772878655,71.19156381546459,16054.434212693466,183.7404998779297,197.23398745305778,170.2470123028016,14.687548563427935,0.724163448275369,0.0,0.0,189.32766723632812,191.207666015625,187.44766845703126,1.9859736368590675,0.622959135637737,0.0,0.0,167.89999389648438,192.92999267578125,180.4149932861328,13.622472343291692,0.8745505576194581,2.547816486472562,0.4087906964074738,3.9817332184050827,3.439533023534757,0.5422001948703254,188.46833292643228,180.78230813833383,187.79976839420897,183.81803517580389,1.231600319436423,0.5484814291927813,0.6831188902436416,0.28314366442333244,23.696759244362827,-1.3304962158203182,80.97996644521801,56.650122240763,24.329844204455014,189.61499786376953,179.29999542236328,184.4574966430664,179.29999542236328,99.99790475728867,30.272665423429352,34.32618466925924,16.774575237343985,69.43849390945667,176.77499771118164,178.79999542236328,92.0,16.0,76.0,188.3689269243606,,0.0,0.0,66.39987149211122,0.32197585850207455,0.5971816938662965,0.765514377473321,34.51832258273222,55.331915318882785,77.50715392804756,83.84337047620359,-22.49284607195245,10.704323712517237,3.7727562575927887,2.166127613428653,1.8870882505188633,0.2790393629097898,-10.91727884307542,-5.49173595700622,-5.4255428860692,189.0399606131001,-0.09475597905649336,-0.09480090091402715,860.7361581721253,28.113195789364596,14213767.988606349
2023-11-28,189.77999877929688,191.0800018310547,189.39999389648438,190.39999389648438,190.1573486328125,38415400,0.6100006103515625,1,13960284071.489365,8568918800,0.3392124392335642,28769286.555284176,1.9898444020259995,2.371224337242393,151478294.4004421,187.8698510422412,69.92153045898183,16106.034481490715,184.74599990844726,197.0226701531061,172.46932966378841,13.290323201306306,0.7302739209964922,0.0,0.0,189.85566660563148,191.72166697184244,187.9896662394206,1.9657041578716585,0.645854015012378,0.0,0.0,167.89999389648438,192.92999267578125,180.4149932861328,13.548330568294167,0.8989213382866994,2.461035631282337,0.4342754653896024,3.894215413234633,3.530469501474733,0.36374591175990023,189.13416544596353,181.4561538696289,188.19980308686672,184.3055876736321,1.1747303143969157,0.6036984110638222,0.5710319033330935,0.2928155370871044,23.557294614938503,1.653993988037115,84.10109684795712,63.279141936785244,20.82195491117188,190.35499572753906,179.29999542236328,184.82749557495117,179.29999542236328,99.99895237864433,30.6682843479228,33.87389276262929,16.00985798373011,69.98098831386667,176.2349967956543,178.79999542236328,88.0,12.0,76.0,189.25,,0.0,0.0,67.45693193159772,0.4132146952391022,0.43202943572476354,0.6019027137022487,34.706372136398045,54.61282630736498,77.68959791597706,79.16447960134867,-22.31040208402294,10.23788129021139,4.380236869670487,2.112912290066051,1.932253058428301,0.18065923163774977,-11.407880314775088,-6.674964828559995,-4.732915486215093,189.2488403566287,0.3214082048213829,0.3208927927399685,863.8240430111763,28.876270065008327,5225678.829096004
2023-11-29,190.89999389648438,192.08999633789062,188.97000122070312,189.3699951171875,189.128662109375,43014200,-1.029998779296875,0,13928299002.507793,8525904600,0.2703849480037794,18330163.691324778,2.1034947538841062,2.032755604196292,151245602.3053125,188.4144828260369,63.07081196594117,16106.034481490715,185.6759994506836,196.28107423762037,175.07092466374684,11.423204741928453,0.6741616980888303,0.0,0.0,190.14166615804038,192.1386662801107,188.14466603597003,2.100539205763015,0.30679244023959856,0.0,0.0,170.1199951171875,192.92999267578125,181.52499389648438,12.284838980846411,0.8439281920373328,2.526931579872853,0.522405053606254,3.6991036642456834,3.5641963340289236,0.13490733021675982,189.3816655476888,182.08576906644382,188.379832629993,184.6807289657473,1.0777220717919191,0.6185111654893269,0.4592109063025922,0.29777319099612276,23.584176221313346,-0.8759963989257926,84.27941209153276,69.01232341647842,15.267088675054339,190.75,179.29999542236328,185.02499771118164,179.29999542236328,99.99947618932217,31.291767639185917,33.74837169196352,14.672124421724888,64.15036212002784,175.5574951171875,178.79999542236328,84.0,8.0,76.0,,192.92999267578125,0.0,1.0,63.806733158366924,0.03547337118676862,0.25688797497598176,0.42869970152234754,33.89134758497298,47.854623658250304,67.98561940831,74.39412375077823,-32.01438059168999,9.870674402573542,1.5933483465415184,2.0029722023307346,1.946396887208788,0.05657531512194658,-10.882986155303755,-7.516569093908747,-3.3664170613950075,189.25360210125393,-0.5409657627703846,-0.5424342810680827,858.6100849251366,27.550861386799227,10234022.835644599
2023-11-30,189.83999633789062,190.32000732421875,188.19000244140625,189.9499969482422,189.70791625976562,48794400,0.5800018310546875,1,13960140920.909994,8574699000,0.25533809067158325,19754546.213309072,-5.565686277662712,1.4986364725881376,151395049.6416115,188.96263671908898,55.34562904710841,16106.034481490715,186.47499923706056,195.7573125592754,177.19268591484573,9.955557967762191,0.6871838188690051,0.0,0.0,190.24733327229816,192.28533376057942,188.20933278401694,2.142474696729948,0.4270519497503284,0.0,0.0,173.35000610351562,192.92999267578125,183.13999938964844,10.500059875251226,0.847803995342871,2.4872389101668175,0.5584213567577685,3.5503512586632837,3.561427318955796,-0.011076060292512402,189.81083170572916,182.72076885516827,188.62139637126208,185.0710451125988,1.0483152530556261,0.6892335655144983,0.3590816875411278,0.2993953717740534,23.633875108595944,0.9650032043456918,83.24056322199473,73.60505689354356,9.635506328451171,190.55999755859375,179.29999542236328,184.92999649047852,179.29999542236328,99.99973809466108,31.42865705204155,31.795137919700554,15.942363652407629,49.8825726310281,175.5574951171875,178.79999542236328,80.0,4.0,76.0,,192.8507928466797,0.0,0.0,64.9566665346617,0.12337763486155977,0.1906885670958102,0.2932019925988521,33.48820942612684,49.419293530844186,68.29789720763979,71.32437151064231,-31.70210279236021,9.093763867546528,2.7867931880076817,1.918372080572204,1.9407919258814712,-0.022419845309267217,-9.332393606798975,-7.8797339964867925,-1.4526596103121827,189.28112151580856,0.30627968844576525,0.3058116077219175,861.5461129066549,28.637966353741177,13551518.692666613
2023-12-01,190.3300018310547,191.55999755859375,189.22999572753906,191.24000549316406,190.9962921142578,45679300,1.290008544921875,1,13993273438.01947,8620378300,0.2334589825446758,25350566.372272037,5.8148502467832435,1.2293884663646149,151705271.74360028,189.45224810042768,54.00951733757967,16215.415489333483,187.15849914550782,195.70097728963924,178.6160210013764,9.128602957528535,0.7388947492046081,0.0,0.0,190.3376663208008,192.3776657104492,188.29766693115235,2.143558265771897,0.7211616280235241,0.0,0.0,173.35000610351562,192.92999267578125,183.13999938964844,10.46171382099138,0.9136880315836888,2.4715152022556044,0.559190263331631,3.4962541723043614,3.5483926896255094,-0.05213851732114794,190.12749862670898,183.4953842163086,189.02425931309315,185.5280051407888,1.0649841563693898,0.7447955249866305,0.3201886313827593,0.29951273512334214,23.538412318930646,0.8514953613281193,81.31127708000183,76.95616438123213,4.355112698769702,190.55999755859375,179.29999542236328,184.92999649047852,179.29999542236328,99.99986904733055,31.89277898037871,33.162561525682676,14.924780955060967,64.68359308683155,175.45499420166016,178.79999542236328,76.0,0.0,76.0,,192.66436123046876,0.0,0.0,67.4349159045463,0.38927177460617096,0.18270759355149976,0.21009471187443088,33.784568284953984,51.81451755940709,80.6193818430617,72.30096615300386,-19.380618156938297,8.853057906206914,2.027317009316458,1.8844886353686672,1.9295312677789105,-0.04504263241024331,-8.552998084503523,-8.01438681409014,-0.5386112704133836,189.3415578855865,0.6791305952341675,0.6768348914307332,868.0762667466888,29.719162339720782,6785333.723904841
2023-12-04,189.97999572753906,190.0500030517578,187.4499969482422,189.42999267578125,189.18858337402344,43389500,-1.8100128173828125,0,14015969186.437841,8576988800,0.19163762944470328,10509692.441971526,-9.857226546135287,0.5044426342669455,151294606.87807015,189.72803273871676,53.95146909181614,16061.94284223125,187.79749908447266,194.88882119059923,180.7061769783461,7.552094293797642,0.615105023215501,0.0,0.0,190.2806655883789,192.39966583251953,188.1616653442383,2.227236527251287,0.2992749375678679,0.0,0.0,176.2100067138672,192.92999267578125,184.56999969482422,8.903199479985243,0.7906696807059204,2.603364536522231,0.5827383826643525,3.2696385759378757,3.492641866887983,-0.2230032909501074,190.24583180745444,184.362307035006,189.0866798304298,185.81704125449193,0.9633628886292299,0.7615616193552821,0.20180126927394781,0.2960483498846561,23.55953717760288,1.9125076293945256,77.77215071819606,78.92335935835013,-1.151208640154067,190.18999481201172,179.87999725341797,185.03499603271484,179.29999542236328,99.99993452366527,31.35381443596089,29.827509554370472,18.14701898816353,28.363945927097152,173.18999862670898,177.8249969482422,72.0,0.0,72.0,,192.48538687890627,0.0,0.0,60.924546319884975,0.0,0.17088313648924358,0.18142643237885148,32.215409464867186,54.07630220623951,47.20957047477233,65.37561650849129,-52.79042952522767,8.323852763456443,0.7552780226764392,1.759601032210944,1.8955452206653174,-0.13594418845437328,-8.24667476133865,-8.060844403539843,-0.18583035779880674,189.34212455253618,-0.946461391650355,-0.9509688006157369,858.9137986402013,27.179408829534253,5291361.220580533
2023-12-05,190.2100067138672,194.39999389648438,190.17999267578125,193.4199981689453,193.1735076904297,66628400,3.9900054931640625,1,14051651838.359653,8643617200,0.17039548825734457,46986548.09322308,22.42103365646081,1.6574881964505976,152698015.48430783,190.26871740758796,54.55460844352301,16061.94284223125,188.50699920654296,194.82485991699977,182.18913849608614,6.703051597075685,0.888818239872775,0.0,0.0,190.4393315633138,192.77733205159504,188.10133107503256,2.455375650700541,1.1374392607211823,1.0,0.0,178.97000122070312,194.39999389648438,186.68499755859375,8.185368575558803,0.9364876090267202,2.8400282049403205,0.5827383826643525,3.3731209420462562,3.468737681919638,-0.09561673987338182,190.55499776204428,185.33153768686148,189.7533441902014,186.38022324815515,1.0048622083329697,0.7213954625208412,0.2834667458121285,0.29405883878584715,23.757225346718833,1.1830032348632926,76.2683780827917,79.91599380775483,-3.6476157249631314,190.92499542236328,181.14999389648438,186.03749465942383,180.03499603271484,99.99996726183264,31.965363447259783,37.00276852340417,15.890253859782028,110.18934679919175,173.02499771118164,177.8249969482422,100.0,4.0,96.0,187.4499969482422,,1.0,0.0,68.21042686204535,0.5970749493130431,0.32878224130640465,0.2274576571157163,32.97401866014136,59.90640204301808,85.89933585817005,71.24276272533471,-14.100664141829958,8.272675592759072,1.955611893827916,1.8098062569412896,1.878397427920512,-0.0685911709792224,-3.9432583996000456,-7.237327202751883,3.2940688031518377,189.4476691072193,2.106321938149014,2.0844456346415186,879.1116103488981,32.01584605717022,29696891.26332736
2023-12-06,194.4499969482422,194.75999450683594,192.11000061035156,192.32000732421875,192.07492065429688,41089700,-1.0999908447265625,0,14017074691.375143,8602527500,0.09139806184977355,33817284.96382535,7.384464557954955,1.8571972337021978,152464335.95664552,190.61278372346843,53.709166208015226,15970.597633658022,189.03199920654296,194.75716278944367,183.30683562364226,6.05734860439707,0.7871540760421284,0.0,0.0,190.68233133951824,193.10733133951823,188.2573313395182,2.543497326642386,0.837665151484645,0.0,0.0,181.58999633789062,194.75999450683594,188.17499542236328,6.967073418376808,0.814731395455267,2.821024774094726,0.6022340942979986,3.3280081877991563,3.4405917830955417,-0.1125835952963854,190.77416483561197,186.17884591909555,190.14821544158866,186.8202072537895,1.0270039651370113,0.7645563622035483,0.26244760293346303,0.29134297755958494,23.910312577161054,2.4179977416992244,73.39884896811219,79.93102295217267,-6.532173984060478,191.10499572753906,181.32999420166016,186.2174949645996,180.21499633789062,99.99998363091632,32.610526107270616,35.4419765870543,14.831171834809501,122.75175050780695,172.87999725341797,177.8249969482422,100.0,0.0,100.0,187.4499969482422,,0.0,0.0,64.6325173787491,0.3038667212856967,0.3003138901995799,0.2666597559984097,32.48246270384842,56.1717471605502,66.62123122395985,66.57671251896743,-33.37876877604015,8.351028397504024,1.3864752221851482,1.7813962615286898,1.8589971946421477,-0.07760093311345795,-4.8310135542958745,-6.7560644730606825,1.925050918764808,189.5078961249029,-0.568705850036122,-0.5703291391746745,873.5433453424611,28.873404848795275,-8513586.326891214
2023-12-07,193.6300048828125,195.0,193.58999633789062,194.27000427246094,194.02243041992188,47477700,1.9499969482421875,1,14015391500.400532,8650005200,0.06905055453805205,42212154.27035861,2.554049606472093,1.6863561032230514,152945728.25377393,190.9711025381923,53.27437139742003,15970.597633658022,189.6009994506836,195.02547730607338,184.1765215952938,5.721992891499221,0.9303644467032155,0.0,0.0,190.94199829101564,193.2979995727539,188.58599700927735,2.4677664451248487,1.2062827187831349,1.0,0.0,181.80999755859375,195.0,188.40499877929688,6.956715671130759,0.9446553758589574,2.8069215642633787,0.6022340942979986,3.410292730197,3.4345319725158334,-0.024239242318833565,191.00916544596353,187.0826920729417,190.7823368001844,187.3720440699874,1.0266440610524585,0.7794780525148025,0.24716600853765602,0.28975594328802406,23.890101473156662,1.0389999389648494,71.49642407632643,79.20534639245898,-7.7089223161325435,191.2249984741211,182.55999755859375,186.89249801635742,180.33499908447266,99.99999181545816,33.26340608938478,33.64945785804376,13.82744805336203,162.15221168043655,172.87999725341797,177.8249969482422,100.0,0.0,100.0,187.74239685058595,,0.0,0.0,67.85183829055032,0.5676887616160721,0.4895434774049372,0.37287986963697417,33.07022418480004,57.584523574723455,90.33118632489688,80.95058446900894,-9.668813675103124,8.83608591416305,1.4729732928547024,1.8200648592610664,1.8512107275659317,-0.03114586830486532,-4.4111130338434865,-6.287074185217244,1.8759611513737573,189.68514892820355,1.0139334827264257,1.0088276612734148,883.4144272897433,31.006552716749923,9052271.12321125
2023-12-08,194.1999969482422,195.99000549316406,193.6699981689453,195.7100067138672,195.46058654785156,53377300,1.44000244140625,1,14055884721.383932,8703382500,0.1392129904092326,47162338.27683221,2.3253563117235294,1.9362338476004557,153341380.90536842,191.4480920467007,61.75125475542819,15970.597633658022,190.2659996032715,195.24374699078672,185.28825221575627,5.2324087308236376,1.0468344099029516,1.0,0.0,191.45033213297526,193.873334757487,189.02732950846354,2.531207543509284,1.3790074219895492,1.0,0.0,183.52999877929688,195.99000549316406,189.76000213623047,6.548730062043595,0.9775281999659555,2.7582301402589158,0.6022275003722725,3.550768931330879,3.4577793642788426,0.0929895670520362,191.4316660563151,187.9188461303711,191.5404398638279,187.98967093249703,1.0307345789913938,0.7387533073492006,0.2919812716421931,0.28992702196315845,23.914454104892474,1.0439979553222543,71.00721047265553,78.09726239550758,-7.090051922852055,191.72000122070312,184.67000579833984,188.19500350952148,180.8300018310547,99.99999590772907,34.09293268761719,34.18496071027787,13.006812978452666,183.88342141237513,172.27499771118164,177.8249969482422,100.0,4.0,96.0,188.1778530395508,,0.0,0.0,70.02192852529329,0.7455267743883337,0.5390274190967008,0.44296159556707293,34.24222484735461,63.900017457065644,96.72132904991798,84.55791553292492,-3.2786709500820113,9.111322156120764,2.659466712364061,1.8888106531160864,1.8587307126759627,0.030079940440123742,-3.046634281441435,-5.638986204462082,2.592351923020647,190.27069624349122,0.741237663940475,0.7385039978982988,890.7038654174393,31.303964862170062,13060416.064534262
2023-12-11,193.11000061035156,193.49000549316406,191.4199981689453,193.17999267578125,192.93380737304688,60943700,-2.5300140380859375,0,14098574062.650333,8642438800,0.12291948970343798,18397944.73258505,-8.066900097991313,0.9172803953318197,152553539.65431616,191.59577307246522,52.943783783294705,15970.597633658022,190.60499954223633,195.40368231147485,185.8063167729978,5.035211857782545,0.76830207969275,0.0,0.0,191.74133249918617,194.19433542887367,189.2883295694987,2.5586584777675907,0.7932446918802397,0.0,0.0,184.2100067138672,195.99000549316406,190.10000610351562,6.18031993262933,0.7614589890856902,2.911407980725212,0.6942960600917829,3.4185395481972307,3.4499314010625204,-0.03139185286528967,191.5874989827474,188.51923018235428,191.79267875797458,188.37413920977735,0.890913407012914,0.8058632255277096,0.08505018148520438,0.2879562321990868,23.889915536166985,-0.6349983215332031,69.25245229877225,76.44741300115372,-7.194960702381465,191.72000122070312,184.67000579833984,188.19500350952148,180.8300018310547,99.99999795386454,33.66178819113939,30.57183530346437,17.17542857518027,84.26456064657748,172.86499786376953,177.8249969482422,96.0,0.0,96.0,188.80282523583986,,0.0,0.0,62.09147521530181,0.11107490775709332,0.474763481253833,0.501111459251824,32.67796458956965,59.080977255964534,67.09590157197532,84.71613898226342,-32.90409842802469,9.249822279986205,0.9774685803415811,1.814760541196302,1.8499366783800306,-0.035176137183728695,-0.7338718440110097,-4.657963332371867,3.9240914883608577,190.3751900157097,-1.2927361664163084,-1.3011647184869801,877.8966782471038,27.679537955845376,17266304.981591657
2023-12-12,193.0800018310547,194.72000122070312,191.72000122070312,194.7100067138672,194.4618682861328,52696900,1.5300140380859375,1,14150919842.965479,8695135700,0.1930254512606543,27287809.30844588,4.355091417038407,1.3167107811128143,152970906.8756667,191.82569555854653,59.929103430017754,16097.087122748793,191.1004997253418,195.42206130871548,186.7789381419681,4.522815575662896,0.9176160536982999,0.0,0.0,192.08366648356122,194.66866861979167,189.4986643473307,2.6915376862110385,1.007995756269624,1.0,0.0,186.3000030517578,195.99000549316406,191.14500427246094,5.0706316599554455,0.867905216016528,2.9202671826526907,0.6985053920208985,3.3980357148976736,3.439552263829551,-0.041516548931877395,191.98249944051108,189.21384605994592,192.2414984434965,188.84346272859884,0.9055778892902714,0.7704705077566779,0.13510738153359347,0.2856859035486816,23.91082266575171,-1.3105064392089787,68.30361863539254,74.67232483936036,-6.368706203967818,191.72000122070312,186.10000610351562,188.91000366210938,180.8300018310547,99.99999897693226,33.59019873694189,31.3406755054828,15.909113676780196,110.54782664975622,172.86499786376953,177.8249969482422,92.0,0.0,92.0,189.3777996564258,,0.0,0.0,64.69553386497856,0.3589439728243219,0.40518188498991625,0.472990928446817,32.208696003194454,61.48965093933505,85.01173889272046,82.94298983820461,-14.988261107279543,8.828176700367663,2.495133685690313,1.7993928229229978,1.8398279072886243,-0.040435084365626484,-0.2576759985184248,-3.7779058656011792,3.5202298670827545,190.57550456032638,0.7920147510585007,0.7888947771708565,885.641764188932,30.26397572270622,4069576.802402258
2023-12-13,195.08999633789062,198.0,194.85000610351562,197.9600067138672,197.7077178955078,70404200,3.25,1,14219536296.444006,8765539900,0.24617791260519678,56077215.121525034,14.339678891377945,1.8677052013376674,154146057.8289315,192.36553875355233,61.85997366150269,16097.087122748793,191.62649993896486,196.55599370323228,186.69700617469744,5.144897773363828,1.1424094519413157,1.0,0.0,192.76300048828125,195.35100250244142,190.17499847412108,2.6851646919840317,1.5040576083694466,1.0,0.0,187.4499969482422,198.0,192.7249984741211,5.505503182032811,0.9962091682877618,2.957239793000703,0.6982319288887638,3.6025066635673113,3.472143143777103,0.13036351979020822,192.66333389282227,189.93423109788162,193.12126894663047,189.51876228306315,0.9600797050577838,0.737275210874243,0.22280449418354087,0.2861729527961598,23.95593169205466,-1.2265060424804801,69.42257423156228,73.13699272931233,-3.714418497750046,192.7249984741211,188.48500061035156,190.60499954223633,181.83499908447266,99.99999948846613,34.27028869253345,36.81596206671671,14.63479184437123,196.9807036250614,173.27749633789062,177.8249969482422,100.0,0.0,100.0,189.90677612336486,,0.0,0.0,69.48988988796687,0.9415173920020498,0.47051209086115503,0.450152485701635,33.412390023128694,66.82115283477029,99.62091682877619,83.90951909782402,-0.3790831712238124,8.703530524758747,4.304765117630322,1.9008707212780585,1.8520364700865113,0.04883425119154716,2.827216672244543,-2.456881358032035,5.284098030276578,191.38055237133483,1.6691489332522957,1.6553717390058509,902.0935931815808,32.78657809555969,25013044.0154033
2023-12-14,198.02000427246094,199.6199951171875,196.16000366210938,198.11000061035156,197.85752868652344,66831600,0.149993896484375,1,14228035180.775043,8832371500,0.2921145363970491,49498231.83163362,7.584548044371687,3.2940591741005503,154196695.99700743,192.96339485873162,67.53232800028631,16109.283853086754,192.13150024414062,197.52326632049184,186.7397341677894,5.612578957120435,1.05441021379184,1.0,0.0,193.6106669108073,196.33166758219403,190.88966623942056,2.8107962384533756,1.326779233621288,1.0,0.0,187.4499969482422,199.6199951171875,193.53499603271484,6.334202436082033,0.8759248369741703,3.007514959208445,0.666964879779573,3.733615818357748,3.524437678693232,0.20917813966451604,193.3058344523112,190.5607693011944,193.8887661256645,190.15515030730674,1.0409835221307562,0.6680327718090636,0.37295075032169256,0.2880295141386041,24.115361092496986,-2.761505126953125,70.53695920793186,71.93984629908232,-1.4028870911504612,193.53499603271484,190.60499572753906,192.06999588012695,182.6449966430664,99.99999974423307,35.21167930731219,37.6480981334473,13.417564941186116,191.37167734762383,174.05500030517578,177.8249969482422,100.0,0.0,100.0,190.71609851102838,,0.0,0.0,69.6944391269684,0.9640017984371156,0.7548210544211624,0.5435050100907448,34.41304541960461,64.31005385605879,87.59248369741704,90.74171313963791,-12.40751630258296,8.558854361141442,4.049373403897755,1.963457635685339,1.874320703206277,0.08913693247906207,4.562629059401015,-1.0529792745454247,5.61560833394644,192.08080533505776,0.0757697976345284,0.07574110681511925,902.8528774692429,30.980128098838406,12088678.817903258
2023-12-15,197.52999877929688,198.39999389648438,197.0,197.57000732421875,197.31822204589844,128256700,-0.5399932861328125,0,14204217876.637714,8704114800,0.2530299510165333,32533090.584035926,-0.20739833340938924,3.3696571880638624,153847103.56508487,193.8689330219373,59.91180674443239,16109.283853086754,192.5245002746582,198.2861051721434,186.762895377173,5.9853212336773876,0.9378560435272802,0.0,0.0,194.3086669921875,196.9366668701172,191.6806671142578,2.704974429200689,1.1204985699239252,1.0,0.0,187.4499969482422,199.6199951171875,193.53499603271484,6.321272436278718,0.8315539768773517,2.8467628529360383,0.6296414582371805,3.7507119502159014,3.5696925329977662,0.1810194172181352,193.98916880289713,191.12538499098557,194.45511092544206,190.70439897522616,1.0702991813850942,0.6891267674640011,0.381172413921093,0.28954240392037695,24.18881020749501,-2.5745033264160213,71.18977341633288,71.20847104331975,-0.018697626986863725,194.89999389648438,190.71499633789062,192.8074951171875,182.6449966430664,99.99999987211653,36.08582773532102,36.33135112181246,12.948283904011305,153.25155949701724,174.8499984741211,177.8249969482422,96.0,0.0,96.0,191.78456610376747,,0.0,0.0,67.92877801695855,0.7699172727853091,0.8918121544081581,0.7057150998968255,34.68877326857681,67.2890112472658,83.15539768773516,90.12293273797616,-16.844602312264833,8.256235952938312,4.3301538884007735,1.9667674004222344,1.8928100426494685,0.07395735777276591,13.702102348049007,1.8980370499734618,11.804065298075544,192.4896543230746,-0.2725724519050843,-0.27294460702815826,900.1193767921244,29.870397039176225,73356200.1259642
2023-12-18,196.08999633789062,196.6300048828125,194.38999938964844,195.88999938964844,195.64035034179688,55751900,-1.6800079345703125,0,14223133516.744389,8648362900,0.25835154779503755,14504987.019549282,-8.798983369009933,2.599026632989868,153373025.36042264,194.1551184435132,53.9978818573709,15972.300891654664,192.83450012207032,198.61983785105397,187.04916239308668,6.000313974233187,0.7640726791342305,0.0,0.0,194.97466735839845,197.56666717529296,192.3826675415039,2.6588067588595674,0.6765686913409317,0.0,0.0,187.4499969482422,199.6199951171875,193.53499603271484,6.311110388048466,0.6935089327246534,2.8800873610994655,0.6816578862658021,3.587345472415791,3.573223120881371,0.014122351534419764,194.48416900634766,191.6438463651217,194.6758629968584,191.0885175244426,0.9901428438930288,0.7291713593142175,0.26097148457881125,0.28839299409052893,24.219611128988447,-1.5944946289062614,71.94563237605125,70.72816596479302,1.2174664112582292,195.5199966430664,191.5749969482422,193.5474967956543,182.6449966430664,99.99999993605826,35.583965345223255,33.467992727784846,18.396343937141786,85.47082173962316,175.45249557495117,177.8249969482422,92.0,0.0,92.0,192.72481758537788,,0.0,0.0,62.61396391393054,0.18570370639602468,0.6398742592061498,0.7621691560118237,33.30032178288316,64.57184335723201,69.35089327246534,80.03292488587255,-30.649106727534658,8.117529970056864,3.1271400562458496,1.8773213162622,1.889712297372015,-0.012390981109815069,11.234708772895265,3.765371394557823,7.469337378337443,192.75380437859573,-0.8503355126233125,-0.8539714917303876,891.615006562634,28.200949978408914,-33568239.4605722
2023-12-19,196.16000366210938,196.9499969482422,195.88999938964844,196.94000244140625,196.68902587890625,40714100,1.0500030517578125,1,14263079846.389692,8689077000,0.27366383460961075,18539978.766695492,2.3691880036835706,2.618004722261258,153591259.7234977,194.48580194008824,59.06341290347032,16057.915087030058,193.1090003967285,199.12201886388777,187.09598192956923,6.2275900706916385,0.8185589787892025,0.0,0.0,195.3673344930013,197.6433339436849,193.0913350423177,2.329969292553493,0.8454895272344206,0.0,0.0,187.4499969482422,199.6199951171875,193.53499603271484,6.302139280894692,0.779786928594624,2.698078380848894,0.6365994145414611,3.502231290548366,3.55902475481477,-0.0567934642664043,194.95916875203451,192.04923130915716,195.02419214217346,191.5219608516251,1.0372374632406203,0.7324289694955946,0.3048084937450257,0.2860349744720415,24.209995373359035,-3.6790077209472543,71.15612800073566,70.47897474619563,0.6771532545400305,195.5199966430664,191.91500091552734,193.71749877929688,182.6449966430664,99.99999996802913,35.20004065246947,33.377750018948085,17.890203782594323,99.00717968495731,176.6775016784668,177.8249969482422,88.0,0.0,88.0,193.55223888919502,,0.0,0.0,64.48429555777808,0.3912937983167144,0.44897159249934937,0.6602193353712195,32.69450190966292,65.55348633451942,77.9786928594624,76.82832793988767,-22.021307140537605,7.962823351691753,2.9805463211231373,1.8286317010202273,1.8774961781016577,-0.04886447708143038,7.245383691222665,4.461373853890792,2.7840098373318733,192.92763873818132,0.5360166700849378,0.5345852136835028,896.9302283008735,30.08925040651519,-16610669.78349401
2023-12-20,196.89999389648438,197.67999267578125,194.8300018310547,194.8300018310547,194.5817108154297,52242800,-2.1100006103515625,0,14210837046.389692,8636834200,0.2203280804196402,143933.24481405132,-0.9001261391510994,2.9512590178692304,153031534.23086056,194.86320748531776,58.70276520648952,16057.915087030058,193.31850051879883,199.26442398573033,187.37257705186732,6.151427257065141,0.6271039999641885,0.0,0.0,195.63900095621744,197.93500010172525,193.34300181070964,2.3471793806814976,0.3238241667586009,0.0,0.0,187.4499969482422,199.6199951171875,193.53499603271484,6.295309624420488,0.6064096954134606,2.7132696272366608,0.7464640967285241,3.2273157855181864,3.4926829609554533,-0.26536717543726684,195.40916951497397,192.43500049297626,194.99431670969363,191.76700092417545,1.0298032662025312,0.6765206106475097,0.3532826555550215,0.28018634020987565,24.296761411462775,0.10149765014648438,70.2499570049114,70.3404784049273,-0.09052140001590203,195.5199966430664,192.95999908447266,194.23999786376953,182.6449966430664,49.999999984014565,34.33539121444703,30.91493972488058,19.31448089154482,69.16455938121341,177.23250198364258,177.8249969482422,84.0,0.0,84.0,194.28036963655413,,0.0,0.0,58.18493512486199,0.0,0.19233250157091297,0.42705945109213767,30.214163299144637,61.30886903494601,60.64096954134606,69.32351855775796,-39.35903045865394,7.2205868440515815,2.8506621781461075,1.682935943079313,1.8385841310971889,-0.15564818801787594,5.478231698798673,4.664745422872368,0.8134862759263051,192.97491285638992,-1.0713925988598105,-1.0771733360344093,886.2491916190617,27.526599916859,8083080.1016263515
2023-12-21,196.10000610351562,197.0800018310547,193.5,194.67999267578125,194.431884765625,46482500,-0.1500091552734375,0,14194996435.495008,8590351700,0.22422173324987063,-872743.0130161786,-7.432235048909817,2.0050386396054405,152995745.07880765,195.10722091998318,53.16963328940264,16045.551312174957,193.48700027465821,199.38652165814202,187.5874788911744,6.0981062036305556,0.6011092530711828,0.0,0.0,195.71900075276693,198.23199971516925,193.20600179036458,2.5679662707626085,0.2932732777588549,0.0,0.0,187.4499969482422,199.6199951171875,193.53499603271484,6.289827301921982,0.5940835509727637,2.799942847618463,0.8777616154188354,2.9631810750537397,3.3867825837751107,-0.4236015087213709,195.5141690572103,192.71346165583685,194.9459591660148,191.98277809096106,0.9731887360537431,0.7293035573945216,0.24388517865922155,0.2715545648414641,24.498887726018157,-1.1669929504394645,68.18944544944611,70.02739340234848,-1.8379479529023683,195.5199966430664,193.53499603271484,194.52749633789062,182.6449966430664,24.999999992007282,32.92801473225428,28.10920308873041,20.933251984094834,45.95785062527092,178.81000137329102,177.8249969482422,80.0,48.0,32.0,,199.6199951171875,0.0,1.0,57.75298184249691,0.0,0.13043126610557143,0.25724512005861155,28.091870993078093,53.17429613476537,59.40835509727636,66.0093391660283,-40.59164490272364,6.151469556023102,0.6514292827856292,1.5434619211780498,1.7795596891133612,-0.23609776793531134,3.2293452784408485,4.377665393986065,-1.148320115545216,192.98627305681453,-0.07699489496669765,-0.07702455125944141,885.4898300898647,28.45611207726003,-338512.3767902851
2023-12-22,195.17999267578125,195.41000366210938,192.97000122070312,193.60000610351562,193.35328674316406,37122800,-1.079986572265625,0,14177043735.382444,8553228900,0.2077162477481249,-6475511.94328563,-7.230055282464196,2.192693729867661,152789806.4768288,195.38117913730022,53.50083965769355,15956.538672901812,193.66850051879882,199.34311775646844,187.9938832811292,5.860134428126895,0.4939648427008862,0.0,0.0,195.60600077311196,198.13099924723306,193.08100229899088,2.581718826765337,0.1027730927056104,0.0,0.0,187.4499969482422,199.6199951171875,193.53499603271484,6.28393266656392,0.5053418307791262,2.763948806997242,1.0301096480258627,2.6363167055341705,3.2366894081269226,-0.6003727025927521,195.6208356221517,192.92846210186298,194.73888946409187,192.1025727585577,1.031576107179973,0.7532181714944799,0.27835793568549305,0.25978585290971407,24.65730856088489,0.6015037536621151,65.01722259869143,69.5568123245617,-4.539589725870272,195.6699981689453,193.53499603271484,194.60249710083008,182.6449966430664,12.499999996003641,31.38650852571727,26.353661365788362,20.98246523751233,12.94107710832025,179.50500106811523,177.8249969482422,76.0,44.0,32.0,,199.49759521484376,0.0,0.0,54.609713928757074,0.0,0.0,0.10758792255882843,25.36883411946827,45.789610924948555,36.22894643261242,52.09275702374497,-63.77105356738758,4.887559015610634,0.6655567442543902,1.3723484634677956,1.6981174439842484,-0.32576898051645276,0.0407132113875295,3.5102749574663576,-3.469561746078828,193.00098323331594,-0.5547496470601487,-0.5562940974519037,880.0228287356274,27.688526639442387,-6121916.123567782
2023-12-26,193.61000061035156,193.88999938964844,192.8300018310547,193.0500030517578,192.80398559570312,28919300,-0.5500030517578125,0,14160128767.374153,8524309600,0.1939294285963987,-7822682.130630499,-3.042258680349493,0.3738871343812105,152707648.92128515,195.53383525328252,47.64393320125238,15911.207347029358,193.83150100708008,199.23177399183893,188.43122802232122,5.572131420023004,0.4276427360683543,0.0,0.0,195.66200103759766,198.08599853515625,193.23800354003907,2.477739657883599,-0.038779018639790774,0.0,1.0,187.4499969482422,199.6199951171875,193.53499603271484,6.278648261873997,0.4601484754373581,2.5935536821568927,1.235758003540161,2.3063080049950315,3.0506131275005446,-0.7443051225055131,195.51916885375977,193.05692349947415,194.47906078527126,192.17275278027623,0.9779922764111112,0.8980142268015906,0.0799780496095206,0.24536284103966766,24.721996499525584,1.8785057067871094,62.66874609375823,68.93071537549123,-6.261969281733002,196.2249984741211,193.53499603271484,194.87999725341797,182.6449966430664,6.249999998001821,29.890794584023904,25.60550017990872,20.761740224717517,-13.451173449427342,180.95000457763672,178.31500244140625,72.0,40.0,32.0,,199.23649145507812,0.0,0.0,53.02688305157299,0.0,0.0,0.04347708870185744,22.644707753018896,41.36938856638052,19.87811572493231,38.50513908494039,-80.12188427506769,4.000499859978163,-0.6279925844815911,1.200122271044317,1.598518409396262,-0.3983961383519452,-3.854974905065811,2.037224984959924,-5.892199890025735,193.0012302750047,-0.28409247645567737,-0.2844967850532676,877.2386576116415,27.83606636537985,-7998100.725423828
2023-12-27,192.49000549316406,193.5,191.08999633789062,193.14999389648438,192.90383911132812,48087700,0.0999908447265625,1,14194248863.284044,8572397300,0.21705517361105686,-6018251.862832211,-5.337455906488536,-0.534821470221896,152732556.09387228,195.4824850970402,42.09257042055949,15911.207347029358,193.96900100708007,199.14830264806037,188.78969936609977,5.340339553319913,0.420934600128766,0.0,0.0,195.54833374023437,197.9133316040039,193.18333587646484,2.418837142239407,-0.007049050760519469,0.0,1.0,187.4499969482422,199.6199951171875,193.53499603271484,6.274197477823322,0.4683646512607623,2.575198680152141,1.3970446281183475,2.0294479451206655,2.846380091024569,-0.8169321459039036,195.3058344523112,193.19000009390024,194.27458895622712,192.24514101110645,0.8787136119814916,0.917612406858296,-0.03889879487680448,0.22942620657197518,24.800203123788336,-0.7890083312988168,58.87562633593727,67.75883227597734,-8.883205940040071,195.35499572753906,193.53499603271484,194.44499588012695,182.6449966430664,3.1249999990009103,27.780044671232588,23.941321865136587,24.10482087331364,-39.43221782437931,181.6400032043457,178.31500244140625,68.0,36.0,32.0,,198.85210207763672,0.0,0.0,53.29193822151598,0.01559602593313731,0.005198675311045733,0.0017328917703488737,20.461987274331854,47.13329903396275,24.15003345127741,26.752365202940737,-75.84996654872259,2.8346176147460938,-1.3080643449803842,1.0556563013488178,1.4899459877867733,-0.4342896864379555,-3.9907370480691524,0.8316325783541088,-4.822369626423261,193.00469615695673,0.05179530854488856,0.0517818994048902,877.7448213895714,28.437890609486203,17475062.630700033
2023-12-28,194.13999938964844,194.66000366210938,193.1699981689453,193.5800018310547,193.3332977294922,34049900,0.4300079345703125,1,14178937932.715374,8606447200,0.23447418603280107,-3066826.286523941,7.089045757397512,-0.21089317372722313,152808361.05185315,195.48196928490466,41.09023940942602,15946.630311689056,194.17950134277345,198.91743517089827,189.44156751464863,4.879952616379659,0.436734077187816,0.0,0.0,195.23500010172523,197.43399912516276,193.03600107828777,2.252668857829516,0.12369281363220726,0.0,0.0,187.4499969482422,199.6199951171875,193.53499603271484,6.267395932520365,0.5036980940929545,2.468679788699427,1.5248617514425709,1.8237098081464183,2.641846034448939,-0.8181362263025207,195.33916854858398,193.2719233586238,194.1677293985083,192.34401959036188,0.9263590109412096,0.9241282912798057,0.0022307196614039793,0.21317130252112862,24.83803213311658,0.5305053710937386,54.51775407236441,65.97892059424763,-11.461166521883214,194.7449951171875,193.53499603271484,194.13999557495117,182.6449966430664,1.5624999995004552,26.241072357672873,26.162900502838543,23.092129040760938,-6.839425613908554,182.77000045776367,178.79000091552734,64.0,32.0,32.0,,198.23113361845702,0.0,0.0,54.48146998749512,0.08558888166385785,0.03372830253233169,0.012975659281126102,18.912959082931575,44.82245035196481,29.191158845269058,24.406436007159616,-70.80884115473094,2.0314711626838005,0.2070655194323269,0.9481499929295447,1.3815867888153277,-0.433436795885783,-6.333518890543292,-0.6013977154253715,-5.73212117511792,193.0971699875131,0.22262901794383172,0.22238156674312393,879.9215650834276,29.01412670404082,-4958566.620848611
2023-12-29,193.89999389648438,194.39999389648438,191.72999572753906,192.52999877929688,192.28463745117188,42628800,-1.0500030517578125,0,14161854595.99653,8563818400,0.18979907604746774,-9023046.830273869,-5.323900133194128,-0.7572686340784844,152577136.90850472,195.3623927160856,34.72529764520003,15946.630311689056,194.30850143432616,198.70712430085138,189.90987856780094,4.527463115670104,0.29783415071064606,0.0,0.0,194.72733306884766,196.8473327636719,192.60733337402343,2.17740330688418,-0.018239293834653822,0.0,1.0,187.4499969482422,199.6199951171875,193.53499603271484,6.263235051019432,0.417420098222984,2.4888116267240155,1.7005499889924176,1.557975015127255,2.4250718305846024,-0.8670968154573475,195.15750122070312,193.34461564284103,193.91577084170655,192.3577958265793,0.8850819190500097,0.95939264956249,-0.07431073051248038,0.19591319164007268,24.90890081385592,3.651505279541027,48.74230086357189,63.48475697727419,-14.742456113702296,194.38499450683594,193.53499603271484,193.9599952697754,182.6449966430664,0.7812499997502276,24.532560734963088,24.224910753874177,25.376613322867982,-48.73303630212941,182.82500076293945,178.79000091552734,60.0,28.000000000000004,31.999999999999996,,197.65984263601172,0.0,0.0,51.06183765920385,0.0,0.03372830253233168,0.024218426791903325,16.626895159153282,40.590258743435626,16.881625410091196,23.407605902212577,-83.11837458990881,1.2894111633300724,-1.1196178210675665,0.8099359885220622,1.2672566287566747,-0.4573206402346125,-6.7549420768532835,-1.8321065877109541,-4.922835489142329,192.98285043313533,-0.5424129774904141,-0.543889377892981,874.606343345188,27.840763534956608,10206461.113040976
